0 34 124
70 59 112
72 51 72
95 61 79
102 23 81
102 72 103
102 81 105
104 39 105
104 72 105
105 11 61
112 59 62
113 61 105
127 61 106
131 1 28
131 1 106
131 28 106
132 11 61
133 23 27
133 27 62
134 1 28
134 1 106
134 28 106
135 27 28
135 61 72
136 59 93
139 61 62
139 61 93
139 62 93
139 81 100
139 81 105
140 81 106
141 62 112
141 72 112
145 27 28
145 28 34
148 27 93
152 27 34
157 28 104
160 11 93
160 23 59
160 23 79
160 23 105
160 59 79
162 27 104
163 23 59
163 23 79
163 59 79
164 3 100
164 3 104
164 100 104
165 27 112
166 27 106
170 28 39
173 3 72
175 61 105
177 51 72
179 23 28
182 23 59
182 23 79
182 59 79
187 72 94
192 81 105
194 28 106
194 28 124
196 28 106
196 28 124
201 61 62
201 61 93
201 62 93
202 23 51
203 23 28
203 27 56
204 39 93
209 62 113
209 93 105
212 23 59
212 23 79
212 59 79
213 23 62
213 28 34
213 28 51
213 28 62
213 34 62
217 28 61
217 28 62
220 11 94
220 11 103
220 61 103
220 94 103
221 56 61
222 59 103
222 59 113
222 103 113
223 3 28
223 61 62
223 61 93
223 62 93
224 27 113
225 113 116
228 1 28
228 1 106
228 28 106
230 51 112
231 39 51
231 39 104
231 51 104
231 94 100
231 100 103
232 27 112
232 56 112
233 11 94
233 11 103
233 23 93
233 94 103
233 100 116
234 79 113
235 11 27
237 1 105
239 62 81
240 3 105
240 59 72
240 61 62
240 61 93
240 62 93
240 72 113
244 34 103
244 34 111
244 93 94
244 103 111
245 1 27
245 23 25
249 11 103
249 27 34
249 28 111
249 39 105
249 61 62
249 61 93
249 62 93
249 62 124
249 94 103
249 121 124
250 27 51
250 27 105
250 39 94
250 72 106
250 105 112
251 16 62
251 56 81
251 59 111
251 62 111
251 62 121
253 25 100
253 25 111
254 59 103
254 59 113
254 93 100
254 103 113
256 3 124
259 28 34
259 28 62
259 34 62
260 28 94
261 56 61
261 61 62
262 3 72
263 11 51
264 34 103
264 34 111
264 62 121
264 103 111
265 56 61
265 56 100
265 111 112
268 3 105
269 61 105
270 105 111
271 103 124
273 1 28
273 1 106
273 25 106
273 28 106
275 59 103
275 59 113
275 103 113
275 105 113
276 105 113
277 51 56
277 59 100
278 25 113
282 27 28
284 3 23
284 23 27
284 23 28
284 23 121
287 51 56
288 11 94
288 11 103
288 94 103
289 1 25
293 56 106
293 104 111
294 61 113
295 3 27
295 23 112
295 27 34
295 100 106
296 25 113
296 28 105
296 61 62
296 61 93
296 62 93
296 111 112
296 112 113
297 62 104
298 16 61
298 61 105
298 61 113
298 100 116
299 27 61
299 62 72
303 27 94
303 39 124
303 104 124
303 105 113
304 27 121
305 27 113
306 11 25
306 11 106
306 11 116
306 25 116
306 51 106
307 1 100
309 39 51
309 39 104
309 51 104
310 74 79
310 74 103
310 79 103
312 11 51
312 23 93
312 51 116
312 62 106
313 111 124
315 3 25
316 23 28
316 39 62
316 61 81
316 61 111
316 74 79
316 74 103
316 79 103
319 93 124
320 81 100
323 121 124
324 39 51
324 39 103
324 39 104
324 51 104
324 61 106
325 28 124
326 104 105
327 16 121
327 61 94
328 23 105
328 27 39
328 27 101
328 39 101
328 61 62
328 61 93
328 62 93
328 105 124
328 111 112
329 11 105
329 23 103
329 72 105
330 57 94
330 62 124
330 94 124
331 25 62
331 62 79
331 62 93
331 79 116
333 3 100
333 11 105
333 72 105
333 103 112
336 1 112
336 23 105
336 25 28
337 56 124
337 106 113
338 3 51
338 23 39
338 23 111
338 25 39
338 39 111
338 57 81
338 94 105
339 103 106
340 1 73
340 1 100
340 25 59
340 51 59
340 61 105
340 73 100
341 27 105
341 57 112
341 105 123
342 1 73
342 1 100
342 62 102
342 73 100
342 103 112
343 34 73
343 34 93
344 23 59
344 23 73
344 23 79
344 59 79
344 101 105
345 112 116
346 1 28
346 1 106
346 28 34
346 28 106
346 59 103
346 59 113
346 103 113
347 25 121
347 27 73
347 28 112
348 16 121
348 28 121
348 79 116
348 79 124
348 101 105
349 1 16
349 1 98
349 16 98
349 23 93
349 23 112
349 28 57
349 28 81
349 57 112
349 59 103
349 59 113
349 103 113
350 27 39
350 27 101
350 39 101
350 56 81
350 56 105
352 59 113
352 63 93
352 63 113
352 81 101
353 11 59
353 51 57
353 51 63
353 57 63
353 62 102
354 72 73
355 3 113
355 28 63
355 51 57
355 51 63
355 57 63
355 100 121
356 39 51
356 39 104
356 51 104
356 62 98
356 100 113
357 100 112
358 72 101
359 3 116
359 51 98
360 51 57
360 51 111
360 57 111
360 101 112
361 63 112
362 23 51
362 25 28
362 51 106
362 51 112
362 74 79
362 74 103
362 79 103
362 94 101
363 25 105
363 102 105
364 23 74
365 59 61
365 59 104
365 62 74
366 16 112
366 23 74
367 56 81
367 56 105
367 72 112
368 51 124
370 3 94
370 23 51
370 51 63
370 81 105
370 94 98
371 25 121
371 51 57
371 51 63
371 57 63
371 103 124
372 23 51
372 51 106
373 39 111
373 39 124
373 57 81
374 39 56
374 74 81
374 79 121
374 94 105
374 101 106
375 61 98
376 1 27
376 3 101
376 11 23
376 23 73
376 27 34
376 51 81
376 61 94
376 93 121
376 94 101
377 81 105
378 11 105
378 72 105
378 112 113
380 1 27
380 62 121
380 63 113
380 74 104
380 79 116
381 1 73
381 1 74
381 1 100
381 63 101
381 73 100
382 34 100
382 98 100
384 11 25
384 11 57
384 11 116
384 25 116
384 57 116
384 72 73
384 94 112
385 27 113
385 61 112
385 62 103
385 63 73
385 63 94
385 73 94
385 103 124
386 1 73
386 28 73
386 39 51
386 39 104
386 51 104
386 61 62
386 61 93
386 62 93
387 28 51
387 28 121
387 51 121
388 25 56
388 27 105
388 94 112
388 105 124
391 11 28
391 27 28
391 39 98
391 93 105
391 98 106
392 62 121
393 25 79
393 51 57
393 51 63
393 57 63
394 51 105
395 1 105
395 57 121
396 1 105
396 3 72
396 63 105
396 72 106
397 3 51
397 28 57
397 56 112
397 59 103
397 59 113
397 63 104
397 103 113
398 25 105
398 74 106
399 51 72
399 72 112
400 11 105
400 57 62
400 72 105
400 94 102
401 3 27
401 27 34
401 94 100
401 100 103
402 1 57
402 23 27
402 23 121
402 27 112
402 51 112
402 56 112
402 72 112
402 79 116
403 105 124
404 16 105
405 11 57
405 39 105
406 57 103
406 62 93
407 3 73
407 73 113
408 27 28
408 73 74
409 104 106
410 1 93
410 1 101
410 74 116
411 98 105
413 25 74
413 28 56
413 34 124
413 57 62
413 59 72
413 62 124
413 72 113
413 94 112
416 28 106
416 28 124
416 57 62
416 101 105
417 27 39
417 27 101
417 39 101
417 79 105
418 1 28
418 1 106
418 16 103
418 28 106
418 59 101
418 62 112
419 61 62
419 61 93
419 62 93
419 74 106
420 27 39
420 27 101
420 28 101
420 28 105
420 39 101
420 59 103
420 59 113
420 98 121
420 103 113
421 28 34
421 28 74
422 51 74
422 74 103
423 3 94
423 25 106
423 94 98
423 100 112
424 28 61
424 28 62
425 28 116
425 57 105
425 104 113
425 105 123
426 59 72
426 72 113
427 11 81
427 56 61
428 3 28
428 3 73
428 11 25
428 11 116
428 25 116
428 27 105
428 59 103
428 59 113
428 73 113
428 103 113
430 61 81
431 94 105
432 16 62
432 61 62
432 61 93
432 62 93
432 62 111
433 51 112
435 51 57
435 51 111
435 57 111
436 39 113
436 59 72
436 72 113
436 74 113
437 3 100
437 3 104
437 27 63
437 100 104
438 1 57
438 57 94
438 61 103
438 72 103
438 73 103
439 3 94
439 59 111
439 61 62
439 61 93
439 62 93
439 94 98
439 113 124
440 39 51
440 39 104
440 51 62
440 51 104
441 40 98
441 40 105
441 100 124
442 27 105
442 73 100
442 105 124
443 25 74
443 39 40
444 1 57
444 3 100
444 3 104
444 79 116
444 79 124
444 100 104
445 39 98
445 98 106
446 39 98
446 98 106
447 3 51
447 59 72
447 59 104
447 74 102
448 23 25
448 61 123
448 62 124
448 94 124
449 23 59
449 23 79
449 59 79
449 63 79
450 1 28
450 1 106
450 3 79
450 28 106
450 39 62
452 16 121
452 51 105
452 56 94
452 56 116
452 94 116
453 51 57
453 51 111
453 57 106
453 57 111
453 62 74
455 11 94
455 27 39
455 27 101
455 39 101
456 39 112
456 56 124
456 101 113
457 23 81
457 28 57
457 28 63
457 51 74
457 51 112
457 62 101
458 25 51
458 101 116
459 11 51
461 40 104
461 106 116
462 1 73
462 28 73
463 23 51
463 51 57
463 51 106
463 51 111
463 57 111
463 62 101
463 79 98
463 81 121
464 1 16
464 1 98
464 16 98
464 27 121
464 59 103
464 59 113
464 72 105
464 103 113
465 40 100
465 62 100
465 72 73
465 105 107
466 1 73
466 1 100
466 23 57
466 23 61
466 25 100
466 57 61
466 73 100
466 94 112
468 1 72
468 1 98
468 62 79
468 63 73
468 63 94
468 63 105
468 72 98
468 73 94
468 74 100
468 103 105
469 1 40
469 1 107
469 16 98
470 1 16
470 1 98
470 16 98
470 57 102
470 105 124
471 40 73
471 59 113
472 23 40
472 40 57
472 74 121
472 81 106
473 51 73
473 51 112
473 63 93
473 63 113
474 27 51
474 63 104
474 94 98
474 94 105
475 3 73
475 3 103
475 11 25
475 11 116
475 25 116
475 27 112
475 28 51
475 28 121
475 51 121
475 73 94
475 73 103
476 11 81
476 27 39
476 27 101
476 28 34
476 28 62
476 34 62
476 34 72
476 39 101
477 11 105
477 61 62
477 61 93
477 62 93
477 72 105
478 27 105
478 74 103
479 3 23
479 23 28
479 40 105
479 93 105
479 93 121
479 105 112
480 11 51
480 25 103
480 40 57
480 51 57
481 82 100
481 105 112
482 94 100
482 94 105
483 82 107
484 3 23
484 23 28
484 25 124
484 56 57
484 81 121
484 94 112
485 3 94
485 16 63
485 59 113
485 94 98
486 40 57
486 51 57
486 62 121
486 98 103
486 113 124
487 1 54
487 1 63
487 11 82
487 27 93
487 54 63
487 104 105
488 27 63
488 79 106
488 103 121
489 94 121
490 3 100
490 3 104
490 62 124
490 100 104
490 121 124
491 25 112
491 93 105
491 98 107
491 103 105
492 27 113
492 51 103
493 27 28
494 25 72
494 25 73
494 40 104
494 105 121
495 3 94
495 28 40
495 39 107
495 51 73
495 51 112
495 57 112
495 61 106
495 94 98
496 1 73
496 1 100
496 28 111
496 51 72
496 56 61
496 61 62
496 73 100
497 32 74
497 39 62
497 40 82
497 74 103
497 113 116
498 39 82
498 62 63
498 82 107
500 3 74
500 32 82
502 23 28
502 23 63
502 25 28
502 27 111
502 28 63
502 93 105
502 93 121
503 3 116
503 23 59
503 23 79
503 54 102
503 59 79
503 63 81
504 61 62
504 61 93
504 62 93
505 27 100
505 28 103
505 63 112
505 94 103
506 56 61
506 61 62
507 51 105
507 63 101
507 100 105
507 100 106
508 23 51
508 63 104
508 72 94
509 23 34
509 23 82
509 28 106
509 28 124
509 34 82
509 56 61
509 61 62
510 32 94
510 61 62
510 61 93
510 62 93
511 23 93
511 61 105
511 62 124
511 81 105
511 121 124
512 23 100
512 62 74
513 1 54
513 1 63
513 25 54
513 54 63
514 1 27
514 3 62
514 27 63
514 61 82
514 61 103
514 82 98
514 82 103
515 40 56
515 40 62
515 56 62
515 112 124
516 59 103
516 59 113
516 72 94
516 72 113
516 103 113
517 25 39
517 51 103
517 57 63
518 25 81
518 27 107
518 61 107
520 3 40
520 25 101
520 40 121
521 3 124
521 62 98
521 62 116
521 98 121
521 100 112
521 106 112
523 1 72
523 1 98
523 40 73
523 51 113
523 54 74
523 59 63
523 59 124
523 61 62
523 61 93
523 62 93
523 72 98
523 74 102
523 105 112
524 63 105
525 1 61
525 1 74
525 61 74
525 81 102
526 56 61
526 61 62
527 1 16
527 1 98
527 16 98
527 73 105
527 94 112
528 25 116
528 32 81
528 32 105
528 51 62
528 61 82
528 61 103
528 82 103
530 61 62
530 61 93
530 62 93
531 11 82
531 23 82
531 28 107
532 16 32
532 16 34
532 32 34
532 62 74
533 1 124
533 25 79
533 39 62
533 39 82
533 39 113
533 104 105
534 3 56
534 27 101
534 57 73
534 59 73
535 56 81
535 57 111
535 61 63
535 63 106
536 40 73
536 51 112
536 63 93
536 63 113
536 74 105
537 32 82
537 32 103
537 62 124
538 28 103
538 93 94
539 1 73
539 1 100
539 63 98
539 73 100
539 94 105
540 25 124
540 28 51
540 61 113
540 81 98
540 100 103
541 16 103
541 25 39
541 56 105
542 3 56
543 27 111
543 28 62
543 39 73
543 62 73
544 25 102
544 35 61
544 35 103
544 61 103
544 81 101
545 62 82
545 63 124
546 3 100
546 3 104
546 25 106
546 27 106
546 59 101
546 59 103
546 81 111
546 100 104
546 101 103
547 25 62
547 62 82
547 105 106
547 113 124
548 11 57
548 28 40
548 32 57
548 57 121
549 27 106
549 28 111
549 32 101
549 39 121
549 59 74
549 61 111
549 72 121
549 102 121
550 25 98
550 35 61
550 35 103
550 59 101
550 61 103
551 3 73
551 3 98
551 3 103
551 27 112
551 32 125
551 35 56
551 51 54
551 51 74
551 56 112
551 63 79
551 73 103
551 98 102
551 101 124
552 1 116
553 11 61
553 23 40
553 28 107
553 40 57
553 61 103
553 73 103
554 23 59
554 23 79
554 57 61
554 59 79
554 73 102
555 1 72
555 1 98
555 32 40
555 35 105
555 72 98
556 1 28
556 1 106
556 3 23
556 3 73
556 3 116
556 27 74
556 28 106
556 56 112
557 28 123
557 51 107
557 93 112
558 16 124
558 35 106
558 40 107
558 74 116
559 35 54
559 35 102
559 39 72
559 59 82
559 59 98
560 1 73
560 1 100
560 32 40
560 32 103
560 34 103
560 56 105
560 59 103
560 59 113
560 63 113
560 73 100
560 98 103
560 103 113
561 1 54
561 1 63
561 35 113
561 54 63
562 74 113
563 1 16
563 1 98
563 16 98
563 39 98
563 74 105
563 98 106
564 1 27
564 28 51
564 28 121
564 40 94
564 51 57
564 51 111
564 51 121
564 57 111
564 59 62
564 62 74
564 62 101
564 74 113
565 1 3
565 1 40
565 3 40
565 23 103
565 23 113
565 27 107
565 57 105
566 1 62
566 25 28
566 25 62
566 62 82
566 105 112
567 16 32
567 16 34
567 25 106
567 32 34
567 32 57
567 32 81
567 32 112
567 39 54
567 39 61
567 54 61
567 56 81
567 56 105
567 72 124
568 1 16
568 1 98
568 16 98
568 51 100
568 54 94
568 59 94
569 25 106
569 57 102
570 1 3
570 35 94
570 57 105
570 107 125
571 3 27
571 16 32
571 35 39
571 104 106
572 72 106
572 112 123
573 1 16
573 1 98
573 16 98
573 27 59
573 28 94
573 32 35
573 32 40
574 3 100
574 3 104
574 79 116
574 79 124
574 100 104
575 23 54
575 23 103
575 32 111
575 54 103
575 100 113
576 32 100
576 35 57
576 40 105
576 51 112
576 59 105
577 28 107
577 40 82
577 51 57
577 51 63
577 57 63
577 106 107
578 28 74
578 32 74
578 59 94
578 63 94
578 74 103
579 1 35
579 35 73
579 54 63
579 100 121
580 11 23
580 23 73
580 40 107
580 57 105
580 61 62
580 61 72
580 61 93
580 62 93
580 62 98
580 106 107
581 3 51
581 16 112
581 32 112
581 35 74
581 35 94
581 74 94
581 82 93
581 93 101
582 27 93
582 98 121
583 25 39
583 51 100
583 102 107
584 34 58
584 34 100
584 58 100
585 28 98
585 35 105
587 23 59
587 23 79
587 59 79
587 63 101
588 56 74
588 93 100
588 102 105
589 1 73
589 1 100
589 25 62
589 28 51
589 28 121
589 51 121
589 62 82
589 73 100
589 79 81
590 1 28
590 1 106
590 16 32
590 23 79
590 23 102
590 28 106
590 32 51
590 40 104
590 79 82
590 105 121
590 107 121
591 27 51
591 51 62
591 61 106
591 62 93
591 72 79
591 79 93
592 61 112
592 112 125
592 123 124
593 32 40
593 32 112
593 34 58
593 34 100
593 58 100
594 11 107
594 23 59
594 27 54
594 51 81
594 58 62
594 62 79
594 62 101
594 62 106
594 72 98
594 73 100
595 25 74
595 25 82
595 32 35
595 32 56
595 32 98
595 35 56
595 40 104
595 51 79
595 74 82
595 79 113
596 23 57
596 51 57
596 51 111
596 51 116
596 57 111
596 73 121
596 101 111
597 63 112
598 62 73
598 62 113
599 1 73
599 3 62
599 28 58
599 28 73
599 58 100
599 61 62
599 61 93
599 62 93
599 62 124
599 107 124
600 1 62
600 79 112
601 23 51
601 51 79
601 51 124
602 28 40
602 54 125
602 73 93
602 98 106
603 23 28
603 56 94
603 56 103
603 59 62
603 82 93
603 93 101
603 94 103
603 111 112
604 25 124
604 32 34
604 32 93
604 34 93
605 23 73
605 35 40
605 35 62
605 56 124
605 57 100
606 16 61
606 32 112
606 51 79
606 51 124
606 61 105
607 26 59
607 26 100
607 32 57
607 62 106
608 23 26
608 23 73
608 26 73
608 39 82
608 56 103
608 58 62
608 63 113
608 81 124
608 82 107
608 112 123
609 23 28
609 23 63
609 27 106
609 28 63
609 40 57
609 40 98
609 40 104
609 63 74
609 63 107
609 74 107
609 112 113
610 25 32
610 32 61
610 56 58
610 57 58
611 25 59
611 27 72
611 27 107
611 51 59
611 63 98
611 72 101
611 105 113
612 28 104
612 35 93
612 56 124
612 100 124
613 1 35
613 26 35
613 40 61
613 51 82
613 51 103
613 59 61
613 59 104
613 82 103
614 1 40
614 1 107
614 25 81
614 28 51
614 28 121
614 28 124
614 35 112
614 51 61
614 51 121
614 56 100
614 73 106
614 81 114
614 98 121
615 27 74
615 63 124
616 35 105
616 61 124
616 65 105
617 32 74
617 39 54
617 39 61
617 40 121
617 54 61
617 54 81
617 62 79
617 74 81
618 61 62
618 61 93
618 62 93
618 74 105
619 26 101
619 27 28
619 27 61
619 39 100
619 73 104
619 100 112
619 114 124
620 25 100
620 56 94
620 56 116
620 58 107
620 94 116
620 101 114
621 1 73
621 1 100
621 3 100
621 3 104
621 16 62
621 23 34
621 23 82
621 26 106
621 26 116
621 32 34
621 34 82
621 40 81
621 51 57
621 51 63
621 54 58
621 54 105
621 57 63
621 62 111
621 73 100
621 100 104
621 105 106
622 1 56
622 28 111
622 32 73
622 35 40
622 54 56
622 100 106
622 105 113
623 103 107
623 103 113
624 54 62
624 62 106
625 28 63
625 35 40
625 40 54
625 58 105
625 98 103
626 11 35
626 25 32
626 25 51
626 27 107
626 27 114
626 32 51
626 62 72
626 62 124
626 103 104
626 107 124
627 3 62
627 32 113
627 51 57
627 51 63
627 51 111
627 57 63
627 57 111
628 40 104
628 63 112
629 13 25
629 23 59
629 23 79
629 27 56
629 27 107
629 59 79
629 65 72
629 94 112
630 13 23
630 26 72
630 51 106
630 65 104
631 13 28
631 28 51
631 28 106
631 28 121
631 51 121
631 63 100
632 1 32
632 13 73
632 25 28
632 27 56
632 32 56
632 34 100
632 57 73
632 61 79
632 98 100
632 100 105
632 107 112
633 32 107
633 62 93
634 26 105
634 32 93
634 35 56
634 39 100
634 40 105
634 48 51
634 58 93
634 62 112
634 72 112
634 73 100
634 105 123
635 1 105
635 13 112
635 23 34
635 23 82
635 28 58
635 34 82
636 11 62
636 27 74
637 11 94
637 11 103
637 13 32
637 13 61
637 28 40
637 32 40
637 34 58
637 34 105
637 40 58
637 40 105
637 48 54
637 54 94
637 58 105
637 63 105
637 94 103
638 13 39
638 25 39
638 57 113
638 62 74
639 25 124
640 23 59
640 23 79
640 27 104
640 27 105
640 51 114
640 54 114
640 59 79
640 72 81
640 100 104
640 104 105
641 1 3
641 1 65
641 3 65
641 27 48
641 28 107
641 48 106
641 61 79
641 74 79
642 13 61
642 13 65
642 27 72
642 34 58
642 61 65
642 81 105
643 16 51
643 35 74
643 74 112
644 27 100
644 48 121
644 61 82
644 61 103
644 82 103
644 121 125
645 25 81
645 27 40
645 40 125
645 48 107
645 59 112
645 62 81
645 105 106
646 1 73
646 1 100
646 13 61
646 13 65
646 16 103
646 32 72
646 61 65
646 73 100
646 81 111
646 103 124
647 82 107
647 98 124
647 104 112
648 11 112
648 13 123
648 16 57
648 23 27
648 23 111
648 26 27
648 48 56
648 48 114
648 56 114
648 98 104
648 116 124
649 16 112
649 23 82
649 26 65
649 62 124
649 65 105
649 94 124
649 98 112
650 11 105
650 27 28
650 27 65
650 28 65
650 32 34
650 51 72
650 58 106
651 27 65
651 34 40
651 34 111
651 35 84
651 35 113
651 39 84
651 40 111
651 65 102
651 84 106
652 23 103
652 23 113
652 26 40
652 39 56
652 56 112
652 65 114
652 81 105
652 101 105
652 106 116
653 62 73
653 62 113
653 94 103
654 13 63
654 13 98
654 26 84
654 56 94
654 98 123
655 13 61
655 13 65
655 16 23
655 26 103
655 40 105
655 48 113
655 58 105
655 61 65
655 74 82
656 23 59
656 23 79
656 23 82
656 32 107
656 48 58
656 59 79
656 59 82
656 59 98
656 65 114
656 73 114
657 1 112
657 3 98
657 16 32
657 27 48
657 27 84
657 32 121
657 56 100
657 58 61
657 63 101
657 103 107
658 26 59
658 26 100
658 72 94
658 72 113
659 11 35
659 11 79
659 23 57
659 23 61
659 25 34
659 35 79
659 48 102
659 57 61
659 58 111
659 114 124
660 1 73
660 1 100
660 27 112
660 34 58
660 34 100
660 58 81
660 58 100
660 63 84
660 73 100
660 105 124
661 1 73
661 1 100
661 11 23
661 11 58
661 27 40
661 56 84
661 56 94
661 73 100
661 84 94
661 100 106
662 23 116
662 28 82
662 32 34
662 40 93
662 63 93
662 98 106
663 1 16
663 1 98
663 3 27
663 11 94
663 11 103
663 16 98
663 32 63
663 61 124
663 94 103
664 23 28
664 28 65
664 81 105
664 82 100
665 26 123
665 39 54
665 39 61
665 54 61
665 59 63
665 105 112
666 34 56
666 35 40
667 3 48
667 32 51
667 35 56
667 35 65
667 35 105
667 48 74
667 48 113
667 56 65
667 56 107
667 106 112
668 25 32
668 25 94
668 26 35
668 26 72
668 26 73
668 27 61
668 72 73
668 74 114
668 111 112
669 39 81
669 40 104
669 74 121
670 1 25
670 3 25
670 16 58
670 23 125
670 25 40
670 25 104
670 26 56
670 27 32
670 32 103
670 34 103
670 39 111
670 61 72
671 34 40
671 39 82
671 48 84
671 57 114
671 62 111
671 81 112
671 81 114
671 103 113
672 28 112
672 51 112
672 72 121
672 98 105
672 103 105
672 105 114
673 3 40
673 27 39
673 35 107
673 48 101
674 1 73
674 1 100
674 73 100
674 94 112
674 100 103
674 105 121
674 107 121
675 56 93
675 59 84
675 74 121
676 13 105
676 23 103
676 28 103
676 35 59
676 65 116
676 94 103
677 1 16
677 1 98
677 16 98
677 25 27
677 27 65
677 27 84
677 51 58
677 65 102
677 65 124
677 72 106
678 25 84
678 26 32
678 26 74
678 27 39
678 27 101
678 28 112
678 32 74
678 35 110
678 39 58
678 39 101
678 56 58
678 59 103
678 59 113
678 103 113
679 11 58
679 11 112
679 11 124
679 51 57
679 51 111
679 57 111
679 65 112
679 100 101
680 1 40
680 40 54
680 51 56
680 51 84
680 51 114
680 54 114
680 79 112
681 27 121
681 28 98
681 40 113
681 58 84
681 58 107
681 58 114
681 74 105
681 107 114
682 27 100
682 32 34
682 32 93
682 34 93
682 51 112
682 57 82
682 63 82
682 72 98
682 79 106
682 100 106
683 11 112
683 13 113
683 25 102
683 65 112
683 72 73
684 3 56
684 28 57
684 72 107
685 23 28
685 23 63
685 28 48
685 28 63
685 63 81
685 72 105
685 82 101
686 1 56
686 1 65
686 32 112
686 35 61
686 35 103
686 35 106
686 39 58
686 54 81
686 56 65
686 61 103
687 1 27
687 3 112
687 26 72
687 51 112
687 58 112
687 62 105
688 23 84
688 26 102
688 32 84
688 39 93
689 1 105
689 63 114
689 110 124
690 23 40
690 25 72
690 25 113
690 28 56
690 35 72
690 40 57
690 59 101
690 59 103
690 101 103
690 107 116
690 112 121
691 1 13
691 1 93
691 13 93
691 25 32
691 40 56
691 48 112
691 100 124
692 34 40
692 34 111
692 40 111
692 56 124
692 58 103
692 100 103
693 11 58
693 11 74
693 13 23
693 13 40
693 13 61
693 13 65
693 13 102
693 25 81
693 27 79
693 58 103
693 61 65
693 74 110
693 79 121
693 103 114
694 23 26
694 23 73
694 26 73
694 28 51
694 28 121
694 32 100
694 51 121
694 103 113
695 1 16
695 1 98
695 16 98
695 28 84
695 32 94
695 54 105
695 54 107
695 62 107
695 105 107
696 13 54
696 32 48
696 32 58
696 34 61
696 35 84
696 39 100
696 48 58
696 61 107
696 81 105
696 100 107
696 105 111
697 25 26
697 26 101
697 58 61
697 58 107
697 65 100
698 23 27
698 25 98
698 25 113
698 35 110
698 39 106
698 40 57
698 51 57
698 72 112
698 100 110
699 1 106
699 13 25
699 25 32
699 25 74
699 26 62
699 26 105
699 35 74
699 35 94
699 59 103
699 59 113
699 74 94
699 84 121
699 94 98
699 103 113
700 26 113
700 28 51
700 28 121
700 32 112
700 51 121
701 35 105
701 39 98
701 98 106
702 34 58
702 34 105
702 51 81
702 58 74
702 58 105
702 58 110
702 59 98
702 59 107
702 81 110
702 98 107
702 105 112
703 1 27
703 59 72
703 72 113
704 3 74
704 11 13
704 11 123
704 13 65
704 23 51
704 35 56
704 35 65
704 39 105
704 51 106
704 56 65
704 58 103
704 63 74
704 65 107
704 73 74
704 100 103
704 103 104
705 40 110
705 54 65
705 56 81
705 58 62
705 62 107
705 63 72
705 72 105
706 23 103
706 23 114
706 25 73
706 25 110
706 28 111
706 62 73
706 73 110
706 100 112
706 101 123
706 103 114
707 3 25
707 3 84
707 25 73
707 25 110
707 27 63
707 61 105
707 73 110
707 74 123
708 1 56
708 1 107
708 11 74
708 25 32
708 27 63
708 27 114
708 56 107
708 58 84
708 74 110
708 81 84
708 81 106
708 100 107
709 26 40
709 26 93
709 28 72
709 32 35
709 32 56
709 32 93
709 35 56
709 48 107
709 58 93
709 63 74
710 27 73
710 27 98
710 35 105
710 56 62
710 56 65
710 62 79
710 62 113
710 63 103
710 79 113
711 1 28
711 1 106
711 16 100
711 27 106
711 28 106
711 84 107
712 25 62
712 35 48
712 58 63
712 121 124
713 25 103
713 28 114
713 35 61
713 35 103
713 61 103
713 62 113
713 100 124
714 11 51
714 35 40
714 39 57
714 48 103
714 62 105
714 84 123
715 25 57
715 28 111
715 62 124
715 65 74
716 1 74
716 1 100
716 11 40
716 13 72
716 35 121
716 57 65
716 57 105
716 84 100
716 94 112
717 25 113
717 26 79
717 28 58
717 35 113
717 59 103
717 59 113
717 63 104
717 100 107
717 103 113
718 25 32
718 32 65
718 32 103
718 61 124
718 82 106
718 105 113
719 3 27
719 13 105
719 27 39
719 27 101
719 28 81
719 32 107
719 39 101
719 51 124
719 84 110
720 13 61
720 13 65
720 39 111
720 39 124
720 48 84
720 57 82
720 61 65
720 63 82
720 65 112
720 98 103
720 98 121
721 13 61
721 13 65
721 27 56
721 32 103
721 34 103
721 35 48
721 61 65
721 62 73
722 51 114
722 57 110
722 58 61
722 107 114
723 1 54
723 1 63
723 1 72
723 1 98
723 13 23
723 13 124
723 23 93
723 27 72
723 34 58
723 34 100
723 48 110
723 54 63
723 58 100
723 72 98
723 73 93
724 3 39
724 23 51
724 35 93
724 56 61
724 57 106
724 61 98
724 63 121
725 25 105
725 39 62
725 105 116
726 28 51
726 28 74
726 28 121
726 48 112
726 51 121
726 84 103
726 93 100
727 25 39
727 32 121
727 35 39
727 35 121
727 40 94
727 59 94
727 62 124
728 26 72
728 34 124
728 48 84
728 56 100
729 3 56
729 23 79
729 32 98
729 39 40
729 51 112
729 58 110
729 113 124
730 48 94
730 62 114
730 63 102
730 74 82
730 81 94
730 93 103
730 94 105
730 107 124
730 110 125
731 1 48
731 1 114
731 28 62
731 48 114
731 59 72
731 72 113
731 84 106
731 101 105
732 11 25
732 11 107
732 11 110
732 11 116
732 23 26
732 25 116
732 35 98
732 51 57
732 51 111
732 57 111
732 101 113
732 105 113
732 107 110
733 23 82
733 27 34
733 27 48
733 27 65
733 27 84
733 40 57
733 57 81
734 1 40
734 1 107
734 11 28
734 11 101
734 11 112
734 23 25
734 27 51
734 27 54
734 51 61
734 54 114
734 62 124
734 65 112
734 93 105
734 107 124
735 25 79
735 27 110
735 51 98
735 114 124
736 61 62
736 63 112
736 65 82
736 101 112
737 1 40
737 16 112
737 28 102
737 32 100
737 34 40
737 34 111
737 40 111
737 51 84
737 51 125
737 103 113
738 1 124
738 11 59
738 25 82
738 59 72
738 59 72
738 59 104
738 61 63
738 63 106
738 72 113
738 73 94
739 25 40
739 25 104
739 26 39
739 28 98
739 32 35
739 32 40
739 40 57
739 40 104
739 110 114
740 13 63
740 13 98
740 16 62
740 23 84
740 25 81
740 26 57
740 40 106
740 58 84
740 62 111
740 106 124
741 48 79
742 11 100
742 13 25
742 13 57
742 23 59
742 23 79
742 32 125
742 58 103
742 58 116
742 59 79
742 61 124
742 100 103
743 23 32
743 23 103
743 25 27
743 27 28
743 27 110
743 28 110
743 40 105
744 13 34
744 13 34
744 13 61
744 13 74
744 26 65
744 34 61
744 40 81
745 1 26
745 1 105
745 40 81
745 57 103
745 63 112
745 81 105
746 1 63
746 11 59
746 16 81
746 28 34
746 28 40
746 34 40
747 13 123
747 23 103
747 23 113
747 39 54
747 54 62
747 58 102
747 61 105
747 82 125
747 102 105
747 104 107
748 1 28
748 1 106
748 26 39
748 26 56
748 28 106
748 28 123
748 39 56
748 39 98
748 51 57
748 51 63
748 51 102
748 57 63
748 98 106
749 28 103
749 34 100
749 94 103
749 98 100
749 105 106
749 105 111
750 27 51
750 27 79
750 34 35
750 35 73
750 51 65
750 58 116
750 65 103
750 104 107
751 28 51
751 28 121
751 40 113
751 51 121
751 110 112
752 23 74
752 28 40
752 40 48
752 48 94
752 56 74
752 58 112
752 73 107
752 74 121
752 98 101
752 107 114
753 26 113
753 35 102
753 62 65
753 62 101
753 84 106
753 107 116
754 25 73
754 25 110
754 63 106
754 65 107
754 73 110
754 100 113
755 11 112
755 65 112
756 16 32
756 26 106
756 35 112
756 63 65
757 11 39
757 11 58
757 28 124
757 40 51
757 48 107
757 61 62
757 61 93
757 62 93
757 74 105
757 82 84
757 84 105
757 106 124
758 27 28
758 27 110
758 28 110
758 40 56
758 62 84
758 106 114
759 1 124
759 16 25
759 16 62
759 23 93
759 25 62
759 56 84
759 56 94
759 62 113
759 62 114
759 72 124
759 73 105
759 84 94
760 27 32
760 57 102
760 84 116
760 105 107
760 107 124
761 23 26
761 23 57
761 23 73
761 26 73
762 1 35
762 11 26
762 11 94
762 11 103
762 13 34
762 13 74
762 23 56
762 56 107
762 57 112
762 61 73
762 73 114
762 94 103
762 107 116
763 26 106
763 28 124
763 32 74
763 40 57
763 48 121
763 51 57
763 58 100
764 56 59
764 101 114
764 112 116
765 1 40
765 1 107
765 16 51
765 23 74
765 25 74
765 27 103
766 13 25
766 13 57
766 13 61
766 13 65
766 16 32
766 25 81
766 26 34
766 27 74
766 32 51
766 51 102
766 61 62
766 61 65
766 61 93
766 62 93
766 73 107
767 11 58
767 40 105
767 62 94
767 63 93
767 63 113
767 72 116
768 32 35
768 32 56
768 35 56
768 35 72
769 1 28
769 1 54
769 1 63
769 1 106
769 28 106
769 40 62
769 51 62
769 54 63
769 59 123
769 63 84
769 63 105
770 35 58
770 35 81
770 82 110
770 100 106
770 100 123
771 13 61
771 13 65
771 61 65
771 81 101
772 3 93
772 3 94
772 13 106
772 23 59
772 23 79
772 25 106
772 26 114
772 27 121
772 39 58
772 58 100
772 59 79
772 65 100
772 100 112
773 3 51
773 3 112
773 11 105
773 13 107
773 23 81
773 25 98
773 27 105
773 48 112
773 51 54
773 51 62
773 61 62
773 61 93
773 62 93
773 72 121
773 74 105
773 74 106
773 101 112
773 103 114
774 40 106
774 102 105
774 102 114
775 3 62
775 3 93
775 27 28
775 27 110
775 28 110
775 32 34
775 39 100
775 40 54
775 51 63
775 62 74
775 63 112
775 65 124
775 81 98
775 81 100
775 93 111
776 27 105
776 28 94
776 34 94
776 40 112
776 54 94
777 32 93
777 40 110
777 58 93
777 58 105
777 81 105
777 84 106
778 1 61
778 1 74
778 13 61
778 13 65
778 23 59
778 23 79
778 26 59
778 26 100
778 27 39
778 32 116
778 35 74
778 39 65
778 59 79
778 59 103
778 59 113
778 61 65
778 61 74
778 103 113
779 57 106
779 74 98
779 111 112
780 16 28
781 35 93
781 40 61
782 13 57
782 26 63
782 28 40
782 35 112
782 40 105
782 51 82
782 104 107
783 32 107
783 35 51
783 40 104
783 74 100
783 74 107
784 1 28
784 1 106
784 11 23
784 11 58
784 26 114
784 27 107
784 28 73
784 28 106
784 28 110
784 103 121
785 13 98
785 23 26
785 23 73
785 26 73
785 26 112
785 51 73
785 51 112
785 62 110
785 63 65
786 23 40
786 25 27
786 27 65
786 35 56
786 35 84
786 39 84
786 40 57
786 56 84
786 65 105
786 81 121
787 23 81
787 35 61
787 35 103
787 61 103
787 63 84
788 23 51
788 25 35
788 25 39
788 25 94
788 28 65
788 35 39
788 54 79
788 65 98
788 79 107
788 107 123
789 3 84
789 34 124
789 40 100
789 51 74
789 51 112
789 65 100
789 74 82
789 84 102
790 13 28
790 13 124
790 25 48
790 26 62
790 28 36
790 28 61
790 36 61
790 59 103
790 59 113
790 65 124
790 93 104
790 103 113
790 116 125
791 1 28
791 1 106
791 3 100
791 3 104
791 11 94
791 11 103
791 23 58
791 25 74
791 26 106
791 28 106
791 34 107
791 39 73
791 48 101
791 51 54
791 54 101
791 63 105
791 81 121
791 94 103
791 98 101
791 100 104
791 112 116
792 23 34
792 23 82
792 23 125
792 26 124
792 32 98
792 34 82
792 56 62
792 58 105
792 65 98
792 65 124
792 107 113
793 1 13
793 1 114
793 3 27
793 11 13
793 13 114
793 23 121
793 32 40
793 48 72
793 65 94
793 112 121
794 23 103
794 23 114
794 51 57
794 51 111
794 57 111
794 103 114
795 27 28
795 27 65
795 27 112
795 28 65
795 51 57
795 51 111
795 56 107
795 56 112
795 57 74
795 57 111
795 59 72
795 59 104
795 82 98
795 102 110
796 11 46
796 11 62
796 27 51
796 40 112
796 46 62
796 56 61
796 61 62
796 63 74
796 63 107
796 65 72
796 65 79
796 74 107
796 111 112
797 1 40
797 1 107
797 13 61
797 13 65
797 23 100
797 27 28
797 28 34
797 28 40
797 32 101
797 34 40
797 36 103
797 36 106
797 59 106
797 61 65
798 28 124
798 32 39
798 36 40
798 39 98
798 40 105
798 98 106
798 98 121
799 13 124
799 39 112
799 51 107
799 56 84
799 56 94
799 61 111
799 79 98
799 79 100
799 84 94
800 1 48
800 1 114
800 3 100
800 3 104
800 26 106
800 28 81
800 48 114
800 100 104
801 28 61
801 34 58
801 34 105
801 57 107
801 58 59
801 58 105
801 58 121
802 12 102
802 23 40
802 26 65
802 39 65
802 39 110
802 40 57
802 40 121
802 48 51
802 51 72
802 57 72
802 65 110
802 72 125
802 82 125
802 84 107
802 112 116
803 13 40
803 36 74
803 101 102
804 11 82
804 12 107
804 23 82
804 40 51
804 48 113
805 3 36
805 11 94
805 11 103
805 23 65
805 23 103
805 23 113
805 25 32
805 57 65
805 59 94
805 63 94
805 94 103
805 100 103
806 16 46
806 23 105
806 46 74
806 46 102
806 63 82
806 65 121
806 81 94
806 101 105
807 12 116
807 16 39
807 28 123
807 39 61
807 63 98
807 100 112
808 1 26
808 1 105
808 23 40
808 26 62
808 54 72
808 100 103
808 100 113
809 1 82
809 1 110
809 12 26
809 28 36
809 28 61
809 36 61
809 59 62
809 65 105
809 82 110
810 3 84
810 26 28
810 26 107
810 32 84
810 32 116
810 36 51
810 61 72
810 61 113
810 65 124
810 84 102
810 84 113
810 84 116
810 94 112
810 107 111
811 3 48
811 13 51
811 16 105
811 28 105
811 39 40
811 48 74
811 56 61
811 56 81
811 56 105
811 61 62
812 23 121
812 25 62
812 32 54
812 32 56
812 54 56
812 102 103
812 102 121
812 103 105
813 28 57
813 32 56
813 35 72
813 54 105
813 54 107
813 65 124
813 105 107
814 25 28
814 26 124
814 58 100
814 65 112
814 74 79
814 98 124
815 3 59
815 13 124
815 23 51
815 25 62
815 25 110
815 34 58
815 34 105
815 39 81
815 58 105
815 74 116
815 98 112
816 13 125
816 23 106
816 23 124
816 32 62
816 35 106
816 36 125
816 46 106
816 61 105
816 79 93
817 1 12
817 12 103
817 25 36
817 25 46
817 32 101
817 35 103
817 36 46
817 57 65
817 63 114
817 65 112
818 12 26
818 12 56
818 13 25
818 25 27
818 26 56
818 35 65
818 40 124
818 48 121
818 59 82
818 82 103
818 82 125
818 84 98
818 98 100
818 107 112
818 107 114
819 3 40
819 25 40
819 25 104
819 27 73
819 34 58
819 34 100
819 46 57
819 46 82
819 57 73
819 58 100
819 58 103
819 59 73
819 61 82
820 11 106
820 12 104
820 13 35
820 23 26
820 23 73
820 25 105
820 26 73
820 35 57
820 51 106
820 61 116
820 62 124
821 11 48
821 12 72
821 13 105
821 26 65
821 27 28
821 40 51
821 51 112
821 81 121
822 28 106
823 27 106
823 58 59
823 58 79
823 59 79
823 62 82
823 63 65
823 65 105
824 1 54
824 1 63
824 1 65
824 23 54
824 23 114
824 28 111
824 32 48
824 32 93
824 48 93
824 48 102
824 54 63
825 3 94
825 13 46
825 36 56
825 36 98
825 40 114
825 56 112
825 94 98
825 105 107
826 3 111
826 3 121
826 12 56
826 12 116
826 13 35
826 16 32
826 25 32
826 26 28
826 26 107
826 35 107
826 57 102
826 63 111
826 72 103
826 100 107
826 111 121
827 3 20
827 25 124
827 36 46
827 48 107
827 100 113
827 101 102
828 12 27
828 12 101
828 25 82
828 26 72
828 27 106
828 27 112
828 32 35
828 32 56
828 32 63
828 35 56
828 39 74
828 58 110
828 62 121
828 72 100
828 98 105
829 12 28
829 12 35
829 12 84
829 25 36
829 25 62
829 36 46
829 36 62
829 51 57
829 51 63
829 57 63
829 58 61
829 58 107
829 84 113
829 104 105
830 13 107
830 16 110
830 23 51
830 57 61
830 61 63
830 62 121
830 63 93
831 13 39
831 23 121
831 25 81
831 61 113
831 65 84
831 65 94
831 101 121
832 13 62
832 26 46
832 35 46
832 35 74
832 46 74
832 48 124
832 62 101
832 62 106
833 27 40
833 28 36
833 28 61
833 35 98
833 36 57
833 36 61
833 61 62
834 12 35
834 12 82
834 12 107
834 35 82
834 46 65
834 59 103
834 59 113
834 61 65
834 62 65
834 62 101
834 73 84
834 103 113
835 13 124
835 23 40
835 26 63
835 27 28
835 27 110
835 28 110
835 35 74
835 35 94
835 40 57
835 40 105
835 73 82
835 73 84
835 74 94
836 11 28
836 11 101
836 13 84
836 26 72
836 36 58
836 36 121
836 39 46
836 48 105
836 81 116
836 81 121
836 100 112
837 3 81
837 11 25
837 11 116
837 25 116
837 26 121
837 32 56
837 32 72
837 32 79
837 32 103
837 46 74
837 54 84
838 1 93
838 1 101
838 13 61
838 13 65
838 26 63
838 61 65
838 62 74
838 63 105
838 65 72
838 72 82
838 72 107
838 94 106
838 101 112
838 105 124
838 106 107
839 12 104
839 13 61
839 13 65
839 16 121
839 28 81
839 40 98
839 48 56
839 48 114
839 51 107
839 56 114
839 61 65
840 1 13
840 1 114
840 11 20
840 13 114
840 16 105
840 25 36
840 25 62
840 36 62
840 40 58
840 48 100
840 62 74
841 20 51
841 26 51
841 27 111
841 34 63
841 34 100
841 56 62
841 56 84
841 56 94
841 57 62
841 57 116
841 61 106
841 62 104
841 84 94
841 100 103
841 100 124
842 1 72
842 1 73
842 1 98
842 1 100
842 25 121
842 26 112
842 40 98
842 72 98
842 73 100
842 74 98
842 81 98
843 20 121
843 26 98
843 27 62
843 54 124
843 59 103
843 59 113
843 63 81
843 103 113
844 16 105
844 20 98
844 51 123
844 62 65
844 62 81
844 82 98
845 11 82
845 23 82
845 61 105
845 62 105
845 72 73
845 72 94
845 72 113
845 84 111
845 105 107
846 16 25
846 16 57
846 25 26
846 27 46
846 28 46
846 39 61
846 39 71
846 46 48
846 46 84
846 57 102
846 100 107
847 3 13
847 3 93
847 11 100
847 13 93
847 23 81
847 23 107
847 28 71
847 35 71
847 40 100
847 48 56
847 48 114
847 51 57
847 51 63
847 56 114
847 57 63
847 63 84
847 81 105
848 13 23
848 16 32
848 20 51
848 20 114
848 26 51
848 32 51
848 32 102
848 39 82
848 51 114
848 63 105
848 65 105
848 72 74
848 82 107
849 1 73
849 1 100
849 25 73
849 25 110
849 40 72
849 54 93
849 63 121
849 73 100
849 73 110
849 101 121
850 25 62
850 27 51
850 28 36
850 28 51
850 28 61
850 28 121
850 36 61
850 39 61
850 39 63
850 40 94
850 51 57
850 51 63
850 51 121
850 57 62
850 57 63
850 57 105
850 59 94
850 84 114
850 100 113
850 105 113
851 23 48
851 23 54
851 23 103
851 25 51
851 26 57
851 26 59
851 28 40
851 32 40
851 39 62
851 46 51
851 46 112
851 51 57
851 51 111
851 54 103
851 57 111
851 58 112
851 62 74
852 3 72
852 13 121
852 20 32
852 20 121
852 23 57
852 25 112
852 27 123
852 28 105
852 32 98
852 35 56
852 35 84
852 36 105
852 56 84
852 57 121
852 61 62
852 61 93
852 62 93
852 63 65
852 63 114
852 81 100
852 81 105
852 105 107
853 27 46
853 35 40
853 39 100
853 103 113
853 114 124
854 1 12
854 12 106
854 25 39
854 25 124
854 27 107
854 35 39
854 36 39
854 36 62
854 39 62
854 48 124
854 59 103
854 59 113
854 62 101
854 62 102
854 73 84
854 103 113
855 23 32
855 23 103
855 34 39
855 40 106
855 40 112
855 57 102
855 59 103
855 59 113
855 79 106
855 101 114
855 103 113
855 105 121
855 107 121
856 11 40
856 40 73
856 101 113
857 3 116
857 11 101
857 34 72
857 36 40
857 51 82
857 51 103
857 82 103
857 84 103
857 105 111
858 1 16
858 1 98
858 11 63
858 16 98
858 20 62
858 20 105
858 36 63
858 36 79
858 36 107
858 62 105
858 63 72
858 94 106
859 1 56
859 1 107
859 3 40
859 3 51
859 3 84
859 25 94
859 51 84
859 56 107
859 93 110
860 16 32
860 26 27
860 26 79
860 32 51
860 32 63
860 32 84
860 32 116
860 35 61
860 35 103
860 51 54
860 51 62
860 54 84
860 59 61
860 59 104
860 61 103
860 63 79
860 84 116
860 102 111
860 112 113
861 1 56
861 1 107
861 23 81
861 25 46
861 35 110
861 39 57
861 40 94
861 40 107
861 48 73
861 51 56
861 51 116
861 56 107
861 59 94
861 61 82
861 61 103
861 74 124
861 81 105
861 82 103
861 98 116
861 100 124
862 20 35
862 20 46
862 23 34
862 23 82
862 27 82
862 28 57
862 34 82
862 35 46
862 48 98
862 54 98
862 56 94
862 58 93
862 101 114
862 104 107
862 105 112
863 11 84
863 13 25
863 13 28
863 13 46
863 25 32
863 27 28
863 27 110
863 28 110
863 32 100
863 110 113
864 1 54
864 26 79
864 32 62
864 32 103
864 34 103
864 54 102
864 57 82
864 61 62
864 61 93
864 61 98
864 62 93
864 63 82
864 65 82
864 79 82
864 82 94
864 84 105
865 23 61
865 48 100
866 1 3
866 3 105
866 12 35
866 13 105
866 26 116
866 32 102
866 32 105
866 35 61
866 35 103
866 39 98
866 40 81
866 51 57
866 51 63
866 56 59
866 57 63
866 59 65
866 61 103
866 63 73
866 74 79
866 82 124
867 28 100
867 34 40
867 34 111
867 40 111
867 58 74
868 1 16
868 1 98
868 11 82
868 16 98
868 23 54
868 23 82
868 27 65
868 35 94
868 40 46
868 73 114
868 84 94
869 11 106
869 25 36
869 25 62
869 25 79
869 25 112
869 26 79
869 36 62
869 36 112
869 51 106
869 81 102
869 107 116
870 1 124
870 3 26
870 3 98
870 25 27
870 28 106
870 35 110
870 36 103
870 39 40
870 39 71
870 39 82
870 40 71
870 40 113
870 62 73
870 62 84
870 81 94
870 82 107
870 82 121
870 84 110
870 98 102
870 105 112
871 11 82
871 23 82
871 28 40
871 28 63
871 32 71
871 32 79
871 32 111
871 61 74
871 63 74
871 63 107
871 71 111
871 74 107
871 103 105
871 105 110
872 1 13
872 1 93
872 13 61
872 13 65
872 13 93
872 23 72
872 35 105
872 40 72
872 40 102
872 46 101
872 61 65
872 62 121
872 65 102
872 65 121
872 84 124
873 25 103
873 32 62
873 35 71
873 35 114
873 36 79
873 36 106
873 46 72
873 59 106
873 71 114
873 74 110
873 110 111
874 1 3
874 1 16
874 1 98
874 3 105
874 12 28
874 13 23
874 13 124
874 13 124
874 16 98
874 35 62
874 35 81
874 74 98
874 81 106
874 112 113
875 3 51
875 12 84
875 28 54
875 35 81
875 35 112
875 36 54
875 40 94
875 46 57
875 48 51
875 59 94
875 61 110
875 62 101
875 82 100
876 1 25
876 1 48
876 1 114
876 3 48
876 11 46
876 11 62
876 25 59
876 28 58
876 46 62
876 48 74
876 48 114
876 59 121
877 3 36
877 3 65
877 12 20
877 12 26
877 23 54
877 25 105
877 36 65
877 36 82
877 82 110
878 1 34
878 1 36
878 11 114
878 11 116
878 12 106
878 12 121
878 23 54
878 23 103
878 27 101
878 34 36
878 48 63
878 54 103
878 63 112
879 12 71
879 26 46
879 28 36
879 28 61
879 35 121
879 36 61
879 36 62
879 46 58
879 46 100
879 54 94
879 59 94
879 100 114
879 103 113
880 25 35
880 25 72
880 25 94
880 27 124
880 28 101
880 40 72
880 56 94
880 63 113
880 71 93
880 71 106
881 20 106
881 25 32
881 25 94
881 27 28
881 27 110
881 27 112
881 28 110
881 32 82
881 32 103
881 56 112
881 84 101
882 25 100
882 34 40
882 34 111
882 36 56
882 36 57
882 40 111
882 46 79
882 46 107
882 48 61
882 56 112
882 65 103
882 65 114
882 103 113
882 103 114
883 1 72
883 1 98
883 12 62
883 23 28
883 23 63
883 23 84
883 23 93
883 25 36
883 25 62
883 28 63
883 28 72
883 36 62
883 40 107
883 61 101
883 72 98
883 73 93
883 84 98
883 114 124
884 23 39
884 23 111
884 39 111
884 46 81
884 51 112
884 62 114
885 11 54
885 13 125
885 20 51
885 26 51
885 26 84
885 28 36
885 28 61
885 28 79
885 36 61
885 65 116
885 82 106
885 93 112
885 100 107
885 110 113
886 25 46
886 25 81
886 28 107
886 39 73
886 51 101
886 56 84
886 56 94
886 57 82
886 65 103
886 65 114
886 84 94
886 93 105
886 101 113
886 103 114
887 25 36
887 27 35
887 27 36
887 35 84
887 36 57
887 36 72
887 36 105
887 40 46
887 48 125
887 61 72
887 105 110
888 13 63
888 13 98
888 23 105
888 25 124
888 32 125
888 40 63
888 56 100
888 58 81
888 62 113
888 72 100
888 73 84
889 20 25
889 27 94
889 51 65
889 51 105
889 65 103
889 71 103
889 74 79
889 74 103
889 79 103
890 13 105
890 25 36
890 25 62
890 28 98
890 35 61
890 36 62
891 13 105
891 26 27
891 27 98
891 51 57
891 51 63
891 51 65
891 57 63
891 61 79
891 61 82
891 65 103
892 1 16
892 1 84
892 1 98
892 16 98
892 25 71
892 25 112
892 32 103
892 34 103
892 36 105
892 84 113
892 114 124
893 11 20
893 20 71
893 34 56
893 39 54
893 46 65
893 54 93
893 61 71
893 61 94
893 72 104
893 94 98
894 3 100
894 3 104
894 11 65
894 23 26
894 23 73
894 26 73
894 27 110
894 28 84
894 40 46
894 84 101
894 100 104
894 105 107
895 23 72
895 39 46
895 39 112
895 65 101
895 71 105
896 12 56
896 12 116
896 21 81
896 26 105
896 26 107
896 40 105
896 54 58
896 61 105
896 62 81
896 93 113
896 98 116
896 101 121
896 102 124
896 105 107
897 1 16
897 1 73
897 1 98
897 1 100
897 3 98
897 12 106
897 16 98
897 21 71
897 25 103
897 28 36
897 32 101
897 35 79
897 36 46
897 40 46
897 51 81
897 51 107
897 62 93
897 62 112
897 73 100
897 79 81
897 98 102
897 106 107
898 3 27
898 16 105
898 20 21
898 20 32
898 21 32
898 26 114
898 27 34
898 28 58
898 48 82
898 54 65
899 1 54
899 20 63
899 35 56
899 35 105
899 36 46
899 36 113
899 39 51
899 39 104
899 46 48
899 46 113
899 51 104
899 54 102
899 56 103
899 73 81
899 103 110
900 11 25
900 11 116
900 13 34
900 13 61
900 25 116
900 27 105
900 34 61
900 35 39
900 35 121
900 36 48
900 46 84
900 62 102
900 84 100
901 21 39
901 35 62
901 39 71
901 46 84
901 48 100
901 62 104
901 84 106
902 12 72
902 13 61
902 13 65
902 23 36
902 23 65
902 23 84
902 25 54
902 28 36
902 28 61
902 35 103
902 35 103
902 36 61
902 36 65
902 48 102
902 61 65
902 63 100
902 103 116
903 1 16
903 1 25
903 1 98
903 11 74
903 12 56
903 16 98
903 20 124
903 56 112
903 61 98
903 62 84
903 74 110
904 23 84
904 28 36
904 28 61
904 36 61
904 46 62
904 46 107
904 58 59
904 58 79
904 58 81
904 59 79
904 62 107
904 63 84
904 63 100
904 84 98
905 12 63
905 21 26
905 21 46
905 23 35
905 23 65
905 34 35
905 35 48
905 35 71
905 35 73
905 35 114
905 71 114
905 73 116
906 12 104
906 23 46
906 23 114
906 27 112
906 28 113
906 35 39
906 39 58
906 46 72
906 51 57
906 51 111
906 51 114
906 54 114
906 57 111
906 59 103
906 59 113
906 63 81
906 74 98
906 103 113
907 23 26
907 23 73
907 25 84
907 26 73
907 59 84
907 62 82
907 62 103
907 72 100
