0 44 84
30 115 118
50 34 43
77 44 58
83 24 66
83 60 66
88 43 94
89 44 84
90 25 51
101 25 94
104 44 80
113 80 115
115 43 51
117 58 60
127 13 34
127 13 58
127 24 66
127 34 58
128 27 34
129 103 115
130 43 94
141 39 103
143 13 34
143 13 58
143 34 58
145 27 37
145 27 58
145 37 58
145 87 94
148 27 84
151 24 66
153 24 50
153 50 103
158 30 84
160 27 37
160 27 58
160 37 58
164 25 58
165 25 84
168 25 94
168 27 58
169 27 84
171 3 44
171 13 72
171 44 111
172 24 25
174 34 103
174 34 111
174 103 111
176 3 43
176 72 94
177 27 94
183 25 30
183 25 111
183 30 111
184 3 39
184 66 87
186 25 30
186 25 111
186 30 111
186 34 84
189 43 87
190 25 30
190 25 111
190 30 111
191 13 80
191 84 103
191 103 115
192 39 51
192 51 86
193 39 66
193 39 87
193 66 87
194 34 72
194 34 111
195 43 84
196 44 72
196 80 84
199 13 27
199 50 87
199 80 87
203 27 87
204 25 30
204 25 111
204 30 111
206 25 87
208 24 50
208 27 115
208 50 103
211 6 34
211 6 66
211 34 66
214 51 80
216 43 51
217 27 58
221 50 87
222 6 72
222 27 51
223 24 51
223 24 103
226 39 66
226 58 60
229 13 43
230 34 50
231 37 58
232 25 30
233 44 80
235 24 44
235 24 66
235 30 84
235 44 66
236 25 84
236 43 84
237 27 51
237 27 65
237 39 51
237 51 86
240 6 34
240 6 66
240 24 118
240 34 66
241 25 111
242 65 80
243 34 39
244 0 87
244 13 87
245 43 103
246 27 84
246 55 87
248 0 37
249 0 37
249 0 66
249 37 66
250 37 94
250 80 94
253 6 25
254 0 103
254 27 30
254 65 87
254 66 72
254 80 87
255 24 111
255 25 66
255 58 66
256 0 24
256 13 115
258 0 58
258 27 58
258 27 87
259 3 43
259 30 51
259 43 84
259 44 51
260 3 86
260 27 60
260 44 103
260 58 103
261 58 65
262 27 87
263 30 50
265 24 50
265 24 94
265 43 44
265 80 94
266 24 84
267 6 87
268 39 115
269 111 115
270 43 94
270 65 84
272 43 50
274 27 55
274 44 65
275 30 55
275 39 84
276 24 66
278 6 25
278 6 34
278 6 66
278 34 66
279 13 66
279 27 87
281 25 30
281 25 111
281 30 111
282 43 51
284 51 103
284 51 111
284 57 103
284 66 72
286 3 58
286 25 55
286 25 94
286 30 84
286 55 94
287 0 84
288 34 58
288 34 65
288 50 55
288 58 65
289 25 79
289 39 66
289 39 87
289 66 87
290 6 27
290 24 103
291 37 115
292 57 103
293 24 66
293 25 84
293 27 30
293 27 55
293 30 55
294 25 51
294 25 80
294 43 118
294 44 50
294 51 80
296 27 51
296 27 65
296 27 87
296 39 51
296 50 84
296 51 86
296 57 115
297 50 84
298 34 103
298 34 111
298 103 111
300 3 37
300 3 51
300 6 65
300 80 84
301 3 30
301 24 103
301 32 80
301 87 94
302 39 66
302 50 72
303 3 25
303 3 43
303 3 55
303 6 84
303 25 43
303 51 115
305 13 27
305 25 57
306 27 51
307 66 84
308 58 72
308 65 66
309 84 87
311 0 37
312 27 115
312 39 72
313 30 34
315 13 66
316 0 44
316 44 84
317 13 24
317 24 111
317 51 84
318 13 27
320 24 84
321 3 6
321 3 79
321 6 79
321 27 51
321 27 65
321 43 84
322 30 51
322 30 66
322 51 66
324 25 57
324 25 66
324 25 94
324 57 94
325 27 32
326 30 51
326 30 66
326 51 66
327 32 103
328 3 6
328 3 79
328 6 79
329 6 84
329 13 66
330 50 72
331 55 80
332 27 32
332 27 50
332 39 66
332 39 87
332 66 87
335 13 34
335 13 58
335 34 58
337 13 65
338 3 6
338 3 55
338 3 79
338 3 80
338 3 87
338 6 79
338 27 66
338 51 72
338 72 87
341 79 111
341 87 111
342 43 55
343 25 30
343 25 80
343 25 84
343 25 111
343 30 111
344 25 55
344 25 94
344 55 87
344 55 94
346 3 30
346 27 57
346 34 58
346 34 65
346 57 79
346 58 65
347 39 103
350 13 65
350 34 103
350 34 111
350 103 111
351 0 37
351 0 94
351 55 79
351 55 87
352 24 72
353 0 30
353 34 84
355 6 115
355 39 84
356 50 80
357 80 84
359 27 57
359 30 58
359 34 58
359 34 65
359 58 65
359 79 87
363 30 65
363 79 111
363 87 111
364 66 111
364 87 111
365 44 87
365 80 111
367 3 103
367 37 80
367 43 103
367 72 118
368 25 57
368 25 58
368 57 58
369 44 79
369 57 103
370 25 55
370 25 94
370 27 79
370 43 87
370 51 87
370 55 65
370 55 94
371 13 66
371 30 51
371 30 66
371 32 44
371 32 80
371 51 66
372 32 115
372 43 51
372 51 103
372 51 111
376 24 87
377 25 111
377 39 43
378 66 79
379 44 84
379 50 115
380 79 87
381 6 51
381 27 37
381 27 58
381 37 58
383 0 60
383 43 66
383 66 87
384 3 43
385 3 87
385 25 43
385 57 84
385 79 87
386 84 94
387 24 50
389 32 55
391 43 84
392 3 39
392 51 103
392 51 111
393 25 80
394 0 66
394 6 87
394 37 55
395 43 84
395 44 94
395 65 118
396 9 50
396 34 57
396 39 84
399 9 80
400 24 43
400 66 94
401 44 111
402 25 79
404 9 34
404 41 51
404 51 58
405 25 43
405 25 72
406 39 55
407 32 65
407 65 103
408 6 25
408 30 51
408 44 51
409 72 87
410 9 58
410 24 84
411 9 84
411 27 37
411 27 58
411 37 58
414 41 94
414 51 57
414 65 66
416 27 103
416 44 84
417 13 51
417 44 84
417 57 72
418 50 79
418 50 94
418 55 72
419 32 43
419 43 57
420 9 39
420 9 44
420 25 50
420 39 44
422 6 25
422 25 103
422 84 115
424 21 103
424 66 103
425 39 66
425 39 87
425 66 87
426 0 24
426 3 111
426 25 30
426 25 111
426 27 111
426 30 111
427 1 6
427 1 65
427 6 65
427 25 30
427 25 111
427 30 111
428 43 51
428 51 66
431 3 6
431 3 79
431 6 79
431 21 84
431 24 27
431 25 55
431 25 94
431 55 94
433 27 72
433 39 84
434 43 94
434 66 84
434 66 118
435 1 6
435 1 27
435 1 65
435 6 65
435 27 115
436 0 65
436 3 13
436 3 32
436 13 41
436 13 94
438 0 111
438 30 51
438 44 51
439 25 30
439 25 111
439 27 87
439 30 111
439 43 115
439 84 87
440 9 34
440 41 57
440 57 80
441 6 51
441 37 98
441 58 60
441 84 111
442 0 24
442 0 37
442 50 86
443 87 111
445 72 87
446 41 80
446 50 115
446 58 87
447 0 58
447 0 98
447 0 111
447 25 80
447 39 86
447 58 98
447 87 118
448 25 32
448 30 51
448 30 66
448 32 103
448 51 66
449 21 115
449 57 65
450 0 65
450 13 41
450 41 103
451 24 50
451 50 103
451 55 84
452 32 43
452 84 86
453 32 43
453 32 51
454 9 115
455 13 27
455 66 86
456 1 30
456 9 58
456 21 84
457 9 51
457 9 55
457 24 66
457 25 32
457 25 41
457 30 51
457 30 66
457 32 41
457 51 66
458 21 84
458 60 72
459 9 115
459 27 51
459 27 65
459 55 79
461 1 24
461 24 30
463 1 43
463 21 87
463 21 98
463 43 72
463 65 66
464 20 30
464 20 79
464 25 55
464 25 94
464 30 79
464 43 65
464 55 94
465 27 50
466 13 66
466 27 60
466 50 57
466 103 115
467 25 30
467 25 111
467 30 111
468 37 41
468 51 94
469 43 55
469 87 98
470 41 80
470 43 51
471 9 41
471 24 84
471 65 84
473 1 72
474 84 115
475 1 58
475 6 27
475 6 72
475 58 65
476 9 80
476 55 60
476 66 98
477 6 21
477 6 103
477 21 103
477 25 30
477 25 111
477 30 111
477 50 55
477 55 79
478 27 50
478 103 115
479 51 87
480 30 111
480 80 103
480 84 87
481 80 84
482 1 6
482 1 65
482 6 65
482 9 37
482 9 57
482 20 30
482 20 79
482 30 79
482 37 44
482 41 43
483 30 51
483 30 66
483 34 72
483 41 86
483 51 66
484 9 98
484 24 51
485 50 55
486 0 65
486 0 66
486 6 34
486 6 66
486 32 79
486 34 66
486 39 111
486 57 79
487 3 84
487 3 98
487 25 66
487 27 57
487 27 72
487 43 65
487 66 94
488 32 50
488 57 65
489 6 34
489 6 66
489 9 25
489 25 65
489 34 66
490 60 72
491 9 72
491 25 51
492 41 65
492 41 94
492 65 94
492 65 103
492 65 118
493 13 87
493 21 98
493 25 111
493 27 30
493 27 37
493 27 55
493 27 58
493 30 55
493 32 39
493 32 77
493 37 58
493 39 77
493 50 66
493 50 98
493 55 60
493 86 103
494 0 24
494 3 39
494 3 41
494 6 115
494 9 103
494 24 43
494 24 65
494 25 80
494 25 84
494 39 41
494 60 103
495 39 80
496 27 87
496 72 118
496 98 103
497 0 84
497 37 77
497 37 79
497 66 84
497 77 79
498 27 41
498 57 84
498 87 92
499 6 50
499 32 118
500 25 51
500 51 80
501 20 77
501 27 87
502 27 51
504 1 21
504 13 21
505 3 37
505 3 51
505 24 50
505 32 57
505 37 43
506 9 115
506 13 103
506 55 77
506 55 94
507 0 66
507 20 84
507 32 98
507 32 103
507 43 79
507 66 84
507 98 103
508 1 94
508 1 103
508 24 92
508 24 94
508 25 41
508 51 115
508 55 60
508 92 94
509 3 55
509 23 115
509 37 43
510 0 66
510 9 34
510 13 25
510 13 87
510 21 103
510 43 72
510 66 103
510 72 92
510 87 115
511 34 58
511 34 65
511 37 77
511 37 79
511 58 65
511 77 79
512 20 55
512 24 87
512 27 37
512 66 80
512 66 94
513 20 30
513 20 79
513 30 79
513 55 57
513 84 94
514 1 72
514 21 25
514 77 98
515 20 103
515 20 120
515 25 120
515 27 39
515 39 120
515 66 79
515 103 120
516 25 50
516 37 55
516 51 98
517 0 13
517 0 98
517 1 6
517 1 65
517 6 65
517 13 98
517 32 98
517 32 103
517 98 103
518 9 25
518 20 30
518 20 79
518 30 79
519 3 6
519 3 65
519 3 79
519 6 79
519 25 98
519 30 51
519 30 66
519 51 66
519 51 84
519 55 98
519 84 120
520 0 118
520 13 34
520 25 103
520 27 30
522 13 80
522 27 51
522 27 65
522 65 66
523 13 27
523 32 80
523 43 94
524 0 65
524 23 37
524 80 122
524 84 92
525 23 25
525 27 51
525 27 65
525 27 77
525 27 109
525 77 80
526 6 115
526 25 57
526 25 58
526 43 84
526 57 58
527 21 109
527 25 98
527 50 111
527 55 98
528 23 84
528 24 61
528 27 51
528 43 55
528 43 109
528 61 118
528 77 98
529 21 103
529 84 103
530 27 30
530 27 43
530 27 55
530 30 55
530 39 65
530 41 84
531 9 32
531 9 103
531 13 120
531 20 21
531 20 37
531 21 37
531 21 120
531 32 103
531 72 109
532 13 80
533 6 23
533 13 43
533 25 41
533 86 118
534 13 50
534 27 37
534 32 65
534 41 65
534 58 74
534 74 115
535 0 84
535 20 30
535 20 79
535 23 72
535 25 80
535 27 37
535 27 41
535 27 58
535 30 79
535 30 84
535 37 43
535 37 58
535 51 60
535 58 111
535 60 66
536 34 103
536 34 111
536 51 109
536 57 66
536 79 86
536 84 92
536 103 111
537 1 84
537 27 51
537 27 65
538 23 103
538 24 92
538 24 115
538 43 84
538 50 94
538 50 120
538 94 103
538 94 120
539 9 13
539 50 65
540 0 37
540 0 66
540 13 50
540 23 87
540 25 43
540 25 72
540 30 50
540 37 66
541 3 84
541 27 39
541 27 61
541 30 51
541 30 66
541 39 61
541 41 65
541 41 80
541 43 65
541 51 66
541 65 74
542 25 61
542 25 72
542 27 57
542 61 72
543 3 77
543 27 30
543 32 84
544 21 55
544 24 94
544 60 87
544 72 87
544 80 94
545 1 26
545 1 61
545 1 80
545 9 96
545 25 32
545 25 41
545 32 41
545 51 72
545 61 80
546 0 25
546 25 66
546 25 96
546 77 87
547 21 23
547 23 37
547 23 109
547 25 109
547 37 109
547 41 60
547 50 120
547 51 120
547 55 84
547 65 115
548 0 37
548 9 23
548 9 77
548 23 66
548 30 66
548 50 94
548 77 103
549 0 84
549 3 51
549 25 34
549 25 74
549 34 74
549 51 84
550 9 20
550 25 57
550 26 98
550 30 87
550 32 118
550 50 103
550 51 66
550 55 92
551 1 60
551 9 65
551 9 111
551 26 30
551 26 57
551 55 74
551 66 118
551 72 84
552 23 37
552 23 109
552 24 25
552 32 66
552 37 109
552 41 65
552 50 72
552 55 84
552 57 65
552 86 87
553 1 6
553 1 65
553 6 65
553 9 27
553 13 26
553 21 25
553 23 55
553 23 74
553 25 84
553 25 111
553 72 98
553 77 111
553 84 87
553 96 111
554 55 72
554 65 72
554 72 103
555 6 32
555 6 94
555 32 55
555 32 94
556 1 27
556 9 115
556 21 109
556 25 103
556 30 92
556 57 118
556 80 92
557 20 26
557 20 87
557 25 80
557 26 87
557 39 58
558 21 92
558 41 109
559 3 25
559 25 30
559 25 61
559 25 111
559 30 51
559 30 66
559 30 111
559 51 66
559 51 109
559 80 92
560 13 41
561 3 60
561 21 92
561 32 39
561 32 77
561 39 77
561 50 120
562 1 24
562 23 25
562 24 30
562 24 32
562 24 51
562 25 61
563 23 34
563 23 96
563 34 96
563 65 80
564 9 115
565 3 27
565 25 92
565 57 103
566 25 26
566 25 61
566 25 72
566 25 118
566 27 65
566 32 39
566 32 77
566 39 77
566 39 118
566 50 98
566 61 72
567 41 65
567 41 94
567 44 61
567 44 79
567 57 92
567 61 118
567 65 94
568 24 50
568 25 66
568 26 41
568 50 98
568 65 87
568 72 80
568 72 118
569 9 41
569 13 26
569 13 39
569 20 30
569 23 37
569 23 109
569 24 98
569 26 39
569 30 39
569 37 109
570 24 92
570 24 94
570 27 84
570 51 120
570 92 94
571 20 26
571 20 87
571 25 55
571 26 87
571 37 96
572 24 55
572 84 111
573 24 61
573 39 66
573 41 50
573 41 109
573 61 118
573 65 77
574 23 96
574 27 92
574 30 80
574 57 94
574 79 84
574 80 103
575 1 39
575 27 30
575 27 55
575 30 55
575 50 94
575 50 120
575 61 87
575 94 120
576 37 61
577 0 109
577 6 94
577 9 41
577 9 109
577 27 58
577 61 98
577 74 109
578 21 120
578 25 65
578 60 61
578 92 122
579 0 58
579 0 98
579 58 98
580 0 58
580 0 98
580 3 77
580 27 57
580 58 98
581 9 43
581 25 30
581 25 111
581 27 51
581 27 65
581 27 86
581 30 111
581 43 109
581 60 109
582 13 65
582 27 39
582 34 92
582 34 109
582 39 111
582 58 92
582 65 120
582 66 74
582 66 115
582 74 115
582 92 109
583 0 74
583 1 20
583 1 24
583 41 65
583 50 60
584 0 13
584 0 98
584 13 98
584 23 65
584 25 87
584 39 65
584 41 43
584 50 61
584 50 103
584 51 74
584 61 65
585 23 50
585 32 87
585 77 87
586 3 6
586 3 79
586 6 79
586 27 37
586 27 58
586 37 58
586 66 84
587 20 30
587 20 79
587 30 79
587 32 84
587 41 66
587 50 87
588 3 23
588 6 80
588 27 58
588 57 120
589 0 92
589 3 25
589 21 23
589 24 84
589 55 98
589 65 118
589 72 92
590 1 61
590 1 80
590 6 21
590 20 30
590 20 79
590 27 32
590 27 92
590 30 79
590 61 80
591 1 6
591 1 65
591 6 65
591 20 30
591 20 79
591 30 79
591 39 61
591 55 57
591 65 72
591 72 103
592 84 115
593 9 27
593 23 25
593 27 37
593 65 92
593 79 111
593 87 111
594 1 24
594 3 50
594 6 24
594 6 26
594 20 30
594 21 103
594 24 26
594 30 39
594 44 109
594 66 86
594 74 118
595 0 65
595 9 65
595 13 44
595 20 44
595 26 72
595 66 84
596 1 9
596 13 21
596 21 37
596 21 74
596 24 96
596 37 43
596 84 109
597 9 27
597 27 60
597 41 60
597 41 115
597 60 103
597 65 74
597 65 77
597 74 77
597 84 96
598 41 109
598 55 61
599 3 9
599 9 103
599 13 21
599 34 58
599 34 65
599 41 65
599 41 80
599 41 94
599 58 65
599 65 66
599 65 94
599 86 115
600 66 94
601 0 55
601 1 84
601 13 57
601 27 98
601 32 43
601 43 57
601 50 103
601 65 115
601 74 79
602 6 74
602 24 96
602 24 109
602 30 37
602 30 39
602 37 39
602 55 77
602 65 74
602 65 77
602 74 77
603 6 34
603 6 66
603 25 58
603 26 51
603 34 66
603 50 55
603 65 87
603 98 109
604 0 55
604 20 80
604 26 41
604 27 37
604 43 65
604 65 72
604 72 103
604 115 120
605 55 96
606 23 51
606 25 92
606 25 98
606 27 58
606 43 118
606 65 118
606 92 98
607 0 50
607 1 21
607 9 50
607 13 21
607 20 103
607 20 120
607 21 65
607 50 55
607 50 103
607 55 109
607 77 103
607 103 120
608 9 58
608 37 58
608 41 84
608 58 65
609 3 103
609 27 109
610 9 24
610 9 84
610 24 118
610 41 84
611 0 43
611 3 6
611 3 79
611 6 79
611 41 61
611 74 103
612 0 66
612 1 84
612 13 87
612 23 32
612 23 120
612 26 84
613 13 21
613 20 21
613 43 118
613 50 92
613 58 84
613 84 98
613 98 109
614 21 65
614 23 115
614 41 65
614 66 77
614 66 96
614 66 118
614 77 96
614 87 92
614 87 103
614 92 103
615 0 84
615 9 84
615 30 89
615 39 96
615 103 109
616 9 50
616 13 41
616 25 111
616 50 94
616 50 120
616 51 58
616 94 120
617 1 98
617 58 115
618 9 79
618 23 66
618 25 55
618 25 94
618 55 94
618 77 98
619 1 6
619 1 65
619 3 72
619 3 87
619 6 65
619 21 58
619 23 109
619 24 32
619 32 74
619 32 103
619 41 65
619 43 84
619 43 115
619 57 65
619 74 103
619 79 87
620 1 103
620 25 86
620 57 80
620 96 103
620 103 118
621 24 79
621 60 65
621 66 79
622 1 6
622 1 65
622 6 65
623 9 26
623 26 39
623 39 51
623 39 89
623 51 89
623 66 74
624 20 103
624 20 120
624 43 44
624 103 120
625 1 6
625 1 65
625 6 65
625 50 111
625 55 109
626 1 6
626 1 65
626 6 65
626 21 24
626 23 89
626 24 120
626 27 84
626 43 87
626 66 94
627 1 77
627 24 84
627 27 65
627 51 84
627 66 80
627 84 96
627 87 109
628 20 84
628 21 89
628 37 77
628 37 79
628 43 51
628 77 79
628 89 94
629 6 34
629 6 66
629 20 30
629 23 89
629 25 98
629 30 55
629 34 37
629 34 66
629 55 98
629 65 89
630 0 23
630 1 23
630 23 30
630 23 109
630 30 94
630 65 109
630 103 109
631 21 23
631 23 30
631 23 50
631 24 32
631 24 92
631 25 96
631 25 103
631 32 92
631 38 74
631 55 98
631 72 122
632 25 27
632 27 32
632 39 77
633 21 103
633 26 66
633 27 115
633 50 109
633 51 86
633 58 80
633 74 87
633 74 92
633 89 98
635 9 55
635 21 38
635 32 57
635 38 57
635 38 61
635 38 74
635 61 74
635 92 115
636 9 109
636 23 26
636 25 98
636 26 30
636 38 60
636 43 57
637 6 94
637 9 43
637 9 51
637 13 41
637 20 30
637 20 79
637 21 37
637 27 118
637 30 79
637 39 94
637 51 65
638 3 51
638 9 65
638 23 61
638 23 89
638 25 84
638 41 51
638 41 103
638 51 58
638 72 74
639 1 61
639 1 80
639 21 92
639 23 80
639 24 27
639 24 103
639 25 27
639 25 96
639 26 109
639 27 41
639 37 55
639 37 80
639 41 96
639 61 80
640 3 32
640 9 39
640 9 44
640 13 20
640 13 79
640 20 84
640 21 23
640 25 84
640 39 44
641 0 89
641 25 32
641 25 123
641 43 92
642 43 77
642 50 98
642 77 103
642 80 92
642 89 122
643 0 13
643 21 27
643 23 38
643 23 58
643 27 87
643 32 50
643 38 58
643 79 96
643 80 103
644 3 23
644 26 72
644 26 92
644 65 89
644 74 109
644 77 98
644 84 89
644 87 109
645 21 26
645 24 57
645 55 115
645 58 89
645 66 86
645 72 96
646 0 87
646 3 55
646 3 115
646 13 21
646 21 37
646 21 80
646 24 25
646 25 92
647 9 96
647 24 43
647 24 77
647 30 77
647 43 118
648 3 103
648 24 38
648 38 58
648 58 72
649 9 39
649 9 44
649 9 84
649 23 80
649 24 96
649 39 44
649 55 87
649 57 58
649 58 98
649 66 72
649 89 103
650 0 50
650 1 55
650 23 65
650 23 77
650 25 80
650 32 43
650 50 103
650 65 92
650 65 98
650 84 118
651 21 80
651 44 77
651 55 80
651 103 109
652 3 103
652 9 39
652 9 44
652 24 84
652 26 30
652 27 84
652 30 115
652 39 44
652 50 109
652 55 74
653 23 25
653 23 98
653 24 43
653 27 43
653 32 66
653 43 89
653 55 80
654 3 13
654 3 32
654 24 84
654 32 55
655 23 26
655 26 30
655 27 39
655 27 61
655 30 65
655 32 51
655 39 61
655 55 98
656 0 20
656 23 79
656 23 123
656 26 87
656 30 98
656 50 87
656 87 115
657 9 21
657 27 84
657 39 89
657 41 109
657 55 89
657 72 84
658 20 21
658 21 79
658 27 87
658 27 109
658 43 109
658 51 77
658 57 72
659 25 55
659 25 94
659 38 80
659 55 94
659 58 80
659 66 77
660 3 87
660 79 87
661 0 92
661 3 38
661 3 44
661 13 34
661 13 58
661 34 58
661 50 74
661 55 74
661 80 92
662 20 26
662 20 66
662 20 87
662 26 87
663 1 94
663 1 103
663 3 89
663 6 34
663 6 66
663 13 43
663 34 66
663 41 109
664 13 109
664 27 84
664 66 77
664 66 96
664 77 96
665 26 57
665 51 92
665 55 77
666 1 39
666 9 39
666 9 44
666 38 65
666 38 72
666 39 44
666 77 84
667 3 89
667 13 72
667 21 57
667 25 77
667 30 37
667 30 39
667 37 39
667 43 72
667 44 51
667 51 86
667 55 60
667 55 66
667 55 77
667 66 96
668 13 41
668 21 39
668 26 87
668 50 87
668 58 65
669 21 103
669 27 96
669 57 61
669 57 123
670 6 87
670 30 38
670 51 115
671 9 115
671 9 115
671 20 98
671 21 38
671 24 51
671 24 58
671 26 115
671 32 60
672 9 87
672 13 109
672 26 32
672 26 38
672 27 37
672 27 58
672 32 38
672 32 94
672 37 58
672 38 94
672 41 86
672 55 109
672 66 84
672 84 111
673 20 89
673 20 103
673 39 57
673 41 43
673 43 50
673 84 111
673 89 103
674 23 80
674 24 55
674 37 51
674 39 92
674 55 109
674 60 80
674 80 118
674 98 109
675 23 38
675 23 58
675 27 30
675 38 58
675 51 84
675 51 98
675 57 84
676 20 84
676 21 123
676 25 92
676 25 98
676 65 74
676 84 120
676 92 98
677 1 27
677 6 115
677 20 103
677 20 120
677 23 80
677 25 120
677 39 120
677 50 65
677 50 109
677 65 109
677 80 96
677 84 87
677 84 89
677 103 120
678 9 61
678 21 96
678 24 80
678 24 84
678 27 58
678 27 79
678 58 92
679 1 6
679 1 94
679 6 94
679 21 26
679 25 50
679 26 55
679 27 92
679 37 55
679 86 87
679 109 115
680 20 27
680 20 39
680 27 39
680 27 92
680 30 89
680 80 122
680 84 120
681 13 72
681 20 103
681 20 120
681 41 65
681 41 94
681 51 103
681 51 111
681 65 94
681 87 89
681 103 120
682 23 96
682 26 27
682 26 109
682 34 38
682 34 77
682 38 77
682 41 50
682 41 89
682 44 61
682 50 89
683 3 55
683 25 66
683 38 51
683 38 115
683 50 94
683 50 120
683 51 115
683 94 120
684 3 13
684 3 58
684 3 103
684 20 30
684 20 79
684 21 74
684 26 89
684 30 79
684 38 60
684 58 72
685 15 27
685 25 43
685 25 65
685 25 109
685 41 98
686 0 38
686 0 94
686 13 15
686 13 57
686 13 94
686 21 79
686 23 25
686 38 94
686 55 61
686 58 79
686 61 84
686 72 80
687 6 21
687 6 103
687 21 72
687 21 103
687 23 25
687 23 98
687 25 55
687 25 94
687 32 60
687 50 84
687 55 94
687 77 84
688 9 84
688 23 37
688 23 109
688 37 109
688 55 79
689 15 21
689 21 37
689 21 61
689 23 74
689 26 103
689 27 34
689 37 61
689 39 79
689 41 74
689 55 58
689 96 103
690 1 72
690 3 111
690 6 80
690 21 61
690 24 43
690 27 61
690 27 111
690 32 66
690 43 55
690 43 89
691 9 72
691 21 87
691 21 98
691 39 51
691 41 65
691 41 94
691 65 77
691 65 80
691 65 94
691 74 109
692 21 60
692 38 51
692 51 59
692 74 109
692 84 115
693 6 13
693 13 26
694 9 50
694 43 79
694 51 84
694 61 87
696 1 9
696 24 30
696 24 61
696 24 80
696 26 89
696 39 96
696 59 89
696 61 118
696 77 84
697 9 25
697 9 109
697 44 109
697 55 109
698 3 21
698 3 34
698 9 24
698 21 34
698 23 80
698 26 32
698 26 38
698 27 38
698 32 38
698 32 57
698 38 57
698 38 59
699 9 61
699 23 38
699 23 58
699 23 61
699 38 58
699 50 51
699 66 94
699 72 92
700 30 66
700 30 109
700 58 115
700 74 80
701 9 109
701 20 103
701 20 120
701 24 41
701 27 50
701 37 72
701 38 50
701 41 61
701 89 118
701 103 120
702 0 23
702 3 44
702 9 115
702 20 66
702 23 84
702 23 103
702 25 103
702 32 39
702 32 66
702 32 77
702 39 77
702 44 111
702 58 74
703 20 38
703 24 50
703 25 120
703 32 38
703 32 39
703 32 77
703 34 41
703 34 84
703 39 77
703 43 51
703 50 57
703 50 57
703 50 74
703 57 96
703 74 80
703 74 115
704 3 37
704 9 96
704 23 43
704 25 91
704 30 123
704 50 61
704 57 86
704 57 96
704 61 65
705 0 25
705 1 21
705 3 51
705 4 61
705 13 21
705 15 84
705 20 51
705 24 87
705 74 89
706 0 24
706 4 55
706 9 32
706 9 103
706 21 50
706 24 38
706 27 109
706 32 103
706 96 103
707 20 89
707 25 61
707 26 51
707 26 89
707 30 123
707 58 74
707 84 109
708 4 32
708 9 30
708 9 123
708 25 96
708 32 87
708 37 98
708 39 66
708 39 123
708 58 65
709 9 21
709 13 21
709 21 37
709 21 109
709 27 34
709 43 57
709 51 115
709 57 84
710 0 4
710 0 58
710 0 77
710 25 87
710 30 80
710 32 39
710 43 92
710 43 109
710 58 77
711 1 115
711 9 66
711 13 34
711 13 58
711 13 72
711 25 43
711 34 58
711 80 92
711 80 98
711 86 92
712 0 32
712 3 58
712 6 21
712 6 103
712 9 89
712 15 27
712 21 103
712 24 25
712 26 55
712 26 91
713 9 23
713 23 80
713 25 32
713 27 30
713 27 87
713 32 43
713 32 96
713 43 51
713 43 57
713 51 66
713 80 96
713 115 123
714 15 89
714 23 94
714 26 38
715 4 38
715 4 79
715 20 38
715 20 41
715 23 66
715 27 43
715 27 118
715 39 98
715 55 96
716 0 59
716 1 61
716 1 80
716 3 26
716 55 58
716 59 60
716 61 80
717 27 51
717 32 39
717 32 96
717 66 94
717 74 80
718 3 60
718 6 25
718 15 26
718 26 103
718 26 115
718 44 61
718 44 87
718 55 86
718 58 84
718 61 118
718 66 89
718 72 109
718 80 89
718 103 115
719 15 32
719 23 84
719 24 44
719 24 66
719 32 80
719 39 51
719 39 89
719 44 66
719 51 89
719 57 91
719 72 74
719 74 115
720 0 13
720 0 98
720 13 98
720 15 39
720 24 38
720 27 59
721 3 15
721 6 24
721 6 26
721 15 39
721 15 57
721 21 79
721 24 26
721 34 87
721 43 79
721 84 109
721 87 96
722 15 21
722 25 26
722 37 51
722 37 120
722 51 120
723 0 13
723 0 89
723 0 98
723 13 58
723 13 98
723 20 103
723 20 120
723 25 30
723 25 111
723 30 111
723 32 84
723 57 98
723 74 80
723 103 120
724 6 24
724 6 26
724 20 30
724 20 79
724 24 26
724 27 39
724 27 61
724 30 79
724 39 61
724 41 98
724 44 51
724 51 120
724 61 84
724 66 84
725 1 44
725 1 120
725 3 38
725 3 44
725 24 50
725 26 109
725 32 84
725 43 94
725 55 60
725 55 66
725 66 87
725 84 98
725 98 115
726 9 55
726 21 58
726 25 32
726 25 91
726 32 91
726 38 60
726 61 86
726 61 91
726 74 84
727 0 13
727 0 98
727 13 98
727 15 41
727 15 50
727 23 94
727 38 41
727 39 92
727 66 79
727 74 109
728 1 96
728 21 38
728 25 61
728 38 115
728 50 91
729 1 6
729 1 65
729 6 65
729 20 30
729 20 79
729 20 84
729 20 87
729 30 79
729 32 39
729 32 77
729 38 109
729 39 77
729 41 89
729 58 96
729 65 96
730 0 50
730 0 58
730 0 77
730 3 65
730 3 72
730 15 87
730 21 38
730 23 66
730 27 57
730 38 43
730 38 111
730 58 77
730 61 66
731 6 21
731 6 39
731 24 55
731 24 89
731 50 94
731 50 120
731 59 89
731 72 87
731 94 120
732 3 89
732 6 21
732 6 103
732 21 103
732 21 103
732 27 96
732 27 109
732 30 50
732 30 91
732 66 77
732 66 96
732 66 103
732 77 96
733 4 27
733 21 98
733 38 50
733 51 98
733 87 123
734 1 75
734 4 26
734 4 109
734 26 27
734 26 109
734 27 50
734 39 57
734 51 109
735 3 74
735 15 89
735 25 66
735 38 115
735 58 74
735 77 98
735 89 91
736 0 59
736 1 43
736 15 37
736 15 120
736 21 26
736 30 98
736 32 50
736 37 120
736 39 118
736 41 65
736 55 109
736 58 74
736 65 74
737 25 77
737 26 59
737 26 115
737 27 61
737 34 59
737 37 65
737 58 66
737 59 115
737 87 109
738 0 59
738 4 38
738 4 79
738 13 44
738 15 38
738 15 39
738 27 79
738 38 55
738 72 109
738 80 92
738 84 115
739 4 60
739 4 109
739 13 58
739 25 44
739 25 61
739 25 72
739 25 75
739 44 75
739 61 72
740 1 6
740 1 65
740 6 65
740 21 74
740 24 57
740 27 57
740 34 50
740 41 65
740 65 74
741 0 55
741 0 96
741 3 26
741 6 87
741 25 87
742 13 44
742 15 27
742 20 44
742 24 57
742 30 55
742 30 91
742 32 65
742 32 74
742 65 120
742 74 79
743 0 59
743 0 94
743 13 25
743 13 94
743 20 103
743 20 120
743 30 84
743 37 44
743 38 92
743 43 72
743 43 92
743 103 120
744 0 84
744 4 55
744 21 77
744 32 39
744 37 74
744 44 61
744 61 118
744 77 84
744 84 89
744 89 109
745 0 23
745 3 15
745 21 66
745 21 80
745 23 26
745 26 30
745 27 37
745 27 58
745 37 58
745 43 60
745 43 87
745 44 65
746 3 13
746 3 32
746 13 98
746 23 65
746 23 115
746 25 38
746 27 74
746 38 89
746 41 65
746 57 65
746 60 66
746 96 109
747 1 43
747 9 72
747 9 109
747 27 50
747 38 109
747 61 86
747 74 79
747 79 89
747 79 109
748 0 65
748 3 111
748 9 59
748 21 74
748 23 38
748 23 58
748 27 111
748 32 39
748 32 77
748 38 58
748 39 77
748 41 57
748 51 120
748 57 80
749 1 66
749 3 13
749 6 84
749 13 72
749 21 38
749 24 96
749 24 109
749 32 38
749 32 44
749 38 44
749 38 103
749 57 66
750 9 115
750 26 115
750 43 59
750 43 91
750 51 96
750 57 109
750 87 89
751 0 84
751 4 38
751 4 79
751 6 84
751 25 55
751 55 84
751 74 91
751 77 91
752 4 89
752 4 109
752 37 75
752 39 51
752 51 86
752 84 87
753 0 13
753 0 98
753 13 98
753 15 24
753 21 66
753 25 61
753 25 72
753 32 80
753 50 84
753 50 115
753 55 61
753 61 72
754 3 109
754 13 51
754 21 37
754 25 30
754 26 91
754 38 55
754 43 74
754 51 60
754 51 123
754 60 66
754 66 72
755 58 65
755 72 94
755 72 115
755 94 115
756 3 9
756 4 30
756 59 115
756 87 115
757 6 21
757 6 103
757 9 87
757 21 27
757 21 103
757 25 74
757 30 74
757 32 43
757 43 120
758 23 37
758 23 109
758 25 72
758 27 87
758 37 109
758 39 57
758 41 50
758 41 61
758 43 125
759 4 6
759 4 20
759 6 20
759 20 115
759 21 74
759 25 57
759 25 92
759 25 94
759 25 98
759 30 51
759 30 66
759 37 115
759 38 59
759 51 66
759 57 94
759 77 87
759 92 98
759 98 118
760 0 61
760 13 21
760 25 30
760 25 66
760 25 111
760 26 84
760 30 111
760 39 77
760 58 87
760 60 98
760 65 72
760 65 96
760 66 98
760 72 103
761 9 38
761 20 30
761 20 79
761 23 75
761 23 87
761 24 57
761 30 79
761 55 77
761 60 87
761 72 84
761 72 91
761 75 87
761 87 121
762 1 6
762 1 43
762 1 65
762 6 65
762 24 50
762 27 57
762 41 94
762 41 121
762 50 103
762 75 115
762 94 121
763 3 55
763 15 34
763 15 80
763 15 87
763 23 27
763 32 44
763 32 80
763 34 80
763 58 84
763 77 98
764 21 89
764 30 121
764 43 109
764 43 115
764 61 109
764 72 86
765 20 103
765 20 120
765 25 60
765 32 39
765 32 77
765 39 77
765 41 50
765 66 72
765 103 120
766 1 58
766 4 15
766 9 89
766 13 122
766 15 77
766 27 75
767 4 57
767 13 26
767 24 87
767 27 120
767 41 94
767 41 121
767 51 109
767 55 57
767 74 115
767 87 89
767 94 121
768 0 84
768 9 30
768 25 41
768 37 38
768 51 94
768 72 87
769 3 84
769 9 77
769 9 103
769 24 32
769 24 92
769 25 92
769 25 98
769 26 118
769 27 37
769 27 58
769 32 92
769 37 58
769 41 103
769 41 121
769 50 59
769 55 80
769 66 84
769 84 121
769 92 98
769 103 121
770 6 25
770 9 24
770 13 34
770 13 58
770 15 57
770 21 25
770 34 58
770 38 65
770 38 72
770 39 89
770 43 121
771 25 38
771 27 50
771 27 51
771 27 65
771 30 79
771 38 89
771 43 86
771 55 84
771 77 109
771 109 111
772 0 61
772 1 6
772 1 65
772 6 65
772 20 30
772 23 60
772 25 91
772 30 55
772 32 61
772 32 87
772 65 109
772 66 72
772 74 115
772 80 87
773 0 86
773 20 55
773 25 87
773 26 72
773 27 30
773 27 37
773 27 58
773 37 58
773 38 58
773 39 75
773 39 87
773 55 57
773 55 60
773 55 66
773 75 87
774 0 77
774 9 63
774 20 30
774 20 79
774 21 24
774 27 80
774 30 79
774 38 65
774 39 89
774 43 118
774 51 66
774 55 79
774 55 89
774 72 80
774 72 121
774 80 121
774 92 103
774 103 111
774 109 111
775 1 61
775 1 80
775 4 60
775 13 98
775 23 51
775 23 96
775 27 57
775 32 65
775 51 92
775 61 80
775 65 103
775 74 87
776 26 72
776 38 39
776 41 58
776 41 72
776 55 94
776 92 103
777 6 34
777 6 66
777 27 72
777 34 66
777 39 55
777 55 96
778 4 57
778 9 96
778 9 115
778 24 34
778 24 75
778 27 38
778 37 84
778 39 87
778 55 75
778 65 92
778 72 79
778 74 79
779 1 60
779 1 60
779 20 23
779 23 79
779 25 66
779 37 63
779 37 96
779 41 65
779 41 94
779 51 60
779 55 89
779 55 91
779 63 96
779 65 94
779 80 98
779 84 87
780 6 23
780 6 24
780 9 27
780 9 37
780 23 24
780 23 72
780 23 86
780 27 74
780 50 79
780 51 84
781 0 80
781 0 120
781 9 37
781 21 79
781 25 98
781 41 51
781 50 87
781 51 58
781 51 79
781 55 98
781 58 79
781 59 89
781 65 87
781 74 115
782 21 77
782 23 38
782 37 58
783 1 84
783 1 106
783 3 55
783 4 79
783 9 32
783 13 106
783 23 115
783 25 84
783 32 80
783 58 74
783 59 75
783 59 96
783 75 96
784 4 39
784 9 75
784 23 118
784 26 84
784 41 43
784 43 75
784 55 61
785 4 118
785 20 30
785 20 79
785 23 25
785 30 79
785 32 57
785 37 115
785 50 60
785 65 72
785 65 120
785 72 96
786 0 9
786 23 61
786 23 89
787 3 84
787 6 94
787 6 106
787 15 41
787 20 27
787 20 39
787 25 27
787 25 96
787 26 60
787 27 39
787 41 80
787 41 103
787 63 89
787 84 121
787 94 106
788 1 15
788 15 121
788 26 57
788 26 109
788 32 66
788 38 66
788 65 96
788 84 86
789 1 77
789 4 25
789 21 63
789 23 25
789 25 32
789 25 89
789 26 65
789 26 75
789 30 89
789 32 75
789 51 74
789 79 87
789 79 87
790 0 58
790 0 77
790 4 25
790 15 98
790 21 75
790 27 84
790 58 77
790 65 80
790 65 87
790 65 91
790 79 84
790 80 87
790 80 91
791 9 77
791 13 27
791 15 34
791 15 80
791 20 27
791 20 39
791 26 84
791 27 39
791 34 80
792 9 106
792 13 87
792 15 106
792 20 74
792 23 37
792 23 109
792 25 30
792 25 87
792 25 111
792 27 80
792 30 111
792 37 109
792 38 91
792 38 118
792 44 109
792 50 60
792 55 109
792 59 84
792 63 98
792 80 84
792 84 94
792 87 115
792 109 121
793 0 50
793 3 24
793 4 79
793 4 109
793 13 84
793 20 55
793 26 121
793 27 50
793 38 51
793 38 106
793 41 94
793 41 121
793 44 50
793 44 60
793 50 103
793 57 121
793 94 121
794 0 89
794 4 55
794 25 30
794 25 111
794 30 111
794 74 89
794 103 123
795 4 98
795 23 25
795 24 61
795 25 92
795 25 98
795 60 66
795 61 118
795 92 98
796 3 32
796 32 106
796 41 66
796 41 115
796 51 65
796 66 87
797 0 96
797 1 6
797 1 65
797 6 65
797 21 25
797 21 65
797 26 55
797 30 80
797 77 80
798 0 61
798 0 94
798 1 39
798 1 43
798 1 84
798 1 106
798 20 55
798 21 84
798 27 87
798 44 84
798 87 98
798 89 103
799 1 27
799 1 75
799 23 43
799 27 75
799 39 118
799 50 72
799 60 121
799 63 84
800 0 63
800 3 37
800 3 51
800 9 24
800 13 96
800 23 115
800 32 65
800 32 96
800 32 104
800 43 51
800 58 104
800 58 106
800 61 87
800 63 79
800 96 104
800 104 106
801 4 41
801 6 23
801 6 87
801 23 43
801 23 87
801 25 120
801 38 61
801 38 74
801 43 87
801 51 80
801 58 89
801 61 74
801 79 80
801 79 120
801 80 92
801 80 98
801 80 123
802 4 21
802 6 55
802 9 87
802 27 86
802 41 59
802 43 74
802 50 65
802 50 109
802 65 109
802 84 94
802 104 106
803 1 43
803 13 104
803 24 104
803 27 41
803 55 59
803 72 106
804 4 25
804 21 43
804 39 109
804 41 51
804 65 72
804 65 120
805 3 65
805 4 55
805 6 74
805 15 80
805 25 92
805 25 98
805 30 106
805 30 120
805 41 51
805 51 58
805 65 109
805 74 118
805 92 98
805 106 120
806 1 13
806 6 25
806 23 59
806 23 63
806 25 66
806 26 120
806 27 43
806 38 84
806 43 66
806 59 63
806 80 121
807 0 21
807 0 118
807 6 21
807 6 103
807 15 38
807 15 84
807 15 87
807 21 103
807 24 63
807 25 27
807 25 96
807 26 55
807 41 84
807 63 106
807 80 106
808 4 21
808 4 37
808 4 96
808 6 34
808 6 66
808 15 111
808 20 115
808 34 66
808 37 96
808 55 60
808 57 109
808 59 66
808 59 123
808 60 111
808 74 80
809 0 84
809 0 98
809 3 109
809 9 30
809 9 89
809 23 41
809 27 65
809 106 109
810 1 20
810 1 24
810 6 23
810 6 44
810 6 50
810 6 66
810 6 104
810 9 89
810 15 55
810 20 26
810 20 87
810 23 66
810 24 26
810 26 59
810 26 87
810 26 115
810 27 58
810 34 38
810 34 77
810 38 77
810 44 104
810 50 74
810 55 115
810 58 92
810 59 115
810 87 121
811 0 75
811 50 87
812 1 65
812 4 98
812 21 57
812 21 63
812 25 104
812 30 63
812 41 57
812 57 65
812 57 74
812 57 89
812 74 89
812 77 98
812 87 98
813 0 58
813 0 77
813 1 61
813 1 80
813 4 57
813 6 55
813 13 41
813 41 43
813 43 75
813 44 76
813 44 77
813 58 77
813 61 80
813 66 89
813 76 77
814 0 121
814 4 37
814 4 96
814 4 98
814 13 109
814 25 34
814 30 43
814 37 96
814 37 115
814 80 103
814 80 104
814 98 121
814 103 104
815 0 66
815 6 61
815 9 27
815 20 98
815 20 115
815 23 44
815 24 41
815 24 55
815 24 89
815 25 61
815 25 72
815 26 65
815 43 65
815 55 87
815 57 86
815 60 72
815 61 72
816 13 60
816 25 38
816 27 30
816 27 55
816 30 38
816 30 55
816 59 118
816 65 76
817 0 38
817 0 94
817 9 43
817 9 76
817 30 106
817 30 120
817 38 94
817 39 41
817 43 65
817 55 57
817 72 104
817 106 120
818 9 123
818 13 20
818 27 37
818 39 57
818 41 65
818 43 79
818 50 92
818 51 74
818 66 74
818 66 115
818 74 115
818 91 109
818 98 103
818 109 115
819 0 84
819 1 43
819 3 80
819 44 61
819 44 65
819 44 66
819 44 76
819 61 76
820 15 38
820 23 38
820 23 66
820 23 103
820 32 58
820 39 63
820 41 65
820 43 76
820 44 50
820 65 74
820 65 121
820 66 103
820 84 92
821 20 43
821 23 25
821 23 37
821 23 61
821 23 109
821 25 55
821 26 63
821 32 96
821 32 104
821 37 109
821 39 98
821 63 103
821 66 72
821 96 104
822 1 55
822 6 23
822 9 15
822 26 87
822 26 120
822 26 121
822 41 103
822 41 121
822 41 121
822 55 84
822 55 121
822 57 61
822 74 121
822 103 121
822 120 121
823 6 21
823 6 103
823 9 59
823 9 84
823 21 103
823 30 59
823 30 96
823 38 60
823 41 106
823 55 66
823 55 72
823 55 94
823 59 96
823 63 106
823 76 89
823 77 96
823 94 122
824 4 63
824 9 43
824 13 20
824 26 84
824 32 39
824 32 96
824 37 76
824 44 89
824 87 92
824 87 103
824 92 103
825 9 80
825 21 38
825 21 109
825 37 84
825 41 65
825 41 94
825 57 72
825 65 94
825 84 118
825 92 109
826 3 23
826 4 26
826 25 66
826 27 39
826 30 72
826 74 103
826 76 80
826 76 87
827 0 63
827 6 44
827 6 104
827 9 26
827 13 32
827 13 72
827 20 32
827 26 120
827 26 121
827 27 58
827 44 104
827 58 84
827 61 66
827 120 121
828 0 76
828 13 84
828 15 91
828 21 58
828 23 59
828 23 79
828 32 57
828 55 104
828 63 65
828 65 103
828 76 109
828 79 80
829 4 39
829 15 58
829 25 57
829 27 41
829 34 94
829 37 89
829 41 94
829 41 121
829 43 51
829 51 55
829 63 65
829 94 121
830 6 121
830 23 109
830 37 61
830 55 106
830 65 106
830 75 109
830 84 115
830 109 115
831 1 6
831 1 65
831 6 65
831 6 74
831 6 91
831 15 79
831 20 103
831 20 120
831 23 57
831 23 59
831 23 63
831 24 26
831 24 115
831 25 61
831 25 65
831 26 79
831 39 75
831 50 98
831 51 61
831 55 91
831 59 63
831 63 87
831 74 91
831 103 120
832 3 55
832 3 87
832 6 87
832 13 106
832 15 63
832 15 106
832 26 76
832 30 51
832 30 66
832 50 59
832 51 66
832 57 74
832 57 89
832 65 118
832 66 94
832 74 89
833 25 30
833 25 111
833 27 106
833 30 111
833 32 72
833 37 72
833 55 58
833 57 63
833 57 89
833 59 76
833 59 79
833 66 74
834 1 39
834 3 26
834 3 51
834 15 84
834 20 30
834 20 79
834 21 80
834 27 74
834 30 79
834 37 94
834 37 120
834 39 43
834 72 115
834 80 94
835 9 55
835 13 38
835 13 61
835 23 109
835 24 96
835 25 32
835 25 65
835 25 91
835 26 59
835 26 98
835 32 91
835 41 61
835 58 80
835 63 87
836 4 57
836 20 21
836 20 37
836 21 37
836 23 94
836 25 92
836 25 98
836 27 50
836 39 75
836 39 87
836 55 123
836 65 106
836 75 87
836 92 98
837 0 21
837 13 94
837 15 25
837 15 38
837 21 61
837 23 59
837 23 63
837 23 86
837 25 34
837 25 66
837 38 72
837 50 79
837 59 63
837 65 96
837 65 106
837 96 106
838 0 26
838 4 55
838 13 21
838 15 50
838 37 77
838 37 79
838 55 87
838 55 103
838 61 84
838 63 115
838 65 109
838 77 79
838 87 121
839 1 27
839 1 75
839 4 74
839 6 65
839 23 59
839 23 63
839 25 41
839 25 98
839 26 50
839 26 91
839 27 75
839 38 44
839 41 59
839 41 65
839 41 94
839 59 63
839 65 94
839 65 118
839 89 123
840 1 4
840 1 23
840 1 91
840 3 61
840 21 84
840 23 91
840 25 96
840 26 94
840 41 51
840 41 118
840 51 58
840 55 76
840 58 96
840 63 94
840 84 92
840 89 109
841 4 76
841 15 79
841 23 26
841 23 37
841 23 44
841 23 91
841 79 113
842 0 55
842 0 96
842 3 41
842 4 84
842 6 30
842 6 63
842 9 13
842 9 15
842 13 80
842 23 75
842 23 87
842 30 63
842 44 106
842 60 84
842 75 87
843 0 3
843 9 43
843 23 79
843 23 120
843 27 55
843 39 96
843 55 74
843 55 91
843 57 84
843 84 98
843 87 123
844 9 26
844 15 34
844 15 80
844 21 32
844 21 84
844 34 80
844 38 65
844 55 80
844 75 121
845 3 106
845 20 103
845 20 120
845 26 34
845 57 91
845 57 92
845 63 106
845 65 76
845 65 96
845 65 106
845 80 106
845 87 96
845 96 106
845 103 120
846 6 63
846 13 79
846 23 50
846 23 55
846 24 25
846 25 74
846 32 39
846 32 77
846 34 115
846 38 63
846 38 65
846 38 72
846 39 77
846 55 63
846 63 89
846 65 74
846 65 77
846 65 96
846 65 106
846 74 77
846 76 87
846 84 92
846 89 98
846 96 106
847 24 92
847 26 32
847 26 38
847 27 55
847 30 80
847 32 38
847 55 74
847 63 109
847 65 115
847 75 87
847 75 103
847 80 87
847 98 115
848 1 113
848 4 37
848 4 96
848 9 26
848 13 115
848 21 76
848 26 30
848 26 84
848 37 96
848 55 87
848 59 75
849 4 20
849 4 104
849 6 44
849 6 104
849 9 15
849 20 104
849 24 66
849 27 51
849 27 96
849 27 109
849 34 55
849 43 118
849 44 104
849 57 72
849 84 120
850 4 41
850 15 23
850 23 96
850 25 44
850 25 75
850 27 74
850 44 75
850 50 84
850 55 98
850 55 121
850 58 60
850 80 106
850 94 106
851 0 55
851 0 77
851 0 96
851 0 121
851 1 25
851 1 94
851 1 103
851 6 74
851 6 91
851 13 74
851 15 74
851 26 121
851 27 76
851 30 38
851 74 91
851 84 89
851 89 113
852 1 27
852 3 30
852 23 79
852 23 123
852 24 50
852 38 61
852 38 74
852 55 113
852 61 74
852 63 103
853 20 120
853 39 75
853 39 109
853 44 50
853 50 79
853 51 113
853 109 113
854 1 103
854 4 6
854 4 20
854 4 50
854 6 20
854 6 94
854 6 106
854 13 38
854 13 89
854 27 57
854 27 89
854 30 92
854 37 55
854 43 44
854 43 84
854 50 65
854 77 84
854 87 92
854 87 103
854 92 103
854 94 106
854 96 103
854 98 106
854 113 118
855 0 86
855 4 38
855 4 55
855 4 79
855 34 38
855 34 77
855 38 77
855 39 92
855 57 84
855 74 80
855 84 98
855 98 123
856 6 51
856 9 66
856 13 79
856 25 55
856 55 77
856 59 79
856 65 96
856 65 106
856 74 115
856 84 120
856 96 106
856 103 106
856 113 115
857 4 60
857 25 32
857 25 123
857 27 111
857 50 60
857 87 92
858 3 39
858 3 41
858 23 55
858 26 57
858 26 109
858 39 41
858 41 121
858 57 63
858 57 89
858 58 103
858 74 121
858 89 98
858 89 123
859 9 38
859 13 77
859 13 113
859 25 57
859 27 38
859 27 43
859 30 55
859 32 50
859 32 106
859 38 43
859 39 77
859 41 59
859 44 55
859 55 79
859 72 103
859 74 75
859 94 96
860 4 41
860 9 63
860 9 76
860 23 77
860 26 84
860 44 77
860 51 103
860 59 65
860 76 89
860 84 87
861 15 106
861 21 55
861 25 55
861 27 80
861 43 72
861 43 94
861 55 65
861 59 115
861 66 121
861 74 84
861 87 96
862 0 59
862 4 44
862 9 50
862 26 87
862 27 59
862 30 57
862 32 98
862 32 103
862 43 50
862 51 103
862 51 111
862 66 74
862 66 76
862 66 115
862 72 104
862 74 115
862 76 84
862 76 113
862 80 84
862 98 103
863 0 24
863 9 122
863 23 26
863 23 94
863 26 30
863 30 106
863 30 120
863 37 39
863 38 106
863 55 60
863 57 84
863 63 94
863 106 120
864 0 74
864 23 51
864 50 106
864 57 98
864 63 98
864 65 98
865 0 58
865 0 98
865 39 115
865 44 61
865 58 98
865 61 118
865 65 109
865 72 111
865 103 109
866 3 65
866 3 87
866 4 76
866 6 87
866 9 84
866 27 37
866 32 59
866 37 74
866 51 115
866 59 120
866 63 106
866 76 87
866 79 87
866 80 106
867 3 55
867 3 106
867 3 113
867 6 55
867 23 89
867 23 109
867 25 51
867 25 87
867 25 98
867 26 86
867 51 104
867 55 65
867 55 98
867 75 98
867 89 104
868 9 13
868 13 44
868 20 44
868 25 27
868 41 98
868 58 96
868 59 61
868 74 76
868 87 109
869 4 58
869 4 115
869 13 38
869 13 89
869 15 25
869 15 94
869 21 65
869 24 26
869 27 106
869 38 65
869 38 72
869 43 125
869 55 121
869 57 80
869 94 104
869 113 118
870 3 55
870 4 61
870 6 44
870 6 104
870 15 91
870 26 113
870 27 55
870 44 104
870 55 74
870 57 84
870 72 109
870 74 87
870 98 109
871 4 75
871 4 89
871 9 39
871 9 44
871 9 72
871 23 25
871 39 44
871 43 55
871 60 72
871 61 115
871 87 113
871 113 121
872 0 58
872 0 77
872 6 21
872 6 103
872 9 43
872 21 103
872 24 115
872 32 61
872 38 103
872 41 57
872 50 104
872 58 77
872 59 87
872 61 63
873 1 123
873 4 30
873 15 43
873 21 32
873 21 84
873 26 55
873 27 96
873 27 104
873 27 111
873 30 80
873 32 72
873 32 121
873 38 72
873 43 61
873 43 72
873 50 87
873 51 77
873 57 84
873 72 92
873 72 121
873 92 123
873 104 111
874 3 23
874 6 61
874 23 55
874 23 74
874 24 55
874 24 89
874 25 79
874 30 37
874 30 39
874 37 39
874 39 77
874 43 96
874 44 51
874 44 109
874 59 113
874 79 84
874 79 120
874 84 94
874 89 115
875 0 13
875 0 98
875 3 109
875 3 113
875 13 98
875 15 84
875 15 98
875 32 55
875 32 72
875 32 121
875 38 76
875 51 61
875 55 113
875 72 121
876 1 27
876 1 75
876 25 58
876 25 76
876 25 121
876 27 75
876 34 84
876 38 51
876 38 115
876 39 65
876 50 74
876 51 115
876 55 61
876 55 74
876 55 91
876 84 87
876 111 115
876 121 125
877 4 37
877 4 96
877 23 76
877 24 50
877 37 96
877 38 50
877 38 121
877 51 61
877 51 84
877 51 94
877 63 66
877 79 87
877 92 109
878 15 25
878 23 58
878 23 84
878 30 92
878 37 38
878 39 51
878 39 66
878 39 87
878 39 89
878 43 76
878 51 89
878 66 87
878 76 113
878 80 92
879 6 89
879 15 30
879 27 109
879 30 76
879 38 61
879 38 74
879 43 89
879 44 74
879 51 111
879 61 74
879 96 120
880 0 84
880 4 84
880 4 109
880 21 84
880 24 25
880 24 34
880 24 104
880 25 104
880 27 30
880 27 87
880 37 57
880 39 92
880 57 115
880 60 65
880 80 89
881 1 6
881 1 25
881 1 65
881 4 27
881 4 121
881 6 65
881 9 21
881 21 122
881 26 44
881 27 75
881 38 58
881 44 96
881 50 113
881 66 77
881 66 96
881 77 96
882 1 4
882 26 91
882 27 37
882 32 50
882 32 75
882 50 75
882 58 89
883 3 20
883 4 21
883 23 38
883 34 120
884 4 27
884 9 63
884 9 65
884 13 26
884 13 39
884 15 38
884 21 25
884 23 26
884 23 98
884 26 39
884 26 58
884 27 87
884 27 96
884 41 65
884 44 87
884 55 60
884 55 66
884 55 77
884 57 58
884 57 65
884 58 74
884 58 80
884 58 113
884 65 89
884 74 113
885 1 25
885 1 123
885 4 94
885 4 113
885 20 30
885 20 79
885 21 38
885 24 43
885 27 30
885 27 89
885 30 79
885 37 77
885 37 79
885 38 61
885 38 103
885 43 89
885 51 92
885 57 61
885 77 79
885 80 103
885 113 115
886 9 23
886 15 41
886 15 63
886 39 44
886 55 61
886 59 103
886 66 74
886 66 94
886 66 115
886 74 91
886 74 115
886 84 113
886 91 103
886 113 115
887 0 21
887 1 6
887 1 94
887 6 94
887 9 106
887 23 25
887 24 51
887 24 92
887 24 115
887 27 106
887 32 96
887 32 104
887 39 75
887 39 87
887 44 84
887 74 84
887 75 87
887 96 104
888 4 57
888 9 89
888 13 20
888 13 79
888 20 115
888 21 27
888 30 65
888 38 57
888 43 55
888 50 94
888 50 120
888 55 58
888 58 76
888 77 104
888 79 89
888 94 120
888 98 115
889 1 65
889 3 27
889 9 84
889 20 106
889 30 66
889 59 106
889 65 96
889 65 106
889 76 92
889 96 106
890 1 27
890 1 75
890 20 27
890 20 39
890 24 57
890 25 61
890 27 39
890 27 75
890 37 106
890 41 63
890 41 65
890 60 77
890 65 74
890 66 84
890 76 121
891 15 63
891 15 106
891 38 63
891 39 125
891 43 72
891 50 87
891 50 109
891 51 60
891 55 87
891 60 104
891 80 87
892 4 21
892 9 39
892 9 44
892 9 84
892 13 110
892 23 87
892 38 50
892 38 77
892 39 44
892 41 110
892 50 77
892 60 65
892 72 92
892 74 87
893 4 106
893 9 38
893 9 115
893 15 58
893 15 65
893 15 113
893 26 72
893 26 92
893 30 59
893 30 96
893 38 106
893 43 103
893 43 118
893 50 118
893 59 96
893 66 103
894 9 58
894 24 34
894 24 41
894 25 92
894 38 39
894 41 94
894 41 121
894 43 103
894 51 66
894 51 103
894 55 63
894 61 103
894 65 74
894 94 121
895 0 50
895 13 41
895 21 66
895 21 80
895 21 87
895 23 120
895 27 37
895 27 58
895 30 75
895 32 72
895 32 121
895 37 58
895 43 74
895 43 75
895 44 84
895 55 61
895 57 113
895 59 65
895 65 72
895 72 121
895 89 109
896 3 13
896 24 43
896 41 92
896 43 89
896 58 60
896 66 72
896 84 94
897 3 94
897 4 120
897 13 66
897 15 26
897 21 32
897 21 84
897 26 72
897 30 59
897 30 111
897 41 72
897 44 106
897 55 96
898 0 20
898 27 106
898 44 61
898 44 76
898 50 87
898 55 110
898 61 76
899 15 57
899 21 103
899 25 38
899 27 76
899 27 79
899 30 55
899 38 89
899 41 55
899 57 110
899 66 103
900 0 65
900 0 76
900 15 59
900 21 109
900 23 59
900 23 63
900 23 103
900 25 109
900 30 59
900 30 111
900 55 72
900 57 74
900 59 63
900 60 63
900 65 76
900 74 111
900 74 123
900 75 86
900 92 118
900 92 121
900 94 103
901 4 79
901 9 65
901 9 111
901 20 30
901 23 38
901 23 58
901 24 43
901 27 98
901 30 39
901 30 55
901 37 87
901 38 58
901 41 80
901 43 89
901 50 57
901 50 74
902 13 87
902 13 113
902 15 89
902 15 113
902 27 37
902 27 58
902 32 39
902 32 77
902 37 58
902 39 77
902 41 77
902 76 89
902 79 109
902 80 87
902 80 103
902 80 104
902 87 106
902 89 91
902 103 104
902 109 110
903 1 6
903 1 94
903 1 113
903 6 94
903 20 103
903 20 120
903 21 84
903 25 74
903 39 103
903 55 87
903 103 120
903 113 115
904 21 63
904 27 38
904 27 43
904 27 106
904 32 66
904 38 43
904 43 51
904 44 60
904 44 66
904 50 75
904 50 113
904 63 79
904 66 110
905 13 123
905 15 75
905 24 25
905 26 75
905 26 120
905 26 121
905 37 103
905 43 55
905 58 66
905 63 89
905 65 84
905 66 91
905 72 79
905 120 121
906 6 84
906 9 23
906 9 61
906 26 41
906 27 94
906 32 66
906 50 123
906 51 113
906 55 63
906 57 89
906 58 106
906 63 94
906 63 106
906 77 80
906 77 113
906 80 106
906 80 113
907 9 26
907 20 98
907 23 77
907 26 30
907 26 120
907 26 121
907 34 110
907 34 121
907 41 58
907 51 98
907 59 84
907 66 115
907 89 115
907 120 121
