0 60 119
14 99 119
30 21 32
30 32 100
44 16 21
46 63 99
76 8 34
76 8 80
76 34 80
80 8 54
80 21 119
82 12 99
82 21 55
84 16 63
84 34 63
93 8 34
93 8 80
93 34 80
94 86 99
95 8 63
95 55 63
97 8 34
97 8 80
97 34 80
99 8 34
99 8 80
99 34 80
106 54 80
107 14 80
108 14 116
114 70 80
115 14 100
120 21 100
121 21 54
123 16 63
123 34 63
123 100 119
125 21 99
126 32 34
126 32 109
126 34 109
127 16 63
127 34 63
128 8 34
128 8 80
128 34 80
129 8 34
129 8 80
129 34 80
130 12 34
135 16 100
136 8 55
136 42 70
136 42 99
136 70 99
142 42 99
145 55 99
145 99 100
152 100 109
153 8 12
154 32 34
154 32 109
154 34 109
164 16 42
167 12 100
167 54 100
170 8 34
170 8 80
170 34 80
171 8 34
171 8 80
171 34 80
172 21 60
181 60 109
184 21 119
185 32 34
185 32 109
185 34 109
186 21 119
188 64 80
199 32 34
199 32 109
199 34 109
202 14 116
202 21 55
205 99 109
209 8 32
209 8 34
209 8 80
209 34 80
213 22 74
213 22 119
213 60 70
213 64 70
215 8 55
215 8 70
215 55 70
218 99 116
224 32 34
224 32 109
224 34 109
235 42 70
235 42 99
235 70 99
242 14 100
246 60 70
246 64 70
252 42 70
252 42 99
252 70 99
255 80 99
257 8 34
257 8 80
257 34 80
257 80 99
258 41 100
259 8 80
259 14 64
268 32 34
268 32 109
268 34 109
270 32 34
270 32 109
270 34 109
270 41 100
272 22 63
278 41 42
278 41 80
278 42 80
282 21 42
283 15 41
284 63 116
290 12 64
290 41 42
290 41 80
290 42 80
292 60 63
293 55 64
294 15 22
294 15 32
295 14 32
295 32 34
298 15 41
299 100 109
300 12 21
300 16 32
302 15 86
303 12 34
303 21 86
305 12 116
307 74 109
308 14 22
308 16 55
308 55 109
308 60 70
308 64 70
310 8 34
310 8 80
310 34 80
312 16 109
312 63 99
317 14 80
317 15 110
317 15 116
317 54 64
317 54 74
317 110 116
318 32 34
318 32 109
318 34 109
319 8 63
319 16 55
319 55 63
323 74 100
324 8 34
324 8 80
324 34 80
326 8 34
326 8 80
326 34 80
328 8 41
328 21 42
331 21 80
332 8 34
332 8 80
332 34 80
332 80 109
332 95 109
333 12 110
334 32 34
334 32 109
334 34 109
334 41 42
334 41 80
334 42 80
335 41 42
335 41 80
335 42 80
336 12 80
336 80 110
337 63 64
337 63 121
338 42 109
339 8 34
339 8 80
339 34 80
341 12 106
346 22 99
346 55 95
346 99 100
347 21 86
347 22 106
348 14 22
350 64 100
351 8 34
351 8 80
351 34 80
351 98 121
352 55 109
352 95 110
353 21 106
353 63 64
353 63 121
354 22 74
354 22 119
355 8 34
355 8 80
355 34 80
356 8 34
356 8 80
356 34 80
357 12 42
357 14 64
358 8 106
359 14 64
360 55 60
361 22 70
361 22 99
361 55 80
361 55 95
362 42 70
362 42 99
362 70 99
364 15 21
365 21 42
366 22 99
367 12 21
368 16 100
368 70 100
368 74 110
370 12 80
371 8 15
371 8 106
371 15 106
371 54 95
372 55 74
374 12 16
374 63 99
374 80 106
376 98 99
377 8 15
377 8 106
377 15 106
377 70 95
378 60 70
378 64 70
379 54 86
381 8 15
381 8 106
381 14 55
381 15 106
382 42 95
382 95 109
383 63 109
385 8 14
385 8 110
385 14 110
385 22 99
385 30 98
385 41 60
387 30 100
389 99 119
390 12 100
390 54 100
392 95 121
392 99 109
393 14 42
396 15 22
396 15 32
396 16 55
396 32 34
396 32 109
396 34 109
396 55 109
398 100 112
399 8 14
399 8 110
399 14 110
400 86 112
401 42 70
401 42 99
401 55 74
401 70 99
402 55 64
403 42 80
404 16 99
404 41 110
404 42 55
406 21 106
407 55 80
409 12 100
410 30 100
410 41 98
411 14 21
411 42 98
411 80 98
413 8 15
413 8 32
413 8 34
413 8 80
413 15 32
413 34 80
413 41 119
414 15 116
415 21 55
415 42 74
415 74 119
416 60 80
418 32 34
418 32 109
418 34 109
419 63 106
419 63 112
420 12 16
420 12 120
420 16 63
420 55 60
421 55 109
422 12 16
422 15 74
423 12 21
423 21 93
423 60 66
423 60 106
423 99 109
424 15 121
424 99 110
425 22 80
425 42 70
425 42 99
425 70 99
426 80 112
429 12 80
429 54 99
430 41 112
430 64 100
431 14 86
431 21 64
431 21 112
431 64 112
432 12 100
433 8 34
433 8 66
433 34 66
434 8 34
434 8 66
434 21 110
434 32 100
434 34 66
437 21 22
439 21 42
439 70 119
440 8 34
440 8 80
440 34 80
440 63 121
440 100 110
443 8 15
443 8 106
443 15 106
443 56 99
446 15 32
446 15 95
446 32 95
446 54 80
447 8 56
448 8 14
448 8 110
448 14 110
448 32 41
448 32 95
449 22 74
449 56 95
450 55 93
451 12 41
451 12 66
451 41 66
452 42 80
453 21 55
453 21 95
454 8 14
454 8 110
454 14 110
454 93 119
455 41 106
455 66 106
455 80 93
456 8 15
456 8 106
456 15 106
456 55 74
456 66 109
457 21 112
458 15 55
458 63 121
459 60 110
460 41 55
460 95 109
461 55 119
461 55 120
461 80 121
462 8 34
462 8 80
462 21 64
462 21 109
462 21 112
462 34 80
462 64 112
463 15 99
463 15 119
463 21 99
463 30 55
463 42 56
464 21 116
464 56 80
464 80 86
464 92 109
464 106 121
465 8 56
465 15 66
465 15 99
465 41 99
467 8 109
467 8 120
467 109 120
468 15 74
468 60 66
468 80 95
468 99 119
468 109 120
469 92 102
470 15 56
470 42 106
471 12 110
471 55 93
472 98 100
473 55 74
474 15 110
474 15 116
474 110 116
476 74 100
476 74 109
477 55 74
477 80 100
478 12 56
478 21 56
478 74 109
479 66 119
479 93 98
480 66 92
480 116 119
481 14 41
481 30 41
481 30 80
481 98 112
482 55 110
482 80 116
482 99 106
483 21 56
483 63 112
484 14 74
484 41 66
485 55 110
486 66 93
486 66 98
486 93 99
487 8 93
487 8 99
487 8 116
487 93 116
487 98 110
488 30 41
488 42 56
488 74 86
489 42 92
489 63 120
490 8 34
490 8 66
490 15 110
490 15 116
490 22 56
490 32 56
490 34 66
490 110 116
491 12 15
491 74 112
492 12 21
492 12 41
493 8 34
493 8 60
493 8 80
493 34 80
493 56 99
493 74 110
494 92 112
495 21 99
495 99 100
495 100 112
496 119 120
497 8 34
497 8 80
497 15 32
497 15 95
497 32 95
497 34 80
497 56 99
498 8 15
498 8 34
498 8 80
498 8 106
498 15 106
498 22 119
498 34 80
498 56 100
499 8 112
500 55 119
500 55 120
500 63 74
500 64 80
501 95 106
502 8 112
502 12 119
502 55 66
503 14 98
503 32 34
503 32 109
503 34 109
505 15 56
505 15 100
505 56 92
506 12 98
506 55 109
507 22 33
507 74 92
509 8 32
509 8 56
509 32 56
509 55 100
510 12 15
510 12 33
510 12 56
510 33 56
510 41 63
511 42 63
511 42 93
512 60 109
513 109 110
515 15 22
515 15 32
515 30 112
515 42 74
515 70 92
515 70 99
515 74 119
516 8 93
516 8 120
516 32 56
516 32 109
516 56 109
517 21 106
517 93 98
517 109 110
518 56 95
518 74 92
518 80 92
519 22 32
519 32 33
519 63 64
519 63 121
519 66 112
520 14 15
520 21 64
520 21 112
520 33 100
520 42 99
520 64 112
520 80 100
520 80 119
520 86 106
521 54 64
521 54 74
521 64 70
522 12 64
522 55 110
522 56 80
522 64 112
523 42 70
523 42 92
523 64 99
523 70 92
523 80 121
524 14 22
524 14 42
525 8 34
525 8 80
525 21 80
525 32 80
525 34 80
526 8 14
526 8 110
526 14 110
526 55 121
526 95 109
527 55 116
527 60 119
528 15 119
528 42 56
528 42 92
528 56 92
528 56 100
529 15 22
529 22 56
529 32 56
529 98 112
530 14 55
530 21 55
530 21 64
530 21 112
530 64 112
531 21 120
531 55 99
533 12 100
533 15 22
533 56 63
534 34 63
534 63 95
535 12 30
535 14 99
535 32 74
535 32 121
535 63 99
535 74 121
536 22 99
537 12 121
537 41 93
537 42 63
537 42 93
537 86 100
538 74 110
539 33 98
541 99 119
542 8 110
542 30 80
542 54 110
542 99 116
543 8 34
543 8 80
543 34 80
543 56 66
543 64 99
544 56 110
545 14 66
545 30 60
545 30 98
545 41 54
545 66 99
546 14 99
546 21 55
546 55 109
547 14 42
547 14 116
547 99 121
548 15 60
548 15 92
549 12 33
549 12 56
549 33 56
550 12 100
550 33 112
550 54 100
551 8 80
552 74 92
552 80 92
553 8 15
553 8 106
553 14 95
553 15 106
553 55 80
553 95 100
554 21 106
555 8 60
555 8 86
555 15 16
555 80 99
555 98 109
556 8 119
556 63 66
557 63 95
558 8 34
558 8 80
558 34 80
558 66 93
558 70 74
558 93 95
559 8 100
559 12 86
559 32 34
559 32 109
559 34 109
560 14 64
560 55 64
560 60 80
561 8 34
561 8 80
561 34 80
561 42 99
561 42 120
561 99 120
562 8 34
562 8 80
562 34 56
562 34 80
562 34 116
562 56 116
563 12 42
563 21 42
563 21 74
564 8 32
564 8 56
564 12 116
564 14 33
564 32 56
564 56 100
564 63 92
564 66 80
564 80 112
565 41 99
565 95 106
566 8 55
566 8 70
566 42 63
566 42 93
566 55 70
568 8 110
568 54 110
569 12 80
569 14 99
569 32 34
569 32 106
569 34 106
569 66 98
569 80 110
569 99 100
570 8 110
570 21 92
570 42 70
570 42 92
570 54 110
570 66 98
570 70 92
571 12 80
571 15 55
571 32 93
571 32 112
571 74 80
571 80 110
574 8 109
574 8 120
574 32 34
574 32 109
574 33 74
574 34 109
574 54 64
574 98 100
574 109 120
575 41 100
575 70 80
576 22 119
576 42 70
576 42 92
576 70 92
576 73 74
576 99 110
577 21 55
577 21 119
577 55 109
577 106 120
577 119 120
578 15 98
578 80 98
579 14 63
579 30 100
579 32 34
579 32 109
579 34 109
579 63 80
579 98 116
580 32 74
580 32 121
580 41 112
580 74 121
580 98 112
581 60 106
582 21 98
583 8 34
583 8 80
583 15 99
583 34 80
583 54 92
583 54 119
583 100 109
584 32 56
584 32 109
584 33 66
584 56 109
584 102 106
585 21 99
585 73 121
586 41 70
586 74 80
587 64 70
589 14 34
589 34 73
589 42 92
589 54 66
590 8 34
590 8 80
590 22 32
590 30 109
590 32 92
590 34 80
590 41 42
590 41 63
590 41 73
590 41 80
590 41 99
590 42 80
592 12 33
592 12 56
592 21 98
592 33 56
593 8 119
593 21 106
593 41 112
593 55 70
593 55 80
593 63 74
594 8 15
594 8 32
594 15 32
594 55 92
594 56 63
594 70 110
594 106 120
595 8 63
595 12 16
595 12 120
595 55 63
596 21 33
596 63 93
596 80 110
597 8 34
597 8 73
597 32 42
597 32 54
597 32 119
597 34 73
597 98 110
597 100 116
598 8 34
598 8 73
598 8 93
598 8 109
598 8 120
598 16 110
598 21 99
598 34 73
598 41 95
598 109 120
600 60 99
600 66 99
601 30 99
601 32 56
601 32 109
601 54 99
601 55 56
601 56 109
601 66 98
602 8 34
602 8 66
602 34 66
602 70 99
603 14 30
605 16 21
605 41 80
605 80 100
606 12 16
606 110 112
607 14 93
608 8 110
608 32 56
608 32 109
608 54 110
608 56 109
609 42 70
609 42 92
609 42 99
609 70 92
609 74 100
610 54 99
611 21 99
611 74 106
611 95 98
611 112 116
612 15 56
612 15 73
612 56 73
612 95 109
613 8 93
613 8 116
613 60 70
613 64 70
613 66 100
613 92 119
613 93 116
614 30 99
615 8 34
615 8 73
615 22 100
615 34 73
615 109 110
617 10 56
617 66 112
617 93 100
618 8 32
618 8 56
618 32 56
618 109 112
619 8 15
619 8 32
619 12 41
619 15 32
619 60 66
619 60 106
620 10 14
620 10 22
620 12 50
620 12 74
620 50 74
621 8 34
621 8 66
621 34 66
621 55 120
622 15 41
622 21 30
622 21 50
622 21 106
622 33 93
622 54 64
622 74 93
622 93 95
623 42 63
623 42 73
624 41 55
624 41 99
624 55 92
624 93 100
625 63 97
628 21 64
628 21 112
628 64 112
629 27 119
629 42 66
629 66 80
629 70 106
631 21 74
631 27 33
631 33 112
631 55 80
631 55 95
631 55 99
632 33 102
633 22 55
633 41 110
633 42 106
634 8 32
634 8 56
634 8 80
634 8 88
634 32 56
634 50 100
634 63 109
634 80 88
634 100 112
635 8 120
635 30 120
635 110 112
636 32 34
636 32 109
636 33 34
636 33 110
636 34 109
636 34 110
636 41 42
636 41 80
636 42 56
636 42 80
636 42 92
636 56 92
636 56 100
637 8 34
637 8 66
637 12 33
637 12 56
637 33 56
637 34 66
637 41 56
637 54 99
637 74 100
637 80 106
638 0 27
638 0 66
638 12 27
638 12 98
638 21 86
638 66 98
638 66 119
639 0 15
639 0 98
639 15 56
639 15 73
639 56 73
640 15 55
641 15 32
641 15 95
641 21 93
641 21 95
641 32 95
641 41 56
641 50 99
641 63 92
642 34 80
642 41 50
642 41 80
643 14 27
643 15 100
643 22 56
643 32 99
643 56 86
643 56 121
643 66 80
643 80 112
644 12 41
644 12 66
644 16 74
644 16 116
644 41 66
644 74 116
644 93 121
644 106 109
644 109 120
645 8 15
645 8 32
645 8 60
645 8 86
645 15 32
645 21 64
645 63 86
645 63 99
646 22 120
646 50 121
646 56 74
646 92 110
647 10 21
647 14 55
647 15 80
647 21 41
647 27 30
647 27 120
647 30 120
648 8 34
648 8 80
648 8 95
648 8 102
648 12 100
648 34 80
648 54 100
648 73 102
648 80 112
648 106 109
649 66 119
650 63 73
650 66 93
650 93 95
651 0 41
651 0 56
651 30 56
651 55 56
652 21 110
652 22 27
652 42 56
652 42 92
652 50 98
652 56 92
653 34 88
654 8 34
654 8 66
654 10 42
654 10 55
654 34 66
654 74 110
655 12 33
655 12 56
655 33 56
656 73 119
657 14 32
657 27 33
657 27 99
657 32 34
657 56 93
657 64 95
657 93 99
658 27 55
659 8 34
659 8 55
659 8 73
659 12 50
659 12 74
659 32 93
659 32 112
659 33 50
659 34 73
659 50 74
659 50 97
659 50 98
659 86 119
660 33 34
660 55 56
660 55 64
661 8 32
661 8 34
661 8 56
661 8 66
661 21 73
661 21 97
661 32 56
661 33 102
661 34 66
662 8 80
662 8 88
662 8 109
662 8 120
662 14 73
662 33 66
662 42 66
662 80 88
662 109 120
663 0 16
663 8 110
663 21 55
663 54 110
664 8 32
664 8 34
664 8 56
664 8 80
664 32 56
664 34 80
664 63 99
665 8 34
665 8 73
665 15 64
665 21 106
665 30 55
665 34 73
665 50 97
665 97 116
666 27 30
666 27 120
666 30 120
667 16 64
667 21 95
667 27 56
667 27 63
667 36 116
667 36 119
667 41 64
667 56 70
667 93 116
668 8 34
668 8 80
668 30 50
668 30 99
668 34 80
668 36 100
668 50 99
668 60 70
668 64 70
668 93 100
668 110 119
669 0 10
669 0 92
669 14 22
669 15 41
669 22 112
669 27 50
669 110 121
670 0 10
670 0 88
670 10 88
670 15 55
670 112 116
671 15 93
671 50 95
671 56 98
671 56 106
671 56 106
671 73 93
672 10 112
672 14 109
672 15 99
672 21 99
672 42 64
672 55 64
673 8 10
673 8 92
673 8 93
673 10 93
673 15 56
673 21 121
674 15 100
674 33 36
674 42 74
674 66 109
674 73 112
674 74 119
674 88 98
675 8 10
675 8 16
675 8 34
675 8 66
675 10 16
675 12 50
675 12 74
675 12 80
675 15 88
675 21 112
675 22 27
675 27 98
675 34 66
675 50 74
675 66 109
675 80 110
676 15 110
676 15 116
676 50 63
676 55 66
676 110 116
677 14 95
677 15 42
677 30 36
677 36 80
677 55 93
677 63 73
677 73 102
677 93 119
678 21 121
678 22 100
678 31 109
678 56 66
678 60 119
678 92 109
678 119 120
679 8 34
679 8 80
679 34 80
679 34 121
679 54 63
679 55 73
680 21 64
680 21 112
680 50 97
680 64 112
681 12 64
681 21 42
681 50 73
681 55 93
681 63 64
681 64 112
682 0 55
682 8 112
682 15 36
682 36 66
682 50 74
682 60 99
682 112 116
683 12 31
683 14 88
683 15 98
683 36 63
684 0 31
684 0 32
684 8 42
684 70 109
684 106 109
685 12 74
685 21 80
685 54 99
685 74 92
685 74 92
685 80 92
685 98 109
685 98 112
686 8 32
686 8 56
686 14 120
686 16 110
686 32 56
687 0 56
687 0 63
687 10 100
687 27 42
687 31 93
687 50 74
687 56 63
687 56 92
687 64 109
687 92 109
687 98 121
688 8 55
688 12 55
688 14 120
688 27 33
688 33 74
689 21 56
689 32 54
689 32 109
690 12 15
690 27 66
690 27 116
690 41 93
690 66 116
690 80 120
691 15 22
691 27 56
691 42 74
691 74 119
692 10 21
692 92 98
693 14 74
693 16 63
693 31 41
693 32 34
693 32 109
693 34 109
693 50 74
693 80 95
694 21 64
694 21 119
694 22 50
694 27 50
694 50 98
694 66 106
696 8 27
696 8 80
696 8 88
696 15 22
696 15 110
696 15 116
696 15 121
696 34 54
696 73 99
696 80 88
696 100 121
696 110 112
696 110 116
697 8 109
697 8 120
697 21 92
697 33 99
697 55 99
697 109 120
698 8 15
698 8 106
698 15 74
698 15 106
698 34 41
698 41 98
699 27 31
699 30 73
699 55 95
699 56 73
699 73 120
700 8 34
700 8 80
700 10 93
700 32 34
700 32 50
700 34 50
700 34 80
700 50 56
700 54 95
700 60 98
700 66 98
700 93 95
701 27 36
701 42 70
701 42 92
701 56 66
701 70 92
702 15 55
702 15 106
702 21 32
702 32 100
703 22 50
703 27 30
703 27 120
703 30 120
703 74 109
704 42 70
704 42 92
704 54 92
704 54 119
704 70 92
705 12 31
705 42 92
705 50 99
706 0 31
706 32 54
706 32 112
706 36 55
707 16 74
707 16 116
707 22 99
707 60 70
707 63 66
707 64 70
707 66 95
707 74 116
707 97 99
708 10 88
708 10 106
708 22 100
708 56 99
708 73 109
709 30 41
709 64 102
709 88 102
710 14 121
710 21 73
710 27 98
710 36 64
710 41 119
710 50 74
710 56 74
711 12 50
711 12 74
711 15 42
711 27 64
711 50 74
711 50 98
711 60 121
711 95 99
711 99 106
711 109 110
712 0 66
712 27 33
712 32 34
712 32 109
712 34 109
712 66 119
714 12 34
714 116 119
715 32 56
715 32 109
715 42 70
715 42 92
715 56 109
715 70 92
716 34 63
716 41 55
716 50 70
716 50 109
717 10 14
717 21 80
717 95 106
718 12 22
718 21 80
718 22 33
718 32 56
718 32 109
718 56 109
718 98 99
719 41 112
719 55 95
719 56 92
719 74 92
719 80 92
721 34 109
721 56 64
722 0 56
722 10 21
722 21 41
722 30 56
723 30 55
723 50 98
723 80 116
723 88 110
724 10 36
724 10 98
724 21 64
724 36 98
724 119 121
725 10 42
725 12 27
725 21 60
725 34 42
726 21 80
726 64 66
726 66 121
726 80 98
727 8 80
727 8 88
727 31 121
727 34 56
727 34 116
727 41 55
727 41 80
727 56 116
727 80 88
728 8 34
728 8 73
728 15 112
728 30 99
728 31 63
728 33 64
728 34 73
728 54 99
728 80 106
729 21 55
729 31 109
729 41 99
729 63 97
729 100 116
730 12 50
730 12 74
730 14 63
730 14 64
730 15 80
730 16 73
730 50 55
730 50 74
730 50 100
731 12 50
731 12 74
731 12 100
731 15 88
731 34 42
731 42 55
731 50 74
731 54 100
731 54 106
731 55 106
732 31 41
732 31 92
732 32 74
732 93 112
733 0 56
733 0 63
733 15 36
733 15 55
733 22 33
733 27 42
733 31 73
733 36 66
733 36 80
733 56 63
734 14 56
734 21 74
734 21 100
734 60 106
735 8 34
735 8 66
735 12 100
735 22 106
735 34 66
735 36 97
735 54 100
735 80 121
736 8 34
736 8 66
736 34 42
736 34 66
736 42 55
736 42 66
736 42 99
736 50 95
736 56 110
736 63 121
737 106 112
738 0 30
738 12 41
738 12 66
738 12 100
738 15 50
738 41 66
738 95 119
739 21 97
739 27 34
739 27 55
739 31 102
739 41 88
740 54 80
740 55 93
740 73 121
741 36 74
741 50 80
741 60 112
741 88 112
741 100 120
742 8 10
742 8 93
742 10 93
742 12 31
742 15 56
742 15 73
742 56 73
742 63 99
743 0 10
743 0 15
743 8 80
743 8 88
743 10 15
743 27 109
743 50 116
743 80 88
744 0 73
744 27 120
744 36 112
744 41 60
744 42 93
744 63 99
744 73 120
745 12 110
745 21 66
746 12 50
746 12 74
746 12 110
746 21 64
746 21 99
746 21 112
746 50 74
746 64 112
746 99 110
746 106 119
747 8 34
747 8 66
747 8 80
747 8 88
747 10 14
747 10 66
747 14 74
747 34 66
747 80 88
747 99 110
748 109 120
749 8 32
749 8 56
749 12 109
749 14 119
749 27 56
749 31 55
749 32 56
749 36 80
749 41 42
749 41 80
749 42 80
749 56 70
749 95 99
749 109 121
750 12 60
750 12 106
750 27 116
750 31 42
750 31 98
750 42 98
752 15 32
752 15 95
752 32 95
752 55 80
753 16 50
753 27 109
753 50 70
753 50 109
753 92 102
753 99 116
754 8 34
754 8 73
754 12 55
754 15 99
754 21 50
754 34 73
755 0 10
755 0 15
755 10 15
755 22 56
755 31 42
755 31 98
755 32 56
755 32 109
755 42 98
755 56 109
756 15 92
756 55 64
757 0 10
757 0 15
757 8 15
757 8 36
757 10 15
757 12 109
757 15 36
757 27 41
757 31 119
757 64 80
758 41 56
758 56 116
758 70 106
759 33 50
759 36 99
759 42 63
759 50 97
759 50 98
759 93 95
760 8 27
760 50 95
761 8 63
761 15 64
761 41 66
761 55 63
761 55 92
762 56 66
762 64 102
762 88 102
762 100 119
763 10 36
763 10 98
763 27 112
763 36 98
763 54 106
763 55 64
764 0 110
764 54 64
764 54 74
765 15 36
765 34 56
765 34 116
765 36 66
765 41 100
765 56 116
766 8 74
766 12 33
766 12 56
766 15 36
766 15 56
766 33 56
766 36 66
766 36 112
766 50 92
766 56 92
766 63 98
766 73 109
767 15 55
767 16 41
767 30 63
767 32 56
767 32 109
767 56 109
767 60 109
768 0 102
768 8 109
768 8 120
768 21 64
768 21 112
768 31 34
768 31 36
768 33 112
768 34 36
768 54 56
768 64 112
768 109 120
769 14 15
769 21 95
770 8 34
770 8 73
770 10 21
770 10 21
770 21 41
770 34 73
770 36 64
770 56 100
771 66 95
772 0 15
772 0 21
772 8 34
772 8 66
772 8 80
772 8 88
772 12 80
772 22 56
772 34 66
772 41 55
772 41 80
772 80 88
773 8 12
773 22 106
774 0 41
774 8 14
774 8 110
774 10 41
774 14 106
774 14 110
774 21 55
774 21 95
774 33 66
774 74 121
775 22 80
775 27 88
775 36 80
775 63 66
775 66 95
775 99 120
776 0 10
776 0 88
776 8 15
776 8 27
776 8 32
776 10 88
776 15 32
776 15 36
776 21 31
776 30 56
776 33 92
776 36 66
777 8 22
777 10 14
777 21 106
777 50 99
777 88 109
778 0 56
778 8 36
778 8 56
778 21 56
778 30 56
778 36 56
778 55 73
778 63 74
779 36 55
779 42 63
779 55 99
779 74 86
780 0 109
780 15 88
780 21 88
780 50 109
780 56 63
780 93 98
781 14 73
781 63 66
781 66 95
781 100 110
782 15 110
782 32 93
782 32 112
782 34 70
782 106 112
783 12 50
783 60 70
783 64 70
783 100 110
784 8 55
784 8 70
784 27 30
784 27 120
784 30 120
784 34 36
784 55 70
784 74 110
785 10 100
785 74 97
786 32 100
786 42 99
786 70 112
787 14 33
787 30 110
787 33 95
788 22 41
788 22 92
788 30 36
788 31 99
788 63 92
789 32 63
789 32 66
789 64 88
789 74 109
790 0 10
790 0 88
790 0 109
790 8 34
790 8 73
790 10 88
790 12 110
790 14 63
790 15 42
790 22 100
790 34 73
790 36 50
790 41 93
790 80 95
790 80 106
790 99 110
791 8 14
791 8 110
791 14 110
791 21 64
791 21 112
791 22 55
791 34 93
791 64 112
791 109 121
792 30 55
793 0 56
793 0 74
793 10 21
793 22 99
793 30 56
793 106 109
793 109 120
794 27 42
794 99 102
795 0 55
795 55 74
795 109 116
796 15 110
796 15 116
796 42 70
796 42 92
796 55 73
796 63 93
796 70 92
796 93 112
796 110 116
797 0 50
797 55 121
797 92 120
797 98 112
797 106 112
798 12 60
798 12 106
798 15 110
798 15 116
798 21 88
798 22 98
798 110 116
799 8 15
799 8 30
799 15 30
799 15 32
799 15 95
799 32 95
799 74 110
800 33 86
800 55 109
800 98 121
801 8 110
801 21 120
801 54 110
801 57 90
801 63 97
802 10 16
802 14 36
802 21 57
802 21 98
802 31 36
802 31 112
802 42 63
802 42 93
802 55 93
803 8 14
803 8 110
803 14 110
803 33 55
803 56 66
803 57 98
803 66 92
803 70 93
803 98 109
804 15 56
804 15 73
804 33 66
804 33 80
804 36 66
804 42 57
804 55 64
804 55 119
804 55 120
804 56 73
804 57 90
804 66 80
805 8 10
805 8 16
805 8 110
805 10 16
805 32 55
805 34 42
805 34 121
805 41 60
805 42 121
805 54 110
805 60 88
805 93 121
806 12 95
806 32 34
806 32 50
806 32 56
806 32 109
806 33 99
806 34 50
806 41 42
806 41 80
806 42 80
806 56 109
806 95 99
807 8 15
807 8 34
807 8 80
807 8 106
807 14 116
807 15 80
807 15 93
807 15 106
807 16 55
807 21 110
807 31 97
807 34 80
807 36 63
807 55 109
807 63 80
807 64 80
807 73 93
807 80 102
807 99 116
808 0 27
808 15 33
808 15 80
809 12 22
809 31 70
809 70 83
810 0 97
810 27 83
810 42 56
810 42 92
810 56 92
810 92 99
811 21 106
811 21 119
811 27 33
811 32 64
811 34 64
811 50 57
811 50 74
811 56 70
811 57 74
811 106 109
812 12 50
812 12 74
812 50 74
812 55 56
813 8 112
813 14 63
813 27 102
813 27 106
813 27 106
813 55 64
813 55 86
814 22 55
814 55 90
814 73 95
814 98 121
814 100 109
815 15 112
815 27 86
815 50 64
815 64 99
815 66 106
816 30 57
816 30 70
816 54 109
816 57 70
817 0 97
817 10 64
817 32 33
817 33 109
817 63 99
817 74 119
818 8 34
818 8 66
818 8 93
818 8 116
818 21 99
818 22 56
818 32 56
818 34 55
818 34 66
818 36 112
818 42 73
818 54 80
818 56 99
818 64 102
818 88 102
818 93 116
818 100 116
819 10 100
819 36 55
819 55 63
819 63 116
819 66 88
820 8 109
820 8 120
820 21 36
820 21 73
820 21 88
820 50 86
820 99 116
820 109 120
821 15 55
821 27 57
821 27 109
821 50 80
821 50 93
821 57 121
821 90 112
822 15 121
822 27 50
823 0 27
823 0 36
823 10 41
823 12 16
823 12 42
823 27 99
823 32 34
823 32 106
823 34 106
823 42 92
823 54 74
824 8 32
824 8 56
824 12 83
824 15 33
824 32 56
824 41 83
824 83 121
824 88 110
824 95 121
825 10 16
825 12 50
825 12 74
825 31 64
825 41 42
825 41 80
825 42 80
825 50 74
825 55 66
825 74 112
825 74 120
826 21 64
826 21 112
826 64 112
827 0 119
827 8 10
827 8 93
827 10 93
827 42 92
827 42 93
827 63 120
827 109 120
828 0 60
828 36 80
828 63 112
829 12 98
829 30 41
829 32 34
829 32 106
829 34 106
829 57 98
830 12 41
830 12 109
830 21 64
830 21 109
830 21 112
830 57 74
830 64 112
830 74 100
830 90 97
831 0 10
831 0 88
831 10 88
831 31 42
831 32 34
831 32 109
831 33 55
831 34 109
831 42 73
831 54 86
831 56 74
832 74 86
832 98 106
833 0 10
833 0 15
833 10 15
833 14 86
833 22 83
833 27 31
833 92 119
834 21 64
834 21 112
834 32 109
834 55 106
834 57 100
834 64 112
834 66 109
834 109 121
835 8 27
835 8 63
835 21 36
835 30 56
835 36 57
836 0 93
836 8 74
836 10 112
836 14 116
836 21 109
836 74 90
836 74 99
837 74 110
838 10 55
838 21 116
838 31 66
838 55 57
838 56 106
838 60 67
839 12 63
839 22 32
839 32 92
839 33 93
839 55 83
839 55 95
839 56 60
839 74 93
839 74 112
839 83 92
840 8 34
840 8 80
840 8 102
840 12 56
840 30 100
840 34 80
840 41 55
840 41 80
840 42 92
840 55 116
841 42 99
841 50 106
841 110 112
842 8 34
842 8 80
842 15 98
842 21 64
842 21 112
842 21 120
842 34 80
842 57 112
842 64 112
842 80 98
843 27 106
843 41 99
843 57 102
843 63 66
843 80 106
844 8 42
844 15 22
844 15 32
844 21 95
844 21 120
844 32 66
844 32 83
844 55 92
844 66 83
844 67 83
845 10 54
845 10 98
845 12 27
845 12 30
845 16 41
845 27 30
845 27 120
845 30 120
845 63 90
846 8 34
846 8 66
846 21 64
846 21 112
846 34 66
846 41 66
846 64 112
846 70 110
847 12 33
847 12 56
847 14 15
847 33 56
847 36 70
847 98 109
848 8 32
848 8 56
848 8 63
848 27 50
848 32 56
848 41 88
848 55 63
848 63 80
848 64 98
848 88 98
848 93 100
849 21 67
849 30 57
849 30 70
849 34 50
849 41 119
849 42 95
849 50 110
849 57 70
849 67 93
849 83 112
850 8 30
850 8 93
850 10 99
850 12 50
850 12 74
850 27 80
850 30 93
850 50 74
851 0 31
851 0 112
851 15 109
851 41 95
851 106 109
852 0 100
852 12 50
852 12 74
852 50 74
852 55 120
852 66 100
853 8 55
853 12 41
853 12 50
853 12 66
853 12 74
853 15 110
853 15 116
853 21 116
853 31 90
853 41 66
853 42 109
853 50 74
853 55 121
853 73 98
853 99 119
853 110 116
854 55 60
854 83 88
854 90 98
855 0 106
855 8 34
855 8 66
855 12 56
855 21 70
855 27 36
855 27 50
855 34 66
855 57 63
855 80 90
856 0 16
856 21 86
856 36 92
856 50 98
856 55 73
856 90 92
856 100 116
857 10 99
857 34 42
857 34 66
857 42 66
857 63 98
857 63 106
858 0 10
858 0 88
858 10 88
858 16 57
858 16 60
858 57 60
858 80 110
858 106 120
859 8 10
859 12 36
859 21 57
859 27 112
859 32 56
859 32 109
859 33 55
859 41 88
859 56 109
859 83 97
859 99 106
860 0 93
860 10 16
860 56 93
860 64 93
860 93 99
861 15 56
861 21 83
861 22 80
861 32 34
861 32 109
861 34 109
861 36 80
861 36 99
861 56 63
861 63 120
861 109 120
862 22 100
862 27 41
862 31 41
862 54 99
862 70 109
863 10 99
863 32 34
863 32 109
863 34 109
864 0 10
864 0 88
864 10 88
864 12 83
864 21 121
864 33 42
864 33 73
864 36 112
864 41 83
865 12 15
865 33 67
865 33 74
865 90 121
866 0 56
866 0 63
866 0 109
866 15 57
866 31 109
866 32 34
866 32 50
866 34 50
866 42 57
866 56 63
866 70 109
866 95 99
866 98 121
867 0 56
867 14 50
867 15 93
867 30 56
867 30 80
867 31 42
867 31 98
867 42 98
867 50 92
867 73 93
867 109 121
868 42 92
868 80 100
868 83 112
869 8 74
869 8 99
869 15 21
869 30 121
869 63 80
869 74 90
870 12 55
870 50 106
870 66 106
870 83 100
870 93 119
870 98 116
871 31 42
871 32 34
871 32 109
871 34 109
871 36 97
871 41 67
871 55 92
871 74 109
871 106 109
871 109 120
872 0 10
872 0 88
872 8 34
872 8 80
872 10 70
872 10 74
872 10 88
872 12 14
872 12 41
872 32 34
872 32 109
872 34 80
872 34 109
872 50 74
872 54 121
872 55 73
872 56 74
872 70 74
873 10 66
873 14 116
873 16 93
873 22 34
873 22 67
873 27 112
873 30 80
873 32 34
873 32 109
873 34 67
873 34 109
873 36 55
873 41 63
873 55 99
874 27 57
874 56 67
874 57 121
875 10 36
875 10 98
875 36 98
875 42 109
875 56 66
875 63 120
875 67 106
876 0 67
876 10 67
876 15 55
876 34 42
876 55 95
876 99 109
877 8 34
877 8 80
877 27 83
877 32 110
877 34 80
877 55 99
878 15 21
879 10 109
879 22 64
879 57 92
879 57 119
879 67 73
879 70 109
879 100 109
880 27 30
880 27 120
880 30 120
880 36 98
880 57 90
880 110 119
881 27 30
881 27 120
881 30 120
882 8 80
882 8 88
882 14 55
882 21 30
882 30 32
882 32 90
882 80 88
883 0 56
883 8 90
883 30 56
883 30 112
883 30 116
883 42 67
883 42 90
883 63 66
883 99 120
883 112 116
884 10 63
884 31 41
884 31 92
884 55 80
884 67 74
885 0 10
885 0 15
885 10 15
885 21 119
885 31 55
885 106 112
886 10 21
886 14 21
886 27 73
886 54 56
887 8 12
887 8 90
887 10 14
887 12 90
887 16 31
887 31 33
887 80 100
888 8 31
888 15 64
888 16 83
888 16 95
888 27 109
888 31 109
888 33 99
888 50 70
888 50 109
888 55 109
888 83 109
889 14 21
889 27 30
889 27 120
889 30 120
889 41 80
889 54 98
890 8 34
890 8 66
890 15 110
890 27 119
890 32 34
890 32 90
890 34 66
890 34 90
890 36 106
890 55 80
890 57 109
890 67 109
890 88 98
890 92 102
891 15 98
891 21 31
891 27 88
891 31 55
891 41 60
891 54 55
891 56 66
891 92 93
892 15 50
892 22 34
892 22 67
892 34 67
892 50 98
892 55 92
892 55 106
893 0 88
893 12 100
893 14 67
893 22 67
893 33 66
893 54 100
893 60 119
894 15 56
894 16 63
894 34 63
894 41 56
894 56 92
895 8 34
895 8 80
895 10 100
895 15 32
895 15 95
895 16 83
895 16 95
895 30 60
895 32 95
895 34 80
896 8 55
896 12 121
896 22 121
896 31 56
896 56 112
896 109 116
897 21 86
897 36 67
897 36 92
897 67 92
898 0 109
898 8 83
898 10 102
898 12 50
898 12 74
898 22 54
898 42 54
898 50 74
898 55 106
898 66 98
899 0 67
899 21 63
899 27 100
899 36 102
899 50 74
899 56 74
899 99 109
900 34 99
901 8 74
901 12 50
901 12 56
901 12 74
901 15 116
901 27 63
901 36 93
901 50 74
901 54 63
901 55 67
901 67 73
901 67 93
901 73 112
902 12 50
902 12 74
902 50 74
903 0 31
903 10 112
903 33 86
903 41 95
903 55 66
903 55 109
903 57 119
903 109 119
904 0 63
904 16 67
904 27 102
904 27 106
904 73 99
905 0 31
905 0 32
905 10 74
905 30 64
905 31 92
905 32 34
905 32 109
905 34 109
905 57 92
905 57 119
905 67 74
905 90 98
905 99 116
905 106 119
906 8 66
906 15 36
906 15 41
906 15 88
906 22 34
906 22 67
906 27 30
906 27 120
906 30 120
906 34 67
906 36 83
906 36 88
907 12 21
907 23 27
907 36 95
907 41 42
907 41 80
907 42 80
907 50 98
907 57 92
907 57 119
