0 16 17
0 16 17
1 16 17
1 16 17
1 17 16
1 17 16
2 16 17
2 16 17
2 16 17
2 16 17
3 16 17
3 16 17
3 17 16
3 17 16
4 16 17
4 16 17
4 17 16
4 17 16
5 17 16
5 17 16
5 17 16
5 17 16
6 16 17
6 16 17
6 17 16
6 17 16
7 17 16
7 17 16
7 17 16
7 17 16
8 17 16
8 17 16
8 17 16
8 17 16
9 16 17
9 16 17
9 17 16
9 17 16
10 16 17
10 16 17
10 16 17
10 16 17
11 17 16
11 17 16
11 17 16
11 17 16
12 17 16
12 17 16
12 17 16
12 17 16
13 16 17
13 16 17
13 17 16
13 17 16
14 17 16
14 17 16
14 17 16
14 17 16
15 17 16
15 17 16
15 17 16
15 17 16
16 16 17
16 16 17
16 16 17
16 16 17
16 16 19
16 16 19
17 16 19
17 16 19
17 17 19
17 17 19
17 20 17
17 20 16
17 20 19
18 17 19
18 17 19
18 20 17
18 20 17
19 16 17
19 16 17
19 19 20
19 19 20
20 19 16
20 19 16
20 19 17
20 19 17
21 16 17
21 16 17
21 19 17
21 19 17
22 20 16
22 20 16
22 20 16
22 20 16
23 20 16
23 20 16
23 20 19
23 20 19
23 21 16
23 21 20
23 21 17
24 17 16
24 17 19
24 17 20
24 19 16
24 19 16
24 19 17
24 19 17
25 19 20
25 19 20
25 21 16
25 21 16
26 17 19
26 17 19
26 20 21
26 20 21
27 16 17
27 16 17
27 19 17
27 19 17
28 16 21
28 16 21
28 20 16
28 20 21
28 20 21
28 20 21
28 21 16
28 21 16
28 21 17
28 21 19
29 19 20
29 19 20
29 20 17
29 20 17
30 16 22
30 16 22
30 20 17
30 20 17
30 21 16
30 21 16
31 17 20
31 17 20
31 19 22
31 19 22
32 20 21
32 20 21
32 21 22
32 21 22
33 20 17
33 20 17
33 22 16
33 22 16
34 19 16
34 19 16
34 20 21
34 20 21
35 16 17
35 16 17
35 19 20
35 19 20
36 16 19
36 16 19
36 17 16
36 17 16
37 16 21
37 16 21
37 16 20
37 16 20
38 21 19
38 21 19
38 22 17
38 22 17
39 21 19
39 21 19
39 22 17
39 22 17
40 16 22
40 16 22
40 17 16
40 19 16
40 19 16
40 22 16
40 22 17
41 19 21
41 19 21
41 22 19
41 22 19
42 16 17
42 16 17
42 20 21
42 20 22
42 21 22
42 21 22
42 21 22
43 19 16
43 19 16
43 22 17
43 22 17
44 21 22
44 21 22
44 22 21
44 22 21
45 16 17
45 16 17
45 20 17
45 20 17
46 16 21
46 16 21
46 17 19
46 17 19
47 16 17
47 16 17
47 19 21
47 19 21
48 16 21
48 16 22
48 16 20
48 19 23
48 19 23
48 20 17
48 20 17
48 20 19
48 20 19
49 19 20
49 19 20
49 20 17
49 20 17
50 16 17
50 16 17
50 23 22
50 23 22
51 17 16
51 17 16
51 21 17
51 21 17
52 16 21
52 16 21
52 19 22
52 19 22
53 17 22
53 17 22
53 20 17
53 20 17
54 16 23
54 16 23
54 19 20
54 19 20
55 19 22
55 19 21
55 19 23
55 20 19
55 20 19
55 20 24
55 20 24
55 21 22
55 21 22
56 16 19
56 16 19
56 17 22
56 17 22
57 16 21
57 16 21
57 16 24
57 16 24
58 19 21
58 19 21
58 24 16
58 24 16
59 20 22
59 20 22
59 24 17
59 24 17
60 22 23
60 22 23
60 22 20
60 22 20
61 19 20
61 19 20
61 22 23
61 22 23
62 17 22
62 17 22
62 19 16
62 23 17
62 23 17
62 23 19
62 23 16
63 19 23
63 19 23
63 19 24
63 19 24
64 17 20
64 17 20
64 21 25
64 21 25
64 22 17
64 22 17
65 16 20
65 16 20
65 19 20
65 19 20
66 20 19
66 20 19
66 21 19
66 21 22
66 21 25
66 25 17
66 25 17
67 16 22
67 16 23
67 16 25
67 22 19
67 22 19
67 22 20
67 22 20
68 21 22
68 21 22
68 22 24
68 22 24
69 17 23
69 17 23
69 24 17
69 24 17
70 17 25
70 17 25
70 17 25
70 17 25
70 22 26
70 22 26
71 20 23
71 20 23
71 21 20
71 21 19
71 21 25
71 24 21
71 24 21
72 17 19
72 17 19
72 23 17
72 23 16
72 23 21
72 24 17
72 24 17
73 16 22
73 16 22
73 22 16
73 22 16
73 25 27
73 25 27
74 19 22
74 19 22
74 22 23
74 22 23
75 17 20
75 17 20
75 25 16
75 25 16
76 22 19
76 22 19
76 27 24
76 27 24
77 21 20
77 21 22
77 21 23
77 25 26
77 25 26
77 25 20
77 25 20
78 16 26
78 16 26
78 17 24
78 17 24
79 21 27
79 21 27
79 24 17
79 24 17
80 16 21
80 16 21
80 27 24
80 27 24
81 17 19
81 17 19
81 25 27
81 25 27
81 25 16
81 25 26
81 25 24
82 16 25
82 16 25
82 21 25
82 21 27
82 21 26
82 23 19
82 23 19
83 20 22
83 20 22
83 20 23
83 20 27
83 26 28
83 26 28
83 26 22
83 26 22
83 27 23
84 16 22
84 16 22
84 25 27
84 25 27
85 20 29
85 20 29
85 20 25
85 20 25
85 22 23
85 22 23
86 24 25
86 24 25
86 28 16
86 28 16
87 19 28
87 19 28
87 28 29
87 28 29
88 22 24
88 22 24
88 26 25
88 26 25
89 24 26
89 24 26
89 26 27
89 26 27
89 27 26
89 27 19
89 27 28
90 16 17
90 16 17
90 17 16
90 17 16
91 17 20
91 17 25
91 17 21
91 20 16
91 20 16
91 25 24
91 25 24
92 17 19
92 17 23
92 17 21
92 19 21
92 19 21
92 24 25
92 24 25
93 23 20
93 23 20
93 28 29
93 28 29
93 28 30
93 28 30
94 27 22
94 27 22
94 28 24
94 28 24
95 21 17
95 21 22
95 21 23
95 21 26
95 21 26
95 24 30
95 24 30
96 21 17
96 21 17
96 24 25
96 24 25
97 16 17
97 17 30
97 17 30
97 24 19
97 24 19
97 30 16
97 30 17
98 20 24
98 20 24
98 28 20
98 28 20
99 16 29
99 16 29
99 21 30
99 21 30
100 20 25
100 20 25
100 30 25
100 30 25
101 16 24
101 16 24
101 28 17
101 28 17
102 21 23
102 21 23
102 29 27
102 29 27
102 29 24
102 29 25
102 29 30
103 16 27
103 16 27
103 16 27
103 16 27
103 28 24
103 28 23
103 28 21
104 24 23
104 24 23
104 24 27
104 24 27
105 16 27
105 16 27
105 29 21
105 29 21
106 27 28
106 27 28
106 28 22
106 28 22
107 16 28
107 16 28
107 22 20
107 22 27
107 22 29
107 28 26
107 28 26
108 21 19
108 21 19
108 25 30
108 25 30
109 27 26
109 27 26
109 30 23
109 30 23
109 31 16
109 31 24
109 31 17
110 20 32
110 20 32
110 25 21
110 25 21
110 26 20
110 26 20
111 17 19
111 17 30
111 17 29
111 26 29
111 26 29
111 27 26
111 27 26
112 17 19
112 17 19
112 19 33
112 19 33
112 20 29
112 20 29
113 17 22
113 17 22
113 17 28
113 17 28
113 30 26
113 30 32
113 30 28
114 23 22
114 23 17
114 23 27
114 23 27
114 23 31
114 26 16
114 26 16
115 16 33
115 16 33
115 25 31
115 25 31
115 28 34
115 28 34
116 29 30
116 29 30
116 33 24
116 33 24
117 17 29
117 17 29
117 29 24
117 29 24
118 16 22
118 16 22
118 22 27
118 22 25
118 22 33
118 31 32
118 31 32
119 28 23
119 28 23
119 28 19
119 28 19
119 33 21
119 33 22
119 33 32
120 20 17
120 20 17
120 20 23
120 20 23
121 16 22
121 16 23
121 16 27
121 30 19
121 30 19
121 33 21
121 33 21
122 24 16
122 24 16
122 25 32
122 25 32
123 31 16
123 31 16
123 33 26
123 33 26
124 17 19
124 17 19
124 33 26
124 33 26
125 23 34
125 23 34
125 25 19
125 25 19
126 20 21
126 20 21
126 24 21
126 24 20
126 24 29
126 29 16
126 29 16
127 16 34
127 16 34
127 17 19
127 20 22
127 20 22
127 27 19
127 27 17
128 16 17
128 16 17
128 17 34
128 17 34
128 24 32
128 24 28
128 27 28
128 27 22
128 27 32
128 32 28
129 19 27
129 19 27
129 22 25
129 22 25
130 21 34
130 21 34
130 26 17
130 26 17
131 20 33
131 20 33
131 32 31
131 32 31
132 29 30
132 29 32
132 32 22
132 32 22
132 32 30
132 34 24
132 34 24
133 27 24
133 27 24
133 28 29
133 28 29
134 17 28
134 17 28
134 32 30
134 32 30
135 20 19
135 20 19
135 25 33
135 25 33
136 29 27
136 29 27
136 31 32
136 31 32
137 21 33
137 21 33
137 33 34
137 33 34
138 24 20
138 24 20
138 27 29
138 27 29
139 17 30
139 17 30
139 26 27
139 26 27
139 31 32
139 31 22
139 32 22
140 21 26
140 21 26
140 22 35
140 22 35
140 26 34
140 26 34
141 21 16
141 21 16
141 28 19
141 28 19
142 31 17
142 31 17
142 35 30
142 35 30
143 20 28
143 20 28
143 30 20
143 30 20
144 23 26
144 23 26
144 34 23
144 34 23
144 36 16
144 36 34
144 36 25
145 23 25
145 23 25
145 30 20
145 30 20
146 16 20
146 16 20
146 34 21
146 34 21
147 29 19
147 29 19
147 33 37
147 33 37
147 35 23
147 35 23
148 20 16
148 20 16
148 33 27
148 33 27
148 34 21
148 34 37
148 34 16
149 17 25
149 17 28
149 17 37
149 19 28
149 19 28
149 30 20
149 30 20
150 28 29
150 28 29
150 32 29
150 32 29
151 29 35
151 29 35
151 33 36
151 33 36
152 27 21
152 27 21
152 31 36
152 31 36
153 21 22
153 21 22
153 26 34
153 26 34
154 26 17
154 26 17
154 36 16
154 36 16
155 25 27
155 25 27
155 27 20
155 27 20
155 32 24
155 32 27
155 32 36
156 33 34
156 33 34
156 33 36
156 33 36
157 32 31
157 32 31
157 36 34
157 36 30
157 36 37
157 37 24
157 37 24
158 24 25
158 24 25
158 27 28
158 27 28
158 34 38
158 34 38
159 26 33
159 26 33
159 27 23
159 27 23
160 25 32
160 25 32
160 38 36
160 38 36
161 16 29
161 16 29
161 22 21
161 22 36
161 22 37
161 37 38
161 37 38
161 39 40
161 39 27
161 39 34
162 19 36
162 19 36
162 31 30
162 31 30
163 24 37
163 24 37
163 25 35
163 25 35
164 35 40
164 35 40
164 40 29
164 40 29
165 32 20
165 32 20
165 33 32
165 33 32
166 32 20
166 32 20
166 32 40
166 32 40
167 28 36
167 28 36
167 30 31
167 30 31
168 26 32
168 26 32
168 29 21
168 35 29
168 35 21
168 40 35
168 40 35
168 40 32
168 40 33
168 40 26
169 23 29
169 23 29
169 34 28
169 34 28
170 25 29
170 25 29
170 35 39
170 35 39
171 20 29
171 20 29
171 23 41
171 23 41
171 40 16
171 40 16
172 22 21
172 22 21
172 22 33
172 22 33
173 26 32
173 26 32
173 29 16
173 29 16
174 31 22
174 31 30
174 31 25
174 34 30
174 34 30
174 38 28
174 38 28
175 17 35
175 17 35
175 32 29
175 32 29
176 21 36
176 21 36
176 28 30
176 28 23
176 28 41
176 38 36
176 38 36
177 17 33
177 17 33
177 36 19
177 36 19
178 31 29
178 31 29
178 32 33
178 32 33
179 35 33
179 35 33
179 37 26
179 37 26
180 29 32
180 29 32
180 40 23
180 40 23
181 26 35
181 26 35
181 40 19
181 40 19
182 38 30
182 38 30
182 39 25
182 39 25
183 30 34
183 30 34
183 32 22
183 32 22
184 22 23
184 22 23
184 23 33
184 23 33
185 25 20
185 25 20
185 32 42
185 32 42
185 37 39
185 37 39
186 19 36
186 19 36
186 32 23
186 32 23
187 40 19
187 40 19
187 41 27
187 41 27
188 16 38
188 30 29
188 30 29
188 31 16
188 31 38
188 41 24
188 41 24
189 20 28
189 20 28
189 41 25
189 41 25
190 22 19
190 22 19
190 24 29
190 24 29
191 16 25
191 16 25
191 21 36
191 21 36
192 34 35
192 34 35
192 38 39
192 38 39
193 27 43
193 27 43
193 29 38
193 29 38
193 38 24
193 38 24
193 40 41
193 40 42
193 40 25
194 23 40
194 23 40
194 26 36
194 26 36
194 27 29
194 27 25
194 27 36
195 30 29
195 30 29
195 34 31
195 34 31
196 26 37
196 26 37
196 42 35
196 42 35
196 43 19
196 43 26
196 43 34
197 17 22
197 17 22
197 38 33
197 38 33
198 31 27
198 31 27
198 37 24
198 37 24
199 16 39
199 16 39
199 25 20
199 25 43
199 25 38
199 38 20
199 38 20
200 22 23
200 22 23
200 24 23
200 24 23
201 21 22
201 21 22
201 38 41
201 38 41
202 22 25
202 22 25
202 36 37
202 36 37
203 20 42
203 20 42
203 29 16
203 35 29
203 35 16
203 38 36
203 38 36
204 19 22
204 19 22
204 27 42
204 27 34
204 27 39
204 37 32
204 37 32
205 39 23
205 39 23
205 42 36
205 42 36
206 23 36
206 23 36
206 39 38
206 39 38
207 23 36
207 23 36
207 43 41
207 43 41
208 26 40
208 26 40
208 38 33
208 38 33
209 17 43
209 17 43
209 20 40
209 20 40
209 44 43
209 44 28
209 44 16
210 33 26
210 33 26
210 37 20
210 37 20
211 19 20
211 19 20
211 22 19
211 22 19
211 45 46
211 45 31
211 45 32
212 16 47
212 16 47
212 39 20
212 39 20
212 44 17
212 44 17
213 16 44
213 16 35
213 16 36
213 31 37
213 31 37
213 47 16
213 47 16
214 23 29
214 23 30
214 29 30
214 32 46
214 32 46
214 37 29
214 37 29
214 44 16
214 44 17
214 44 40
215 21 34
215 21 34
215 43 33
215 43 33
216 32 16
216 32 16
216 37 39
216 37 39
217 30 23
217 30 23
217 31 48
217 31 48
217 36 35
217 36 35
218 39 20
218 39 20
218 43 44
218 43 44
219 17 43
219 17 43
219 48 42
219 48 42
220 37 30
220 37 30
220 39 23
220 39 23
221 36 20
221 36 20
221 44 43
221 44 43
222 34 40
222 34 40
222 46 36
222 46 36
223 27 25
223 27 41
223 27 41
223 27 35
223 27 35
223 27 44
223 27 46
224 22 20
224 22 20
224 42 27
224 42 27
225 33 32
225 33 32
225 38 25
225 38 25
226 20 27
226 20 27
226 27 28
226 27 28
227 25 28
227 25 28
227 30 39
227 30 39
228 19 28
228 19 28
228 48 41
228 48 41
229 20 48
229 20 48
229 25 46
229 25 46
230 30 33
230 30 33
230 40 19
230 40 17
230 40 44
230 45 30
230 45 30
231 22 24
231 22 27
231 22 41
231 22 41
231 22 46
231 41 36
231 41 36
232 19 31
232 19 31
232 24 45
232 24 45
233 22 23
233 22 23
233 22 27
233 22 27
234 17 24
234 17 24
234 22 38
234 22 38
235 21 49
235 21 49
235 27 21
235 27 21
235 45 30
235 45 30
236 20 24
236 20 23
236 20 48
236 22 49
236 22 49
236 31 38
236 31 38
237 23 36
237 23 36
237 32 20
237 32 20
238 34 17
238 34 17
238 43 21
238 43 21
239 26 46
239 26 46
239 30 31
239 30 31
240 23 37
240 23 37
240 37 45
240 37 45
240 47 23
240 47 34
240 47 35
241 21 34
241 21 45
241 21 46
241 31 30
241 31 30
241 45 17
241 45 17
242 16 46
242 16 46
242 33 43
242 33 43
243 19 47
243 19 47
243 49 31
243 49 31
244 20 49
244 20 49
244 36 48
244 36 48
245 25 47
245 25 47
245 31 37
245 31 37
246 22 19
246 22 21
246 22 27
246 31 50
246 31 50
246 36 35
246 36 35
246 48 49
246 48 49
247 29 41
247 29 41
247 46 32
247 46 32
248 21 48
248 21 42
248 21 44
248 39 46
248 39 46
248 46 47
248 46 47
249 33 47
249 33 47
249 34 50
249 34 50
249 36 25
249 36 35
249 36 47
250 21 24
250 21 24
250 26 17
250 26 17
251 20 32
251 20 50
251 20 50
251 20 50
251 20 26
251 44 32
251 44 32
252 34 40
252 34 40
252 35 19
252 35 19
253 16 23
253 16 48
253 17 33
253 17 33
253 35 36
253 35 36
253 48 23
254 24 19
254 24 19
254 28 27
254 28 27
255 28 24
255 28 38
255 38 24
255 40 21
255 40 21
255 42 43
255 42 43
255 51 28
255 51 45
255 51 48
256 17 51
256 17 51
256 40 20
256 40 20
257 27 20
257 27 47
257 27 31
257 41 19
257 41 19
257 51 37
257 51 37
258 32 25
258 32 25
258 44 24
258 44 24
259 19 21
259 19 33
259 20 47
259 20 47
259 21 33
259 47 38
259 47 38
260 23 24
260 23 24
260 30 34
260 30 51
260 30 47
260 48 52
260 48 52
260 48 33
260 48 33
261 21 50
261 21 50
261 48 24
261 48 24
262 20 52
262 20 52
262 39 51
262 39 51
263 27 24
263 27 24
263 34 40
263 34 22
263 34 51
263 42 33
263 42 33
264 36 49
264 36 49
264 38 48
264 38 48
265 16 53
265 16 53
265 28 21
265 28 44
265 28 46
265 36 39
265 36 39
265 41 45
265 41 45
266 20 17
266 20 17
266 53 28
266 53 28
267 20 52
267 20 52
267 27 16
267 27 16
268 36 26
268 36 26
268 42 52
268 42 28
268 42 23
268 51 17
268 51 17
269 33 54
269 33 54
269 37 43
269 37 43
269 44 20
269 44 20
270 19 20
270 19 53
270 19 30
270 26 40
270 26 40
270 49 17
270 49 17
271 32 51
271 32 51
271 47 26
271 47 26
272 23 51
272 23 47
272 24 33
272 24 33
272 25 55
272 25 55
272 51 47
272 52 22
272 52 22
273 30 49
273 30 49
273 54 38
273 54 38
274 44 51
274 44 51
274 50 42
274 50 42
275 26 27
275 26 27
275 38 36
275 38 36
276 46 47
276 46 47
276 46 28
276 46 28
277 17 39
277 17 39
277 33 53
277 33 53
277 54 31
277 54 37
277 54 35
278 33 32
278 33 32
278 50 32
278 50 32
279 28 41
279 28 41
279 34 19
279 34 19
280 17 56
280 17 56
280 19 30
280 19 38
280 26 51
280 26 51
280 30 38
280 43 35
280 43 35
281 22 52
281 22 52
281 30 56
281 30 56
281 46 27
281 46 39
281 46 23
282 25 28
282 25 28
282 41 47
282 41 47
282 51 57
282 51 57
283 47 43
283 47 43
283 52 44
283 52 44
283 58 21
283 58 51
283 58 39
284 22 24
284 22 24
284 48 35
284 48 35
285 29 34
285 29 34
285 52 22
285 52 22
286 31 49
286 31 49
286 43 56
286 43 56
287 53 47
287 53 47
287 55 26
287 55 26
288 17 43
288 17 43
288 23 48
288 23 48
289 21 28
289 21 28
289 30 34
289 30 34
290 44 28
290 44 28
290 44 42
290 44 42
291 17 33
291 17 33
291 17 42
291 17 42
291 33 59
291 33 59
292 26 60
292 26 60
292 26 52
292 26 52
292 30 34
292 30 34
293 24 57
293 24 57
293 55 23
293 55 23
294 38 45
294 38 45
294 42 61
294 42 61
294 59 31
294 59 31
295 31 51
295 31 51
295 37 19
295 37 19
295 48 62
295 48 62
296 26 48
296 26 48
296 59 39
296 59 39
297 24 55
297 24 55
297 62 58
297 62 58
298 57 46
298 57 46
298 58 59
298 58 59
299 34 39
299 34 39
299 39 19
299 39 19
300 32 61
300 32 61
300 57 55
300 57 55
301 34 24
301 34 24
301 42 44
301 42 44
301 49 16
301 49 26
301 49 22
302 26 24
302 26 24
302 60 38
302 60 38
302 63 25
302 63 49
302 63 16
303 42 29
303 42 29
303 60 34
303 60 34
304 43 59
304 43 59
304 57 31
304 57 31
305 48 36
305 48 36
305 61 62
305 61 62
306 30 24
306 30 24
306 42 29
306 42 29
307 42 32
307 42 32
307 50 58
307 50 58
308 25 26
308 25 26
308 34 31
308 34 31
308 64 31
308 64 51
308 64 17
309 29 47
309 29 47
309 45 24
309 45 24
309 54 17
309 54 53
309 54 43
310 20 43
310 20 43
310 39 65
310 39 65
310 57 19
310 57 19
311 57 63
311 57 63
311 62 51
311 62 51
311 66 62
311 66 22
311 66 34
312 38 24
312 38 24
312 43 65
312 43 65
313 48 37
313 48 37
313 55 54
313 55 54
313 58 43
313 58 41
313 58 30
314 51 21
314 51 21
314 53 57
314 53 57
315 31 54
315 31 54
315 31 35
315 31 35
316 34 36
316 38 36
316 38 34
316 40 24
316 40 24
316 50 17
316 50 17
316 64 67
316 64 67
317 37 39
317 37 39
317 40 41
317 40 41
317 53 68
317 53 68
317 69 25
317 69 51
317 69 28
318 26 70
318 26 70
318 26 69
318 26 69
318 49 65
318 49 65
319 47 34
319 47 34
319 55 40
319 55 40
320 29 47
320 29 47
320 56 43
320 56 43
320 58 29
320 58 36
320 58 54
321 22 62
321 22 58
321 22 45
321 29 49
321 29 49
321 35 32
321 35 32
322 36 67
322 36 67
322 52 43
322 52 43
323 19 43
323 19 43
323 29 31
323 29 31
324 52 53
324 52 53
324 64 31
324 64 31
325 39 32
325 39 32
325 57 54
325 57 54
326 43 67
326 43 67
326 62 55
326 62 55
327 53 69
327 53 69
327 61 45
327 61 45
328 49 40
328 49 40
328 61 57
328 61 57
329 32 69
329 39 48
329 39 48
329 64 30
329 64 30
329 67 69
329 70 69
330 17 56
330 17 56
330 27 70
330 27 70
331 22 53
331 24 68
331 24 68
331 35 22
331 35 53
331 57 51
331 57 51
331 71 51
331 71 44
331 71 30
332 21 53
332 21 53
332 58 42
332 58 42
333 56 42
333 56 42
333 58 53
333 58 53
334 36 27
334 36 27
334 44 64
334 44 64
335 23 39
335 23 39
335 53 23
335 53 23
336 64 17
336 64 17
336 68 32
336 68 32
337 53 68
337 53 68
337 67 50
337 67 50
338 17 56
338 17 56
338 40 33
338 40 33
338 43 33
338 43 29
338 43 32
339 22 25
339 22 25
339 27 51
339 27 58
339 51 58
339 54 57
339 54 57
340 23 37
340 23 37
340 55 46
340 55 46
341 32 71
341 32 71
341 35 55
341 35 55
342 23 38
342 23 38
342 24 52
342 24 52
343 23 35
343 23 44
343 35 44
343 49 35
343 49 35
343 58 47
343 58 35
343 58 60
343 60 40
343 60 40
344 16 47
344 16 47
344 60 27
344 60 27
345 16 49
345 16 49
345 69 27
345 69 27
346 19 34
346 19 42
346 19 56
346 42 23
346 42 23
346 52 44
346 52 44
347 41 30
347 41 30
347 55 70
347 55 70
347 72 69
347 72 58
347 72 71
348 26 24
348 26 24
348 66 64
348 66 64
349 33 66
349 33 66
349 48 47
349 48 47
350 20 31
350 20 31
350 24 66
350 24 66
350 50 31
350 50 37
350 50 38
351 23 48
351 23 48
351 67 32
351 67 32
352 16 46
352 16 46
352 16 48
352 16 48
353 44 27
353 44 27
353 68 40
353 68 40
354 36 38
354 36 38
354 60 58
354 60 58
355 45 68
355 45 68
355 62 28
355 62 28
356 41 31
356 41 31
356 58 16
356 58 16
357 47 19
357 47 19
357 53 63
357 53 63
357 73 74
357 73 74
358 54 23
358 54 23
358 61 40
358 61 40
359 38 45
359 38 45
359 49 21
359 49 21
360 31 56
360 31 56
360 48 17
360 48 17
361 26 37
361 26 37
361 60 20
361 60 20
362 28 46
362 28 46
362 42 40
362 57 42
362 57 40
362 62 64
362 62 64
363 37 26
363 37 26
363 68 46
363 68 46
363 68 69
363 68 31
363 68 23
364 40 60
364 40 60
364 52 34
364 52 34
364 55 54
364 55 53
364 55 27
365 27 24
365 27 24
365 30 73
365 30 73
365 43 76
365 75 43
365 75 76
366 19 52
366 19 52
366 52 22
366 52 22
367 29 67
367 29 67
367 30 22
367 30 22
368 31 59
368 31 59
368 50 38
368 50 38
369 16 51
369 16 51
369 51 78
369 60 26
369 60 26
369 77 51
369 77 78
370 29 48
370 29 48
370 63 22
370 63 22
371 38 72
371 38 72
371 69 25
371 69 25
372 32 45
372 32 45
372 67 46
372 67 46
373 25 33
373 25 33
373 74 60
373 74 60
374 33 36
374 33 36
374 50 39
374 50 39
375 19 41
375 19 41
375 49 21
375 49 46
375 49 63
375 63 21
375 63 21
376 69 16
376 69 16
376 71 72
376 71 72
377 49 43
377 49 43
377 76 53
377 76 53
378 21 79
378 21 79
378 65 58
378 65 58
378 69 27
378 69 27
379 29 21
379 29 21
379 45 30
379 45 30
379 67 68
379 67 74
379 67 16
380 22 60
380 22 60
380 24 58
380 24 58
381 47 62
381 47 62
381 54 28
381 54 28
382 43 34
382 43 34
382 47 70
382 47 70
382 53 80
382 53 80
383 54 65
383 54 65
383 55 29
383 62 55
383 62 29
383 70 42
383 70 42
384 20 78
384 20 78
384 65 67
384 65 67
385 17 69
385 17 67
385 17 49
385 29 22
385 29 22
385 34 48
385 34 48
386 17 66
386 17 66
386 67 61
386 67 61
387 43 65
387 43 65
387 68 38
387 68 38
387 81 47
387 81 35
387 81 26
388 53 45
388 53 45
388 64 17
388 64 17
389 40 57
389 40 57
389 48 19
389 48 19
390 21 26
390 21 26
390 77 56
390 77 22
390 77 58
390 80 56
390 80 56
391 54 76
391 54 55
391 54 52
391 72 49
391 72 49
391 77 22
391 77 22
392 39 33
392 39 33
392 52 60
392 52 60
393 33 28
393 33 28
393 78 34
393 78 40
393 78 46
393 79 51
393 79 51
393 82 41
393 82 26
393 82 60
394 49 55
394 49 55
394 64 41
394 64 41
395 51 80
395 51 80
395 74 45
395 74 45
396 16 76
396 16 76
396 48 60
396 48 50
396 48 78
396 77 32
396 77 32
397 51 44
397 51 44
397 64 21
397 64 21
398 69 71
398 69 71
398 76 33
398 76 33
399 60 37
399 60 37
399 77 59
399 77 59
400 43 25
400 43 25
400 54 62
400 54 62
401 54 28
401 54 28
401 66 80
401 66 80
402 34 64
402 34 64
402 41 43
402 41 43
403 41 19
403 41 19
403 64 56
403 64 56
404 40 50
404 40 50
404 78 61
404 78 61
405 67 77
405 67 77
405 80 43
405 80 43
406 42 20
406 42 20
406 75 28
406 75 28
407 40 69
407 40 69
407 46 57
407 46 57
407 83 76
407 83 59
407 83 45
408 19 27
408 19 27
408 24 51
408 24 51
409 29 81
409 29 81
409 41 43
409 41 43
409 41 67
409 41 22
409 41 70
409 84 55
409 84 69
409 84 17
410 17 51
410 17 51
410 59 35
410 59 58
410 59 63
410 63 70
410 63 70
411 38 85
411 38 85
411 45 68
411 45 68
411 82 24
411 82 24
412 46 50
412 46 50
412 56 86
412 56 86
412 79 57
412 79 57
413 49 50
413 49 50
413 77 81
413 77 81
414 33 19
414 33 19
414 74 63
414 74 63
415 38 25
415 38 25
415 63 65
415 63 65
416 47 75
416 47 75
416 50 46
416 50 46
416 63 84
416 63 29
416 84 29
417 41 56
417 41 39
417 45 17
417 45 54
417 45 82
417 56 39
417 57 16
417 57 16
417 76 71
417 76 71
418 29 72
418 29 72
418 49 52
418 49 52
419 34 87
419 34 87
419 67 70
419 67 70
419 69 64
419 69 64
419 79 65
419 79 24
419 79 77
420 46 20
420 46 20
420 56 16
420 56 16
421 33 17
421 33 17
421 46 36
421 46 36
421 63 88
421 63 88
421 89 61
421 89 81
421 89 82
422 34 30
422 34 30
422 53 72
422 53 72
423 58 27
423 58 27
423 79 51
423 79 51
424 76 56
424 76 56
424 83 62
424 83 62
425 17 71
425 17 71
425 81 76
425 81 76
426 26 25
426 26 25
426 85 22
426 85 22
427 31 22
427 31 22
427 70 90
427 70 90
427 76 69
427 76 69
428 35 51
428 35 51
428 66 23
428 66 23
429 32 51
429 32 51
429 42 38
429 42 38
430 25 56
430 25 56
430 39 23
430 39 71
430 39 36
430 60 69
430 60 69
431 29 54
431 29 54
431 70 77
431 70 81
431 70 38
431 81 28
431 81 28
431 88 91
431 88 91
432 40 28
432 40 28
432 67 61
432 67 61
433 32 92
433 32 92
433 72 16
433 72 16
433 91 57
433 91 57
434 21 23
434 21 23
434 87 28
434 87 28
435 33 40
435 33 40
435 86 91
435 86 48
435 86 69
435 89 61
435 89 61
436 27 79
436 27 79
436 48 49
436 48 68
436 68 49
436 75 79
436 75 79
436 93 37
436 93 17
436 93 72
437 86 66
437 86 66
437 90 82
437 90 82
438 23 92
438 23 92
438 65 76
438 65 76
439 25 67
439 25 67
439 46 92
439 46 92
440 45 68
440 45 75
440 45 75
440 67 68
440 67 45
440 81 51
440 81 51
441 30 78
441 30 78
441 42 32
441 42 92
441 42 47
441 92 16
441 92 16
442 42 38
442 42 38
442 63 94
442 63 94
442 72 43
442 72 43
443 29 73
443 29 73
443 30 70
443 30 70
443 95 31
443 95 19
443 95 20
444 49 29
444 49 29
444 79 63
444 79 63
445 27 61
445 27 61
445 31 90
445 31 90
446 33 86
446 33 86
446 95 53
446 95 53
447 76 30
447 76 30
447 89 82
447 89 82
448 56 66
448 56 66
448 82 54
448 82 54
449 39 27
449 39 27
449 95 89
449 95 89
450 75 56
450 75 56
450 78 87
450 78 87
450 92 39
450 92 27
450 92 58
450 96 94
450 96 63
450 96 76
451 58 97
451 58 97
451 67 79
451 67 79
451 91 25
451 91 25
452 39 30
452 39 30
452 69 98
452 69 98
452 74 68
452 74 68
453 31 99
453 31 99
453 36 69
453 36 69
453 63 69
453 63 69
454 42 75
454 42 75
454 99 34
454 99 34
455 17 50
455 17 50
455 61 97
455 61 97
456 70 43
456 70 43
456 84 21
456 84 21
457 41 44
457 41 44
457 77 98
457 77 98
458 32 97
458 32 97
458 84 50
458 84 50
459 19 29
459 19 29
459 48 81
459 48 81
459 60 87
459 60 89
459 60 32
460 47 94
460 47 94
460 51 59
460 51 59
461 39 19
461 39 19
461 65 72
461 65 72
462 72 57
462 72 57
462 91 32
462 91 32
463 31 91
463 31 91
463 85 77
463 85 77
463 97 100
463 97 100
464 19 98
464 19 98
464 26 21
464 26 21
464 57 34
464 57 67
464 57 90
465 64 71
465 64 71
465 64 28
465 64 28
466 19 56
466 19 56
466 20 67
466 20 67
467 64 74
467 64 74
467 75 35
467 75 35
468 25 55
468 25 67
468 25 80
468 49 89
468 49 89
468 80 36
468 80 36
469 54 79
469 54 79
469 90 37
469 90 37
469 92 30
469 92 61
469 92 80
470 48 16
470 48 16
470 99 87
470 99 87
471 23 47
471 23 47
471 37 22
471 37 22
472 50 75
472 50 75
472 84 76
472 84 76
473 79 68
473 79 68
473 91 58
473 91 58
474 40 90
474 40 90
474 68 69
474 68 69
475 59 71
475 59 71
475 68 101
475 68 101
475 71 46
475 71 46
476 23 60
476 23 60
476 56 55
476 56 55
477 53 74
477 53 74
477 63 24
477 63 24
478 38 67
478 38 67
478 55 39
478 55 39
478 61 98
478 61 51
478 61 17
479 22 19
479 22 19
479 22 65
479 22 65
480 44 71
480 44 71
480 92 36
480 92 36
480 102 103
480 102 103
481 20 60
481 20 60
481 81 93
481 81 93
482 29 16
482 29 16
482 33 22
482 33 22
483 20 42
483 20 86
483 20 103
483 58 68
483 58 68
483 98 16
483 98 16
484 42 37
484 42 37
484 70 25
484 70 25
485 45 62
485 45 62
485 69 28
485 69 27
485 69 77
485 84 44
485 84 44
486 39 40
486 39 30
486 39 99
486 84 88
486 84 88
486 85 38
486 85 38
487 46 28
487 46 28
487 66 53
487 66 53
487 102 89
487 102 38
487 102 73
488 23 54
488 23 54
488 56 73
488 56 73
489 17 24
489 17 24
489 42 70
489 42 70
490 82 95
490 82 95
490 99 34
490 99 34
491 70 74
491 70 74
491 103 65
491 103 65
492 40 94
492 40 94
492 60 99
492 60 99
493 35 73
493 35 73
493 63 29
493 63 29
494 55 27
494 55 27
494 57 70
494 57 70
495 19 77
495 19 77
495 80 53
495 80 53
496 48 102
496 48 102
496 57 33
496 57 33
497 31 84
497 31 84
497 62 35
497 62 35
497 104 34
497 104 84
497 104 96
498 35 55
498 35 55
498 77 81
498 77 81
499 32 89
499 32 89
499 33 48
499 33 45
499 33 46
499 48 85
499 48 85
500 70 94
500 70 94
500 71 104
500 71 104
501 32 78
501 32 78
501 73 43
501 73 43
502 36 72
502 36 72
502 85 68
502 85 68
502 105 100
502 105 20
502 105 56
503 66 81
503 66 81
503 77 28
503 77 28
503 105 106
503 105 106
504 32 28
504 32 30
504 32 27
504 33 25
504 33 25
504 45 107
504 45 107
504 83 89
504 83 89
505 21 54
505 21 54
505 25 82
505 25 82
506 36 91
506 36 91
506 104 107
506 104 107
507 31 16
507 31 16
507 48 104
507 48 104
507 108 39
507 108 105
507 108 81
508 42 57
508 42 57
508 47 62
508 47 46
508 62 46
508 67 81
508 67 81
508 96 102
508 96 69
508 96 108
509 65 16
509 65 16
509 85 55
509 85 55
510 68 81
510 68 81
510 94 77
510 94 77
511 53 48
511 53 48
511 66 76
511 66 76
511 76 83
511 76 51
511 76 90
512 25 55
512 25 55
512 31 36
512 31 36
513 48 103
513 48 103
513 73 42
513 73 42
513 107 109
513 107 109
514 22 58
514 22 58
514 53 51
514 53 51
515 21 81
515 21 81
515 46 82
515 46 82
516 26 99
516 26 99
516 38 102
516 38 102
517 44 37
517 44 37
517 68 110
517 68 110
517 85 57
517 85 57
518 32 20
518 32 20
518 109 81
518 109 81
519 68 39
519 68 39
519 73 37
519 73 37
519 101 90
519 101 99
519 101 56
520 82 63
520 82 63
520 86 95
520 86 95
520 86 105
520 86 102
520 105 102
521 35 67
521 35 67
521 96 86
521 96 86
522 23 50
522 23 50
522 84 107
522 84 107
523 67 80
523 67 80
523 70 32
523 70 32
524 19 30
524 19 30
524 68 69
524 68 69
525 16 17
525 16 17
525 26 94
525 26 96
525 48 67
525 48 67
525 71 54
525 71 58
525 71 20
525 94 96
526 62 66
526 62 66
526 100 64
526 100 64
526 111 28
526 111 110
526 111 83
527 21 81
527 21 81
527 65 112
527 65 112
527 76 96
527 76 96
528 21 65
528 21 65
528 70 95
528 70 95
529 52 68
529 52 68
529 63 56
529 63 56
530 27 106
530 27 106
530 72 102
530 72 102
530 85 100
530 85 94
530 85 42
531 44 98
531 44 98
531 69 108
531 69 108
532 62 30
532 62 30
532 76 88
532 76 88
533 41 35
533 41 35
533 64 20
533 64 20
533 91 39
533 91 110
533 91 47
534 16 59
534 16 59
534 75 59
534 75 59
535 30 48
535 30 48
535 62 42
535 62 23
535 62 43
535 65 36
535 65 36
536 55 90
536 55 90
536 81 17
536 81 17
537 34 84
537 34 84
537 52 102
537 52 102
537 88 89
537 88 104
537 88 51
537 113 93
537 113 27
537 113 100
538 62 112
538 62 112
538 93 36
538 93 36
539 67 23
539 67 23
539 83 35
539 83 35
540 27 79
540 27 79
540 88 114
540 88 114
540 94 76
540 94 76
541 36 86
541 36 86
541 73 79
541 73 79
542 28 60
542 28 60
542 62 112
542 62 112
543 104 37
543 104 37
543 113 40
543 113 40
544 22 60
544 22 31
544 22 61
544 36 92
544 36 92
544 58 37
544 58 37
545 45 97
545 45 97
545 112 37
545 112 37
546 61 96
546 61 96
546 66 51
546 66 51
547 69 44
547 69 44
547 105 112
547 105 112
548 60 51
548 60 51
548 69 65
548 69 65
548 90 115
548 90 115
549 46 41
549 46 41
549 55 68
549 55 68
550 38 97
550 38 97
550 93 92
550 93 92
551 62 17
551 62 17
551 67 55
551 67 55
551 116 39
551 116 70
551 116 40
552 51 72
552 51 72
552 56 60
552 56 60
553 92 26
553 92 26
553 115 103
553 115 103
554 44 50
554 44 50
554 47 23
554 47 23
555 54 70
555 54 70
555 75 28
555 75 28
556 85 117
556 85 117
556 88 37
556 88 37
556 113 16
556 113 16
557 72 29
557 72 29
557 110 74
557 110 74
558 29 103
558 29 103
558 73 75
558 73 75
559 21 48
559 60 67
559 60 67
559 101 48
559 101 48
559 113 21
559 113 48
560 34 84
560 34 84
560 36 70
560 36 70
561 42 87
561 42 87
561 69 97
561 69 97
562 77 22
562 77 22
562 96 77
562 96 77
563 22 43
563 22 43
563 109 40
563 109 40
564 24 59
564 24 59
564 94 28
564 94 28
565 34 52
565 34 52
565 64 30
565 64 30
566 64 86
566 64 86
566 95 86
566 95 86
567 44 71
567 44 71
567 50 42
567 50 42
568 66 25
568 66 25
568 99 77
568 99 77
569 61 70
569 61 70
569 73 86
569 73 86
570 41 46
570 41 46
570 77 59
570 77 59
570 86 118
570 86 118
571 24 47
571 24 47
571 109 98
571 109 98
572 62 81
572 62 81
572 74 32
572 74 32
573 90 77
573 90 77
573 93 79
573 93 79
573 106 119
573 106 119
574 29 116
574 29 100
574 29 85
574 41 118
574 41 118
574 118 45
574 118 45
575 46 29
575 46 29
575 83 40
575 83 40
575 108 87
575 108 74
575 108 57
576 40 46
576 40 89
576 40 101
576 58 29
576 58 29
576 84 28
576 84 28
577 56 33
577 64 51
577 64 51
577 67 56
577 67 33
577 106 46
577 106 57
577 106 111
577 113 53
577 113 53
578 23 80
578 23 80
578 103 35
578 103 118
578 103 45
578 119 48
578 119 48
579 56 19
579 60 22
579 60 22
579 81 56
579 81 19
579 111 78
579 111 78
580 103 36
580 103 36
580 107 25
580 107 25
581 24 75
581 24 75
581 41 106
581 41 32
581 41 49
581 76 37
581 76 37
582 50 31
582 50 31
582 59 32
582 59 32
583 30 23
583 30 23
583 60 46
583 60 46
584 31 63
584 31 63
584 98 120
584 98 120
584 98 42
584 98 42
585 41 49
585 41 49
585 102 70
585 102 70
586 27 96
586 27 96
586 57 121
586 57 121
586 87 85
586 87 85
587 21 67
587 21 67
587 62 103
587 92 62
587 92 103
587 116 64
587 116 64
588 59 24
588 59 24
588 96 112
588 96 112
589 35 22
589 35 22
589 97 108
589 97 108
590 23 35
590 23 78
590 42 96
590 42 96
590 78 35
590 82 73
590 82 73
591 28 23
591 28 23
591 41 113
591 41 113
592 42 93
592 42 93
592 94 73
592 94 73
593 34 93
593 34 93
593 49 113
593 49 59
593 54 122
593 54 122
593 88 24
593 88 24
593 113 59
594 37 123
594 37 123
594 68 28
594 68 28
594 77 78
594 77 78
595 45 107
595 45 44
595 45 81
595 54 117
595 54 117
595 85 33
595 85 33
596 84 113
596 84 113
596 108 120
596 108 120
596 124 39
596 124 108
596 124 116
597 43 125
597 43 125
597 53 93
597 53 93
597 76 22
597 76 22
598 67 51
598 67 29
598 67 83
598 93 90
598 93 90
598 125 93
598 125 93
599 22 119
599 22 119
599 117 85
599 117 85
600 91 112
600 91 112
600 96 87
600 96 87
601 22 124
601 22 124
601 53 90
601 53 50
601 53 95
601 80 34
601 80 34
602 59 42
602 59 42
602 85 112
602 85 112
603 63 98
603 63 98
603 119 107
603 119 107
604 26 55
604 26 55
604 110 45
604 110 45
605 85 49
605 85 49
605 117 64
605 117 64
606 89 108
606 89 108
606 122 23
606 122 23
607 35 86
607 35 86
607 53 50
607 53 88
607 53 29
607 99 55
607 99 55
608 25 74
608 25 102
608 25 115
608 57 52
608 57 52
608 71 80
608 71 80
609 70 41
609 70 41
609 72 91
609 72 91
610 37 90
610 37 90
610 66 34
610 66 34
611 20 105
611 20 105
611 24 94
611 24 94
612 21 97
612 21 97
612 118 73
612 118 73
613 25 85
613 25 85
613 36 126
613 36 126
613 42 43
613 42 43
614 72 77
614 72 77
614 73 95
614 73 97
614 73 56
614 100 16
614 100 16
615 22 100
615 37 113
615 37 113
615 61 22
615 61 100
615 83 32
615 83 29
615 83 36
615 98 41
615 98 41
616 20 116
616 20 116
616 61 40
616 61 40
617 22 95
617 22 95
617 50 65
617 50 65
618 21 116
618 21 116
618 114 52
618 114 52
619 80 121
619 80 121
619 99 52
619 99 52
620 24 102
620 24 102
620 55 44
620 55 44
620 99 127
620 99 127
621 116 32
621 116 32
621 126 103
621 126 103
622 22 16
622 22 16
622 68 127
622 68 127
623 20 126
623 20 126
623 63 78
623 63 78
624 28 128
624 28 128
624 66 75
624 66 75
624 97 116
624 97 116
625 30 72
625 87 56
625 87 56
625 106 27
625 106 27
625 115 30
625 115 72
626 69 24
626 69 24
626 69 37
626 69 37
627 44 37
627 44 37
627 79 77
627 79 77
628 101 76
628 101 76
628 125 47
628 125 47
629 64 34
629 80 105
629 80 105
629 81 20
629 81 20
629 129 64
629 129 34
630 34 40
630 34 65
630 34 99
630 80 94
630 80 94
630 92 50
630 92 50
631 34 103
631 34 103
631 60 109
631 60 109
631 129 82
631 129 20
631 129 33
632 74 121
632 74 121
632 114 31
632 114 31
632 130 117
632 130 32
632 130 68
633 16 87
633 16 87
633 109 121
633 109 121
634 81 126
634 81 126
634 123 93
634 123 93
635 31 20
635 31 20
635 32 119
635 32 119
635 108 37
635 108 19
635 108 38
635 131 22
635 131 113
635 131 82
636 56 34
636 56 34
636 110 88
636 110 88
637 19 132
637 19 132
637 29 62
637 29 62
637 106 87
637 106 87
638 20 98
638 20 98
638 81 78
638 81 78
638 83 59
638 83 114
638 83 57
639 59 36
639 59 36
639 98 38
639 98 38
640 44 74
640 44 74
640 94 53
640 94 53
641 22 117
641 22 117
641 118 32
641 118 32
642 49 26
642 49 26
642 123 75
642 123 75
642 132 40
642 132 112
642 132 126
643 44 113
643 44 113
643 79 89
643 79 89
644 79 44
644 79 44
644 116 90
644 116 90
645 35 16
645 35 26
645 35 56
645 51 29
645 51 29
645 106 16
645 106 16
646 24 132
646 24 132
646 39 129
646 39 69
646 39 70
646 43 115
646 43 115
647 62 43
647 62 43
647 68 112
647 84 68
647 84 112
647 91 114
647 91 114
648 53 107
648 53 107
648 127 19
648 127 19
649 32 127
649 32 127
649 95 85
649 95 85
650 20 96
650 20 96
650 60 70
650 60 70
651 49 79
651 49 79
651 64 98
651 64 98
652 88 83
652 88 83
652 104 41
652 104 41
653 59 114
653 59 114
653 66 77
653 66 77
654 25 40
654 25 40
654 37 90
654 37 90
655 45 117
655 45 106
655 45 41
655 105 93
655 105 93
655 128 61
655 128 61
656 61 19
656 61 19
656 127 72
656 127 72
657 47 40
657 47 40
657 71 102
657 71 102
657 130 114
657 130 26
657 130 106
658 62 124
658 62 124
658 84 80
658 84 80
659 93 43
659 93 43
659 107 128
659 107 128
659 112 133
659 112 133
660 60 19
660 60 19
660 73 68
660 73 68
661 93 88
661 93 88
661 111 71
661 111 71
662 24 58
662 24 58
662 37 36
662 37 36
663 34 52
663 34 52
663 123 102
663 123 102
663 127 121
663 127 85
663 127 130
664 78 51
664 78 51
664 120 66
664 120 66
665 53 57
665 53 129
665 77 40
665 77 40
665 80 52
665 80 52
665 129 57
666 43 84
666 43 84
666 105 91
666 105 91
667 49 128
667 49 128
667 66 50
667 66 50
668 24 92
668 24 92
668 130 69
668 130 69
669 65 108
669 65 108
669 75 103
669 75 103
670 27 98
670 27 98
670 56 124
670 56 124
670 108 63
670 108 104
670 108 67
671 39 92
671 39 92
671 126 84
671 126 84
672 32 82
672 32 82
672 79 52
672 79 52
673 46 134
673 46 134
673 70 107
673 70 107
673 112 86
673 112 86
674 61 67
674 61 67
674 64 93
674 64 93
675 19 55
675 19 55
675 55 25
675 55 25
676 53 88
676 53 104
676 53 49
676 91 90
676 91 90
676 115 82
676 115 82
677 23 61
677 23 43
677 23 71
677 56 19
677 56 19
677 90 65
677 90 65
678 35 32
678 35 32
678 92 91
678 92 91
679 37 55
679 37 55
679 55 41
679 55 41
680 83 110
680 83 110
680 111 81
680 111 81
680 135 52
680 135 125
680 135 55
681 32 25
681 32 25
681 118 124
681 118 116
681 118 24
681 122 46
681 122 46
682 67 99
682 67 99
682 130 111
682 130 111
683 19 45
683 19 45
683 25 92
683 25 92
684 41 37
684 41 37
684 44 31
684 44 31
684 136 137
684 136 137
685 46 123
685 46 123
685 58 49
685 58 44
685 58 32
685 136 117
685 136 117
686 40 121
686 40 121
686 84 28
686 84 31
686 84 33
686 101 108
686 101 108
687 19 111
687 19 111
687 56 32
687 56 32
688 32 114
688 32 114
688 52 21
688 52 21
689 84 46
689 84 46
689 96 53
689 96 53
690 60 90
690 60 90
690 127 89
690 127 89
691 76 49
691 76 49
691 78 111
691 78 111
692 31 70
692 31 70
692 102 67
692 102 67
693 19 128
693 19 128
693 63 138
693 63 138
693 107 116
693 107 116
694 16 118
694 16 118
694 90 34
694 90 34
695 118 121
695 118 121
695 135 66
695 135 66
696 31 58
696 31 58
696 66 116
696 66 116
696 139 61
696 139 118
696 139 78
697 44 82
697 44 82
697 90 24
697 90 24
698 80 74
698 80 74
698 100 103
698 100 103
698 140 141
698 140 109
698 140 129
699 38 80
699 38 52
699 80 52
699 83 19
699 83 19
699 139 107
699 139 107
700 51 125
700 51 125
700 66 106
700 66 106
701 116 36
701 116 36
701 121 29
701 121 29
701 142 87
701 142 140
701 142 19
702 33 97
702 33 97
702 132 53
702 132 53
703 127 23
703 127 23
703 135 90
703 135 90
704 80 71
704 80 71
704 107 126
704 107 126
704 113 143
704 113 143
705 61 54
705 61 54
705 132 19
705 132 19
705 144 31
705 144 91
705 144 85
706 96 52
706 96 52
706 121 52
706 121 52
707 82 67
707 82 67
707 134 50
707 134 50
708 22 56
708 22 56
708 55 132
708 55 132
708 57 77
708 57 99
708 77 99
709 69 143
709 69 143
709 90 37
709 90 135
709 90 50
709 143 132
709 143 132
710 88 141
710 88 141
710 108 144
710 108 144
710 145 51
710 145 33
710 145 30
711 89 146
711 89 146
711 92 47
711 92 47
711 119 96
711 119 96
712 49 67
712 49 67
712 104 70
712 104 70
713 112 69
713 112 69
713 125 82
713 125 82
714 63 108
714 63 108
714 110 91
714 110 91
715 64 115
715 64 115
715 105 102
715 105 102
716 81 114
716 81 114
716 115 79
716 115 79
717 54 113
717 54 113
717 141 126
717 141 126
718 67 116
718 67 116
718 75 49
718 75 49
719 92 95
719 92 95
719 107 53
719 107 53
720 35 52
720 35 52
720 129 130
720 129 130
720 147 60
720 147 122
720 147 130
721 50 146
721 50 146
721 51 75
721 51 75
722 23 70
722 23 70
722 124 116
722 124 116
722 148 149
722 148 149
722 150 137
722 150 46
722 150 42
723 21 102
723 21 102
723 74 28
723 74 28
723 151 152
723 151 106
723 151 77
724 27 135
724 27 135
724 72 64
724 72 64
725 61 75
725 61 75
725 132 17
725 132 17
726 103 139
726 103 139
726 121 20
726 121 20
726 124 141
726 124 56
726 124 89
727 26 47
727 26 47
727 95 114
727 95 110
727 114 110
727 121 113
727 121 122
727 121 89
727 147 19
727 147 19
728 21 115
728 21 115
728 98 135
728 98 135
728 153 39
728 153 107
728 153 112
729 56 23
729 56 23
729 99 64
729 99 64
730 54 44
730 54 44
730 68 49
730 68 49
731 67 134
731 67 134
731 140 31
731 140 31
732 23 45
732 23 45
732 88 63
732 88 63
733 43 55
733 43 55
733 128 47
733 128 47
734 74 78
734 74 78
734 128 39
734 128 39
735 35 91
735 35 91
735 36 79
735 48 66
735 48 66
735 139 36
735 139 79
736 41 32
736 41 32
736 79 94
736 79 94
736 126 104
736 126 31
736 126 72
737 55 54
737 55 135
737 55 93
737 70 120
737 70 120
737 145 82
737 145 82
738 68 139
738 68 139
738 152 51
738 152 51
739 26 89
739 26 89
739 39 82
739 39 80
739 39 118
739 60 146
739 77 60
739 77 146
739 98 87
739 98 87
740 75 118
740 75 110
740 88 56
740 88 56
740 118 110
740 131 31
740 131 31
741 53 133
741 53 133
741 53 117
741 53 117
742 23 77
742 23 77
742 151 128
742 151 128
743 31 69
743 31 69
743 90 44
743 90 44
744 66 115
744 66 115
744 97 42
744 97 42
745 131 30
745 131 30
745 137 106
745 137 106
746 74 121
746 74 121
746 129 145
746 129 145
747 97 34
747 97 34
747 97 122
747 97 84
747 97 111
747 149 64
747 149 64
748 27 116
748 27 116
748 41 135
748 41 135
748 60 19
748 60 115
748 60 112
749 61 139
749 61 139
749 127 47
749 127 47
750 83 113
750 83 113
750 109 150
750 109 150
751 28 154
751 28 154
751 54 151
751 54 151
751 140 91
751 140 91
752 19 91
752 19 91
752 31 154
752 31 21
752 31 93
752 149 67
752 149 67
753 40 52
753 40 52
753 54 129
753 54 129
754 61 93
754 61 93
754 73 29
754 73 29
754 136 155
754 136 155
755 19 124
755 19 124
755 32 74
755 32 74
756 76 135
756 76 135
756 94 146
756 94 146
757 62 38
757 62 38
757 155 92
757 155 92
758 70 37
758 70 37
758 116 60
758 116 60
758 142 118
758 142 62
758 142 73
759 24 92
759 24 92
759 36 58
759 36 58
760 101 63
760 101 63
760 121 90
760 121 90
760 156 59
760 156 121
760 156 61
761 49 117
761 49 117
761 70 33
761 70 33
761 80 109
761 80 81
761 109 81
762 28 93
762 28 93
762 154 141
762 154 141
763 66 57
763 66 57
763 131 56
763 131 56
764 75 76
764 75 76
764 109 65
764 109 65
764 157 20
764 157 130
764 157 87
765 43 77
765 43 77
765 88 56
765 88 86
765 88 41
765 123 137
765 123 137
766 105 154
766 105 154
766 115 154
766 115 154
767 36 72
767 36 72
767 140 28
767 140 28
768 37 56
768 37 56
768 113 151
768 113 35
768 113 152
768 126 93
768 126 93
769 82 107
769 82 107
769 138 158
769 138 158
769 142 103
769 142 103
769 159 38
769 159 63
769 159 44
770 38 59
770 38 59
770 58 92
770 58 92
771 70 142
771 70 142
771 109 157
771 109 157
771 160 118
771 160 143
771 160 154
772 49 23
772 49 23
772 116 133
772 116 133
773 24 119
773 113 24
773 113 119
773 116 123
773 116 123
773 130 129
773 130 129
774 89 38
774 89 38
774 115 120
774 115 120
775 33 146
775 33 146
775 105 108
775 105 108
776 87 136
776 97 82
776 97 82
776 133 87
776 133 136
776 160 92
776 160 92
777 76 34
777 76 34
777 89 71
777 89 71
778 67 116
778 67 140
778 67 78
778 129 125
778 129 125
778 160 97
778 160 97
779 55 128
779 55 128
779 139 50
779 139 50
780 110 72
780 110 72
780 144 94
780 144 94
781 54 56
781 54 56
781 77 103
781 77 103
782 64 84
782 64 84
782 80 146
782 80 146
783 45 161
783 93 35
783 93 35
783 120 161
783 144 161
783 148 129
783 148 129
784 23 91
784 23 91
784 130 149
784 130 149
785 54 89
785 54 89
785 70 162
785 70 162
785 132 150
785 132 150
785 163 45
785 163 136
785 163 100
786 41 82
786 41 82
786 94 147
786 94 147
787 96 46
787 96 46
787 143 76
787 143 76
788 90 36
788 90 36
788 161 33
788 161 33
789 65 69
789 65 69
789 159 132
789 159 132
790 57 26
790 57 26
790 93 92
790 93 92
790 109 131
790 109 59
790 109 24
791 37 107
791 37 107
791 57 138
791 57 138
791 164 155
791 164 40
791 164 115
792 58 117
792 58 117
792 114 31
792 114 31
793 30 110
793 30 110
793 81 20
793 81 20
794 25 95
794 25 95
794 48 143
794 48 30
794 143 30
794 162 62
794 162 62
795 21 67
795 21 67
795 100 56
795 100 56
796 59 111
796 59 111
796 118 70
796 118 70
797 32 161
797 32 161
797 149 26
797 149 26
798 58 81
798 58 81
798 78 135
798 78 135
798 121 73
798 121 137
798 121 65
798 165 68
798 165 59
798 165 43
799 75 89
799 75 99
799 75 159
799 103 84
799 103 84
799 120 165
799 120 165
800 126 86
800 126 86
800 148 109
800 148 109
801 27 21
801 27 21
801 162 84
801 162 84
802 65 38
802 65 77
802 65 134
802 100 146
802 100 146
802 105 120
802 105 120
803 127 110
803 127 110
803 151 48
803 151 48
804 19 31
804 19 31
804 103 120
804 103 120
804 166 167
804 166 88
804 166 120
805 46 159
805 46 159
805 163 137
805 163 137
806 32 74
806 32 74
806 159 78
806 159 78
807 65 16
807 65 16
807 131 37
807 131 36
807 131 163
807 139 106
807 139 106
808 26 158
808 26 158
808 60 90
808 60 90
808 91 30
808 91 137
808 91 19
809 36 79
809 36 79
809 36 85
809 36 85
810 35 87
810 35 87
810 80 33
810 80 33
811 125 143
811 125 143
811 157 41
811 157 41
812 26 163
812 26 163
812 72 98
812 72 98
813 45 66
813 54 122
813 54 122
813 81 41
813 81 41
813 108 66
813 136 66
814 86 61
814 86 61
814 91 78
814 91 161
814 91 122
814 115 157
814 115 157
815 64 165
815 64 165
815 136 23
815 136 23
816 27 104
816 27 104
816 167 22
816 167 22
817 46 22
817 46 22
817 70 48
817 70 48
818 141 151
818 141 151
818 162 122
818 162 122
819 72 53
819 72 53
819 104 102
819 104 102
820 130 117
820 130 117
820 134 30
820 134 30
821 57 52
821 57 52
821 60 152
821 60 152
822 17 123
822 17 123
822 147 90
822 147 90
823 61 121
823 61 121
823 166 134
823 166 134
824 22 111
824 22 116
824 22 112
824 78 96
824 78 96
824 92 136
824 92 136
825 30 118
825 30 118
825 59 95
825 59 95
826 65 39
826 65 39
826 144 102
826 144 102
827 28 106
827 28 106
827 37 24
827 37 24
828 33 144
828 33 144
828 97 128
828 97 128
829 90 124
829 90 124
829 144 30
829 144 30
830 69 33
830 69 33
830 142 75
830 142 75
831 57 23
831 57 23
831 78 94
831 78 94
832 32 129
832 32 129
832 39 22
832 39 22
832 79 86
832 79 81
832 79 99
833 17 24
833 17 24
833 165 119
833 165 119
834 34 80
834 34 80
834 82 16
834 82 16
835 30 168
835 30 168
835 122 165
835 122 165
835 165 53
835 165 53
836 142 77
836 142 77
836 164 111
836 164 111
837 75 39
837 75 39
837 99 158
837 99 158
838 108 46
838 108 46
838 129 55
838 129 55
838 152 26
838 152 153
838 152 81
839 101 143
839 101 143
839 106 105
839 106 105
840 22 148
840 22 148
840 63 106
840 63 106
841 56 151
841 56 151
841 155 35
841 155 35
842 55 79
842 55 79
842 66 17
842 66 17
842 94 55
842 94 149
842 94 90
843 28 150
843 28 150
843 54 116
843 54 116
844 22 104
844 22 104
844 138 155
844 138 155
845 45 137
845 45 137
845 77 116
845 77 116
846 73 88
846 73 88
846 106 84
846 106 84
847 37 38
847 37 62
847 62 38
847 75 92
847 75 92
847 107 143
847 107 143
848 51 87
848 51 61
848 51 33
848 69 147
848 69 147
848 156 54
848 156 54
849 33 39
849 33 39
849 61 46
849 61 46
850 49 93
850 49 93
850 72 86
850 72 133
850 74 126
850 74 146
850 74 61
850 86 133
850 160 96
850 160 96
851 114 120
851 114 120
851 122 162
851 122 162
851 169 170
851 169 144
851 169 109
852 48 102
852 48 102
852 136 156
852 136 156
853 40 107
853 40 107
853 164 91
853 164 91
854 60 135
854 60 135
854 65 62
854 65 62
855 31 87
855 31 87
855 70 148
855 70 148
856 56 123
856 56 123
856 59 167
856 59 82
856 59 37
856 154 39
856 154 39
856 171 103
856 171 117
856 171 160
857 39 97
857 39 97
857 41 38
857 41 38
858 45 67
858 47 67
858 96 67
858 111 104
858 111 144
858 111 23
858 137 127
858 137 127
858 155 134
858 155 134
859 44 135
859 44 124
859 44 47
859 118 170
859 118 170
859 122 74
859 122 74
860 91 109
860 91 83
860 109 83
860 133 87
860 133 87
860 156 102
860 156 102
861 28 66
861 28 66
861 101 114
861 101 114
862 132 148
862 132 148
862 146 105
862 146 105
862 155 17
862 155 27
862 155 22
863 130 51
863 130 51
863 132 140
863 132 140
864 114 20
864 114 20
864 154 52
864 154 52
865 16 173
865 17 159
865 17 159
865 88 157
865 88 157
865 172 16
865 172 173
866 54 148
866 54 148
866 133 42
866 133 42
866 174 170
866 174 115
866 174 152
867 141 113
867 144 53
867 144 53
867 153 19
867 153 19
867 168 141
867 168 113
868 31 172
868 31 172
868 37 88
868 37 88
869 42 56
869 42 56
869 43 110
869 43 83
869 43 163
869 115 169
869 115 169
870 44 120
870 44 120
870 155 32
870 155 32
871 28 19
871 28 19
871 159 165
871 159 165
872 38 145
872 38 100
872 38 26
872 125 25
872 125 25
872 126 123
872 126 123
873 21 150
873 21 150
873 138 60
873 138 60
874 27 33
874 27 33
874 69 146
874 69 146
875 54 66
875 54 174
875 54 112
875 99 161
875 99 161
875 160 73
875 160 73
876 62 122
876 62 122
876 94 111
876 94 111
876 175 103
876 175 158
876 175 167
877 25 107
877 25 107
877 67 51
877 67 51
878 144 159
878 144 159
878 165 62
878 165 62
879 96 17
879 97 65
879 97 65
879 132 17
879 132 96
879 151 129
879 151 129
880 86 116
880 86 116
880 91 123
880 91 123
881 45 76
881 45 76
881 146 59
881 146 59
882 51 76
882 51 76
882 86 127
882 86 127
882 176 101
882 176 40
882 176 76
883 115 113
883 115 113
883 171 155
883 171 155
884 97 32
884 97 32
884 126 47
884 126 47
885 74 107
885 74 107
885 99 98
885 99 100
885 99 26
885 146 76
885 146 76
886 77 37
886 77 37
886 132 19
886 132 19
887 21 105
887 21 105
887 152 149
887 152 149
888 91 158
888 91 158
888 100 141
888 100 141
889 61 37
889 61 37
889 63 117
889 63 117
890 105 165
890 105 165
890 142 94
890 142 94
891 78 51
891 78 51
891 138 38
891 138 38
892 91 59
892 91 59
892 93 25
892 93 25
893 33 177
893 33 177
893 114 25
893 114 25
893 141 121
893 141 121
894 64 171
894 64 108
894 64 82
894 124 23
894 124 23
894 167 67
894 167 67
895 27 85
895 27 85
895 78 36
895 78 36
896 118 174
896 118 174
896 123 28
896 123 28
897 79 90
897 79 90
897 87 71
897 87 71
898 35 106
898 35 106
898 104 63
898 104 63
899 135 153
899 135 153
899 136 164
899 136 164
900 46 104
900 46 104
900 167 163
900 167 163
901 55 141
901 55 141
901 89 64
901 89 64
901 178 88
901 178 19
901 178 104
902 26 135
902 26 135
902 175 136
902 175 136
903 40 68
903 40 68
903 114 161
903 114 161
903 157 179
903 157 179
904 54 180
904 54 180
904 104 129
904 104 129
904 144 102
904 144 102
905 35 114
905 35 166
905 59 155
905 59 155
905 89 51
905 89 51
905 114 166
905 137 181
905 137 181
906 33 138
906 33 138
906 66 88
906 66 88
907 22 42
907 22 42
907 92 45
907 92 118
907 92 131
907 109 84
907 109 84
908 42 109
908 42 109
908 175 27
908 175 27
909 40 153
909 40 153
909 132 120
909 132 120
910 78 36
910 78 36
910 109 50
910 109 50
911 78 182
911 78 182
911 147 125
911 147 125
911 165 149
911 165 149
912 109 163
912 109 163
912 152 56
912 152 56
913 40 62
913 40 55
913 40 173
913 81 180
913 81 180
913 171 31
913 171 31
914 72 65
914 72 65
914 132 67
914 132 67
914 155 97
914 183 155
914 183 97
915 128 57
915 128 57
915 171 71
915 171 71
916 59 79
916 59 79
916 96 16
916 96 95
916 96 88
916 147 168
916 147 168
916 184 185
916 184 176
916 184 131
917 41 159
917 41 159
917 138 92
917 138 92
918 93 73
918 93 73
918 98 126
918 98 126
919 40 186
919 40 186
919 117 28
919 117 28
919 151 86
919 151 86
920 78 20
920 78 59
920 78 165
920 147 187
920 147 187
920 154 163
920 154 163
920 179 24
920 179 24
921 114 112
921 114 112
921 172 132
921 172 132
922 66 98
922 66 98
922 148 83
922 148 83
923 27 141
923 27 141
923 66 47
923 66 16
923 66 127
923 104 39
923 104 39
924 22 46
924 22 46
924 140 76
924 140 76
924 161 106
924 161 139
924 161 68
925 84 151
925 84 151
925 137 177
925 137 177
926 49 40
926 49 80
926 49 66
926 120 113
926 120 113
926 179 135
926 179 135
927 70 117
927 70 117
927 187 108
927 187 108
928 16 72
928 16 72
928 135 107
928 135 107
929 69 145
929 69 145
929 121 138
929 121 138
929 162 36
929 162 87
929 162 148
930 98 167
930 98 167
930 183 82
930 183 82
931 78 148
931 78 148
931 116 188
931 116 188
931 149 78
931 149 78
932 77 34
932 77 34
932 133 146
932 133 146
933 56 50
933 56 50
933 137 187
933 137 187
934 16 47
934 16 47
934 61 113
934 90 61
934 90 113
934 119 121
934 119 121
935 66 150
935 66 150
935 121 86
935 121 86
936 30 17
936 30 17
936 125 162
936 125 162
937 119 162
937 119 154
937 119 88
937 121 130
937 121 130
937 128 176
937 128 176
938 49 78
938 49 78
938 149 157
938 149 157
939 60 95
939 60 95
939 180 187
939 180 187
940 26 163
940 26 71
940 26 170
940 72 83
940 72 83
940 179 135
940 179 135
941 29 142
941 29 142
941 112 55
941 112 55
942 53 24
942 53 24
942 89 189
942 89 189
942 98 116
942 98 116
943 28 63
943 28 63
943 86 190
943 86 190
943 140 70
943 140 70
944 52 106
944 52 106
944 112 160
944 112 172
944 133 44
944 133 44
944 156 172
944 156 47
944 156 45
944 160 172
945 66 143
945 66 143
945 184 121
945 184 121
946 24 159
946 24 159
946 70 191
946 70 191
946 90 60
946 90 46
946 90 99
946 163 190
946 163 190
947 56 167
947 56 167
947 92 192
947 92 192
947 170 45
947 170 45
948 27 36
948 27 36
948 70 186
948 70 186
948 145 132
948 145 135
948 145 36
949 47 60
949 47 60
949 104 143
949 104 143
950 87 139
950 87 139
950 92 174
950 92 174
951 126 148
951 126 148
951 128 146
951 128 146
952 67 57
952 67 57
952 131 165
952 131 166
952 156 87
952 156 87
952 165 166
952 193 161
952 193 109
952 193 116
953 16 118
953 16 118
953 56 80
953 56 47
953 80 47
953 106 194
953 106 194
953 158 100
953 158 100
954 34 64
954 34 64
954 151 19
954 151 19
955 46 71
955 46 71
955 57 39
955 57 39
956 57 108
956 57 108
956 120 79
956 120 79
957 94 63
957 94 63
957 153 81
957 153 81
958 128 90
958 128 90
958 153 179
958 153 179
958 195 134
958 195 168
958 195 56
959 37 92
959 37 177
959 37 104
959 82 71
959 82 71
959 124 79
959 124 79
960 84 103
960 84 103
960 154 16
960 154 16
961 16 173
961 16 173
961 17 135
961 17 135
961 146 131
961 146 115
961 146 91
962 72 91
962 72 91
962 83 109
962 83 109
963 48 75
963 48 75
963 112 168
963 112 168
963 150 146
963 150 40
963 150 31
964 30 51
964 30 51
964 157 61
964 157 61
965 27 108
965 27 108
965 180 123
965 180 123
966 55 83
966 55 83
966 116 103
966 116 103
967 87 38
967 87 38
967 94 117
967 94 99
967 106 182
967 106 182
967 117 99
967 125 196
967 125 196
968 66 32
968 66 32
968 91 29
968 91 29
969 25 116
969 25 116
969 25 145
969 25 145
970 113 127
970 113 108
970 127 108
970 161 39
970 161 39
970 189 22
970 189 22
971 22 154
971 22 154
971 66 119
971 66 119
971 197 133
971 197 41
971 197 36
972 35 104
972 35 104
972 135 194
972 135 194
972 139 28
972 139 47
972 139 59
973 88 133
973 88 133
973 129 172
973 129 172
973 155 188
973 155 37
973 155 21
974 122 38
974 122 38
974 127 37
974 127 37
975 30 86
975 30 57
975 32 100
975 32 100
975 74 196
975 74 196
975 86 57
976 73 94
976 73 94
976 76 190
976 76 190
977 37 45
977 37 45
977 51 71
977 51 71
977 125 198
977 125 198
978 123 101
978 123 101
978 131 188
978 131 188
979 45 199
979 45 199
979 48 26
979 48 26
979 133 121
979 133 121
980 53 160
980 53 160
980 61 51
980 61 59
980 61 173
980 147 56
980 147 56
981 30 166
981 30 166
981 75 20
981 75 20
982 81 112
982 81 112
982 198 105
982 198 105
983 40 77
983 40 77
983 146 101
983 146 101
984 151 166
984 151 166
984 197 49
984 197 49
985 46 200
985 46 200
985 77 54
985 77 54
985 150 43
985 150 43
986 72 169
986 72 169
986 135 72
986 135 72
986 201 31
986 201 30
986 201 145
987 19 141
987 19 141
987 23 202
987 23 202
987 129 66
987 129 66
988 117 42
988 117 42
988 123 141
988 123 141
988 181 189
988 181 85
988 181 185
989 119 72
989 119 72
989 124 156
989 124 156
990 35 109
990 35 196
990 35 173
990 118 153
990 118 153
990 199 181
990 199 181
991 124 39
991 124 39
991 126 134
991 126 134
992 24 26
992 24 26
992 91 150
992 91 150
993 46 203
993 46 203
993 74 65
993 74 65
993 74 58
993 74 58
994 70 136
994 70 136
994 138 98
994 138 98
994 204 150
994 204 29
994 204 78
995 23 138
995 23 138
995 126 174
995 126 174
995 163 87
995 163 46
995 163 195
996 23 64
996 23 64
996 204 81
996 204 81
996 205 72
996 205 49
996 205 179
997 32 80
997 32 80
997 124 162
997 124 162
998 88 116
998 88 116
998 140 33
998 140 33
999 37 149
999 37 149
999 140 201
999 140 111
999 140 119
999 173 113
999 173 113
1000 89 95
1000 89 95
1000 92 206
1000 92 206
1000 188 143
1000 188 143
1001 32 42
1001 32 42
1001 163 47
1001 163 47
1002 199 128
1002 199 128
1002 205 36
1002 205 36
1003 53 127
1003 53 127
1003 185 98
1003 185 98
1004 20 61
1004 20 61
1004 37 29
1004 37 29
1005 50 190
1005 50 190
1005 59 178
1005 59 178
1005 150 126
1005 150 160
1005 150 48
1005 194 208
1005 207 194
1005 207 208
1006 26 139
1006 26 139
1006 62 209
1006 62 209
1006 196 176
1006 196 176
1007 34 210
1007 34 210
1007 58 127
1007 58 127
1007 88 140
1007 88 140
1007 167 88
1007 167 147
1007 167 165
1007 211 212
1007 211 64
1007 211 110
1008 42 72
1008 42 72
1008 70 172
1008 70 172
1008 81 174
1008 81 147
1008 81 186
1009 43 159
1009 43 159
1009 165 33
1009 165 33
1010 49 117
1010 49 117
1010 129 99
1010 129 99
1011 90 139
1011 90 139
1011 97 160
1011 97 160
1011 166 54
1011 166 168
1011 166 164
1011 213 119
1011 213 140
1011 213 41
1012 79 25
1012 79 25
1012 85 39
1012 85 39
1013 45 78
1013 45 78
1013 122 24
1013 122 24
1014 21 77
1014 21 77
1014 84 157
1014 84 157
1015 114 137
1015 114 157
1015 114 187
1015 162 131
1015 162 131
1015 179 165
1015 179 165
1016 79 122
1016 79 122
1016 154 87
1016 154 87
1016 180 212
1016 180 25
1016 180 105
1017 80 177
1017 80 177
1017 141 91
1017 141 91
1018 143 135
1018 143 135
1018 150 181
1018 150 181
1019 47 74
1019 47 74
1019 194 205
1019 194 205
1020 101 98
1020 101 98
1020 148 156
1020 148 156
1021 39 20
1021 39 197
1021 39 58
1021 182 92
1021 182 92
1021 190 40
1021 190 40
1022 22 40
1022 22 40
1022 177 115
1022 177 115
1023 29 190
1023 29 190
1023 95 94
1023 95 94
1024 112 148
1024 112 148
1024 133 104
1024 133 104
1025 47 135
1025 47 135
1025 107 53
1025 109 107
1025 109 53
1025 163 104
1025 163 104
1026 74 68
1026 74 68
1026 212 213
1026 212 213
1027 52 131
1027 52 131
1027 195 129
1027 195 129
1027 214 156
1027 214 81
1027 214 201
1028 136 145
1028 136 145
1028 206 95
1028 206 95
1029 120 194
1029 120 194
1029 183 80
1029 183 80
1030 56 82
1030 56 82
1030 121 135
1030 121 135
1030 156 74
1030 156 51
1030 156 23
1031 91 37
1031 91 37
1031 203 121
1031 203 121
1032 49 54
1032 49 54
1032 62 201
1032 62 201
1033 76 114
1033 76 114
1033 96 54
1033 96 54
1034 32 52
1034 32 52
1034 39 115
1034 39 61
1034 39 156
1034 75 154
1034 75 154
1035 33 128
1035 33 128
1035 87 54
1035 87 54
1035 215 187
1035 215 148
1035 215 155
1036 41 100
1036 41 100
1036 161 109
1036 161 109
1037 130 115
1037 130 115
1037 171 30
1037 171 30
1038 85 208
1038 85 208
1038 182 157
1038 182 157
1039 29 37
1039 29 37
1039 77 136
1039 77 136
1040 44 142
1040 44 151
1040 44 157
1040 83 75
1040 83 75
1040 90 98
1040 90 98
1041 113 193
1041 113 193
1041 120 164
1041 120 164
1042 173 109
1042 173 109
1042 183 89
1042 183 89
1043 32 85
1043 32 85
1043 115 90
1043 115 90
1044 72 109
1044 72 109
1044 116 177
1044 116 177
1045 148 204
1045 148 204
1045 179 152
1045 179 152
1046 35 43
1046 35 43
1046 106 216
1046 106 216
1046 185 95
1046 185 95
1047 84 207
1047 84 207
1047 205 217
1047 205 217
1047 214 101
1047 214 101
1048 38 42
1048 38 42
1048 79 159
1048 79 213
1048 79 101
1048 169 92
1048 169 92
1049 38 165
1049 38 165
1049 198 152
1049 198 152
1050 206 17
1050 206 17
1050 209 85
1050 209 85
1051 42 126
1051 42 126
1051 166 100
1051 166 100
1052 59 54
1052 59 54
1052 94 50
1052 94 50
1053 23 27
1053 23 27
1053 33 89
1053 33 199
1053 33 213
1053 121 186
1053 121 186
1054 38 40
1054 38 208
1054 38 182
1054 139 42
1054 139 42
1054 199 153
1054 199 153
1054 206 218
1054 206 218
1055 127 219
1055 127 219
1055 180 99
1055 180 99
1055 185 130
1055 185 130
1056 55 53
1056 55 219
1056 55 163
1056 117 210
1056 117 210
1056 157 216
1056 157 216
1056 220 130
1056 220 89
1056 220 131
1057 29 191
1057 29 191
1057 219 155
1057 219 155
1058 63 184
1058 63 184
1058 144 24
1058 163 209
1058 163 209
1058 192 144
1058 192 24
1059 129 86
1059 129 86
1059 134 150
1059 134 150
1060 95 197
1060 95 197
1060 153 19
1060 153 19
1061 34 35
1061 34 35
1061 185 39
1061 185 39
1062 24 114
1062 24 114
1062 32 99
1062 32 99
1063 152 109
1063 152 109
1063 183 205
1063 183 205
1064 72 106
1064 72 106
1064 132 180
1064 132 180
