0 14 30
0 14 21
300 14 21
300 30 65
300 64 74
600 14 21
900 14 20
1200 14 21
1200 21 64
1500 21 64
1500 61 64
1800 21 64
2100 35 37
2400 21 33
2400 37 46
2700 40 45
2700 40 48
2700 45 54
3000 5 18
3000 18 48
3000 54 63
3300 5 70
3300 18 70
3300 39 70
3300 40 48
3300 40 70
3300 48 70
3600 5 72
3600 5 54
3600 5 70
3600 18 70
3600 20 56
3600 34 63
3600 39 70
3600 40 70
3600 48 70
3600 54 70
3600 63 70
3900 13 21
3900 21 39
4200 5 54
4200 63 70
4500 5 54
4500 12 19
4500 17 20
4500 19 48
4500 20 54
4500 20 21
4800 5 54
4800 17 20
4800 20 54
4800 20 52
4800 52 69
4800 52 54
5100 50 72
5400 8 19
5400 13 19
5400 17 20
5400 19 20
5400 20 54
5700 13 19
5700 19 36
5700 36 63
6000 3 5
6000 5 67
6000 19 36
6300 3 5
6300 5 67
6300 8 67
6300 19 36
6600 3 5
6600 8 19
6600 19 20
6600 20 54
6900 50 63
7200 5 32
7200 8 13
7200 13 47
7500 8 13
7500 8 20
7500 8 74
7500 13 20
7500 13 74
7500 19 20
7500 20 31
7500 20 44
7500 20 71
7500 44 74
7500 44 72
7500 44 71
7500 71 72
7800 2 74
7800 2 30
7800 8 74
7800 20 30
7800 30 61
7800 44 74
7800 44 72
7800 44 71
7800 61 72
7800 61 71
8100 2 62
8100 17 62
8100 20 30
8100 71 72
8400 8 74
8400 17 62
8400 20 30
8400 32 62
8400 55 62
8400 59 74
8700 11 31
8700 11 68
8700 55 62
9000 11 68
9000 19 70
9300 55 62
9600 12 31
9600 12 62
9600 12 71
9900 12 62
9900 12 31
9900 25 31
10200 12 62
10200 18 62
10500 31 36
10800 7 14
10800 12 31
10800 14 24
10800 31 52
10800 31 61
11100 14 24
11100 18 71
11100 18 19
11100 19 30
11400 14 24
11400 18 62
11400 18 19
11400 18 72
11400 24 42
11400 24 62
11700 14 24
11700 21 48
11700 21 63
12000 14 24
12000 17 68
12000 18 62
12000 21 48
12000 36 45
12000 45 68
12300 5 24
12300 12 31
12300 17 68
12300 17 24
12300 18 62
12300 21 48
12600 12 31
12600 12 18
12600 17 36
12600 21 48
12900 12 31
12900 12 63
12900 12 21
12900 17 36
12900 21 48
12900 21 36
13200 5 12
13200 5 60
13200 12 21
13200 12 60
13200 17 36
13200 20 21
13200 21 36
13200 38 54
13500 17 36
13500 20 21
13500 20 54
13500 57 61
13800 5 24
13800 17 24
13800 17 20
13800 20 24
14100 4 5
14100 4 47
14100 5 47
14100 17 24
14400 4 47
14400 5 47
14400 37 47
14400 37 38
14400 38 54
14700 0 57
14700 4 47
14700 5 60
14700 14 17
14700 17 38
14700 37 38
14700 37 47
14700 37 60
15000 4 5
15000 5 60
15000 14 17
15000 14 37
15000 20 37
15000 37 59
15000 38 54
15300 17 71
15300 35 71
15300 48 56
15600 17 71
15600 35 56
15600 38 56
15600 48 56
15600 54 60
15900 17 56
15900 35 56
15900 35 59
15900 35 54
15900 48 56
16200 27 52
16200 35 54
16200 48 56
16500 2 49
16500 48 56
16800 27 38
17100 5 38
17100 5 17
17100 17 56
17100 27 38
17100 51 54
17400 5 38
17400 5 18
17400 27 38
17400 51 54
17700 17 20
17700 17 57
17700 27 38
17700 38 52
18000 17 20
18000 17 57
18000 20 55
18000 51 54
18300 20 55
18300 56 57
18600 38 56
18600 51 55
18600 54 56
18600 56 57
18900 38 56
18900 51 54
18900 51 67
18900 54 56
18900 56 57
19200 11 51
19200 28 38
19200 30 51
19200 56 57
19500 5 28
19500 11 28
19500 20 28
19500 28 67
19800 11 45
19800 11 44
19800 28 67
19800 33 57
19800 57 67
20100 30 57
20100 32 38
20100 33 57
20100 57 67
20400 11 54
20400 50 72
20700 47 52
21000 14 47
21300 9 22
21300 14 47
21300 60 67
21600 9 22
21600 10 59
21600 11 65
21600 30 59
21600 32 59
21600 38 60
21900 14 38
21900 38 60
21900 38 44
21900 38 47
22200 9 10
22200 10 59
22200 14 38
22200 30 38
22200 32 35
22200 38 47
22500 7 14
22500 10 59
22500 13 74
22500 22 59
22500 42 59
22800 7 14
22800 7 42
22800 13 74
22800 42 59
23400 0 30
23400 46 47
23400 47 59
23700 7 42
23700 46 47
24000 47 56
24300 47 67
24900 13 37
24900 40 71
25200 40 71
25200 40 58
25500 37 50
25500 50 63
25800 37 48
25800 50 63
26100 19 39
26100 20 39
26100 37 39
26400 19 39
26400 37 39
26700 37 39
26700 39 50
27000 12 22
27000 31 36
27300 12 22
27300 12 36
27600 12 36
27600 12 22
27900 12 22
28200 3 68
28500 12 22
29100 22 26
29700 49 59
34800 6 18
36000 48 49
36000 48 56
36300 48 56
59700 26 70
59700 61 70
60300 5 11
60600 5 11
62700 19 51
63000 19 51
66000 8 36
66300 3 15
66600 3 18
66600 15 69
66900 15 69
67200 4 15
67200 15 69
67500 15 18
67800 3 37
67800 35 37
69300 21 35
69300 35 62
69600 9 36
69900 8 37
69900 8 9
70200 8 37
70200 8 9
70200 8 62
70200 8 21
70200 9 36
70200 9 37
70500 8 21
70500 8 62
70500 13 73
70800 9 62
70800 13 73
70800 49 62
71100 9 62
71100 33 62
71100 62 67
71400 0 58
71400 58 67
71700 36 61
71700 61 67
72000 6 45
72000 6 67
72000 9 67
72000 15 20
72000 20 73
72000 21 29
72000 63 67
72000 67 73
72300 7 21
72300 7 20
72300 21 29
72300 63 67
72600 7 20
72600 9 67
72600 9 62
72600 20 36
72600 20 29
72600 62 67
72900 9 62
72900 14 62
72900 29 62
72900 36 62
73200 14 62
73200 26 29
73200 29 62
73500 19 54
73500 26 29
73500 36 54
73500 54 66
73500 54 63
73800 19 54
73800 26 29
73800 43 57
73800 54 66
73800 66 67
74100 17 43
74100 17 40
74100 19 54
74100 54 66
74400 9 13
74400 13 21
74400 13 38
74400 13 36
74400 13 43
74400 19 54
74400 36 54
74700 13 21
74700 13 43
74700 13 38
74700 13 36
74700 19 44
74700 21 44
74700 29 38
74700 62 72
75000 6 7
75000 6 70
75000 13 43
75000 19 44
75000 19 29
75000 62 72
75300 3 70
75300 6 7
75300 18 44
75300 19 44
75600 3 70
75600 6 7
75600 18 44
75600 29 70
75600 62 72
75600 70 72
75900 3 70
75900 6 7
75900 8 65
75900 8 51
75900 62 72
76200 7 15
76200 7 62
76200 8 65
76200 18 44
76200 20 59
76200 20 65
76200 29 38
76200 38 41
76500 7 62
76500 7 20
76500 7 69
76500 7 59
76500 8 51
76500 20 59
76500 20 38
76500 29 38
76500 38 41
76800 7 20
76800 7 59
76800 7 69
76800 8 51
76800 11 73
76800 20 59
76800 38 41
76800 41 70
77100 6 11
77100 7 59
77100 11 41
77100 20 59
77400 6 38
77400 11 73
77700 6 11
77700 8 51
77700 11 68
77700 11 29
77700 29 59
77700 29 73
78000 6 51
78000 8 51
78000 8 29
78000 11 29
78000 12 29
78000 12 65
78000 29 59
78300 6 51
78300 8 51
78300 8 65
78300 12 65
78300 12 38
78300 12 53
78300 38 65
78600 6 51
78600 8 65
78600 12 65
78600 17 33
78600 17 29
78600 17 65
78600 33 65
78600 38 65
78900 2 6
78900 6 18
78900 17 65
78900 22 39
78900 29 59
78900 33 65
78900 39 73
79200 6 18
79200 8 65
79200 22 39
79200 27 52
79200 29 59
79200 33 65
79200 38 48
79200 59 65
79500 3 53
79500 3 38
79500 6 18
79500 8 65
79500 8 53
79500 8 59
79500 8 13
79500 13 38
79500 27 52
79500 29 59
79500 33 65
79800 6 18
79800 8 59
79800 12 53
79800 13 38
79800 14 52
79800 27 52
79800 33 39
80100 6 18
80100 6 51
80100 13 38
80100 14 39
80100 26 52
80100 27 52
80400 6 18
80400 6 38
80400 6 13
80700 6 18
80700 27 29
81000 8 65
81000 8 61
81000 14 52
81000 14 39
81000 14 65
81000 27 29
81000 39 52
81000 39 65
81300 6 18
81300 8 61
81300 8 34
81300 18 34
81300 34 67
81600 6 18
81600 12 34
81600 18 24
81600 24 51
81600 24 70
81900 14 34
81900 18 26
81900 24 70
81900 26 29
82200 8 65
82200 8 34
82200 8 71
82200 14 39
82200 20 34
82200 51 71
82500 7 34
82500 51 71
82800 7 39
82800 7 26
82800 12 26
82800 20 26
83100 7 26
83100 12 26
83100 14 26
83400 7 39
83400 20 26
83400 24 49
83400 45 51
83400 45 49
83700 45 49
84000 24 63
84300 2 63
84300 2 24
84300 24 63
84300 48 63
84600 17 66
84600 24 63
84600 44 59
84600 48 63
84900 7 37
84900 7 66
84900 37 66
84900 58 66
85200 7 37
85200 7 66
85200 37 66
85200 48 66
85200 55 58
85200 55 66
85200 58 66
85200 58 59
85500 7 37
85500 7 66
85500 7 58
85500 27 48
85500 28 34
85500 34 59
85500 37 67
85500 58 59
85800 2 55
85800 15 58
85800 15 70
85800 28 34
85800 34 59
85800 37 67
85800 58 59
85800 58 70
86100 12 63
86100 15 58
86100 28 34
86100 34 59
86100 34 44
86100 58 59
86400 11 44
86400 52 66
86400 58 66
86700 8 74
86700 64 74
87000 7 66
87000 8 52
87000 12 52
87000 28 30
87000 30 55
87300 7 66
87300 12 52
87300 27 55
87300 28 30
87600 7 64
87600 7 10
87600 7 19
87600 12 52
87600 13 19
87900 7 10
87900 7 19
87900 7 64
87900 12 52
87900 13 27
87900 19 64
87900 19 27
87900 19 20
87900 19 30
88200 7 64
88200 7 10
88200 7 12
88200 7 17
88200 12 52
88200 12 56
88200 12 45
88200 12 17
88200 17 30
88200 18 47
88200 30 55
88500 7 12
88500 7 10
88500 8 74
88500 8 52
88500 12 56
88500 12 17
88500 12 49
88500 17 30
88500 17 66
88500 18 47
88500 18 19
88500 19 27
88500 19 30
88500 52 56
88500 66 74
88800 3 26
88800 3 10
88800 7 12
88800 8 74
88800 8 52
88800 10 74
88800 10 17
88800 10 64
88800 12 17
88800 12 49
88800 12 64
88800 15 17
88800 52 56
88800 55 64
88800 66 74
89100 8 52
89100 8 74
89100 10 64
89100 10 17
89100 10 74
89100 15 64
89100 30 74
89100 37 74
89100 52 56
89100 55 64
89100 56 74
89400 2 37
89400 8 52
89400 8 74
89400 9 37
89400 15 64
89400 30 55
89400 30 56
89400 37 64
89400 49 66
89400 52 56
89400 55 64
89400 55 72
89700 8 52
89700 8 55
89700 8 45
89700 8 66
89700 8 32
89700 17 66
89700 52 56
90000 16 45
90000 33 71
90300 1 16
90300 1 45
90300 1 7
90300 33 71
90300 33 45
90600 1 16
90600 1 45
90600 1 7
90600 10 21
90600 30 56
90600 30 55
90600 46 73
90600 49 73
90900 1 45
90900 1 7
90900 1 21
90900 1 68
90900 8 66
90900 10 68
90900 21 68
90900 21 45
90900 45 46
90900 45 68
91200 21 46
91200 21 24
91200 21 50
91200 46 50
91200 60 73
91500 24 51
91500 24 68
91500 40 51
91500 45 68
91500 46 50
91500 50 68
91500 50 51
91500 51 71
91500 60 73
91800 24 51
91800 46 50
91800 50 51
91800 51 71
91800 64 68
92100 1 68
92100 7 68
92100 15 37
92100 37 68
92100 64 68
92400 21 68
92400 32 60
92400 37 62
92400 64 68
92700 49 54
92700 54 62
92700 54 71
92700 64 68
93000 4 60
93000 4 27
93000 27 60
93000 40 60
93000 64 68
93300 1 31
93300 1 24
93300 1 9
93300 1 7
93300 4 31
93300 7 31
93300 7 71
93300 7 9
93300 7 60
93300 9 71
93300 9 31
93300 27 71
93300 40 60
93300 42 71
93300 64 68
93600 1 31
93600 1 9
93600 1 7
93600 1 24
93600 4 31
93600 7 31
93600 7 9
93600 7 60
93600 7 24
93600 7 8
93600 8 24
93600 8 28
93600 8 59
93600 8 71
93600 9 31
93600 24 71
93900 4 31
93900 7 8
93900 8 59
93900 8 28
93900 8 71
93900 8 66
93900 64 66
93900 66 71
94200 4 64
94200 4 38
94200 4 66
94200 7 8
94200 7 31
94200 7 60
94200 8 59
94200 8 28
94200 8 49
94200 64 66
94200 64 74
94200 66 71
94500 3 28
94500 28 65
94500 64 74
94500 64 66
94800 3 28
94800 3 6
94800 25 42
94800 45 47
94800 64 74
95100 3 28
95100 19 28
95400 19 45
95400 28 52
95400 45 46
95400 46 51
95400 51 52
95700 28 52
95700 35 47
95700 45 46
95700 46 51
95700 51 52
96000 28 52
96000 30 47
96000 45 47
96000 46 51
96000 51 52
96300 19 21
96300 28 51
96300 51 52
96300 52 72
96600 35 42
96900 27 72
96900 35 72
97200 71 73
97500 18 38
97500 38 58
97800 18 38
97800 53 72
97800 53 61
98100 3 45
98100 7 53
98100 34 53
98100 45 53
98100 53 61
98100 53 72
98400 3 60
98400 17 53
98400 45 60
98400 53 71
98400 63 71
98700 8 71
98700 14 60
98700 36 60
98700 39 71
98700 45 53
98700 53 71
98700 63 71
99000 8 71
99000 39 71
99000 63 71
99300 3 45
99600 8 74
99900 3 45
99900 24 36
99900 32 60
100200 22 28
100200 22 63
100200 24 36
100200 28 67
100200 52 67
100500 3 60
100500 22 28
100500 24 36
100500 45 52
100500 52 67
100800 3 36
100800 3 27
100800 21 63
100800 21 29
100800 21 33
100800 21 52
100800 24 36
100800 33 45
100800 45 63
101100 3 27
101100 21 63
101100 21 52
101100 21 33
101100 22 63
101100 24 28
101100 28 73
101100 45 73
101400 3 27
101400 6 38
101400 21 52
101400 28 73
101400 45 73
101700 3 27
101700 3 36
101700 6 40
101700 21 63
101700 21 52
101700 28 40
101700 38 60
101700 38 40
102000 3 52
102000 6 40
102000 9 39
102000 14 26
102000 22 63
102000 26 40
102000 28 40
102000 38 40
102000 38 60
102300 1 6
102300 1 45
102300 6 40
102300 9 39
102300 24 67
102300 28 67
102300 33 45
102300 38 60
102600 1 45
102600 1 9
102600 6 40
102600 6 29
102600 9 20
102600 14 69
102600 14 20
102600 20 60
102600 28 67
102600 33 45
102600 67 69
102900 6 10
102900 9 20
102900 9 10
102900 12 29
102900 14 69
102900 20 60
102900 25 69
102900 28 67
102900 29 68
102900 67 69
103200 6 10
103200 9 20
103200 10 52
103200 12 29
103200 12 67
103200 20 60
103200 67 69
103500 9 20
103500 9 34
103500 10 52
103500 12 53
103500 18 67
103500 20 60
103500 31 34
103500 44 52
103800 9 34
103800 9 18
103800 9 10
103800 10 52
103800 12 53
103800 30 68
103800 31 34
103800 46 54
104100 0 6
104100 6 29
104100 6 40
104100 9 34
104100 12 53
104100 18 30
104100 18 53
104100 30 46
104400 6 29
104400 6 40
104400 18 53
104400 18 30
104400 28 31
104400 29 40
104400 40 46
104400 46 53
104700 0 31
104700 6 40
104700 6 29
104700 29 40
104700 31 40
104700 31 74
104700 37 46
104700 53 74
105000 3 16
105000 6 29
105000 6 40
105000 6 30
105000 29 40
105000 29 37
105000 37 46
105300 1 54
105300 6 40
105300 6 30
105300 9 10
105300 29 40
105600 3 65
105600 9 10
105900 62 65
106200 45 65
106200 65 74
106500 3 74
106500 10 74
106500 48 72
106800 3 74
106800 54 65
106800 65 74
107100 50 72
107400 3 15
107400 10 74
107400 36 68
107400 68 74
107700 3 15
107700 10 29
107700 33 36
107700 45 65
107700 54 65
108000 11 36
108000 18 31
108000 18 42
108000 18 36
108000 54 72
108300 11 36
108300 15 72
108600 10 61
108600 57 61
108900 18 31
108900 31 69
109200 11 12
109200 15 67
109200 32 43
109200 42 57
109200 57 72
109200 72 74
109500 15 57
109500 31 48
109500 32 43
109800 11 69
109800 18 31
109800 31 48
110100 11 69
110100 11 12
110100 11 21
110100 21 69
110100 29 67
110100 31 69
110100 31 48
110400 15 67
110400 29 31
110400 29 67
110700 21 69
110700 21 43
111000 15 53
111300 15 53
111300 45 48
111300 48 58
111600 28 48
111600 31 48
111900 13 43
112200 31 48
112500 31 48
114000 31 71
114900 16 69
114900 55 69
115200 16 69
115200 55 69
115500 16 55
115500 16 58
115800 16 55
117000 27 55
118200 27 55
119400 1 27
120000 1 27
120900 5 44
121800 39 43
122100 24 39
122100 24 64
122100 43 64
122400 24 64
122400 37 43
122400 43 64
123600 28 71
123900 55 61
150900 49 59
151200 27 49
151200 27 30
151500 27 49
151500 39 49
151800 27 49
152100 27 49
152700 1 14
152700 27 31
152700 57 67
153000 20 47
153000 27 31
153000 27 69
153300 20 47
153300 39 57
153600 23 69
153600 39 57
153600 69 72
153900 12 54
154200 12 54
154200 23 25
154500 12 54
154500 23 25
154800 12 53
154800 12 33
154800 33 53
155100 12 33
155100 12 54
155400 2 26
155400 13 26
155700 9 25
155700 12 33
155700 13 26
156000 2 17
156000 9 25
156000 13 26
156000 17 34
156000 21 34
156300 5 21
156300 9 25
156300 21 34
156900 9 34
156900 25 65
157200 9 34
157200 9 25
157200 25 65
157200 34 65
157500 9 25
157500 34 65
157800 9 25
157800 47 49
158100 8 35
158100 9 25
158400 9 25
158700 47 49
159000 26 35
159000 47 49
159600 19 73
159600 19 47
159900 16 55
159900 18 35
159900 19 47
159900 35 47
160200 19 35
160200 43 55
160500 2 25
160500 43 70
160800 10 18
160800 18 70
160800 18 35
161100 18 35
161100 29 39
161100 39 66
161400 18 57
161400 18 39
161400 25 39
161400 25 57
161400 34 39
161400 34 57
161700 12 72
161700 15 48
161700 17 57
161700 25 39
161700 25 64
161700 29 39
161700 34 39
161700 34 57
161700 52 72
162000 5 58
162000 5 17
162000 25 64
162000 57 58
162300 15 40
162300 25 64
162300 25 57
162300 40 73
162300 52 66
162300 52 57
162300 52 53
162300 52 58
162300 53 58
162300 57 58
162300 66 70
162300 66 73
162600 18 25
162600 25 64
162600 25 57
162600 34 58
162600 40 73
162600 52 53
162600 66 73
162900 15 27
162900 18 25
162900 34 58
162900 40 50
162900 50 53
163200 22 26
163200 26 72
163500 15 26
163500 22 26
163500 22 72
163500 22 40
163500 26 72
163500 26 40
163500 53 70
163500 53 73
163800 16 53
163800 16 40
163800 26 40
163800 34 58
163800 40 73
163800 50 61
164100 15 66
164100 16 53
164100 16 40
164100 22 66
164100 22 73
164100 25 64
164100 34 58
164100 34 66
164100 44 66
164100 50 53
164100 53 58
164100 53 66
164100 66 73
164400 16 53
164400 18 58
164400 22 66
164400 34 58
164400 34 66
164400 34 72
164400 44 66
164400 53 66
164400 59 68
164400 59 72
164400 66 73
164700 15 64
164700 34 72
164700 44 66
164700 44 64
164700 59 72
164700 59 68
164700 66 73
165000 15 64
165000 16 40
165000 18 58
165000 18 35
165000 35 73
165000 59 68
165300 15 64
165300 16 64
165300 18 35
165300 34 72
165300 44 64
165300 59 68
165600 0 47
165600 15 44
165600 18 35
165600 26 46
165600 46 47
165600 52 56
165900 0 47
165900 15 44
165900 18 35
165900 25 52
165900 46 47
165900 54 73
165900 54 56
166200 11 18
166200 18 35
166200 35 55
166200 52 74
166200 54 56
166200 65 74
166500 4 74
166500 25 52
166500 35 55
166500 35 46
166500 52 74
166500 52 68
166500 54 56
166500 54 74
166500 59 68
166800 5 9
166800 5 51
166800 23 51
166800 25 46
166800 35 46
166800 35 51
166800 46 47
166800 46 51
166800 52 74
166800 54 56
167100 4 47
167100 4 19
167100 5 51
167100 5 9
167100 5 11
167100 11 74
167100 35 51
167400 4 47
167400 5 11
167400 5 9
167400 5 55
167400 9 23
167400 11 72
167400 11 56
167400 23 51
167400 54 56
167400 72 74
167700 23 25
167700 25 52
167700 25 56
167700 25 49
167700 35 55
167700 72 74
168000 11 39
168000 11 55
168000 11 68
168000 11 19
168000 37 68
168000 52 68
168000 68 74
168300 2 21
168300 9 68
168300 11 74
168300 11 68
168300 21 58
168300 21 49
168300 37 68
168300 52 68
168300 68 74
168300 68 71
168600 2 21
168600 13 21
168600 21 49
168600 21 39
168600 21 37
168900 2 21
168900 5 55
168900 19 74
168900 19 35
168900 35 55
168900 48 55
168900 55 71
168900 55 74
168900 72 74
169200 2 19
169200 9 25
169200 9 10
169200 10 19
169200 19 35
169200 19 47
169200 19 46
169200 23 25
169200 25 52
169200 25 49
169500 2 21
169500 9 25
169500 9 10
169500 9 68
169500 9 58
169500 10 19
169500 10 55
169500 10 39
169500 10 58
169500 11 39
169500 25 49
169500 25 55
169500 55 74
169800 2 21
169800 9 58
169800 9 10
169800 11 39
169800 21 39
169800 21 49
169800 21 37
169800 25 49
169800 39 71
169800 39 47
169800 58 71
170100 11 39
170100 32 49
170100 46 71
170100 46 48
170100 48 55
170100 48 71
170400 2 23
170400 2 48
170400 23 46
170400 46 48
170400 46 52
170400 48 71
170700 10 58
170700 15 59
170700 24 63
170700 25 52
170700 46 48
170700 48 71
170700 48 70
170700 52 70
170700 59 70
171000 37 70
171000 48 70
171000 49 70
171000 51 70
171000 52 70
171000 63 70
171300 11 63
171300 11 37
171300 23 46
171300 24 63
171300 25 28
171300 28 63
171300 37 70
171300 46 52
171300 49 70
171300 52 70
171600 25 57
171600 28 63
171900 2 23
171900 2 40
171900 9 40
171900 15 23
171900 23 58
171900 33 40
172200 2 40
172200 9 40
172200 11 63
172200 15 23
172200 17 55
172200 23 39
172200 23 58
172200 23 63
172200 33 40
172200 39 63
172500 9 17
172500 9 40
172500 9 56
172500 9 33
172500 15 40
172500 15 54
172500 15 33
172500 23 58
172500 23 39
172500 33 40
172500 39 63
172500 44 54
172800 2 40
172800 9 33
172800 11 33
172800 11 15
172800 15 54
172800 15 33
172800 15 40
172800 15 72
172800 15 39
172800 15 46
172800 23 39
172800 23 46
172800 43 54
172800 46 52
173100 1 46
173100 1 65
173100 1 72
173100 2 46
173100 2 50
173100 11 15
173100 11 46
173100 15 46
173100 23 39
173100 39 63
173100 44 54
173100 44 46
173100 46 52
173100 46 72
173400 1 72
173400 1 65
173400 1 46
173400 1 9
173400 1 52
173400 1 50
173400 2 50
173400 9 40
173400 9 50
173400 9 11
173400 11 52
173400 11 51
173400 11 70
173400 20 52
173400 50 51
173400 50 65
173400 50 52
173400 52 65
173700 1 50
173700 2 50
173700 9 50
173700 11 52
173700 11 63
173700 20 57
173700 50 65
173700 50 52
173700 50 51
173700 50 70
173700 52 65
174000 8 70
174000 11 63
174000 11 70
174000 13 65
174000 23 50
174000 44 72
174000 46 72
174000 50 65
174000 50 52
174000 50 51
174000 50 63
174000 65 72
174300 44 70
174600 15 41
174600 32 70
174600 44 70
174900 32 67
174900 35 44
175200 1 11
175200 1 30
175200 5 41
175200 11 30
175200 30 68
175200 30 39
175200 30 67
175200 30 35
175200 35 44
175500 5 39
175500 30 35
175800 5 35
175800 5 62
175800 30 35
176100 5 62
176100 30 35
176100 35 40
176100 40 45
176100 40 64
176100 44 70
176100 62 64
176400 1 30
176400 5 62
176400 5 74
176400 5 41
176400 5 51
176400 11 30
176400 27 30
176400 30 35
176400 30 67
176400 30 68
176400 30 51
176400 30 65
176400 40 51
176700 22 51
176700 22 40
176700 22 49
176700 30 51
176700 40 51
176700 40 64
176700 40 70
176700 40 49
176700 44 70
176700 65 74
177000 20 45
177000 22 51
177000 22 49
177000 40 49
177000 40 51
177000 45 67
177000 45 51
177000 48 67
177300 11 21
177300 20 45
177300 20 65
177300 22 49
177300 45 51
177300 45 65
177600 4 21
177600 4 69
177600 4 70
177600 11 21
177600 22 70
177600 45 67
177600 45 70
177600 48 67
177600 48 69
177900 1 35
177900 11 21
177900 16 66
177900 20 66
177900 48 69
177900 66 70
178200 11 15
178200 11 67
178200 11 35
178200 11 64
178500 11 64
178500 11 67
178500 11 57
178500 11 73
178500 22 57
178500 22 64
178500 57 73
178800 4 70
178800 4 21
178800 4 57
178800 22 57
178800 49 73
179100 3 22
179100 16 45
179100 45 70
179400 3 35
179400 4 70
179400 16 45
179400 22 41
179400 45 70
179700 4 70
179700 16 45
179700 22 29
179700 35 57
179700 45 70
180000 16 45
180000 22 29
180000 29 42
180000 41 49
180000 42 57
180000 49 57
180300 22 29
180300 35 42
180300 37 57
180300 37 41
180600 16 35
180600 16 37
180600 22 29
180600 34 35
180600 35 42
180600 35 63
180900 16 41
180900 22 29
180900 22 64
180900 33 64
180900 42 64
181200 4 41
181200 16 41
181200 22 61
181200 37 41
181200 41 64
181200 42 64
181500 6 67
181500 6 18
181500 6 37
181500 34 45
181800 6 67
181800 6 12
181800 12 18
181800 22 54
181800 34 45
181800 34 57
182100 4 22
182100 4 23
182100 6 12
182100 12 18
182100 22 45
182100 23 45
182100 34 45
182400 2 68
182400 2 4
182400 4 22
182400 12 18
182400 34 45
182700 2 4
182700 21 51
182700 34 45
183000 10 22
183000 34 45
183000 37 61
183300 5 45
183300 5 35
183300 10 22
183300 22 41
183300 24 45
183300 34 45
183600 5 45
183600 10 24
183600 10 72
183600 10 14
183600 10 46
183600 24 45
183900 10 46
183900 10 14
183900 10 24
183900 24 34
184200 24 45
184200 24 42
184500 42 53
184800 25 41
184800 25 62
184800 25 61
184800 40 62
185100 31 41
185100 37 45
185100 40 62
185100 42 45
185400 24 31
185400 37 45
185400 40 62
185400 42 45
185400 42 53
185700 25 52
185700 37 45
185700 38 45
185700 40 62
185700 41 45
186000 2 46
186000 25 52
186000 31 62
186000 40 45
186000 42 62
186300 0 41
186300 2 46
186300 36 62
186300 37 45
186300 38 45
186300 38 62
186600 0 41
186600 20 42
186600 20 53
186600 20 34
186600 20 38
186600 31 34
186600 37 45
186900 20 42
186900 20 34
186900 20 53
186900 33 42
186900 37 45
186900 42 53
186900 42 45
186900 53 71
187200 1 42
187200 31 53
187200 33 38
187200 45 74
187200 45 53
187200 53 71
187500 1 31
187500 2 42
187500 31 53
187500 31 34
187500 33 38
187500 34 62
187500 45 74
187500 71 74
187800 5 7
187800 38 74
187800 42 74
188100 1 63
188100 7 38
188100 39 41
188400 5 38
188400 19 41
188400 31 44
188400 31 62
188400 39 41
188700 15 41
189000 5 38
189000 32 50
189300 0 22
189300 5 38
189300 5 22
189300 19 50
189600 0 22
189600 4 44
189600 4 22
189600 5 22
189600 19 50
189900 0 22
189900 4 22
189900 5 22
189900 5 50
189900 5 30
189900 31 44
190200 0 22
190200 1 44
190200 5 50
190200 22 44
190200 31 44
190500 4 28
190500 5 50
190500 10 12
190500 32 74
190800 4 28
190800 15 31
190800 24 45
190800 31 44
190800 32 45
191100 20 30
191100 20 32
191100 20 28
191100 32 45
191400 12 65
191400 20 28
191400 20 32
191400 32 48
191700 12 65
191700 20 28
192000 20 28
192000 20 65
192000 48 65
192900 20 32
192900 48 65
192900 59 72
193200 41 48
193200 41 64
193200 48 65
193500 54 64
193800 59 65
194100 16 61
194400 7 64
194400 10 20
194700 7 61
194700 10 20
194700 59 65
195000 7 11
195000 11 59
195000 11 33
195000 13 65
195000 59 65
195300 7 11
195600 10 27
195600 27 61
195900 11 59
195900 27 51
196200 10 61
196500 10 61
196800 10 61
197100 10 61
197100 10 50
197100 55 61
197700 5 41
197700 33 55
198000 5 50
198000 5 72
198300 5 50
199800 21 46
201300 41 49
206700 29 68
207300 22 37
207600 22 72
209100 45 65
209400 45 72
212100 0 55
225900 17 56
232200 44 58
232800 17 38
233700 4 34
235500 6 65
235800 4 6
236400 38 69
236700 11 69
236700 11 47
237000 11 47
237300 22 58
237600 22 68
237900 14 68
238200 14 68
238500 14 68
239100 21 71
239100 24 71
239700 7 24
240300 7 49
240300 7 13
240900 39 67
240900 39 65
240900 65 67
241200 9 58
241200 39 65
241200 65 67
241500 9 58
241500 39 65
241500 49 58
241500 49 64
241500 65 67
241800 17 58
241800 49 58
241800 49 65
241800 65 67
242100 17 58
242100 35 50
242100 49 65
242100 49 58
242400 49 65
242400 49 58
242700 29 59
243000 29 59
243300 29 42
243600 39 42
243900 39 68
244200 39 59
244500 29 42
244500 42 74
244800 4 35
244800 35 68
244800 39 59
245100 4 70
245100 10 26
245100 26 62
245100 62 70
245100 70 74
245400 4 70
245400 26 62
245400 28 68
245400 29 70
245400 51 70
245400 62 70
245400 68 70
245700 4 68
245700 26 62
245700 51 58
245700 58 68
245700 62 70
246000 4 68
246000 10 42
246000 22 62
246000 22 29
246000 29 54
246000 51 58
246000 51 54
246000 58 68
246300 10 35
246300 16 18
246300 18 22
246300 22 62
246300 22 30
246300 51 54
246600 9 21
246600 10 26
246600 10 35
246600 10 22
246600 10 43
246600 10 18
246600 16 18
246600 17 22
246600 18 26
246600 21 26
246600 51 54
246900 9 21
246900 10 26
246900 10 18
246900 10 22
246900 10 19
246900 17 22
246900 18 26
246900 19 29
246900 21 26
246900 42 58
247200 9 21
247200 15 69
247200 16 18
247200 17 22
247200 21 26
247200 36 42
247200 36 69
247200 42 58
247500 4 68
247500 9 21
247500 15 51
247500 20 51
247500 34 51
247500 68 71
247800 4 68
247800 15 51
247800 41 72
247800 42 51
247800 47 72
248100 4 68
248100 6 28
248100 6 12
248100 6 41
248100 6 46
248100 8 28
248100 8 46
248100 12 46
248100 12 28
248100 15 69
248100 46 68
248400 6 28
248400 6 41
248400 6 46
248400 6 12
248400 8 28
248400 8 12
248400 12 28
248400 28 42
248400 46 68
248700 8 12
248700 8 28
248700 12 30
248700 14 31
248700 30 64
248700 41 72
248700 46 68
249000 8 28
249000 12 30
249000 21 44
249000 25 44
249000 42 44
249000 44 59
249300 12 30
249300 15 25
249300 30 64
249600 3 72
249600 38 72
249600 44 59
249600 44 72
249600 44 66
249900 3 72
249900 15 45
249900 17 45
249900 41 42
249900 41 45
249900 42 74
249900 44 72
249900 45 59
249900 45 74
249900 45 72
250200 3 72
250200 3 74
250200 9 17
250200 17 45
250200 37 41
250200 41 45
250200 42 74
250200 45 74
250200 45 59
250500 3 72
250500 15 45
250500 15 74
250500 37 41
250500 37 42
250500 41 45
250500 64 74
250800 3 51
250800 3 64
250800 4 20
250800 41 45
251100 3 4
251100 4 64
251100 20 37
251100 37 42
251100 41 45
251100 42 64
251400 3 72
251400 3 74
251400 3 20
251400 3 59
251400 3 9
251400 20 72
251400 59 72
251400 59 62
251700 3 20
251700 9 17
251700 20 72
251700 20 59
251700 45 62
251700 59 72
251700 59 62
252000 15 45
252000 15 37
252000 15 26
252000 20 59
252000 20 72
252000 20 37
252000 45 62
252000 59 72
252300 6 65
252300 15 26
252300 15 45
252300 15 65
252300 17 72
252300 59 72
252600 6 65
252600 6 43
252600 6 68
252600 15 65
252600 15 26
252900 3 6
252900 6 68
252900 6 43
252900 9 71
252900 9 37
252900 17 71
253200 6 65
253200 6 43
253200 6 72
253200 6 62
253200 9 71
253200 9 55
253200 17 71
253200 37 54
253200 37 55
253500 9 55
253500 17 71
253500 29 43
253500 29 55
253500 44 65
253800 3 69
253800 3 62
253800 15 65
253800 29 68
253800 44 65
254100 3 69
254100 3 62
254100 3 25
254100 25 43
254100 25 29
254100 29 55
254100 29 43
254100 43 71
254700 36 44
255000 10 62
255300 32 70
255300 70 71
255600 4 15
255600 15 17
255600 17 46
255600 32 70
255600 58 70
255900 4 44
255900 4 49
255900 15 17
255900 15 58
255900 15 36
255900 32 46
255900 36 44
255900 36 38
255900 40 46
255900 49 58
255900 58 62
256200 4 49
256200 4 71
256200 15 17
256200 32 46
256200 36 38
256200 36 48
256200 40 46
256200 46 49
256200 49 58
256500 15 36
256500 15 70
256500 20 36
256500 32 46
256500 36 48
256500 36 70
256500 46 49
256800 32 48
256800 35 44
256800 44 66
257100 10 70
257100 10 37
257100 10 56
257100 18 19
257100 58 70
257400 2 19
257400 10 70
257400 10 56
257400 10 37
257400 10 57
257400 10 68
257400 11 19
257400 11 44
257400 11 56
257400 56 68
257400 58 70
257700 4 49
257700 4 37
257700 8 11
257700 10 68
257700 10 57
257700 10 56
257700 10 37
257700 10 30
257700 11 19
257700 11 56
257700 11 37
257700 11 44
257700 11 32
257700 30 37
257700 32 37
257700 37 63
257700 37 56
257700 56 68
258000 2 15
258000 2 66
258000 4 49
258000 10 57
258000 15 36
258000 44 66
258000 45 66
258000 49 58
258300 1 27
258300 1 45
258300 2 15
258300 2 66
258300 2 19
258300 19 27
258300 22 27
258300 32 48
258300 32 45
258300 45 66
258300 55 58
258600 1 27
258600 1 45
258600 2 66
258600 2 15
258600 2 74
258600 8 27
258600 22 74
258600 23 27
258600 27 74
258600 27 55
258600 32 45
258600 44 66
258600 44 62
258600 55 58
258600 55 74
258900 1 45
258900 2 74
258900 22 27
258900 22 74
258900 22 52
258900 23 45
258900 23 62
258900 27 55
258900 45 52
258900 55 74
259200 2 19
259200 19 27
259200 22 74
259200 23 55
259200 27 55
259200 32 74
259200 55 74
259200 55 60
259500 8 11
259500 11 44
259500 49 58
259800 1 57
259800 7 44
259800 8 11
259800 8 32
259800 40 57
259800 44 66
259800 44 49
260100 1 57
260100 7 44
260100 7 57
260100 7 40
260100 44 62
260400 7 57
260400 44 62
260400 55 62
260700 1 66
260700 22 66
260700 24 57
260700 44 62
261000 1 66
261000 7 24
261000 24 49
261000 49 60
261300 1 66
261300 8 41
261300 11 60
261300 25 60
261300 49 60
261600 1 66
261600 41 68
261900 1 59
261900 1 54
261900 1 69
261900 1 4
261900 4 49
261900 50 59
261900 59 71
261900 59 69
261900 59 68
261900 69 70
262200 1 59
262200 1 69
262200 1 54
262200 1 4
262200 1 53
262200 4 49
262200 4 68
262200 4 53
262200 4 25
262200 4 11
262200 11 68
262200 11 59
262200 24 49
262200 27 59
262200 49 66
262200 50 59
262200 53 59
262200 59 69
262200 59 68
262200 69 70
262500 4 53
262500 5 12
262500 11 59
262500 11 68
262500 11 70
262500 12 69
262500 12 49
262500 29 69
262500 49 66
262500 49 53
262500 53 69
262500 59 69
262500 69 70
262800 5 12
262800 11 68
262800 11 59
262800 11 46
262800 39 46
262800 39 70
262800 46 66
262800 46 70
262800 49 66
263100 11 46
263100 12 49
263100 25 46
263100 39 46
263100 39 70
263100 39 66
263100 46 70
263400 19 66
263400 25 46
263400 29 70
263400 39 46
263400 39 70
263400 39 66
263400 46 66
263700 9 27
263700 39 70
264300 0 40
264300 0 65
264300 40 65
264600 0 40
264600 0 18
264600 0 20
264600 0 12
264600 18 20
264600 20 65
264900 0 40
264900 12 65
264900 18 20
264900 40 48
265200 5 69
265200 5 48
265200 5 64
265500 5 48
265500 5 66
266100 37 65
266400 5 31
266400 31 54
266700 5 31
266700 5 72
266700 5 59
266700 5 54
266700 59 72
267000 5 59
267000 30 72
267000 30 38
267000 38 72
267300 4 23
267300 4 13
267300 4 59
267300 30 38
267300 30 36
267300 30 59
267300 36 59
267300 36 54
267300 38 72
267600 4 13
267600 13 63
267600 18 37
267600 18 54
267600 30 59
267900 4 13
267900 13 72
267900 18 54
267900 18 24
267900 30 38
267900 36 54
268200 13 72
268200 13 31
268200 13 29
268500 6 27
268500 6 31
268500 13 31
268800 6 27
268800 6 22
268800 27 57
269100 4 19
269100 19 28
269100 28 31
269100 28 72
269100 30 38
269400 11 24
269400 11 63
269400 13 31
269400 19 28
269400 19 31
269400 27 63
269400 28 31
269400 28 52
269400 28 63
269400 31 63
269700 6 27
269700 11 24
269700 11 63
269700 27 57
269700 27 63
269700 27 72
269700 28 63
269700 52 72
270000 11 24
270000 20 23
270000 23 24
270000 52 72
270300 23 24
270300 23 42
270300 24 45
270300 52 72
270600 4 24
270600 14 42
270600 24 45
270600 52 72
270900 52 72
271200 24 57
271200 24 37
271200 24 72
271200 37 50
271200 44 50
271200 52 72
271500 14 42
271500 24 57
271500 30 57
271500 31 57
271500 31 50
271800 37 50
271800 44 50
271800 45 57
271800 50 57
272100 24 37
272400 44 45
272700 9 44
272700 44 58
273000 9 45
273000 24 37
273000 44 57
273300 9 45
273300 19 45
273300 44 57
273600 9 45
273600 44 57
273600 45 57
273900 4 57
274200 22 73
274500 10 58
274500 22 73
274500 28 58
274500 30 58
274500 45 73
274500 58 73
274800 10 58
274800 19 73
274800 22 73
274800 30 58
274800 58 73
275100 10 58
275100 10 28
275100 19 52
275100 22 73
275100 22 52
275100 45 57
275100 45 52
275100 52 54
275100 58 73
275400 10 58
275400 19 52
275400 19 39
275400 19 58
275400 22 52
275400 27 30
275400 27 39
275400 52 54
275400 58 73
275700 10 28
275700 19 52
275700 22 52
275700 27 39
275700 52 54
276000 10 28
276000 19 52
276000 22 52
276000 28 30
276000 52 54
276300 22 52
276300 52 54
276300 57 71
276600 28 30
276900 10 38
276900 28 30
276900 30 73
277200 10 38
277200 18 49
277200 30 73
277500 6 49
277500 24 28
277500 28 56
277500 57 71
277800 6 49
277800 26 38
277800 28 73
277800 57 71
278100 6 49
278100 26 38
278100 30 73
278100 49 73
278100 71 73
278400 6 49
278400 6 73
278400 49 73
278400 49 72
278400 71 73
278700 6 73
278700 27 48
278700 28 71
278700 28 59
279000 26 38
279000 26 28
279000 27 48
279000 27 56
279000 28 71
279000 28 56
279000 37 69
279300 26 38
279300 69 71
279600 6 69
279600 26 38
279600 38 69
279900 3 18
279900 3 44
280200 9 69
280200 17 69
280500 3 4
280800 3 67
280800 48 51
281100 3 67
281100 3 26
281400 3 18
281400 8 24
282600 4 49
283800 66 69
284700 21 40
284700 33 40
285300 2 21
285300 21 40
286500 8 27
287100 22 48
292200 34 74
293700 14 32
293700 32 74
294000 14 59
294300 13 28
294300 14 28
294600 13 28
294600 14 28
294600 14 26
294900 22 26
294900 26 51
320100 35 71
320700 13 35
321900 9 70
321900 70 72
322200 70 72
322800 0 70
324300 21 30
324600 2 30
324900 21 30
324900 23 30
324900 29 30
325200 5 29
325200 21 30
325500 1 17
325500 5 29
325500 23 72
325800 1 17
326100 1 17
326100 38 57
326400 5 29
326400 51 72
326400 64 72
326700 3 38
326700 21 38
327000 10 46
327000 10 55
327000 46 55
327300 10 55
327300 10 46
327300 50 55
327600 10 46
327600 17 21
327600 47 57
327600 50 57
327900 20 62
327900 47 57
328200 12 63
328200 47 57
328200 50 57
328500 12 63
328500 12 45
328800 12 45
328800 12 63
328800 19 66
329100 10 71
329100 12 45
329400 10 63
329400 42 69
329700 10 71
329700 10 63
329700 24 45
329700 32 42
329700 69 71
330000 10 32
330000 24 45
330000 32 41
330000 32 47
330000 41 42
330000 42 69
330000 66 69
330300 10 32
330300 10 52
330300 14 53
330300 14 69
330300 14 52
330300 32 47
330300 41 42
330600 10 52
330600 14 53
330600 14 52
330600 14 69
330600 19 52
330600 19 53
330600 41 42
330900 14 52
330900 14 69
330900 19 52
330900 19 53
330900 31 52
331200 5 24
331200 6 31
331200 14 31
331200 19 53
331200 19 52
331200 19 24
331200 24 31
331200 31 52
331200 31 63
331500 6 31
331500 13 19
331500 14 31
331500 19 24
331500 24 31
331500 31 63
331500 53 71
331800 5 55
331800 6 55
331800 32 55
332100 6 55
332100 6 63
332100 10 32
332100 41 42
332400 6 55
332400 10 32
332400 10 73
332400 10 13
332400 32 42
332700 5 40
332700 5 14
332700 10 13
333000 2 40
333000 2 74
333000 5 40
333000 10 40
333000 13 64
333000 40 55
333000 40 68
333000 42 68
333300 2 74
333300 5 40
333300 13 64
333300 25 39
333300 36 39
333300 44 46
333600 9 44
333600 39 44
333600 39 45
333900 9 44
333900 11 39
333900 13 64
333900 18 46
333900 18 36
333900 18 55
333900 18 63
333900 22 73
333900 36 64
333900 36 73
333900 40 55
333900 44 73
333900 55 73
333900 68 74
334200 4 36
334200 4 22
334200 11 39
334200 17 74
334200 22 73
334200 36 73
334200 40 68
334200 42 68
334200 44 73
334500 11 39
334500 13 64
334500 13 57
334500 18 46
334500 18 55
334500 47 54
334800 6 61
334800 13 64
334800 14 54
334800 14 22
335100 6 16
335100 14 54
335100 14 22
335100 61 65
335400 6 16
335400 6 63
335400 14 54
335400 14 22
335400 22 63
335400 43 63
335400 63 68
335700 6 16
335700 6 63
335700 14 22
335700 14 54
335700 49 60
335700 49 55
335700 55 60
336000 6 63
336000 14 22
336000 14 54
336000 49 60
336300 3 55
336300 49 60
336300 49 55
336300 55 65
336300 55 73
336600 1 65
336600 1 49
336600 49 60
336900 1 65
336900 1 49
336900 1 60
336900 1 6
336900 37 51
337200 1 6
337200 1 60
337200 6 8
337200 7 8
337200 8 51
337200 55 65
337500 1 60
337500 1 65
337500 1 7
337500 35 51
337800 1 60
337800 1 65
337800 1 7
337800 5 6
337800 5 9
337800 6 65
337800 7 35
337800 35 51
337800 35 65
337800 47 65
338100 1 65
338100 1 60
338100 1 11
338100 5 9
338100 6 65
338100 11 35
338100 35 65
338100 46 49
338100 47 65
338400 5 9
338400 6 65
338400 6 64
338400 6 11
338400 11 22
338400 11 64
338400 16 21
338400 16 46
338400 46 49
338400 47 64
338400 49 58
338700 5 9
338700 6 8
338700 6 58
338700 6 13
338700 11 22
338700 11 47
338700 16 46
338700 22 47
339000 5 9
339000 11 47
339000 14 47
339000 14 69
339000 22 47
339300 5 9
339300 5 64
339300 8 64
339300 11 64
339300 14 47
339300 16 64
339300 30 64
339600 14 47
339600 16 38
339600 16 67
339600 38 60
339900 5 10
339900 9 69
340200 8 60
340200 8 9
340200 9 14
340500 8 9
340500 8 18
340800 1 5
340800 5 51
340800 10 69
340800 47 70
341100 3 5
341100 5 51
341100 5 10
341100 5 16
341100 16 47
341100 47 70
341400 5 51
341400 5 16
341400 8 25
341400 8 51
341400 8 16
341400 14 62
341400 14 16
341400 14 67
341400 16 47
341400 16 67
341700 14 67
341700 14 18
342000 10 14
342000 10 18
342000 14 18
342000 14 16
342000 62 70
342300 10 18
342300 10 14
342300 10 51
342300 14 18
342300 18 25
342300 52 55
342300 52 60
342600 5 55
342600 10 18
342600 10 51
342600 10 19
342600 14 18
342600 19 48
342600 51 52
342600 52 55
342600 52 60
342900 5 55
342900 5 36
342900 18 36
342900 19 36
342900 36 68
342900 52 55
342900 53 57
343200 5 36
343200 15 20
343200 18 36
343200 18 53
343200 19 36
343200 20 55
343200 20 49
343200 20 53
343200 20 29
343200 36 49
343200 49 58
343200 53 57
343500 14 20
343500 14 25
343500 15 20
343500 18 53
343500 20 49
343500 20 29
343500 20 53
343500 41 49
343500 49 58
343500 49 68
343800 2 47
343800 14 25
343800 15 20
343800 15 45
343800 15 53
343800 25 53
343800 47 53
343800 48 53
343800 53 57
344100 2 47
344100 2 33
344100 14 15
344100 15 45
344100 19 29
344100 30 33
344100 33 48
344100 33 47
344100 36 68
344100 58 68
344400 2 47
344400 2 33
344400 14 15
344400 15 45
344400 29 48
344400 30 33
344400 30 48
344400 33 48
344400 48 50
344400 48 57
344400 57 68
344400 57 58
344700 2 33
344700 2 47
344700 27 57
344700 28 33
344700 33 48
344700 48 57
344700 50 57
345000 47 61
345300 5 45
345300 5 59
345300 5 29
345300 10 16
345300 14 73
345300 54 58
345300 59 60
345600 5 45
345600 5 59
345600 5 29
345600 5 23
345600 5 54
345600 5 25
345600 10 42
345600 14 73
345600 27 54
345600 42 54
345600 48 50
345900 10 42
345900 10 16
345900 10 45
345900 10 54
345900 10 14
345900 15 45
345900 30 33
345900 30 48
345900 30 50
345900 42 54
346200 10 45
346200 10 14
346200 10 42
346200 10 54
346200 10 30
346200 15 45
346200 23 30
346200 23 58
346200 30 48
346200 30 56
346200 30 42
346200 33 56
346200 42 54
346500 10 16
346500 14 15
346500 14 21
346500 15 51
346500 15 21
346500 21 45
346500 23 58
346500 23 30
346500 51 57
346800 14 21
346800 14 15
346800 15 51
346800 15 21
346800 15 27
346800 15 36
346800 15 73
346800 15 23
346800 15 34
346800 51 57
346800 60 73
347100 5 45
347100 15 36
347100 27 44
347100 44 73
347100 44 50
347100 48 50
347100 50 73
347100 51 57
347400 4 44
347400 20 44
347400 27 44
347400 44 50
347400 50 73
347700 1 33
347700 5 20
347700 5 34
347700 27 73
347700 38 73
347700 42 73
347700 48 50
347700 50 73
347700 60 73
348000 1 33
348000 34 38
348000 42 63
348300 1 38
348300 5 20
348300 42 63
348300 58 74
348600 1 38
348600 5 74
348600 17 38
348600 17 63
348600 17 73
348600 33 73
348600 38 73
348600 42 73
348600 44 73
348600 60 73
