0 14 30
0 14 21
300 14 30
300 14 55
300 14 61
300 21 28
600 14 30
600 14 61
600 14 21
900 30 51
900 30 41
1200 22 54
1200 24 30
1200 24 28
1200 24 42
1200 30 51
1500 22 41
1500 24 28
1500 24 42
1500 24 30
1500 28 47
1500 41 51
1800 19 30
1800 22 30
1800 22 47
1800 22 24
1800 22 52
1800 24 30
1800 24 28
1800 24 47
1800 28 47
1800 30 51
1800 30 52
1800 47 52
2100 19 47
2100 22 47
2100 22 52
2100 22 24
2100 22 41
2100 24 47
2100 28 47
2100 28 32
2100 30 52
2100 32 52
2100 32 46
2100 47 52
2100 47 54
2100 47 53
2400 18 24
2400 22 30
2400 22 24
2400 24 47
2400 24 32
2400 28 32
2400 46 54
2700 1 52
2700 1 55
2700 24 28
2700 24 32
2700 28 67
2700 28 37
2700 30 52
3000 1 52
3000 22 30
3000 28 37
3000 36 37
3300 22 30
3300 22 32
3300 24 28
3300 28 37
3300 36 37
3300 36 52
3300 36 61
3300 36 67
3300 52 61
3600 24 28
3600 28 37
3600 28 67
3600 28 30
3600 36 61
3900 22 28
3900 22 32
3900 28 67
3900 32 67
3900 32 55
4200 30 45
4200 32 45
4500 7 30
4500 7 67
4500 7 66
4500 7 45
4500 30 45
4800 5 26
4800 6 26
4800 7 66
4800 7 45
5100 5 46
5100 7 66
5100 7 45
5100 24 31
5100 26 46
5100 31 46
5100 31 52
5100 46 52
5400 7 45
5400 7 66
5400 52 53
5700 0 46
5700 0 67
5700 0 53
5700 0 26
5700 5 26
5700 5 46
5700 7 66
5700 7 45
5700 26 52
5700 52 53
6000 0 53
6000 0 26
6000 7 66
6000 7 45
6000 22 50
6000 26 52
6000 39 53
6000 43 62
6000 43 52
6000 52 53
6300 0 53
6300 0 26
6300 7 66
6300 7 39
6300 7 26
6300 7 62
6300 7 67
6300 19 26
6300 22 50
6300 26 43
6300 39 53
6300 43 52
6300 43 62
6300 50 53
6600 5 71
6600 7 26
6600 7 39
6600 7 66
6600 26 43
6600 32 58
6600 32 52
6600 32 71
6600 32 67
6600 50 53
6600 58 71
6600 58 62
6600 62 67
6900 4 22
6900 5 64
6900 22 58
6900 22 39
6900 32 52
6900 32 67
6900 43 63
6900 45 60
6900 45 50
6900 52 56
6900 62 67
7200 6 39
7200 6 17
7200 6 50
7200 6 43
7200 6 58
7200 17 57
7200 17 58
7200 17 64
7200 17 50
7200 17 56
7200 17 39
7200 22 50
7200 22 58
7200 45 60
7200 52 56
7500 5 45
7500 6 39
7500 6 50
7500 7 66
7500 17 64
7500 17 39
7500 17 57
7500 17 56
7500 45 52
7500 50 56
7500 62 67
7800 6 39
7800 6 7
7800 7 43
7800 17 57
7800 17 56
7800 32 52
7800 52 56
8100 7 43
8100 32 62
8100 50 56
8100 52 56
8100 56 62
8400 6 16
8400 6 67
8400 59 67
8400 62 67
8700 6 16
8700 16 59
8700 29 67
8700 59 67
9000 33 48
9000 33 57
9300 16 38
9300 29 33
9600 16 67
9600 33 57
9600 41 42
9600 49 57
9900 23 55
9900 27 48
9900 41 42
9900 42 55
9900 48 73
9900 49 57
10200 0 19
10200 19 38
10200 23 55
10200 27 48
10200 29 48
10200 41 42
10200 56 73
10500 0 29
10500 0 42
10500 2 38
10500 2 10
10500 16 56
10500 27 48
10500 34 65
10500 41 42
10500 56 73
10500 57 65
10800 0 42
10800 0 29
10800 2 10
10800 23 55
10800 27 48
10800 29 65
10800 41 42
10800 42 56
10800 57 65
11100 0 42
11100 0 69
11100 0 55
11100 2 10
11100 16 56
11100 23 55
11100 23 56
11100 27 48
11100 29 48
11100 55 73
11100 55 69
11400 16 26
11400 23 56
11400 23 34
11400 27 48
11400 29 65
11400 29 56
11400 52 63
11400 55 73
11400 55 69
11400 55 56
11700 0 29
11700 0 14
11700 14 26
11700 29 65
11700 55 73
11700 55 69
11700 57 65
12000 0 29
12000 0 14
12000 0 48
12000 16 56
12000 29 73
12000 48 57
12000 52 56
12000 55 69
12300 0 48
12300 16 56
12300 23 57
12300 26 52
12300 27 48
12300 48 57
12300 52 56
12300 55 69
12300 55 57
12300 56 57
12300 56 73
12600 10 56
12600 16 56
12600 26 71
12600 26 55
12600 55 61
12600 56 73
12600 56 57
12600 57 65
12900 26 55
12900 26 71
12900 55 61
13200 0 53
13200 23 57
13200 55 61
13200 56 57
13500 23 65
13500 23 57
13500 23 29
13500 55 61
13500 57 62
13500 62 73
13800 0 62
13800 23 57
13800 23 65
13800 29 57
13800 49 62
13800 53 62
14100 23 53
14100 53 72
14100 57 73
14100 57 72
14100 58 72
14400 6 57
14400 55 57
14400 57 72
14700 4 55
14700 6 57
14700 23 53
14700 55 57
14700 57 73
15000 11 53
15000 23 53
15000 53 55
15000 53 61
15000 57 73
15300 11 53
15300 11 60
15300 25 57
15300 53 61
15300 57 73
15300 57 72
15600 11 53
15600 23 45
15600 23 72
15600 45 72
15600 57 72
15600 57 73
15900 23 45
15900 45 72
15900 45 57
15900 55 57
15900 57 60
16200 9 60
16200 23 45
16200 45 72
16200 45 57
16200 57 72
16200 57 60
16200 60 72
16500 0 30
16500 9 60
16500 23 45
16500 31 45
16500 45 72
16500 57 60
16500 57 72
16800 0 60
16800 0 23
16800 9 60
16800 23 45
16800 23 72
16800 23 55
16800 30 60
16800 55 57
16800 57 72
16800 60 72
17100 0 23
17100 13 25
17100 23 55
17100 23 72
17100 23 25
17100 25 33
17400 5 25
17700 5 25
17700 5 30
18000 5 30
18000 13 33
18300 13 33
18300 25 29
18300 30 51
18600 5 30
18600 13 51
18600 25 29
18900 13 51
18900 30 51
19200 13 51
19500 6 51
19800 6 51
19800 13 50
19800 36 50
20100 13 42
20100 25 39
20400 13 26
20400 26 42
20700 13 42
20700 26 42
20700 26 59
20700 36 42
20700 42 59
21000 13 42
21000 13 26
21000 21 25
21000 26 59
21000 36 42
21000 36 69
21300 13 42
21300 25 74
21600 23 69
21600 25 59
21600 25 26
21600 36 42
21600 42 59
21900 6 26
21900 6 23
21900 6 19
21900 25 59
21900 25 36
22200 6 23
22200 23 35
22200 36 53
22200 36 42
22200 53 74
22500 23 26
22500 26 48
22500 36 53
22500 36 42
22500 48 59
22800 19 59
22800 23 55
22800 25 59
22800 26 48
22800 33 55
22800 59 74
23100 23 55
23100 25 59
23100 26 48
23100 26 53
23100 30 55
23100 30 48
23100 33 55
23100 59 74
23400 0 53
23400 23 26
23400 25 30
23400 26 53
23400 30 48
23400 30 55
23700 4 48
24000 10 23
24000 23 25
24300 23 26
24300 26 53
24300 30 55
24600 4 7
24600 7 27
24600 26 53
24600 27 34
24600 30 55
24900 10 23
24900 22 23
24900 23 25
24900 25 26
25200 4 26
25200 4 25
25200 23 25
25200 25 26
25200 27 34
25200 27 60
25500 26 60
25500 27 34
25500 27 49
25800 26 60
25800 26 34
26100 21 34
26700 30 35
26700 34 71
27000 21 34
27000 34 71
27600 34 42
28200 24 34
28500 34 49
28800 4 34
29100 32 49
29400 34 64
29400 55 64
29700 34 64
29700 55 64
30000 34 64
35400 3 9
35400 15 55
35700 3 15
35700 9 35
35700 15 55
36000 9 15
36000 15 55
36000 33 72
36300 9 72
36300 15 55
36300 55 72
36600 9 68
36600 16 72
51300 42 70
60600 57 72
61800 15 54
62100 21 54
62400 21 64
62700 21 64
62700 45 67
63000 5 29
63000 21 64
63300 29 45
63600 21 50
63600 50 67
63900 1 64
63900 15 67
63900 29 45
64200 4 45
64200 11 64
64200 29 45
64500 4 45
64500 15 67
64800 4 45
64800 5 67
64800 11 45
64800 15 67
64800 29 45
65100 4 45
65100 5 67
65100 15 67
65100 69 72
65400 15 67
65400 15 69
65700 5 67
65700 15 69
65700 29 45
65700 45 57
65700 45 69
66000 0 69
66000 0 58
66000 0 45
66000 0 38
66000 5 67
66000 15 69
66300 0 45
66300 0 69
66300 0 15
66300 15 33
66300 30 45
66300 42 67
66300 66 69
66600 0 15
66600 0 45
66600 15 33
66600 30 45
66600 66 69
66900 0 45
66900 14 26
66900 30 45
67200 30 45
67200 45 48
67200 66 69
67500 30 45
67500 38 62
67500 45 48
67500 62 66
67500 66 69
67800 38 62
67800 45 48
67800 48 69
67800 66 69
68100 31 48
68100 31 66
68100 48 69
68100 66 69
68400 31 48
68400 31 66
68700 31 66
68700 38 62
69000 31 62
69300 62 72
69600 24 62
69600 47 62
69600 66 72
69900 24 62
69900 47 61
69900 62 72
70200 62 72
70800 29 39
71100 17 51
72000 9 73
72000 9 60
72900 35 73
72900 35 61
73200 16 42
73200 35 73
73500 16 45
73500 35 45
73500 45 61
73500 45 51
73800 16 45
73800 16 40
73800 30 46
73800 45 51
74100 11 70
74100 16 45
74100 30 62
74100 45 51
74400 1 50
74400 1 4
74400 1 9
74400 1 71
74400 45 51
74400 45 60
74400 50 61
74700 1 25
74700 9 62
74700 12 68
74700 23 71
74700 45 51
74700 50 61
74700 68 71
75000 1 25
75000 1 50
75000 1 55
75000 9 62
75000 12 68
75000 15 23
75000 23 71
75000 39 67
75000 50 61
75000 58 70
75000 65 70
75000 68 71
75300 1 9
75300 1 25
75300 1 4
75300 1 50
75300 1 58
75300 8 58
75300 8 61
75300 9 62
75300 12 68
75300 15 61
75300 25 58
75300 39 58
75300 50 61
75300 58 70
75600 8 58
75600 8 17
75600 9 62
75600 12 68
75600 17 31
75600 17 61
75600 25 58
75600 50 61
75600 57 61
75600 63 69
75600 68 71
75900 1 50
75900 1 62
75900 1 63
75900 1 61
75900 8 58
75900 12 68
75900 13 32
75900 15 61
75900 17 61
75900 23 67
75900 32 62
75900 38 63
75900 50 61
75900 61 63
76200 0 41
76200 0 38
76200 0 28
76200 0 62
76200 0 23
76200 1 50
76200 1 62
76200 12 68
76200 17 28
76200 17 36
76200 23 67
76200 28 32
76200 32 62
76200 38 49
76200 38 63
76200 38 62
76200 50 61
76200 62 73
76200 63 69
76500 0 41
76500 0 28
76500 0 38
76500 0 62
76500 1 62
76500 1 69
76500 1 20
76500 12 68
76500 12 23
76500 14 28
76500 14 36
76500 17 61
76500 17 31
76500 17 71
76500 17 38
76500 28 32
76500 32 62
76500 38 63
76500 38 49
76500 41 71
76500 63 69
76500 68 71
76800 0 38
76800 0 41
76800 0 62
76800 1 63
76800 1 17
76800 1 23
76800 12 68
76800 12 23
76800 14 28
76800 15 20
76800 17 28
76800 17 36
76800 17 23
76800 17 41
76800 23 41
76800 32 62
76800 38 49
76800 41 71
76800 62 71
76800 68 71
77100 1 63
77100 1 23
77100 1 36
77100 1 41
77100 10 38
77100 10 20
77100 12 68
77100 12 23
77100 12 43
77100 14 28
77100 17 23
77100 21 70
77100 23 41
77100 32 62
77100 36 43
77100 36 38
77100 41 71
77100 42 70
77100 62 73
77100 68 71
77400 10 20
77400 10 38
77400 12 28
77400 12 21
77400 14 28
77400 14 62
77400 14 43
77400 15 28
77400 15 50
77400 21 70
77400 21 38
77400 28 73
77400 31 71
77400 32 62
77400 36 43
77400 38 65
77400 41 71
77400 41 50
77400 43 68
77400 65 69
77400 68 71
77400 68 73
77700 1 23
77700 1 63
77700 1 62
77700 4 38
77700 12 23
77700 12 68
77700 12 21
77700 15 50
77700 15 31
77700 21 38
77700 21 31
77700 21 68
77700 23 41
77700 23 68
77700 23 71
77700 23 57
77700 31 71
77700 32 62
77700 36 43
77700 38 65
77700 41 50
77700 43 68
77700 57 68
77700 62 68
77700 68 71
77700 68 73
78000 1 63
78000 1 62
78000 1 36
78000 4 38
78000 14 43
78000 14 32
78000 14 57
78000 14 31
78000 15 50
78000 17 31
78000 17 62
78000 21 38
78000 28 32
78000 31 70
78000 32 63
78000 32 38
78000 32 59
78000 38 65
78000 41 50
78000 41 71
78000 68 73
78300 1 63
78300 4 38
78300 4 62
78300 4 54
78300 4 32
78300 4 13
78300 4 33
78300 4 12
78300 12 28
78300 12 33
78300 12 36
78300 13 57
78300 14 57
78300 14 31
78300 14 32
78300 15 50
78300 15 36
78300 17 62
78300 17 31
78300 17 32
78300 18 57
78300 18 32
78300 27 62
78300 28 65
78300 28 32
78300 31 33
78300 33 54
78300 33 65
78300 41 50
78300 68 73
78600 1 68
78600 4 62
78600 4 13
78600 4 33
78600 4 54
78600 4 32
78600 4 12
78600 4 73
78600 4 28
78600 13 57
78600 14 57
78600 15 36
78600 17 62
78600 17 32
78600 17 18
78600 18 57
78600 18 54
78600 21 68
78600 23 68
78600 27 62
78600 28 73
78600 31 33
78600 33 54
78600 33 65
78600 33 36
78600 33 73
78600 38 73
78600 38 59
78600 43 68
78600 54 68
78600 68 71
78600 68 73
78900 1 68
78900 1 62
78900 4 73
78900 4 33
78900 10 73
78900 12 62
78900 13 57
78900 14 57
78900 14 73
78900 14 63
78900 17 62
78900 17 18
78900 18 49
78900 21 68
78900 23 68
78900 23 38
78900 23 57
78900 28 73
78900 29 74
78900 32 38
78900 33 65
78900 33 54
78900 33 73
78900 33 58
78900 38 73
78900 38 65
78900 38 68
78900 38 70
78900 38 59
78900 43 68
78900 43 58
78900 43 59
78900 54 68
78900 59 63
78900 59 73
78900 68 71
79200 4 62
79200 8 18
79200 10 73
79200 10 43
79200 12 62
79200 12 33
79200 12 70
79200 13 70
79200 14 63
79200 14 32
79200 14 49
79200 17 18
79200 18 49
79200 18 71
79200 27 62
79200 28 65
79200 29 74
79200 31 43
79200 33 54
79200 33 65
79200 35 41
79200 43 59
79200 43 58
79200 59 63
79500 4 33
79500 4 62
79500 8 18
79500 10 13
79500 10 70
79500 10 71
79500 12 70
79500 12 14
79500 12 33
79500 13 70
79500 14 32
79500 17 62
79500 17 49
79500 18 49
79500 23 33
79500 27 71
79500 33 73
79500 35 70
79500 43 58
79500 59 63
79800 1 68
79800 1 62
79800 4 62
79800 10 12
79800 10 39
79800 10 49
79800 13 70
79800 14 49
79800 14 32
79800 15 55
79800 17 49
79800 18 49
79800 23 57
79800 23 40
79800 27 71
79800 27 62
79800 27 55
79800 39 55
80100 1 68
80100 1 63
80100 1 55
80100 1 57
80100 4 23
80100 4 63
80100 8 18
80100 10 49
80100 12 32
80100 13 39
80100 14 49
80100 14 63
80100 15 55
80100 17 49
80100 27 55
80100 27 71
80100 27 62
80100 32 59
80100 32 74
80100 32 39
80100 33 54
80100 39 55
80100 55 74
80400 1 57
80400 4 23
80400 4 15
80400 4 12
80400 12 33
80400 12 32
80400 13 39
80400 13 42
80400 13 68
80400 15 55
80400 15 42
80400 17 23
80400 23 57
80400 23 40
80400 23 32
80400 27 62
80400 27 71
80400 27 42
80400 27 39
80400 32 46
80400 32 33
80400 32 54
80700 1 68
80700 1 70
80700 13 42
80700 14 54
80700 14 57
80700 15 55
80700 15 40
80700 17 40
80700 17 28
80700 23 40
80700 27 71
80700 27 42
80700 33 35
80700 35 40
80700 35 57
80700 35 55
80700 40 68
80700 54 55
80700 54 62
81000 1 70
81000 1 12
81000 1 4
81000 4 28
81000 4 17
81000 12 32
81000 12 33
81000 12 15
81000 12 40
81000 12 35
81000 13 42
81000 14 57
81000 14 40
81000 14 17
81000 15 40
81000 17 28
81000 23 55
81000 27 42
81000 28 62
81000 29 39
81000 32 33
81000 32 54
81000 33 70
81000 35 40
81000 35 55
81000 40 69
81000 54 62
81300 1 4
81300 1 12
81300 1 13
81300 1 55
81300 1 70
81300 1 17
81300 4 23
81300 4 15
81300 13 39
81300 14 17
81300 15 42
81300 15 35
81300 17 28
81300 17 35
81300 17 24
81300 23 32
81300 23 57
81300 23 28
81300 23 70
81300 23 71
81300 23 35
81300 27 71
81300 27 42
81300 28 62
81300 29 39
81300 33 70
81300 35 69
81300 35 70
81600 4 23
81600 4 15
81600 7 43
81600 12 22
81600 12 61
81600 14 17
81600 15 55
81600 17 24
81600 22 61
81600 23 57
81600 23 71
81600 23 70
81600 23 35
81600 23 32
81600 23 28
81600 23 61
81600 24 61
81600 27 71
81600 27 42
81600 27 61
81600 28 54
81600 32 61
81600 43 61
81600 43 57
81600 55 58
81600 57 61
81600 61 70
81900 1 12
81900 1 4
81900 2 32
81900 2 61
81900 2 4
81900 4 15
81900 7 22
81900 12 32
81900 12 35
81900 12 40
81900 12 22
81900 12 61
81900 12 33
81900 12 27
81900 14 57
81900 14 27
81900 15 35
81900 15 42
81900 15 40
81900 15 27
81900 17 42
81900 22 61
81900 24 61
81900 27 61
81900 27 71
81900 27 40
81900 32 54
81900 32 61
82200 1 12
82200 2 32
82200 2 4
82200 2 61
82200 2 28
82200 2 54
82200 12 35
82200 15 27
82200 23 35
82200 24 32
82200 25 70
82200 29 54
82200 32 61
82200 32 54
82200 32 69
82200 32 70
82200 33 70
82200 40 70
82200 64 70
82500 12 27
82500 14 27
82500 14 57
82500 14 35
82500 14 28
82500 15 35
82500 15 42
82500 15 40
82500 15 70
82500 17 46
82500 25 70
82500 27 70
82500 28 54
82500 28 35
82500 28 70
82500 28 69
82500 29 70
82500 35 46
82500 40 71
82500 46 70
82500 61 70
82500 64 70
82500 70 74
82800 2 54
82800 2 17
82800 7 26
82800 7 46
82800 11 57
82800 12 40
82800 14 28
82800 15 42
82800 15 70
82800 15 40
82800 17 46
82800 22 61
82800 22 54
82800 24 61
82800 28 70
82800 40 61
82800 45 69
82800 61 68
82800 61 69
82800 61 64
83100 1 12
83100 1 37
83100 2 12
83100 2 43
83100 2 46
83100 7 46
83100 11 40
83100 11 43
83100 12 35
83100 14 57
83100 14 28
83100 25 70
83100 25 43
83100 29 54
83100 32 54
83100 37 46
83100 37 42
83100 40 71
83100 40 62
83100 40 57
83100 40 46
83100 43 64
83100 43 57
83100 46 54
83100 46 64
83100 46 69
83100 57 62
83100 62 64
83400 1 37
83400 1 17
83400 1 27
83400 2 43
83400 2 46
83400 2 54
83400 2 17
83400 7 46
83400 11 28
83400 12 27
83400 14 28
83400 14 35
83400 17 35
83400 25 43
83400 25 69
83400 26 27
83400 27 37
83400 27 42
83400 27 62
83400 27 32
83400 27 57
83400 27 41
83400 37 46
83400 37 42
83400 37 52
83400 42 54
83400 43 57
83400 46 69
83400 46 54
83400 46 64
83700 1 37
83700 8 37
83700 12 24
83700 17 35
83700 17 24
83700 23 64
83700 25 69
83700 27 37
83700 27 62
83700 37 42
83700 37 52
83700 41 42
84000 7 72
84000 8 37
84000 8 62
84000 17 24
84000 23 64
84000 32 40
84000 40 62
84000 40 46
84000 40 57
84300 1 37
84300 2 32
84300 7 40
84300 8 62
84300 8 37
84300 26 46
84300 32 40
84300 32 72
84300 32 41
84300 32 62
84300 35 41
84300 37 46
84300 40 62
84300 40 57
84300 40 46
84300 40 64
84300 41 72
84300 46 64
84600 2 13
84600 6 17
84600 8 37
84600 13 46
84600 13 32
84600 23 26
84600 26 35
84600 26 37
84600 27 37
84600 27 62
84600 27 64
84600 27 46
84600 32 72
84600 37 46
84600 40 57
84600 41 46
84600 46 64
84900 2 13
84900 2 63
84900 6 17
84900 13 46
84900 13 32
84900 17 57
84900 23 49
84900 24 27
84900 27 64
84900 27 37
84900 27 62
84900 27 57
84900 27 63
84900 37 46
84900 41 46
84900 46 64
85200 2 13
85200 12 13
85200 13 46
85200 13 27
85200 13 62
85200 17 57
85200 17 70
85200 17 41
85200 17 26
85200 26 37
85200 26 35
85200 26 27
85200 27 57
85200 27 63
85200 27 64
85200 27 62
85200 32 72
85200 35 62
85200 41 71
85500 3 12
85500 12 71
85500 12 53
85500 13 27
85500 17 41
85500 24 27
85500 26 27
85500 27 64
85500 27 62
85500 27 41
85500 27 44
85500 32 72
85500 41 71
85500 42 74
85800 10 70
85800 17 43
85800 26 43
85800 32 72
85800 32 35
85800 32 53
85800 35 43
85800 41 71
85800 41 46
85800 41 53
85800 43 60
85800 43 70
85800 60 74
85800 60 70
85800 62 70
86100 2 17
86100 2 59
86100 3 42
86100 12 60
86100 17 43
86100 26 59
86100 32 35
86100 32 53
86100 32 43
86100 35 43
86100 42 60
86100 43 60
86100 47 49
86100 60 70
86100 62 70
86400 2 59
86400 2 17
86400 2 74
86400 3 43
86400 3 23
86400 3 49
86400 12 59
86400 26 59
86400 26 27
86400 26 42
86400 32 53
86400 42 60
86400 67 73
86700 3 43
86700 3 49
86700 3 42
86700 8 26
86700 10 42
86700 10 36
86700 22 32
86700 22 42
86700 22 70
86700 23 36
86700 26 27
86700 41 46
86700 41 71
86700 41 53
86700 41 70
86700 43 70
87000 2 74
87000 3 43
87000 3 36
87000 12 59
87000 15 60
87000 26 60
87000 26 49
87000 32 43
87000 32 35
87000 32 49
87000 41 70
87000 41 53
87000 41 71
87000 41 66
87000 43 70
87000 43 49
87000 60 70
87300 2 74
87300 2 32
87300 15 60
87300 22 70
87300 26 60
87300 27 70
87300 27 73
87300 32 43
87300 41 66
87300 41 70
87300 41 42
87300 43 70
87300 60 70
87600 10 60
87600 15 60
87600 22 32
87600 32 43
87600 35 42
87600 42 73
87600 42 60
87600 42 49
87600 60 70
87900 1 15
87900 2 32
87900 3 36
87900 15 42
87900 15 39
87900 15 49
87900 26 49
87900 32 49
87900 32 35
87900 41 71
87900 42 73
87900 42 49
87900 49 57
88200 3 36
88200 3 11
88200 3 39
88200 3 27
88200 3 41
88200 11 41
88200 15 39
88200 15 41
88200 36 42
88200 36 67
88200 39 41
88500 3 11
88500 3 27
88500 16 41
88500 24 32
88500 24 59
88500 41 70
88500 67 70
88800 1 14
88800 3 11
88800 3 39
88800 3 41
88800 3 32
88800 11 35
88800 32 42
89100 1 14
89100 1 17
89100 3 32
89100 11 35
89100 11 24
89100 11 29
89100 24 59
89100 29 60
89100 41 70
89400 1 17
89400 17 32
89400 24 59
89400 24 32
89400 32 35
89400 32 60
89400 37 40
89400 41 70
89700 1 17
89700 6 27
89700 11 29
89700 24 60
89700 29 60
90000 1 17
90000 3 32
90000 15 50
90000 24 32
90000 32 69
90000 37 49
90000 37 50
90000 50 69
90300 1 17
90300 3 32
90300 3 50
90300 11 29
90300 15 50
90300 24 32
90300 32 50
90600 1 17
90600 1 6
90600 6 54
90600 32 50
90600 37 49
90900 24 71
90900 31 45
90900 45 71
90900 45 55
90900 55 71
90900 69 71
91200 1 34
91200 3 50
91200 3 23
91200 3 47
91200 3 24
91200 23 24
91200 23 34
91200 23 47
91200 24 71
91200 34 47
91200 45 71
91200 45 55
91200 55 71
91500 3 24
91500 3 50
91500 3 47
91500 31 45
91500 45 55
91500 45 71
91500 50 72
91800 3 24
91800 32 71
91800 34 72
91800 44 47
92100 3 32
92100 21 44
92100 44 47
92100 47 59
92100 59 71
92400 28 56
92400 28 32
92400 34 50
92400 34 59
92400 43 55
92400 47 59
92700 28 32
92700 34 50
92700 34 59
92700 34 47
92700 43 55
92700 47 59
93000 28 47
93000 28 74
93000 34 50
93300 28 34
93300 34 50
93300 40 47
93600 12 34
93600 12 55
93600 28 32
93600 32 34
93900 8 73
93900 12 28
93900 26 68
93900 32 37
93900 42 68
93900 47 73
93900 60 73
93900 68 73
94200 23 29
94200 23 68
94200 26 68
94200 29 50
94200 29 33
94200 33 47
94200 36 47
94200 42 68
94200 47 73
94200 68 73
94500 2 73
94500 2 37
94500 12 20
94500 17 33
94500 20 33
94500 23 68
94500 23 29
94500 25 33
94500 26 68
94500 33 68
94500 47 73
94800 2 73
94800 12 28
94800 12 17
94800 17 29
94800 17 28
94800 29 50
94800 33 68
94800 37 73
94800 68 73
95100 2 73
95100 12 17
95100 12 20
95100 20 50
95100 23 29
95100 23 50
95400 2 73
95400 17 33
95400 20 50
95400 20 47
95400 23 50
95700 2 73
95700 5 12
95700 12 17
95700 17 33
95700 17 50
95700 20 50
95700 23 50
95700 26 50
96000 2 73
96000 17 50
96000 20 50
96000 20 51
96000 26 50
96000 26 47
96000 47 50
96300 20 50
96300 50 66
96300 56 66
96600 2 62
96600 16 62
96600 20 51
96600 20 62
96600 26 47
96600 47 50
96600 50 66
96600 50 62
96600 56 66
96900 2 62
96900 2 47
96900 7 51
96900 7 26
96900 16 62
96900 17 51
96900 20 62
96900 47 50
96900 47 66
96900 51 66
96900 56 66
97200 2 47
97200 7 51
97200 7 26
97200 51 66
97500 7 51
97500 16 62
97500 17 51
97500 18 51
97500 18 42
97500 20 62
97500 51 66
97800 16 18
97800 17 51
97800 18 34
97800 18 20
97800 20 62
97800 47 66
97800 51 66
97800 51 71
98100 5 7
98100 5 20
98100 20 62
98100 20 71
98100 20 66
98100 34 71
98100 47 71
98100 47 56
98100 51 71
98400 5 7
98400 20 71
98400 20 62
98400 24 72
98400 34 71
98400 47 71
98400 51 62
98400 62 74
98700 6 62
98700 6 64
98700 20 66
98700 27 74
98700 34 71
98700 47 71
98700 47 66
98700 47 64
98700 62 74
99000 1 74
99000 5 74
99000 5 24
99000 6 62
99000 6 64
99000 20 71
99000 33 74
99000 66 74
99000 71 74
99300 1 74
99300 5 74
99300 5 24
99300 6 62
99300 6 64
99300 7 27
99300 20 66
99300 33 74
99300 47 71
99300 47 66
99300 62 74
99300 71 74
99600 5 24
99600 5 27
99600 5 65
99600 6 64
99600 7 27
99600 27 71
99600 33 74
99600 47 66
99600 71 74
99900 5 20
99900 6 64
99900 16 71
99900 24 27
99900 27 71
99900 33 74
99900 47 66
99900 54 64
100200 16 47
100200 16 64
100200 24 47
100200 33 74
100200 38 47
100200 47 66
100200 54 64
100500 5 20
100500 6 64
100500 19 43
100500 19 24
100500 33 74
100500 38 47
100500 38 43
100500 43 49
100500 47 66
100500 54 64
100500 71 74
100800 5 20
100800 6 64
100800 16 64
100800 21 38
100800 24 38
100800 38 73
100800 47 66
100800 55 73
100800 55 66
101100 3 16
101100 5 20
101100 5 16
101100 6 64
101100 16 24
101100 19 24
101100 38 73
101100 55 73
101400 5 20
101400 5 24
101400 19 43
101400 19 24
101400 20 47
101400 20 74
101400 24 73
101400 47 73
101400 55 73
101400 73 74
101700 5 43
101700 19 43
101700 41 74
101700 47 74
101700 55 73
102000 0 44
102000 20 47
102000 41 74
102000 41 43
102000 44 55
102000 44 74
102000 47 73
102000 47 74
102000 55 73
102300 0 44
102300 7 41
102300 19 70
102300 20 47
102300 41 43
102300 44 74
102300 47 73
102300 55 73
102600 0 44
102600 7 38
102600 19 70
102600 19 43
102600 19 47
102600 20 47
102600 20 38
102600 38 70
102600 44 74
102600 47 73
102900 7 38
102900 7 44
102900 7 70
102900 19 70
102900 19 47
102900 20 38
102900 20 47
102900 44 74
102900 47 73
103200 7 44
103200 14 44
103200 19 74
103200 20 47
103200 20 70
103200 44 74
103200 44 47
103200 47 73
103200 73 74
103500 7 44
103500 7 57
103500 20 70
103500 38 70
103500 38 51
103500 47 73
103500 57 70
103800 0 57
103800 2 57
103800 7 57
103800 7 44
103800 19 74
103800 20 70
103800 38 51
103800 44 70
103800 57 70
104100 0 57
104100 0 7
104100 2 57
104100 7 57
104100 57 70
104400 0 7
104400 0 57
104400 51 73
104700 0 7
104700 13 58
104700 20 22
104700 57 70
105000 0 7
105000 20 22
105000 70 73
105300 0 7
105300 2 49
105300 20 22
105300 40 70
105300 49 70
105600 2 49
105600 16 70
105900 0 10
105900 0 73
105900 10 16
106200 0 10
106200 0 70
106200 0 44
106200 0 41
106200 10 16
106500 0 41
106500 16 46
106500 41 70
106800 0 65
106800 10 16
106800 25 43
106800 41 70
106800 42 70
106800 56 70
107100 6 56
107100 10 16
107100 41 70
107400 6 56
107400 8 53
107400 20 65
107400 46 70
107700 10 16
107700 10 55
107700 13 20
107700 16 31
107700 20 65
107700 31 65
107700 41 70
108000 10 55
108000 10 16
108000 20 69
108000 41 59
108000 41 56
108300 16 31
108300 20 31
108300 41 56
108300 46 70
108300 56 70
108600 10 55
108600 13 20
108600 13 70
108600 18 20
108600 41 56
108600 41 70
108600 43 69
108900 10 55
108900 10 69
108900 13 20
108900 16 73
108900 16 69
108900 41 70
109200 16 73
109200 16 69
109200 43 63
109500 10 69
109500 10 43
109500 13 20
109500 41 56
109500 56 69
109800 10 43
109800 10 69
109800 41 56
110100 16 69
110100 20 41
110100 41 56
110100 41 63
110100 56 69
110400 16 33
110400 33 41
110400 41 63
110400 56 69
110700 10 16
110700 10 63
110700 16 33
110700 43 63
111000 10 63
111000 16 57
111000 20 41
111000 20 66
111000 41 63
111000 41 69
111300 16 41
111300 20 66
111300 20 41
111300 41 69
111300 43 69
111600 1 7
111600 1 43
111600 7 61
111600 7 43
111600 16 41
111600 33 66
111900 1 7
111900 1 43
111900 7 61
111900 7 43
111900 7 31
111900 16 41
112200 1 7
112200 7 31
112200 7 18
112200 18 66
112200 18 61
112200 61 66
112500 5 23
112500 7 18
112500 16 41
112500 18 66
112500 18 61
112800 5 23
112800 59 66
113100 5 23
113100 7 17
113100 17 39
113100 59 66
113400 1 66
113400 5 23
113400 5 27
113700 1 23
113700 5 23
113700 5 66
114000 1 23
114300 1 6
114600 1 38
115500 59 65
116700 34 52
117000 34 52
117900 33 59
118200 33 59
121800 22 46
122100 8 22
123000 5 44
123300 5 44
124800 13 29
145200 45 51
145500 45 57
146400 25 35
146700 25 35
147300 25 35
148500 6 41
149400 23 61
149400 26 57
149400 26 40
149700 23 61
149700 26 61
150000 26 61
150000 26 40
150300 23 61
150600 7 61
150900 0 26
151800 8 69
152700 13 55
152700 55 66
153000 55 66
153300 55 66
153600 31 55
153900 36 43
153900 36 48
154200 9 55
154200 36 43
154200 36 48
154500 9 42
154500 31 42
154500 36 43
154500 36 48
154800 0 28
154800 8 9
154800 9 42
154800 9 28
154800 36 48
154800 36 43
155100 9 28
155100 9 42
155100 9 41
155100 15 41
155100 36 43
155100 36 48
155100 48 55
155400 36 48
155400 36 43
155400 36 69
155400 48 55
155700 9 28
155700 9 46
155700 36 69
155700 36 43
155700 36 48
155700 36 46
155700 48 55
156000 9 46
156000 9 39
156000 46 48
156000 48 55
156300 9 28
156300 46 48
156300 48 55
156600 8 10
156600 36 48
156900 8 10
156900 13 29
156900 13 36
157200 2 46
157200 13 29
157200 13 36
157200 36 64
157200 54 73
157500 2 13
157500 2 54
157500 13 29
157500 13 36
157800 2 13
157800 2 44
157800 13 29
157800 13 36
157800 44 54
158100 2 44
158100 2 69
158100 2 43
158100 2 54
158100 13 29
158100 13 36
158100 13 44
158100 27 43
158100 36 69
158100 43 44
158100 44 56
158100 44 54
158400 2 13
158400 13 36
158400 36 69
158400 36 70
158400 39 70
158400 44 56
158400 69 70
158700 26 39
158700 36 69
158700 36 70
158700 39 54
158700 69 70
158700 69 73
159000 2 39
159000 26 39
159000 34 62
159000 36 70
159000 39 65
159000 69 70
159000 69 73
159300 2 39
159300 10 39
159300 10 62
159300 34 62
159300 36 70
159300 39 54
159300 39 62
159600 0 14
159600 10 62
159600 10 14
159600 14 34
159600 34 62
159600 36 70
159600 36 68
159600 36 63
159600 39 62
159600 69 73
159900 0 14
159900 0 54
159900 0 69
159900 0 43
159900 10 62
159900 12 54
159900 14 34
159900 14 43
159900 34 62
159900 36 70
159900 39 62
159900 43 54
159900 62 63
160200 0 54
160200 0 43
160200 0 14
160200 0 69
160200 0 16
160200 7 39
160200 10 62
160200 10 39
160200 12 54
160200 13 43
160200 14 34
160200 14 39
160200 34 62
160200 34 54
160200 39 62
160200 43 54
160200 43 62
160200 54 62
160500 0 14
160500 0 69
160500 7 39
160500 10 39
160500 13 43
160500 14 34
160500 14 68
160500 14 39
160500 16 60
160500 34 62
160500 34 54
160500 39 62
160500 60 62
160500 69 73
160800 0 43
160800 0 69
160800 0 14
160800 0 46
160800 0 60
160800 7 39
160800 10 39
160800 12 60
160800 13 43
160800 13 60
160800 14 39
160800 14 68
160800 14 34
160800 14 73
160800 14 60
160800 43 62
161100 0 14
161100 0 69
161100 3 34
161100 7 39
161100 8 26
161100 8 30
161100 8 42
161100 10 39
161100 13 43
161100 14 39
161100 14 68
161100 14 34
161100 16 26
161100 30 54
161100 34 39
161100 34 42
161100 39 68
161100 39 74
161100 43 54
161400 8 26
161400 8 30
161400 8 42
161400 12 60
161400 13 43
161400 14 68
161400 14 60
161400 14 34
161400 16 26
161400 19 27
161400 30 54
161400 30 43
161400 34 62
161400 34 54
161400 43 54
161400 60 62
161700 0 43
161700 8 26
161700 13 43
161700 13 30
161700 13 65
161700 16 26
161700 19 27
161700 30 43
161700 34 62
161700 53 72
161700 54 65
162000 3 34
162000 3 74
162000 3 16
162000 8 26
162000 13 43
162000 13 65
162000 14 68
162000 16 26
162000 16 54
162000 19 27
162000 19 54
162000 30 43
162000 43 54
162000 53 57
162300 3 34
162300 8 30
162300 10 34
162300 10 14
162300 13 30
162300 13 43
162300 14 68
162300 16 44
162300 19 27
162300 34 62
162300 34 44
162300 44 56
162600 3 34
162600 3 69
162600 3 56
162600 10 13
162600 13 65
162600 13 30
162600 13 43
162600 14 68
162600 19 27
162600 31 56
162600 34 56
162900 2 56
162900 2 3
162900 3 56
162900 3 34
162900 3 8
162900 10 13
162900 13 43
162900 13 65
162900 14 68
162900 19 27
162900 21 69
162900 34 56
163200 2 3
163200 3 34
163200 3 68
163200 14 68
163200 16 21
163200 19 27
163200 21 68
163200 27 68
163200 30 43
163200 30 68
163200 31 56
163200 34 56
163200 44 68
163500 2 3
163500 3 68
163500 3 34
163500 3 56
163500 13 43
163500 14 34
163500 16 31
163500 19 27
163500 19 34
163500 30 68
163500 30 56
163500 31 56
163500 34 56
163500 34 72
163500 44 68
163800 2 3
163800 2 12
163800 3 56
163800 12 44
163800 13 43
163800 13 14
163800 14 44
163800 19 27
163800 19 34
163800 29 31
163800 29 44
163800 30 43
163800 31 56
163800 31 43
163800 31 44
163800 34 72
163800 34 44
163800 44 72
164100 2 12
164100 2 31
164100 10 53
164100 12 44
164100 13 14
164100 13 43
164100 13 52
164100 13 72
164100 13 31
164100 14 44
164100 14 53
164100 15 31
164100 19 27
164100 29 44
164100 29 31
164100 29 72
164100 30 43
164100 30 72
164100 31 56
164100 31 43
164100 31 52
164100 31 72
164100 34 72
164100 44 72
164400 2 12
164400 2 53
164400 3 72
164400 10 53
164400 10 63
164400 10 52
164400 13 14
164400 13 43
164400 14 53
164400 14 27
164400 19 27
164400 19 34
164400 19 37
164400 29 72
164400 30 43
164400 30 72
164400 34 63
164400 37 68
164400 43 72
164700 0 19
164700 2 12
164700 2 3
164700 3 72
164700 10 53
164700 10 52
164700 10 19
164700 10 49
164700 11 19
164700 14 27
164700 14 53
164700 19 37
164700 19 27
164700 19 34
164700 34 63
164700 37 68
164700 57 68
165000 2 12
165000 2 55
165000 3 72
165000 10 49
165000 10 53
165000 10 19
165000 10 12
165000 11 19
165000 12 19
165000 14 27
165000 14 30
165000 19 27
165000 19 34
165000 19 37
165000 19 55
165000 55 63
165300 0 57
165300 0 11
165300 0 62
165300 2 12
165300 2 31
165300 3 72
165300 10 12
165300 11 19
165300 11 73
165300 11 63
165300 11 12
165300 12 49
165300 12 57
165300 12 15
165300 14 53
165300 14 30
165300 19 37
165600 0 57
165600 2 30
165600 3 33
165600 11 73
165600 11 12
165600 11 33
165600 11 68
165600 12 57
165600 12 15
165600 12 49
165600 12 44
165600 12 72
165600 15 33
165600 23 56
165600 26 27
165600 33 57
165900 0 57
165900 2 55
165900 2 30
165900 3 33
165900 11 12
165900 12 44
165900 12 72
165900 13 33
165900 23 56
165900 23 30
165900 26 55
165900 30 55
165900 33 57
165900 33 55
165900 34 55
165900 44 55
165900 55 62
165900 55 56
166200 0 57
166200 0 62
166200 2 30
166200 2 27
166200 3 33
166200 12 49
166200 23 30
166200 26 27
166200 27 34
166200 27 61
166200 30 72
166200 30 49
166200 33 57
166200 57 61
166500 0 57
166500 0 3
166500 3 61
166500 3 30
166500 11 12
166500 21 30
166500 21 34
166500 26 27
166500 27 61
166500 30 72
166500 30 49
166500 30 55
166500 30 34
166500 57 61
166500 61 72
166800 0 57
166800 0 3
166800 0 62
166800 2 27
166800 3 60
166800 9 23
166800 21 34
166800 21 69
166800 23 45
166800 27 34
166800 30 72
166800 34 61
166800 57 61
167100 0 57
167100 0 9
167100 0 21
167100 2 27
167100 3 26
167100 3 23
167100 3 9
167100 9 29
167100 21 69
167100 26 27
167100 27 34
167100 27 49
167100 30 34
167100 34 61
167100 57 61
167400 0 57
167400 0 27
167400 2 27
167400 3 30
167400 3 26
167400 3 64
167400 9 64
167400 11 68
167400 12 26
167400 12 68
167400 12 32
167400 12 64
167400 21 69
167400 27 49
167400 27 32
167400 30 49
167400 30 34
167400 32 68
167400 43 68
167400 43 64
167400 57 61
167400 62 68
167400 64 68
167700 0 3
167700 0 62
167700 0 9
167700 0 27
167700 0 57
167700 0 69
167700 0 21
167700 3 26
167700 3 12
167700 9 29
167700 12 68
167700 12 26
167700 12 21
167700 21 69
167700 21 54
167700 27 49
167700 32 68
167700 32 61
167700 43 68
168000 8 36
168000 9 64
168000 12 64
168000 13 62
168000 13 16
168000 13 32
168000 23 36
168000 27 49
168000 30 34
168000 30 57
168000 30 36
168000 30 61
168000 30 32
168000 32 61
168000 32 36
168000 32 66
168000 32 62
168000 36 64
168000 36 62
168000 36 66
168000 43 64
168000 54 62
168000 61 64
168000 62 64
168000 64 68
168300 0 27
168300 8 62
168300 13 62
168300 13 16
168300 13 32
168300 13 36
168300 13 66
168300 21 69
168300 23 62
168300 23 30
168300 23 54
168300 30 57
168300 30 36
168300 30 61
168300 30 54
168300 30 62
168300 32 62
168300 36 62
168300 36 66
168300 36 54
168300 43 64
168300 49 57
168300 54 62
168300 54 59
168300 54 57
168300 56 62
168300 62 64
168600 0 21
168600 0 3
168600 3 26
168600 3 54
168600 3 23
168600 3 60
168600 3 64
168600 12 21
168600 13 16
168600 23 54
168600 23 62
168600 30 61
168600 30 54
168600 54 57
168600 54 64
168900 0 3
168900 0 69
168900 3 26
168900 3 60
168900 3 64
168900 12 64
168900 13 16
168900 13 61
168900 13 27
168900 21 64
168900 23 64
168900 27 68
168900 43 64
168900 54 57
168900 56 62
168900 61 64
169200 0 21
169200 3 60
169200 13 27
169200 13 36
169200 21 49
169200 23 36
169200 27 68
169200 33 49
169200 36 56
169200 57 69
169500 0 21
169500 10 13
169500 10 27
169500 10 60
169500 12 64
169500 21 49
169500 23 64
169500 23 54
169500 23 62
169500 23 33
169500 25 43
169500 27 68
169500 27 64
169500 33 49
169500 36 49
169500 54 57
169500 61 64
169800 0 21
169800 3 60
169800 10 60
169800 10 13
169800 10 44
169800 10 73
169800 21 49
169800 23 62
169800 27 68
169800 33 49
169800 36 68
169800 49 68
169800 54 57
169800 54 60
169800 58 73
169800 60 73
170100 0 21
170100 0 12
170100 8 43
170100 8 58
170100 10 44
170100 33 49
170100 43 58
170100 44 52
170100 44 54
170100 49 54
170100 52 70
170100 52 62
170100 58 62
170100 60 73
170100 68 70
170400 3 60
170400 8 23
170400 12 49
170400 12 65
170400 23 33
170400 23 64
170400 23 42
170400 23 60
170400 36 58
170400 49 60
170400 49 62
170400 49 65
170400 52 62
170400 54 60
170400 58 62
170400 60 73
170700 0 21
170700 1 32
170700 8 58
170700 8 23
170700 10 73
170700 10 49
170700 10 32
170700 10 65
170700 12 49
170700 12 65
170700 23 42
170700 23 33
170700 23 64
170700 26 36
170700 32 65
170700 32 62
170700 44 54
170700 44 52
170700 49 65
170700 49 68
170700 52 70
171000 0 21
171000 8 65
171000 8 35
171000 10 32
171000 10 65
171000 10 73
171000 12 65
171000 12 49
171000 23 64
171000 23 33
171000 24 32
171000 32 65
171000 32 62
171000 32 33
171000 33 35
171000 34 62
171000 40 68
171300 0 21
171300 8 35
171300 8 65
171300 10 32
171300 10 35
171300 21 40
171300 23 60
171300 23 33
171300 26 60
171300 26 47
171300 32 33
171300 32 62
171300 33 35
171300 33 60
171300 35 73
171300 35 40
171300 35 43
171300 47 73
171300 47 62
171300 49 60
171300 51 73
171300 54 60
171300 60 73
171600 0 35
171600 8 35
171600 8 65
171600 10 35
171600 23 60
171600 26 60
171600 26 47
171600 26 54
171600 32 33
171600 32 62
171600 33 60
171600 33 35
171600 35 40
171600 35 73
171600 35 65
171600 47 73
171600 47 64
171600 47 54
171600 47 58
171600 49 60
171600 49 64
171600 51 73
171600 54 60
171600 60 73
171600 62 68
171900 6 33
171900 8 35
171900 26 54
171900 33 35
171900 33 65
171900 47 64
171900 47 68
171900 49 64
171900 51 73
171900 62 68
171900 62 65
172200 0 21
172200 21 40
172200 21 32
172200 21 70
172200 21 64
172200 23 60
172200 26 68
172200 47 64
172200 49 64
172200 62 65
172500 0 21
172500 0 35
172500 0 22
172500 0 40
172500 0 37
172500 19 32
172500 19 68
172500 21 40
172500 21 70
172500 21 64
172500 26 68
172500 26 54
172500 32 73
172500 35 73
172500 37 73
172500 40 70
172500 40 47
172500 49 64
172500 67 68
172800 0 37
172800 0 73
172800 14 40
172800 19 32
172800 22 74
172800 33 35
172800 35 70
172800 35 40
172800 40 70
172800 40 47
172800 47 68
172800 62 65
172800 64 74
172800 64 70
172800 70 74
173100 0 73
173100 7 35
173100 8 70
173100 20 33
173100 33 35
173100 33 74
173100 35 70
173100 35 40
173100 35 74
173100 70 74
173400 7 35
173400 7 19
173400 7 74
173400 17 47
173400 20 33
173400 21 64
173400 33 74
173400 35 70
173400 35 74
173400 35 40
173400 35 73
173400 40 45
173400 40 74
173400 47 64
173400 49 64
173400 64 73
173700 7 19
173700 7 65
173700 7 59
173700 21 64
173700 33 74
173700 67 73
174000 17 47
174000 21 64
174000 33 73
174000 35 70
174000 43 49
174000 45 69
174000 45 49
174000 47 64
174000 49 64
174000 70 74
174300 17 47
174300 21 64
174300 33 73
174300 47 64
174300 49 73
174300 49 74
174300 64 73
174600 17 47
174600 18 57
174600 21 64
174600 21 67
174600 21 57
174600 21 33
174600 22 57
174600 33 73
174600 36 43
174600 43 57
174600 47 64
174600 57 74
174600 64 73
174900 15 17
174900 15 57
174900 15 21
174900 17 47
174900 17 21
174900 21 57
174900 21 64
174900 22 57
174900 33 73
174900 43 57
174900 47 64
174900 55 59
174900 57 74
174900 64 73
174900 70 74
175200 15 57
175200 15 55
175200 17 47
175200 17 21
175200 21 64
175200 32 61
175200 32 55
175200 33 73
175200 47 64
175200 47 57
175200 47 55
175200 64 73
175200 70 74
175500 15 55
175500 17 47
175500 17 21
175500 21 33
175500 21 28
175500 28 70
175500 28 47
175500 33 73
175500 36 63
175500 47 55
175500 47 64
175500 55 74
175500 70 74
175800 17 47
175800 21 33
175800 32 61
175800 32 55
175800 36 74
175800 36 60
175800 43 74
175800 47 64
175800 47 58
175800 47 60
175800 57 74
175800 60 70
175800 60 74
175800 70 74
175800 70 72
176100 10 74
176100 10 55
176100 15 55
176100 32 61
176100 32 55
176100 33 55
176100 36 60
176100 36 74
176100 43 74
176100 55 74
176100 60 70
176100 64 73
176100 71 74
176400 15 55
176400 17 71
176400 32 55
176400 32 61
176400 32 60
176400 36 60
176400 47 60
176400 59 60
176700 10 55
176700 10 15
176700 32 61
176700 32 55
176700 33 61
176700 46 61
176700 55 74
177000 7 60
177000 10 15
177000 10 74
177000 32 61
177000 32 55
177000 36 61
177300 10 63
177300 10 62
177300 10 55
177300 32 55
177300 32 61
177300 55 73
177300 62 63
177600 6 60
177600 6 25
177600 6 23
177600 32 55
177900 6 25
177900 6 23
177900 6 15
177900 23 30
177900 30 42
177900 30 69
177900 42 69
177900 65 69
178200 12 44
178200 18 44
178200 23 30
178200 38 44
178200 38 42
178500 4 44
178500 4 42
178500 6 25
178500 6 15
178500 23 48
178500 38 42
178500 38 44
178800 23 48
178800 23 50
178800 23 42
178800 30 42
178800 42 69
178800 42 64
178800 42 50
179100 13 30
179100 23 50
179100 25 50
179100 42 69
179400 6 21
179400 23 50
179400 23 38
179400 23 53
179400 23 49
179400 25 50
179400 38 42
179400 42 50
179700 10 21
179700 13 64
179700 21 64
179700 21 69
179700 21 70
179700 23 38
179700 25 50
179700 53 64
180000 6 69
180000 15 42
180000 21 69
180000 23 38
180000 23 69
180000 25 50
180000 29 69
180000 29 55
180000 38 43
180000 38 70
180000 42 50
180300 6 69
180300 6 19
180300 6 8
180300 10 40
180300 19 44
180300 19 40
180300 21 69
180300 24 42
180300 25 50
180300 29 69
180300 38 43
180300 40 43
180300 40 53
180300 42 44
180600 6 19
180600 6 8
180600 6 69
180600 8 25
180600 8 70
180600 8 29
180600 10 40
180600 19 40
180600 19 53
180600 21 38
180600 23 25
180600 25 53
180600 25 29
180600 25 38
180600 29 53
180600 40 53
180900 6 19
180900 6 8
180900 8 25
180900 8 70
180900 8 28
180900 10 40
180900 16 28
180900 19 40
180900 21 73
180900 25 38
180900 25 29
180900 40 53
181200 6 19
181200 8 28
181200 10 40
181200 16 28
181200 19 40
181200 19 45
181200 21 45
181200 21 29
181200 29 69
181500 6 19
181500 6 8
181500 8 28
181500 8 70
181500 8 25
181500 19 40
181500 21 30
181500 29 69
181500 30 49
181500 56 70
181800 2 19
181800 2 42
181800 6 8
181800 6 19
181800 6 42
181800 21 30
181800 21 29
181800 24 42
181800 25 35
181800 29 69
181800 30 49
181800 40 53
181800 56 70
182100 2 42
182100 8 28
182100 8 40
182100 10 40
182100 20 42
182100 20 29
182100 20 50
182100 20 53
182100 24 42
182100 28 40
182100 56 70
182400 1 66
182400 2 42
182400 6 19
182400 8 40
182400 10 40
182400 19 30
182400 20 50
182400 20 29
182400 25 46
182400 28 40
182400 35 46
182400 40 66
182400 56 70
182700 1 35
182700 6 42
182700 6 20
182700 8 40
182700 10 40
182700 21 56
182700 24 56
182700 25 46
182700 28 40
182700 30 66
182700 35 46
182700 40 56
182700 56 70
183000 1 66
183000 2 68
183000 6 42
183000 6 20
183000 8 28
183000 20 42
183000 20 53
183000 20 56
183000 24 42
183000 24 56
183000 25 46
183000 25 42
183000 25 49
183000 30 66
183300 1 35
183300 1 66
183300 1 21
183300 2 68
183300 4 21
183300 6 42
183300 8 28
183300 8 20
183300 10 28
183300 21 42
183300 25 49
183300 28 56
183300 35 49
183300 50 56
183600 2 68
183600 2 72
183600 2 24
183600 10 28
183600 21 42
183600 25 42
183600 28 56
183900 2 68
183900 6 42
183900 21 38
183900 24 50
183900 25 42
183900 25 31
183900 42 68
183900 49 68
183900 50 68
184200 6 42
184200 6 50
184200 6 59
184200 6 12
184200 6 21
184200 12 68
184200 38 52
184200 42 68
184200 50 68
184500 3 74
184500 3 24
184500 6 12
184500 6 21
184500 6 50
184500 6 74
184500 29 50
184500 29 54
184500 30 52
184500 31 54
184500 38 52
184500 50 68
184800 3 24
184800 3 52
184800 24 52
184800 24 27
184800 26 38
184800 26 52
184800 26 30
184800 27 29
184800 29 54
184800 38 52
185100 3 74
185100 3 24
185100 3 12
185100 12 54
185100 24 29
185100 24 31
185100 26 30
185100 26 52
185100 29 54
185100 31 54
185400 0 18
185400 3 73
185400 3 16
185400 6 74
185400 12 54
185400 13 29
185400 16 18
185400 16 73
185400 18 29
185400 26 30
185400 26 52
185400 31 54
185700 3 73
185700 12 54
185700 13 29
185700 16 73
185700 16 40
185700 18 29
185700 26 30
185700 26 52
185700 29 54
185700 29 63
185700 30 54
185700 31 54
185700 52 63
185700 63 73
186000 6 70
186000 6 31
186000 12 54
186000 16 40
186000 26 30
186000 26 52
186000 29 54
186000 31 54
186000 31 70
186000 52 63
186000 52 70
186000 63 73
186300 3 16
186300 6 70
186300 6 31
186300 16 40
186300 26 30
186300 26 52
186300 31 70
186300 31 73
186300 34 53
186300 40 52
186300 41 73
186300 46 70
186300 52 70
186300 52 63
186300 63 73
186300 70 73
186600 3 6
186600 3 13
186600 6 70
186600 6 31
186600 16 70
186600 26 30
186600 31 70
186600 31 73
186600 46 52
186600 52 63
186600 52 70
186600 63 73
186900 41 64
186900 63 73
187200 3 16
187200 16 70
187200 41 73
187200 63 73
187500 16 70
187500 16 73
187500 21 26
187500 41 73
187500 46 67
187500 63 67
187800 7 27
187800 16 70
187800 16 25
187800 16 67
187800 25 33
187800 41 73
187800 46 67
187800 63 67
188100 4 22
188100 13 46
188100 13 67
188100 26 52
188100 52 68
188400 4 22
188400 4 26
188400 4 56
188400 20 43
188400 21 73
188400 22 56
188400 25 56
188400 44 56
188400 52 68
188700 4 26
188700 4 56
188700 20 44
188700 21 73
188700 21 34
188700 25 56
188700 34 44
188700 44 56
189000 4 26
189000 4 56
189000 4 27
189000 12 13
189000 20 44
189000 20 43
189000 34 44
189000 44 56
189300 4 56
189300 4 26
189300 13 56
189300 20 72
189600 20 72
189600 21 72
189600 25 27
189600 34 44
189600 44 56
189900 25 27
189900 34 72
190200 18 34
190200 20 25
190200 25 35
190200 34 72
190500 20 27
190500 21 72
190500 25 27
190500 46 56
190800 20 27
190800 25 38
190800 26 63
190800 26 55
190800 46 56
191100 20 27
191100 26 63
191100 26 55
191100 26 72
191400 20 27
191400 20 31
191400 20 55
191400 55 63
191700 20 27
191700 20 63
191700 20 38
191700 26 72
192000 20 27
192000 26 72
192000 26 39
192000 26 38
192000 31 39
192300 0 6
192300 20 55
192300 20 21
192600 4 9
192600 9 16
192600 9 30
192600 14 26
192600 20 38
192900 14 26
192900 27 31
192900 30 68
193200 14 26
193200 26 31
193200 26 32
193200 30 68
193200 30 31
193500 26 31
193500 26 63
193500 26 38
193500 30 31
193500 30 68
193800 8 52
193800 8 32
193800 26 31
193800 30 61
194100 8 52
194100 26 54
194100 30 61
194100 32 61
194400 26 31
194400 63 65
194700 9 14
194700 9 31
194700 30 61
194700 34 61
195000 3 9
195000 9 31
195000 9 63
195000 9 61
195000 16 30
195000 22 31
195000 30 61
195000 34 61
195300 9 61
195300 22 31
195300 30 61
195300 30 63
195300 31 63
195600 9 31
195600 18 61
195600 30 63
195600 30 61
195600 31 63
195900 9 61
195900 9 57
195900 15 57
195900 30 61
196500 10 57
196500 30 51
196500 51 59
196800 9 57
196800 10 57
196800 30 51
197100 30 51
197100 50 55
197100 55 57
197400 9 55
197400 55 57
197400 55 59
197700 9 55
197700 10 36
197700 55 57
198000 50 57
198000 55 57
198300 10 32
198300 55 64
198600 10 32
198600 32 50
198900 10 32
199200 6 11
199200 32 50
199500 34 55
199800 6 47
199800 32 47
200100 6 32
200100 32 47
200400 6 32
200400 32 47
200400 47 58
200700 6 31
200700 55 58
201000 6 15
201000 11 46
201000 11 31
201300 6 46
201300 6 55
201600 6 46
201600 6 55
201600 31 55
201900 31 55
202200 54 70
204900 61 72
205200 61 72
205800 56 68
206700 51 66
208500 24 64
208800 2 58
213000 19 38
225900 15 20
231900 8 16
232200 8 16
232200 14 60
232500 14 60
234600 3 53
234900 3 53
235500 5 13
236400 28 71
236700 1 49
237000 1 3
239100 12 17
239400 36 50
239700 1 60
239700 6 49
239700 6 60
239700 49 60
240000 1 60
240000 6 60
240300 1 60
240300 17 40
240600 40 53
241500 28 40
241800 30 44
241800 41 45
241800 41 65
242100 29 44
242100 30 44
242100 41 45
242400 12 26
242400 29 54
242400 41 45
242700 30 54
242700 41 45
243000 54 56
243300 12 67
243300 12 33
243300 38 50
243300 41 60
243300 50 60
243600 9 22
243600 12 33
243900 6 60
243900 6 32
243900 12 33
243900 22 33
243900 32 54
243900 40 60
244200 6 60
244200 12 14
244200 12 22
244200 14 23
244200 40 60
244500 6 60
244500 6 32
244500 22 59
244500 32 54
244800 6 9
244800 7 9
245100 6 36
245100 7 9
245100 7 23
245100 36 54
245400 7 9
245400 23 60
245400 32 54
245400 40 65
245700 6 9
245700 7 9
245700 31 65
246000 7 9
246000 7 60
246000 9 61
246000 16 60
246000 20 60
246000 32 54
246000 36 60
246000 52 61
246000 60 61
246300 2 7
246300 2 48
246300 2 35
246300 7 60
246300 16 60
246300 36 60
246300 52 61
246300 60 61
246600 2 48
246600 2 7
246600 2 70
246600 2 16
246600 12 24
246600 16 70
246600 24 73
246600 47 58
246600 47 48
246900 2 16
246900 2 48
246900 7 9
246900 16 70
246900 16 20
246900 16 58
246900 32 63
246900 36 73
246900 47 48
246900 52 61
246900 55 73
246900 55 63
246900 60 61
247200 2 16
247200 5 16
247200 9 74
247200 12 74
247200 12 22
247200 12 14
247200 12 71
247200 22 36
247200 32 63
247200 36 73
247200 36 63
247200 36 65
247200 47 48
247200 54 71
247200 60 61
247500 1 22
247500 2 48
247500 12 71
247500 12 14
247500 12 74
247500 12 22
247500 22 36
247500 22 60
247500 22 63
247500 35 63
247500 36 63
247500 55 63
247500 55 73
247500 60 63
247800 1 22
247800 1 63
247800 2 48
247800 12 74
247800 12 14
247800 12 22
247800 12 71
247800 16 70
247800 22 60
247800 22 36
247800 22 62
247800 47 48
247800 47 63
247800 52 70
247800 52 72
247800 55 63
247800 60 63
248100 1 22
248100 2 48
248100 12 74
248100 12 14
248100 12 71
248100 12 22
248100 16 70
248100 22 62
248100 22 60
248100 29 62
248100 29 53
248100 29 48
248100 38 53
248100 38 70
248100 47 48
248100 48 65
248100 49 65
248400 1 22
248400 2 74
248400 12 71
248400 12 74
248400 12 14
248400 12 22
248400 12 60
248400 22 60
248400 22 36
248400 22 62
248400 29 74
248400 38 53
248400 38 70
248400 48 65
248400 48 74
248400 49 65
248400 51 74
248700 12 74
248700 12 71
248700 12 14
248700 12 22
248700 12 53
248700 22 60
248700 29 48
248700 31 48
248700 48 74
248700 48 71
248700 48 49
248700 52 70
249000 1 22
249000 2 74
249000 12 22
249000 22 60
249000 22 59
249000 22 31
249000 29 59
249000 31 48
249000 31 59
249000 48 74
249000 51 74
249000 71 74
249300 2 74
249300 22 31
249300 29 59
249300 31 59
249300 31 51
249300 31 43
249300 43 54
249300 50 53
249300 50 71
249300 53 60
249600 2 74
249600 7 73
249600 11 23
249600 12 71
249600 23 43
249600 23 52
249600 24 70
249600 29 59
249600 31 43
249600 35 70
249600 43 71
249600 48 49
249600 50 53
249600 50 52
249600 50 70
249600 52 70
249600 52 53
249900 7 49
249900 11 23
249900 14 23
249900 14 32
249900 20 70
249900 23 52
249900 24 70
249900 24 48
249900 24 51
249900 29 59
249900 31 43
249900 31 59
249900 31 70
249900 32 70
249900 35 70
249900 43 71
249900 50 52
249900 50 70
249900 51 74
249900 52 70
250200 7 49
250200 8 12
250200 11 59
250200 12 59
250200 23 52
250200 24 48
250200 24 51
250200 24 49
250200 24 29
250200 29 59
250200 35 70
250200 36 49
250200 50 52
250200 59 69
250500 8 12
250500 11 59
250500 12 59
250500 23 52
250500 23 59
250500 24 49
250500 29 59
250500 30 71
250500 31 43
250500 31 47
250500 35 59
250500 36 71
250500 47 71
250500 48 59
250500 49 74
250500 49 59
250500 50 52
250500 59 73
250800 8 12
250800 8 23
250800 12 59
250800 22 23
250800 23 73
250800 23 49
250800 23 47
250800 23 55
250800 24 49
250800 24 36
250800 27 35
250800 31 43
250800 31 70
250800 31 59
250800 35 47
250800 36 48
250800 43 71
250800 48 59
250800 51 55
251100 7 49
251100 8 12
251100 8 23
251100 12 59
251100 24 36
251100 24 70
251100 24 74
251100 27 70
251100 35 74
251100 36 49
251100 36 74
251100 36 51
251100 43 71
251100 51 71
251400 2 51
251400 2 58
251400 7 49
251400 7 24
251400 7 22
251400 8 12
251400 22 52
251400 22 24
251400 22 49
251400 24 36
251400 24 74
251400 24 51
251400 24 37
251400 24 71
251400 35 47
251400 45 52
251400 47 52
251400 48 49
251400 51 71
251400 51 55
251700 1 35
251700 7 49
251700 7 22
251700 8 12
251700 22 49
251700 22 24
251700 24 71
251700 24 37
251700 27 31
251700 35 47
251700 36 74
251700 48 49
251700 48 59
251700 51 55
251700 71 74
252000 2 41
252000 2 25
252000 2 52
252000 7 22
252000 7 49
252000 8 12
252000 8 41
252000 8 59
252000 22 49
252000 22 52
252000 24 70
252000 24 71
252000 27 70
252000 35 47
252000 36 74
252000 36 70
252000 41 59
252000 47 52
252000 51 55
252300 1 47
252300 1 8
252300 2 41
252300 2 52
252300 2 59
252300 7 49
252300 7 22
252300 8 41
252300 8 59
252300 8 27
252300 8 49
252300 8 62
252300 22 49
252300 22 52
252300 24 71
252300 27 31
252300 36 74
252300 41 59
252300 41 48
252300 41 49
252300 43 62
252300 43 49
252300 47 49
252300 47 62
252300 48 59
252300 48 49
252300 48 71
252300 49 53
252300 49 55
252300 49 59
252300 49 62
252300 53 62
252600 1 74
252600 2 41
252600 2 52
252600 7 22
252600 8 62
252600 22 52
252600 24 71
252600 24 55
252600 24 36
252600 24 31
252600 25 36
252600 35 36
252600 36 70
252600 36 62
252600 36 74
252600 41 59
252600 41 49
252600 41 47
252600 43 62
252600 44 62
252600 47 62
252600 47 49
252600 53 62
252600 55 59
252600 59 74
252600 71 74
252900 2 41
252900 2 55
252900 2 8
252900 2 74
252900 2 70
252900 7 22
252900 8 27
252900 22 52
252900 22 70
252900 22 68
252900 22 41
252900 24 36
252900 24 55
252900 25 36
252900 27 31
252900 27 44
252900 35 36
252900 36 62
252900 36 48
252900 41 59
252900 55 59
252900 70 74
253200 1 55
253200 2 41
253200 7 70
253200 8 27
253200 8 44
253200 25 36
253200 27 31
253200 27 44
253200 44 48
253200 48 52
253200 48 55
253500 1 55
253500 3 60
253500 3 8
253500 3 47
253500 7 22
253500 8 27
253500 24 55
253500 27 48
253500 27 47
253500 41 47
253500 41 67
253500 47 49
253500 47 62
253500 47 68
253500 47 72
253500 48 55
253500 67 72
253800 3 8
253800 7 22
253800 22 68
253800 22 41
253800 27 47
253800 27 29
253800 27 48
253800 29 47
253800 29 48
253800 29 55
253800 29 50
253800 29 72
253800 36 62
253800 41 67
253800 41 47
253800 41 60
253800 44 48
253800 47 72
253800 47 68
253800 47 62
253800 48 55
253800 67 72
254100 3 47
254100 7 22
254100 7 14
254100 8 29
254100 16 46
254100 22 41
254100 22 73
254100 22 46
254100 24 55
254100 29 55
254100 29 72
254100 29 50
254100 29 48
254100 29 47
254100 29 46
254100 36 62
254100 46 72
254100 46 55
254100 46 73
254100 67 72
254400 0 3
254400 1 3
254400 3 22
254400 7 14
254400 8 66
254400 9 66
254400 14 66
254400 22 41
254400 22 46
254400 22 62
254400 22 36
254400 22 28
254400 22 66
254400 36 62
254400 66 72
254700 7 14
254700 7 27
254700 8 66
254700 8 49
254700 8 55
254700 8 27
254700 14 66
254700 16 46
254700 16 27
254700 27 48
254700 27 47
254700 27 43
254700 27 68
254700 27 46
254700 27 41
254700 27 55
254700 27 66
254700 36 62
254700 36 55
254700 41 46
254700 43 55
254700 47 68
254700 66 72
255000 3 43
255000 3 36
255000 7 27
255000 7 14
255000 10 62
255000 14 47
255000 16 46
255000 22 62
255000 27 48
255000 27 43
255000 27 68
255000 27 66
255000 27 46
255000 27 36
255000 29 47
255000 29 55
255000 32 36
255000 36 62
255000 36 40
255000 36 38
255000 36 43
255000 43 55
255000 46 55
255000 47 68
255000 66 72
255300 1 3
255300 3 22
255300 3 36
255300 7 40
255300 10 62
255300 10 47
255300 10 32
255300 12 38
255300 12 43
255300 32 36
255300 36 38
255300 38 46
255300 47 68
255300 66 72
255600 7 40
255600 7 14
255600 10 62
255600 10 46
255600 12 38
255600 22 72
255600 22 43
255600 38 46
255600 47 72
255600 66 72
255900 2 47
255900 2 7
255900 2 36
255900 2 41
255900 3 36
255900 10 36
255900 12 38
255900 14 47
255900 22 36
255900 22 32
255900 27 46
255900 29 47
255900 32 36
255900 32 46
255900 32 72
255900 36 68
255900 38 46
255900 62 66
255900 66 72
256200 2 7
256200 2 41
256200 2 47
256200 2 36
256200 3 66
256200 7 66
256200 10 47
256200 10 46
256200 10 32
256200 10 72
256200 22 36
256200 22 47
256200 38 46
256200 41 66
256200 62 66
256500 2 47
256500 2 41
256500 3 36
256500 3 66
256500 10 47
256500 10 32
256500 10 36
256500 10 66
256500 14 22
256500 14 72
256500 14 66
256500 22 36
256500 22 62
256500 32 36
256500 36 62
256500 39 72
256500 41 66
256500 47 66
256500 62 66
256800 2 41
256800 12 38
256800 14 22
256800 14 61
256800 22 62
256800 26 38
256800 32 48
256800 32 39
256800 38 47
256800 39 72
256800 39 47
256800 41 62
256800 47 72
256800 62 66
257100 2 47
257100 2 41
257100 3 62
257100 7 62
257100 14 61
257100 22 62
257100 32 39
257100 32 48
257100 38 61
257100 39 47
257100 39 72
257100 41 62
257100 47 72
257100 47 62
257400 2 47
257400 2 41
257400 3 62
257400 3 66
257400 7 18
257400 7 66
257400 10 66
257400 12 66
257400 32 39
257400 39 47
257400 41 66
257700 2 41
257700 2 18
257700 3 7
257700 4 18
257700 7 66
257700 7 18
257700 10 66
257700 12 63
257700 14 61
257700 18 27
257700 32 48
257700 41 66
257700 41 62
258000 2 18
258000 3 9
258000 3 63
258000 3 41
258000 4 18
258000 7 12
258000 12 63
258000 39 63
258000 41 66
258300 3 41
258300 13 14
258300 14 27
258300 18 33
258300 33 39
258300 39 63
258300 39 48
258300 39 74
258300 41 66
258300 48 74
258600 3 7
258600 3 41
258600 7 66
258600 9 27
258600 13 14
258600 14 40
258600 18 33
258600 33 39
258600 39 74
258600 39 41
258600 39 53
258600 39 40
258600 40 66
258600 40 62
258600 41 66
258600 41 51
258600 48 74
258600 48 73
258600 52 74
258900 3 7
258900 3 41
258900 3 42
258900 3 40
258900 7 66
258900 7 55
258900 8 9
258900 8 18
258900 13 14
258900 18 33
258900 18 41
258900 33 39
258900 33 44
258900 39 41
258900 39 40
258900 41 51
258900 41 66
258900 41 48
258900 52 74
258900 55 66
259200 1 9
259200 1 66
259200 3 44
259200 3 48
259200 7 66
259200 13 14
259200 13 49
259200 18 63
259200 27 33
259200 32 48
259200 32 74
259200 33 39
259200 39 63
259200 39 48
259200 39 40
259200 39 66
259200 44 48
259200 48 66
259200 52 74
259200 66 73
259500 3 44
259500 3 42
259500 3 49
259500 3 66
259500 8 16
259500 9 27
259500 18 63
259500 27 49
259500 27 40
259500 32 48
259500 33 44
259500 33 39
259500 39 63
259500 39 40
259500 39 66
259500 40 63
259500 40 55
259500 44 55
259500 44 60
259500 48 66
259500 52 74
259500 63 67
259800 1 16
259800 1 33
259800 3 49
259800 7 66
259800 8 54
259800 8 33
259800 8 65
259800 9 27
259800 12 63
259800 18 40
259800 18 32
259800 27 49
259800 27 33
259800 39 63
259800 44 60
259800 49 54
259800 54 65
259800 60 67
259800 60 65
260100 7 66
260100 8 65
260100 8 33
260100 8 60
260100 9 54
260100 18 63
260100 18 19
260100 40 63
260100 54 65
260100 60 65
260100 60 67
260100 60 74
260400 8 65
260400 9 65
260400 18 19
260400 33 55
260400 33 68
260400 54 65
260400 59 65
260700 7 25
260700 9 27
260700 33 55
260700 33 68
260700 54 65
261000 8 65
261000 8 60
261000 18 19
261000 18 72
261000 33 72
261000 40 72
261000 70 72
261300 10 50
261300 10 70
261300 10 72
261300 18 19
261600 2 56
261600 3 33
261600 3 52
261600 10 70
261600 10 72
261600 33 72
261600 52 72
261900 2 56
261900 8 60
261900 8 65
262200 3 33
262200 3 52
262200 19 33
262200 52 55
262500 2 38
262500 3 33
262500 3 52
262500 8 49
262800 3 33
262800 33 40
262800 38 40
263100 3 33
263100 33 40
263400 11 45
263400 33 40
263400 39 45
263700 5 19
263700 19 60
263700 19 45
263700 19 39
263700 38 60
263700 39 45
264000 5 19
264000 10 45
264000 19 45
264000 39 45
264300 5 19
264300 14 37
264300 18 45
264300 19 45
264300 34 45
264300 40 45
264600 5 19
264600 10 56
264600 14 49
264600 18 54
264600 37 49
264600 39 45
264600 39 61
264600 39 54
264600 44 61
264600 48 49
264600 49 54
264600 49 61
264600 54 61
264600 54 56
264600 56 61
264900 14 49
264900 18 61
264900 37 49
264900 39 61
264900 39 54
264900 43 56
264900 43 49
264900 48 49
264900 49 54
264900 49 61
264900 54 61
264900 56 61
265200 14 49
265200 43 49
265200 43 69
265200 44 61
265200 48 49
265200 49 54
265200 54 61
265200 56 61
265200 61 69
265500 5 28
265500 8 28
265500 16 28
265500 28 39
265500 28 69
265500 43 69
265500 48 49
265500 49 54
265500 61 69
265800 1 51
265800 1 56
265800 5 28
265800 8 28
265800 16 28
265800 16 56
265800 28 39
265800 56 61
266100 13 62
266100 13 26
266100 16 56
266100 16 28
266100 28 39
266400 2 24
266400 5 74
266400 13 62
266400 13 74
266400 24 38
266400 24 74
266400 28 39
266400 56 66
266700 1 23
266700 5 74
266700 13 74
266700 13 62
266700 13 26
266700 28 39
266700 51 56
267000 10 38
267000 13 62
267000 13 74
267000 13 26
267000 16 38
267000 18 38
267000 18 25
267000 28 39
267300 6 13
267300 13 26
267300 13 74
267300 13 62
267300 13 39
267300 24 74
267600 5 74
267600 10 38
267600 13 26
267600 13 62
267600 16 38
267600 18 38
267600 38 62
267600 39 63
267600 49 54
267600 54 74
267600 62 74
267900 5 74
267900 10 39
267900 16 38
267900 16 54
267900 16 63
267900 18 39
267900 39 63
267900 39 41
267900 39 62
267900 49 54
267900 54 74
268200 10 39
268200 16 54
268200 18 39
268200 18 44
268200 18 62
268200 34 74
268200 38 44
268200 39 62
268200 39 74
268200 49 54
268200 54 74
268200 62 74
268500 8 54
268500 10 39
268500 11 44
268500 38 44
268500 41 54
268500 41 50
268500 49 54
268500 50 70
268800 8 54
268800 8 42
268800 8 73
268800 8 70
268800 11 44
268800 11 42
268800 34 42
268800 38 44
268800 41 70
268800 42 62
268800 42 74
268800 49 54
268800 50 70
268800 62 74
269100 8 42
269100 8 54
269100 8 73
269100 11 44
269100 11 42
269100 12 36
269100 12 54
269100 34 42
269100 38 44
269100 39 74
269100 49 54
269100 50 70
269100 54 74
269400 8 54
269400 34 42
269400 35 54
269400 35 44
269400 38 44
269400 39 74
269400 42 62
269400 49 54
269400 50 70
269400 54 74
269700 11 42
269700 11 44
269700 11 41
269700 11 73
269700 35 44
269700 38 44
270000 3 50
270000 8 42
270000 8 73
270000 11 73
270000 39 74
270000 42 71
270000 54 74
270300 8 73
270300 11 73
270300 11 39
270300 38 54
270300 39 74
270300 39 54
270300 41 54
270300 41 74
270300 58 66
270300 71 74
270600 3 11
270600 8 73
270600 41 54
270900 3 11
270900 3 74
270900 8 73
270900 11 51
270900 26 51
270900 41 54
270900 41 74
270900 51 71
270900 66 67
271200 3 23
271200 3 71
271200 3 51
271200 3 44
271200 8 73
271200 23 51
271200 41 74
271200 51 71
271200 58 66
271200 66 67
271500 0 68
271500 3 51
271500 8 73
271500 8 66
271500 11 68
271500 11 66
271500 23 51
271500 66 67
271800 0 11
271800 3 51
271800 3 11
271800 8 66
271800 11 68
271800 11 20
271800 15 32
271800 23 51
271800 41 66
271800 54 68
271800 66 67
271800 66 68
272100 0 11
272100 3 51
272100 8 67
272100 8 17
272100 15 32
272100 15 17
272100 15 44
272100 20 32
272100 35 54
272100 54 68
272100 66 67
272400 0 11
272400 0 32
272400 3 51
272400 8 17
272400 15 17
272400 15 44
272400 15 66
272400 20 32
272400 24 32
272400 32 41
272400 32 35
272400 66 68
272700 0 32
272700 8 17
272700 8 63
272700 15 17
272700 15 44
272700 17 33
272700 17 66
272700 20 32
272700 23 51
272700 24 32
272700 32 41
272700 32 35
272700 66 68
273000 0 32
273000 0 8
273000 0 23
273000 0 66
273000 11 71
273000 11 65
273000 15 44
273000 15 17
273000 20 24
273000 35 54
273000 41 71
273300 0 23
273300 0 66
273300 0 8
273300 11 71
273300 15 17
273300 15 44
273300 17 71
273300 24 44
273300 32 41
273300 33 50
273300 41 71
273300 50 71
273300 50 62
273600 11 71
273600 15 44
273600 15 17
273600 17 71
273600 33 50
273600 50 71
273600 50 62
273600 50 65
273600 61 71
273900 0 8
273900 15 44
273900 29 74
273900 50 65
273900 57 74
274200 8 45
274200 15 44
274200 23 24
274500 2 15
274500 8 45
274500 8 61
274500 15 44
274500 17 71
274500 23 24
274500 37 50
274500 50 71
274500 50 61
274800 2 15
274800 8 61
274800 15 44
274800 17 20
274800 20 61
274800 23 61
274800 50 61
275100 8 61
275100 8 71
275100 14 71
275100 20 61
275100 37 50
275100 44 71
275100 45 50
275100 50 61
275100 50 71
275100 71 73
275400 8 71
275400 8 61
275400 8 52
275400 8 73
275400 15 44
275400 17 61
275400 17 71
275400 44 71
275400 50 71
275400 61 73
275400 71 73
275700 8 73
275700 8 23
275700 14 52
275700 15 44
275700 23 61
275700 26 44
275700 37 50
275700 61 73
276000 19 28
276000 23 61
276000 26 44
276000 35 60
276000 37 50
276000 37 61
276000 61 73
276300 19 28
276300 19 20
276300 26 44
276300 27 60
276300 35 50
276600 19 20
276600 26 44
276600 31 47
276900 7 62
276900 7 50
276900 19 35
276900 24 47
276900 26 44
276900 26 31
276900 26 50
276900 31 47
276900 35 50
276900 35 47
276900 37 47
277200 7 62
277200 19 35
277200 19 20
277200 20 73
277200 26 62
277200 31 35
277200 35 47
277500 26 44
277500 26 31
277500 29 67
277500 35 47
277500 36 47
277800 26 44
277800 26 31
277800 31 67
277800 36 47
277800 44 53
278100 8 44
278100 18 31
278100 31 35
278100 31 67
278100 36 47
278400 5 18
278400 5 59
278400 5 67
278400 26 31
278400 29 67
278400 31 67
278400 44 53
278400 44 67
278700 18 35
278700 26 34
278700 29 67
278700 36 67
278700 44 67
279000 5 59
279000 5 18
279000 8 21
279300 10 26
279300 14 41
279300 26 31
279600 8 56
279600 10 26
279600 21 30
279600 26 31
279600 31 48
279600 36 67
279900 14 35
279900 31 48
280200 18 48
280200 31 48
280500 14 36
280500 31 48
280500 47 58
280500 53 67
281100 26 48
281100 28 48
281100 60 67
281400 14 74
281400 53 67
281400 60 67
281400 67 74
281700 11 14
281700 14 26
281700 28 48
281700 28 60
281700 48 67
281700 60 67
282000 11 14
282000 14 74
282000 26 74
282000 48 67
282300 10 53
282300 21 22
282300 26 74
282600 21 22
282600 21 74
282900 3 74
282900 10 53
282900 10 22
283200 10 53
283500 22 74
283500 53 74
283800 3 74
283800 3 30
283800 22 56
284100 3 74
284400 22 63
285000 22 64
285600 22 70
285900 22 70
286200 22 37
286200 22 40
286200 37 68
286200 40 68
286200 40 70
286200 68 70
286500 22 70
286500 22 37
286500 37 68
286500 40 68
286500 40 70
286800 36 69
286800 40 68
286800 40 70
286800 61 70
286800 68 69
287100 36 40
287100 40 70
287100 61 70
287400 11 29
287400 40 70
287400 40 68
287400 68 69
287700 29 58
288000 16 65
288000 40 68
288000 68 69
288600 25 65
288600 25 72
288600 59 65
288600 65 72
288600 68 69
288900 25 65
288900 25 72
288900 65 72
288900 68 69
289200 25 65
289200 59 65
289500 65 72
289800 8 25
290100 65 72
293100 3 56
294000 37 55
294300 28 70
294300 61 70
295800 3 71
295800 7 71
313200 17 66
319800 14 68
319800 33 68
320100 14 68
321600 17 41
321900 9 17
322500 9 59
322800 41 59
323100 9 59
323100 25 59
323100 41 59
323700 7 41
324300 7 38
324300 7 46
324600 7 46
325200 7 27
325500 1 29
325500 7 46
325500 27 66
325500 27 61
325800 10 61
325800 27 61
326100 7 9
326100 9 41
326100 10 61
326100 27 61
326400 7 9
326400 9 41
326400 10 61
326700 6 61
326700 7 9
326700 9 41
326700 27 61
326700 28 71
327000 7 9
327000 19 41
327000 27 41
327000 28 71
327000 41 61
327300 7 49
327300 7 41
327300 27 41
327300 28 71
327300 41 71
327300 49 61
327600 7 49
327600 7 41
327600 19 29
327600 19 35
327600 29 35
327600 49 61
327900 7 49
327900 19 41
327900 19 61
327900 49 61
328200 8 27
328200 19 41
328200 19 61
328200 27 49
328200 27 37
328500 3 74
328500 8 27
328500 8 46
328500 10 46
328500 19 61
328500 19 41
328500 27 49
328500 37 46
328500 46 58
328800 8 46
328800 9 46
328800 9 71
328800 10 46
328800 19 61
328800 19 41
328800 27 49
328800 37 46
328800 37 74
328800 46 71
329100 19 41
329100 19 74
329100 37 46
329400 19 41
329400 19 61
329400 37 46
329400 46 71
329700 19 61
329700 27 61
329700 37 46
329700 43 67
330000 43 67
330000 46 67
330600 1 25
330600 25 67
330900 41 57
331200 3 56
331500 17 56
331500 33 56
331500 45 56
331500 56 70
331800 9 41
331800 17 56
331800 17 33
331800 33 56
331800 37 66
331800 41 70
331800 56 70
331800 56 72
331800 56 60
331800 56 63
332100 1 63
332100 2 60
332100 17 44
332100 18 44
332100 18 45
332100 33 56
332100 37 66
332100 56 63
332400 2 60
332400 2 44
332400 17 44
332400 17 54
332400 18 50
332400 18 51
332400 37 66
332400 54 70
332400 56 63
332700 2 60
332700 9 20
332700 20 56
332700 20 50
332700 37 66
332700 56 60
333000 2 60
333000 9 20
333000 20 37
333000 21 58
333000 21 31
333000 29 37
333000 37 66
333300 0 20
333300 4 19
333300 4 5
333300 21 31
333300 34 37
333300 56 60
333600 0 20
333600 1 5
333600 2 60
333600 4 19
333600 5 20
333600 21 25
333600 25 31
333600 31 56
333900 3 56
333900 3 5
333900 5 9
333900 9 14
333900 14 25
333900 21 25
333900 25 31
333900 31 56
334200 1 4
334200 4 18
334200 5 9
334200 20 25
334200 21 31
334200 31 56
334500 1 4
334500 9 14
334500 20 25
334500 25 31
334500 25 34
334500 31 56
334800 1 10
334800 9 14
334800 10 42
334800 20 25
334800 20 69
334800 31 56
334800 42 71
335100 1 4
335100 3 69
335100 3 71
335100 9 14
335100 14 23
335100 23 34
335100 31 56
335100 42 71
335100 70 71
335400 1 4
335400 3 71
335400 9 14
335400 10 15
335400 10 51
335400 14 23
335400 15 71
335400 15 51
335400 23 34
335400 31 56
335400 70 71
335700 1 71
335700 3 71
335700 3 56
335700 3 37
335700 4 65
335700 9 51
335700 10 51
335700 10 65
335700 14 23
335700 20 31
335700 23 34
335700 31 56
335700 31 73
335700 31 65
335700 65 70
335700 65 73
335700 70 71
336000 1 4
336000 3 71
336000 3 31
336000 3 34
336000 3 73
336000 4 65
336000 10 65
336000 14 23
336000 17 67
336000 20 31
336000 20 37
336000 20 71
336000 20 73
336000 31 56
336000 37 70
336000 56 65
336000 65 70
336000 70 71
336300 0 1
336300 1 71
336300 1 10
336300 3 71
336300 3 56
336300 3 70
336300 4 34
336300 8 17
336300 10 51
336300 14 23
336300 20 37
336300 20 73
336300 20 71
336300 20 31
336300 29 42
336300 31 56
336300 31 73
336300 34 73
336300 37 70
336300 53 56
336300 70 71
336600 0 8
336600 1 4
336600 3 70
336600 8 34
336600 14 23
336600 20 31
336600 23 33
336600 31 56
336600 37 70
336900 0 8
336900 0 1
336900 0 51
336900 1 4
336900 1 10
336900 1 20
336900 3 31
336900 3 71
336900 4 20
336900 8 34
336900 8 20
336900 14 20
336900 20 71
336900 20 31
336900 20 73
336900 20 45
336900 20 40
336900 23 33
336900 70 71
337200 0 8
337200 0 19
337200 1 4
337200 1 10
337200 4 45
337200 8 20
337200 8 30
337200 10 51
337200 19 25
337200 20 73
337200 23 33
337200 25 58
337200 29 51
337200 29 45
337200 30 40
337200 31 56
337200 40 73
337200 51 67
337500 0 19
337500 0 8
337500 1 4
337500 1 23
337500 3 71
337500 8 30
337500 14 58
337500 19 25
337500 19 45
337500 20 45
337500 23 33
337500 25 58
337500 29 51
337500 30 40
337500 31 56
337500 31 40
337500 40 73
337500 40 51
337500 40 56
337500 45 58
337500 51 67
337800 1 4
337800 3 71
337800 4 20
337800 8 30
337800 10 13
337800 14 48
337800 19 21
337800 19 45
337800 29 51
337800 30 40
337800 31 56
337800 31 40
337800 33 71
337800 40 56
337800 40 73
337800 45 58
337800 45 48
338100 1 4
338100 1 10
338100 3 29
338100 3 73
338100 3 21
338100 3 19
338100 3 31
338100 4 43
338100 4 31
338100 8 30
338100 19 45
338100 19 21
338100 20 73
338100 20 48
338100 29 51
338100 29 38
338100 31 56
338100 40 73
338100 40 56
338100 45 58
338400 3 21
338400 3 29
338400 3 40
338400 3 48
338400 8 30
338400 8 29
338400 8 40
338400 10 51
338400 10 13
338400 13 48
338400 19 21
338400 19 45
338400 20 73
338400 20 29
338400 22 43
338400 29 38
338400 29 51
338400 40 56
338400 45 58
338700 1 19
338700 3 48
338700 3 21
338700 5 65
338700 5 30
338700 8 30
338700 10 13
338700 10 56
338700 10 40
338700 13 48
338700 19 21
338700 19 32
338700 19 71
338700 20 73
338700 20 29
338700 32 48
338700 40 71
338700 45 48
339000 1 19
339000 3 40
339000 4 21
339000 5 21
339000 8 40
339000 10 40
339000 10 30
339000 19 71
339000 19 32
339000 20 73
339000 32 48
339000 40 71
339000 45 48
339000 65 73
339000 71 73
339300 0 65
339300 3 8
339300 3 65
339300 7 73
339300 8 65
339300 10 30
339300 19 32
339300 20 73
339300 22 30
339300 45 48
339600 0 65
339600 0 30
339600 3 65
339600 4 24
339600 4 13
339600 4 39
339600 8 24
339600 8 39
339600 10 24
339600 13 39
339600 16 40
339600 16 39
339600 20 24
339600 22 30
339600 22 39
339600 24 39
339600 32 48
339600 39 40
339600 39 73
339600 45 48
339900 0 65
339900 1 8
339900 3 65
339900 4 24
339900 4 39
339900 8 39
339900 8 24
339900 8 53
339900 8 70
339900 10 24
339900 13 49
339900 16 39
339900 16 40
339900 16 45
339900 16 24
339900 16 48
339900 20 24
339900 20 73
339900 24 39
339900 24 70
339900 24 30
339900 24 49
339900 32 48
339900 39 40
339900 39 70
339900 39 49
339900 40 45
339900 45 48
339900 45 49
339900 45 70
339900 65 73
340200 0 13
340200 1 8
340200 3 65
340200 3 30
340200 4 13
340200 13 49
340200 13 73
340200 16 45
340200 16 48
340200 16 39
340200 16 40
340200 16 24
340200 16 73
340200 30 73
340200 30 45
340200 32 48
340200 32 45
340200 39 40
340200 39 70
340200 40 45
340200 45 49
340200 45 48
340200 45 70
340200 65 73
340500 0 30
340500 3 65
340500 3 32
340500 4 13
340500 22 30
340500 24 70
340500 30 54
340500 30 32
340500 32 54
340500 39 49
340500 65 73
340800 0 30
340800 3 65
340800 22 30
340800 22 70
340800 40 48
340800 49 73
340800 49 70
341100 0 30
341100 11 30
341100 11 45
341100 11 16
341100 13 14
341100 14 45
341100 15 74
341100 22 30
341100 30 65
341100 65 73
341400 3 32
341400 10 61
341400 11 45
341400 11 16
341400 11 74
341400 11 36
341400 11 32
341400 14 32
341400 14 36
341400 22 51
341400 22 74
341400 30 65
341400 32 54
341400 32 68
341400 32 55
341400 39 49
341400 49 70
341400 49 61
341400 49 73
341400 51 53
341400 53 61
341400 61 74
341700 0 61
341700 0 68
341700 0 26
341700 0 22
341700 10 39
341700 11 32
341700 14 32
341700 14 61
341700 14 26
341700 15 74
341700 22 51
341700 22 26
341700 30 65
341700 32 68
341700 32 55
341700 39 49
341700 39 55
341700 53 61
341700 61 74
342000 0 68
342000 0 26
342000 0 61
342000 0 5
342000 0 3
342000 0 70
342000 3 30
342000 3 16
342000 10 39
342000 11 70
342000 14 26
342000 14 30
342000 16 30
342000 16 65
342000 16 70
342000 16 68
342000 22 26
342000 30 65
342000 30 45
342000 49 70
342000 53 61
342300 0 26
342300 0 3
342300 0 68
342300 3 30
342300 3 16
342300 10 39
342300 10 51
342300 11 74
342300 11 45
342300 11 30
342300 11 53
342300 14 30
342300 16 30
342300 16 65
342300 16 68
342300 16 66
342300 17 65
342300 22 26
342300 30 65
342300 30 68
342300 53 61
342300 65 73
342300 65 68
342600 0 26
342600 0 68
342600 3 30
342600 10 39
342600 10 51
342600 10 15
342600 10 26
342600 11 74
342600 11 32
342600 14 32
342600 14 70
342600 17 65
342600 17 49
342600 22 26
342600 22 51
342600 26 39
342600 30 65
342600 39 55
342600 65 68
342900 0 61
342900 7 40
342900 10 26
342900 14 70
342900 14 32
342900 17 49
342900 19 68
342900 22 26
342900 26 39
342900 30 68
342900 32 65
342900 32 61
342900 39 49
342900 46 52
342900 51 68
342900 61 70
343200 7 51
343200 7 11
343200 10 26
343200 14 70
343200 14 32
343200 16 65
343200 16 30
343200 16 72
343200 16 46
343200 17 49
343200 19 68
343200 22 26
343200 25 26
343200 26 39
343200 26 73
343200 26 51
343200 26 54
343200 26 46
343200 32 65
343200 39 72
343200 39 51
343200 46 52
343200 49 61
343200 51 68
343200 68 72
343500 7 11
343500 7 51
343500 10 39
343500 10 73
343500 10 16
343500 10 54
343500 10 19
343500 11 19
343500 11 72
343500 16 65
343500 16 72
343500 16 46
343500 16 30
343500 16 19
343500 19 55
343500 26 46
343500 30 65
343500 30 42
343500 32 65
343500 32 40
343500 39 72
343500 46 52
343500 51 72
343800 7 11
343800 11 19
343800 11 38
343800 16 19
343800 19 55
343800 19 25
343800 19 42
343800 19 23
343800 22 65
343800 25 73
343800 26 73
343800 26 46
343800 30 68
343800 30 42
343800 30 65
343800 32 40
343800 39 72
343800 40 51
343800 42 73
343800 59 65
343800 59 73
343800 65 73
344100 10 39
344100 11 19
344100 19 25
344100 19 42
344100 19 23
344100 19 59
344100 22 59
344100 25 73
344100 30 68
344100 39 72
344100 42 73
344100 51 72
344100 59 65
344100 59 68
344100 72 73
344400 11 19
344400 11 20
344400 13 51
344400 16 65
344400 16 42
344400 19 59
344400 22 59
344400 25 73
344400 25 30
344400 26 46
344400 30 42
344400 42 73
344400 42 51
344400 42 59
344400 51 59
344400 59 68
344400 72 73
344700 11 74
344700 11 18
344700 13 51
344700 16 65
344700 18 54
344700 40 51
344700 42 51
344700 47 65
344700 72 73
345000 0 51
345000 3 63
345000 3 67
345000 3 68
345000 11 18
345000 13 51
345000 18 54
345000 30 68
345000 45 68
345000 45 54
345000 72 73
345300 0 51
345300 0 30
345300 0 17
345300 0 68
345300 0 3
345300 3 63
345300 3 67
345300 3 68
345300 6 51
345300 11 18
345300 18 54
345300 18 63
345300 19 23
345300 30 57
345300 40 59
345300 40 51
345300 51 57
345300 51 63
345300 59 68
345300 59 63
345300 63 73
345300 72 73
345600 0 30
345600 0 3
345600 0 21
345600 18 59
345600 21 59
345600 26 59
345600 30 57
345600 40 59
345600 59 63
345900 0 3
345900 3 35
345900 25 59
345900 40 59
345900 41 42
346200 0 43
346200 3 35
346200 3 73
346200 3 51
346200 3 18
346200 11 36
346200 17 18
346200 18 73
346200 18 59
346200 40 51
346200 41 42
346200 43 51
346200 51 63
346500 0 21
346500 0 13
346500 3 18
346500 3 73
346500 3 51
346500 17 40
346500 18 36
346500 21 59
346800 0 13
346800 0 43
346800 3 51
346800 18 55
346800 18 74
346800 18 41
346800 25 59
346800 30 74
346800 40 51
346800 40 43
346800 43 51
346800 55 74
347100 0 19
347100 3 51
347100 18 74
347100 19 36
347100 19 25
347100 30 36
347100 40 51
347100 43 51
347100 55 74
347400 0 19
347400 0 43
347400 3 73
347400 3 51
347400 14 30
347400 18 74
347400 18 19
347400 19 36
347400 19 25
347400 40 51
347700 3 51
347700 5 36
347700 30 36
347700 30 74
347700 36 55
347700 55 74
348000 0 19
348000 0 5
348000 3 51
348000 19 25
348000 19 51
348000 40 51
