0 23 24
0 23 46
0 23 56
0 24 56
0 25 65
0 25 56
0 32 65
0 32 99
0 32 36
0 36 99
0 36 56
0 36 65
0 56 65
0 65 99
300 23 46
300 23 32
300 23 72
300 23 68
300 32 99
300 33 65
300 36 68
300 56 68
300 65 68
600 23 72
600 31 68
600 31 33
600 33 112
600 33 76
600 36 68
600 47 76
600 56 68
600 57 120
600 59 84
600 60 68
600 68 73
600 68 112
600 68 107
600 72 112
600 73 112
600 76 112
900 6 118
900 9 107
900 9 84
900 11 92
900 23 72
900 23 28
900 31 33
900 31 123
900 33 76
900 36 68
900 56 68
900 57 121
900 68 73
900 68 107
900 76 84
900 76 92
900 121 123
1200 9 33
1200 11 92
1200 23 28
1200 28 118
1200 28 45
1200 31 33
1200 31 57
1200 31 118
1200 31 92
1200 31 84
1200 45 92
1200 47 92
1200 54 61
1200 57 121
1200 57 117
1200 62 123
1200 117 118
1500 2 74
1500 13 118
1500 28 45
1500 31 84
1500 31 74
1500 33 117
1500 34 49
1500 37 108
1500 41 118
1500 44 109
1500 45 92
1500 47 92
1500 50 118
1500 57 121
1500 83 118
1500 104 118
1500 107 117
1500 116 123
1800 1 109
1800 1 92
1800 3 122
1800 3 70
1800 4 31
1800 23 26
1800 27 31
1800 28 45
1800 31 92
1800 31 83
1800 31 109
1800 34 49
1800 37 108
1800 41 55
1800 41 68
1800 54 61
1800 55 118
1800 70 102
1800 85 102
1800 107 117
1800 109 113
2100 2 111
2100 3 111
2100 23 114
2100 23 98
2100 31 84
2100 31 83
2100 31 92
2100 31 42
2100 31 104
2100 31 97
2100 31 41
2100 31 111
2100 41 80
2100 41 122
2100 54 61
2100 58 113
2100 60 111
2100 70 102
2100 102 111
2100 107 117
2400 2 111
2400 3 111
2400 3 31
2400 5 41
2400 23 98
2400 23 80
2400 31 83
2400 31 111
2400 31 84
2400 41 60
2400 41 84
2400 47 83
2400 62 84
2400 80 85
2400 84 85
2400 84 102
2400 84 113
2400 102 106
2400 106 123
2700 3 23
2700 5 91
2700 5 62
2700 5 57
2700 14 72
2700 14 84
2700 31 92
2700 39 60
2700 41 84
2700 41 72
2700 41 80
2700 41 57
2700 52 62
2700 57 62
2700 62 84
2700 62 113
2700 72 84
2700 72 91
2700 80 84
2700 84 85
2700 84 87
3000 0 13
3000 1 57
3000 3 84
3000 5 62
3000 13 84
3000 14 84
3000 26 72
3000 31 39
3000 37 72
3000 37 39
3000 39 72
3000 39 88
3000 39 119
3000 41 80
3000 41 70
3000 61 72
3000 68 91
3000 72 91
3300 1 57
3300 3 84
3300 5 62
3300 13 52
3300 13 55
3300 15 55
3300 15 98
3300 15 117
3300 19 55
3300 31 39
3300 40 42
3300 47 55
3300 51 84
3300 55 84
3300 84 96
3600 3 84
3600 13 55
3600 13 52
3600 15 55
3600 15 98
3600 31 39
3600 37 96
3600 37 111
3600 40 66
3600 47 55
3600 49 92
3600 49 84
3600 55 101
3600 60 96
3900 4 67
3900 13 55
3900 15 98
3900 15 96
3900 24 67
3900 24 77
3900 24 95
3900 24 50
3900 24 64
3900 37 111
3900 37 95
3900 49 92
3900 67 77
3900 67 95
3900 95 122
4200 4 67
4200 15 98
4200 19 20
4200 24 50
4200 24 77
4200 30 62
4200 40 66
4200 45 91
4200 47 55
4500 4 67
4500 21 89
4500 24 67
4500 37 111
4500 40 66
4500 46 77
4500 67 95
4500 96 117
4800 12 123
4800 12 82
4800 24 67
4800 24 77
4800 30 123
5100 12 123
5100 12 82
5100 42 119
5100 67 95
5400 16 108
5400 24 67
5400 24 77
5400 31 74
5400 60 74
5700 10 102
5700 11 50
5700 16 108
5700 31 74
5700 39 50
5700 104 115
6000 9 13
6000 9 21
6000 11 49
6000 39 50
6000 46 87
6300 31 74
6300 40 85
6300 40 90
6300 46 87
6300 76 98
6300 89 116
6300 90 104
6600 18 24
6600 31 54
6600 42 77
6600 42 112
6600 46 87
6600 73 91
6600 90 104
6900 5 15
6900 29 114
6900 31 84
6900 35 122
6900 46 87
6900 84 114
6900 90 104
7200 1 6
7200 35 122
7200 54 123
7200 90 104
7500 0 21
7500 1 6
7500 11 94
7500 73 105
7800 0 21
7800 0 11
7800 5 89
7800 11 68
7800 11 94
7800 11 13
7800 11 102
7800 11 12
7800 12 68
7800 12 99
7800 13 99
7800 13 38
7800 35 125
7800 35 122
7800 36 74
7800 68 99
7800 82 102
7800 89 125
7800 89 110
7800 89 99
7800 99 122
7800 99 120
7800 102 120
8100 4 87
8100 5 89
8100 11 94
8100 11 13
8100 12 68
8100 12 13
8100 13 38
8100 13 99
8100 13 17
8100 13 16
8100 16 89
8100 16 59
8100 16 24
8100 17 99
8100 17 35
8100 25 95
8100 29 35
8100 35 76
8100 58 95
8100 58 87
8100 68 87
8100 95 110
8400 10 80
8400 10 95
8400 10 77
8400 10 98
8400 11 13
8400 11 94
8400 11 77
8400 12 105
8400 12 77
8400 12 79
8400 13 95
8400 16 24
8400 17 35
8400 23 95
8400 23 79
8400 23 80
8400 23 111
8400 23 75
8400 23 87
8400 25 95
8400 35 76
8400 35 77
8400 40 98
8400 40 95
8400 40 105
8400 42 65
8400 49 77
8400 51 79
8400 64 77
8400 66 87
8400 66 80
8400 66 95
8400 68 80
8400 75 80
8400 75 77
8400 77 98
8400 77 105
8400 79 124
8400 80 95
8400 80 111
8400 87 95
8400 95 110
8400 95 105
8400 105 125
8700 10 80
8700 10 14
8700 10 33
8700 11 77
8700 14 33
8700 14 41
8700 14 80
8700 14 55
8700 15 29
8700 19 72
8700 19 98
8700 19 124
8700 23 111
8700 29 35
8700 29 44
8700 30 72
8700 33 47
8700 33 64
8700 33 80
8700 33 98
8700 33 77
8700 33 83
8700 33 55
8700 33 66
8700 40 80
8700 42 65
8700 64 77
8700 65 83
8700 66 80
8700 66 87
8700 66 77
8700 68 79
8700 75 77
8700 75 80
8700 77 105
8700 77 80
8700 80 83
8700 80 98
8700 87 95
8700 95 105
8700 98 99
9000 10 14
9000 10 119
9000 10 40
9000 11 77
9000 11 47
9000 11 40
9000 14 69
9000 14 46
9000 14 116
9000 15 29
9000 17 35
9000 19 124
9000 19 72
9000 19 98
9000 19 47
9000 22 65
9000 22 106
9000 22 97
9000 22 28
9000 23 111
9000 24 119
9000 27 106
9000 27 40
9000 27 73
9000 28 116
9000 40 98
9000 40 106
9000 43 106
9000 46 97
9000 46 65
9000 46 106
9000 46 107
9000 65 106
9000 69 116
9000 69 119
9000 69 83
9000 69 97
9000 73 105
9000 73 116
9000 77 98
9000 98 99
9300 4 64
9300 4 46
9300 4 107
9300 10 46
9300 14 116
9300 19 124
9300 22 65
9300 22 106
9300 22 29
9300 27 73
9300 29 107
9300 29 121
9300 29 46
9300 29 106
9300 29 97
9300 37 46
9300 40 106
9300 40 98
9300 41 101
9300 46 97
9300 46 106
9300 46 65
9300 46 89
9300 46 56
9300 46 73
9300 56 73
9300 68 107
9300 69 97
9300 69 116
9300 69 106
9300 73 116
9300 75 117
9300 77 105
9300 78 121
9300 98 99
9300 105 117
9300 107 121
9600 3 56
9600 3 121
9600 12 56
9600 18 62
9600 19 124
9600 25 40
9600 25 56
9600 25 50
9600 25 33
9600 25 121
9600 25 67
9600 27 73
9600 29 97
9600 29 107
9600 29 88
9600 33 107
9600 33 54
9600 37 121
9600 39 121
9600 40 98
9600 41 101
9600 46 73
9600 50 89
9600 50 67
9600 56 62
9600 56 116
9600 62 78
9600 62 67
9600 65 68
9600 67 121
9600 67 115
9600 69 116
9600 73 116
9600 73 115
9600 75 88
9600 77 105
9600 83 121
9600 98 99
9900 3 121
9900 5 89
9900 5 19
9900 5 73
9900 5 83
9900 5 16
9900 10 107
9900 16 67
9900 16 56
9900 16 65
9900 16 75
9900 16 105
9900 22 65
9900 25 105
9900 25 65
9900 25 70
9900 29 97
9900 30 99
9900 31 65
9900 40 98
9900 41 101
9900 46 73
9900 46 56
9900 47 56
9900 50 89
9900 50 65
9900 56 73
9900 56 67
9900 65 72
9900 65 99
9900 65 117
9900 65 83
9900 65 78
9900 69 98
9900 73 115
9900 73 105
9900 73 86
9900 75 88
9900 98 99
9900 105 107
10200 3 56
10200 5 19
10200 5 29
10200 5 56
10200 7 56
10200 10 29
10200 10 122
10200 10 73
10200 10 99
10200 10 87
10200 13 105
10200 13 50
10200 15 56
10200 15 101
10200 16 75
10200 19 124
10200 22 118
10200 25 105
10200 25 56
10200 25 65
10200 25 70
10200 29 121
10200 46 56
10200 46 99
10200 46 118
10200 46 101
10200 49 83
10200 50 83
10200 56 62
10200 56 83
10200 56 122
10200 64 118
10200 65 72
10200 73 115
10200 73 93
10200 73 101
10200 101 125
10200 118 121
10500 3 56
10500 5 16
10500 5 73
10500 5 29
10500 5 13
10500 5 95
10500 5 15
10500 7 106
10500 7 46
10500 7 22
10500 10 98
10500 10 95
10500 15 50
10500 15 20
10500 15 19
10500 15 46
10500 15 110
10500 22 95
10500 25 105
10500 25 70
10500 25 65
10500 29 121
10500 46 118
10500 46 99
10500 46 95
10500 46 80
10500 46 98
10500 46 110
10500 49 83
10500 50 83
10500 56 62
10500 65 72
10500 73 93
10500 95 105
10500 95 99
10500 101 125
10500 101 106
10500 105 106
10800 3 56
10800 3 39
10800 3 95
10800 3 80
10800 3 120
10800 5 15
10800 7 106
10800 15 121
10800 16 75
10800 20 75
10800 25 70
10800 25 105
10800 25 95
10800 28 60
10800 29 121
10800 39 95
10800 46 99
10800 73 93
10800 75 121
10800 83 95
10800 95 105
10800 105 106
10800 105 121
10800 120 121
11100 3 56
11100 5 95
11100 10 95
11100 12 99
11100 12 95
11100 12 44
11100 12 96
11100 15 110
11100 16 75
11100 22 95
11100 25 70
11100 28 60
11100 29 121
11100 39 95
11100 39 75
11100 39 74
11100 39 99
11100 39 125
11100 39 102
11100 39 44
11100 44 75
11100 44 96
11100 44 70
11100 44 125
11100 44 89
11100 46 99
11100 48 106
11100 48 120
11100 73 93
11100 74 125
11100 75 121
11100 75 99
11100 75 120
11100 75 125
11100 99 125
11400 5 95
11400 7 106
11400 12 99
11400 15 110
11400 22 117
11400 23 28
11400 28 60
11400 29 121
11400 39 74
11400 46 99
11400 73 93
11400 75 99
11400 80 120
11400 80 106
11400 99 125
11400 105 121
11700 3 56
11700 5 95
11700 7 119
11700 12 99
11700 12 96
11700 16 56
11700 23 80
11700 29 121
11700 44 96
11700 59 70
11700 74 125
11700 80 106
12000 5 95
12000 12 60
12000 22 117
12000 22 112
12000 23 76
12000 26 60
12000 28 99
12000 39 95
12000 44 81
12000 74 125
12000 83 99
12300 7 119
12300 7 121
12300 22 112
12300 22 83
12300 39 106
12300 83 99
12300 99 106
12600 1 99
12600 1 104
12600 7 119
12600 83 100
12600 99 106
12900 1 104
12900 7 119
12900 39 119
13200 1 104
13200 66 109
13500 66 109
13500 96 115
13500 97 115
13800 1 104
13800 1 94
13800 47 102
13800 97 115
13800 102 104
14100 16 104
14100 36 93
14100 47 102
14100 61 91
14100 75 104
14100 104 109
14400 16 104
14400 16 36
14400 36 80
14400 62 91
14400 65 80
14700 16 104
14700 16 55
14700 36 80
14700 36 93
14700 57 62
14700 91 95
15000 36 80
15000 44 57
15000 44 55
15000 56 100
15000 56 92
15000 80 117
15000 91 95
15300 4 85
15300 8 95
15300 27 100
15300 30 51
15300 33 88
15300 40 46
15300 45 88
15300 51 100
15300 80 117
15300 88 92
15300 100 105
15600 0 10
15600 8 95
15600 22 60
15600 25 95
15600 30 51
15600 38 60
15600 45 51
15600 56 92
15600 60 95
15600 95 108
15600 100 105
15900 8 95
15900 23 34
15900 23 100
15900 25 95
15900 25 29
15900 26 29
15900 29 37
15900 37 45
15900 88 100
15900 95 108
16200 5 31
16200 8 95
16200 23 100
16200 28 67
16200 28 36
16200 36 47
16200 47 72
16200 67 100
16200 67 71
16200 67 72
16200 72 118
16200 88 100
16200 95 108
16200 108 118
16500 9 104
16500 10 61
16500 23 67
16500 28 67
16500 28 36
16500 41 67
16500 42 118
16500 53 118
16500 95 108
16800 5 31
16800 5 41
16800 5 110
16800 5 37
16800 5 69
16800 5 123
16800 19 110
16800 23 67
16800 35 104
16800 41 67
16800 41 45
16800 45 110
16800 53 110
16800 67 71
16800 108 123
17100 5 31
17100 18 109
17100 18 41
17100 18 94
17100 19 110
17100 37 61
17100 41 117
17100 53 123
17100 61 109
17100 61 114
17100 67 71
17100 71 114
17100 115 125
17400 5 41
17400 5 31
17400 16 76
17400 19 115
17400 41 45
17400 47 105
17400 52 54
17400 67 71
17400 109 124
17700 5 31
17700 17 67
17700 19 110
17700 35 105
17700 45 67
17700 52 54
17700 71 105
17700 89 124
18000 9 26
18000 26 89
18000 26 111
18000 26 69
18000 45 67
18000 52 54
18000 60 83
18000 83 84
18300 9 18
18300 10 50
18300 26 89
18300 45 67
18300 50 60
18300 58 96
18300 59 96
18300 69 96
18300 69 121
18300 69 91
18300 89 96
18600 26 69
18600 31 111
18600 58 96
18600 58 112
18600 69 96
18600 89 96
18600 111 112
18900 30 89
18900 47 112
18900 47 96
18900 55 63
18900 58 96
18900 64 89
18900 64 82
18900 69 89
18900 90 96
18900 96 97
19200 3 47
19200 3 103
19200 3 89
19200 26 89
19200 47 96
19200 47 102
19200 47 89
19200 55 70
19200 58 112
19200 63 89
19200 64 89
19200 69 89
19200 70 89
19200 82 103
19200 89 96
19200 89 112
19500 2 58
19500 3 89
19500 3 47
19500 26 89
19500 30 69
19500 30 58
19500 30 89
19500 58 112
19500 58 69
19500 58 113
19500 58 89
19500 64 82
19500 64 89
19500 67 89
19500 67 93
19500 89 118
19800 2 93
19800 3 47
19800 30 67
19800 42 58
19800 43 93
19800 58 113
19800 58 69
19800 58 120
19800 58 93
19800 58 105
19800 64 82
19800 67 89
19800 67 93
19800 93 103
19800 93 120
19800 113 120
20100 2 93
20100 3 47
20100 7 105
20100 11 18
20100 18 89
20100 18 69
20100 25 40
20100 25 79
20100 28 40
20100 30 58
20100 30 69
20100 40 93
20100 40 105
20100 58 120
20100 58 93
20100 67 93
20100 67 125
20100 69 125
20100 76 79
20100 90 93
20100 91 105
20100 93 105
20400 0 60
20400 0 28
20400 0 80
20400 3 110
20400 7 105
20400 10 88
20400 19 99
20400 25 40
20400 28 40
20400 28 90
20400 28 69
20400 36 90
20400 40 105
20400 40 67
20400 45 103
20400 45 120
20400 45 80
20400 58 73
20400 67 125
20400 69 125
20700 3 110
20700 4 14
20700 10 88
20700 11 18
20700 14 88
20700 14 73
20700 14 78
20700 14 120
20700 18 78
20700 29 120
20700 40 105
20700 45 80
20700 45 98
20700 45 73
20700 67 93
20700 69 125
20700 69 95
20700 71 118
20700 73 125
20700 73 102
20700 78 120
20700 78 88
20700 88 110
20700 88 120
21000 3 110
21000 4 14
21000 6 71
21000 11 14
21000 11 98
21000 14 78
21000 14 55
21000 14 63
21000 14 124
21000 14 71
21000 45 73
21000 55 118
21000 55 63
21000 58 88
21000 63 125
21000 63 116
21000 67 78
21000 71 88
21300 4 63
21300 14 42
21300 14 82
21300 19 123
21300 45 73
21300 55 63
21300 58 63
21300 63 116
21300 63 73
21300 63 82
21300 63 93
21300 63 102
21300 67 78
21300 73 102
21300 73 124
21600 3 93
21600 3 67
21600 3 45
21600 4 63
21600 14 82
21600 14 37
21600 23 37
21600 37 58
21600 37 102
21600 45 73
21600 58 63
21600 63 93
21600 63 116
21600 67 115
21600 115 116
21900 3 67
21900 4 86
21900 14 82
21900 14 29
21900 16 73
21900 23 37
21900 25 86
21900 25 46
21900 29 109
21900 29 73
21900 30 64
21900 30 86
21900 46 124
21900 58 93
21900 65 75
21900 67 115
21900 86 109
21900 86 115
22200 4 86
22200 14 37
22200 16 73
22200 23 116
22200 25 86
22200 25 46
22200 29 86
22200 30 86
22200 53 75
22200 54 110
22200 58 75
22200 63 116
22200 79 86
22200 82 93
22200 86 91
22200 86 109
22200 91 114
22200 91 102
22500 5 113
22500 5 53
22500 14 25
22500 17 116
22500 17 25
22500 17 53
22500 17 93
22500 17 49
22500 25 86
22500 29 73
22500 38 75
22500 38 83
22500 38 40
22500 40 71
22500 46 93
22500 48 54
22500 53 91
22500 58 75
22500 63 116
22500 75 113
22500 79 86
22500 82 93
22800 14 37
22800 25 26
22800 26 40
22800 26 51
22800 30 73
22800 38 83
22800 38 40
22800 38 73
22800 48 51
22800 48 87
22800 54 73
22800 73 74
22800 82 93
22800 106 113
23100 14 100
23100 25 26
23100 26 40
23100 26 71
23100 26 53
23100 26 58
23100 38 40
23100 54 122
23100 58 60
23100 73 74
23100 75 113
23100 93 113
23400 11 70
23400 14 81
23400 16 71
23400 17 70
23400 26 51
23400 26 71
23400 26 40
23400 30 90
23400 38 40
23400 38 90
23400 54 122
23400 54 73
23400 58 70
23400 70 106
23400 90 124
23700 14 86
23700 17 70
23700 17 85
23700 26 40
23700 37 87
23700 51 65
23700 70 106
23700 86 113
23700 87 113
23700 89 90
23700 90 124
24000 10 90
24000 14 86
24000 17 85
24000 19 70
24000 31 51
24000 31 108
24000 37 51
24000 51 58
24000 70 106
24000 87 106
24000 97 106
24000 97 112
24000 109 117
24300 17 81
24300 17 106
24300 20 81
24300 24 81
24300 31 51
24300 37 51
24300 37 90
24300 37 81
24300 45 81
24300 58 59
24300 59 81
24300 66 106
24300 81 106
24300 87 106
24300 87 89
24600 5 40
24600 20 70
24600 22 109
24600 24 81
24600 28 81
24600 28 109
24600 31 59
24600 37 90
24600 45 81
24600 59 81
24600 73 86
24900 4 30
24900 4 51
24900 4 89
24900 24 81
24900 28 81
24900 31 59
24900 45 81
24900 51 78
25200 3 69
25200 4 51
25200 4 69
25200 5 45
25200 7 110
25200 15 110
25200 19 24
25200 19 100
25200 26 106
25200 45 86
25200 69 106
25200 69 100
25200 69 83
25200 74 110
25200 88 106
25200 92 110
25500 0 69
25500 0 110
25500 0 106
25500 0 100
25500 0 118
25500 0 59
25500 4 30
25500 6 15
25500 7 110
25500 15 69
25500 19 100
25500 19 110
25500 22 89
25500 26 106
25500 50 78
25500 64 106
25500 69 106
25500 69 89
25500 88 106
25800 6 78
25800 7 110
25800 22 89
25800 64 118
25800 74 110
26100 22 89
26100 35 69
26100 121 124
26400 6 78
26400 20 35
26400 44 112
26400 55 96
26400 55 112
26400 118 119
26700 4 55
26700 22 89
26700 29 90
26700 45 121
26700 46 90
26700 46 72
26700 55 112
26700 118 119
27000 11 50
27000 40 81
27000 46 72
27000 74 90
27000 118 119
27300 11 50
27300 17 25
27300 26 61
27300 67 112
27600 0 124
27600 2 68
27600 40 113
27900 15 120
27900 15 17
27900 26 61
27900 35 105
27900 62 73
27900 67 112
27900 81 117
28200 15 17
28200 15 71
28200 15 117
28200 25 38
28200 42 81
28200 57 111
28500 15 17
28500 17 42
28500 23 35
28500 81 117
28500 107 111
28800 7 116
28800 25 38
28800 38 58
28800 60 108
28800 78 99
28800 81 117
28800 107 111
29100 14 81
29100 15 55
29100 60 108
29100 60 62
29100 81 117
29400 0 75
29400 9 78
29400 93 104
29400 93 105
29700 0 32
29700 6 19
29700 6 101
29700 19 117
29700 93 105
30000 3 92
30000 15 92
30000 15 40
30000 15 108
30000 32 92
30000 39 75
30000 86 92
30300 6 101
30300 6 49
30300 6 75
30300 15 40
30300 15 94
30300 49 61
30300 75 108
30600 3 92
30600 6 58
30600 7 58
30600 32 92
30600 39 75
30600 49 61
30900 6 101
30900 6 75
30900 7 8
30900 7 62
30900 7 58
30900 39 58
30900 58 99
30900 99 106
30900 103 121
30900 121 122
31200 3 86
31200 6 101
31200 7 8
31200 7 23
31200 7 86
31200 21 23
31200 21 92
31200 23 92
31200 23 86
31200 39 86
31200 99 106
31200 103 121
31500 3 101
31500 3 86
31500 3 90
31500 7 86
31500 52 100
31500 86 109
31500 97 121
31500 103 121
31800 3 101
31800 3 44
31800 44 77
31800 52 100
31800 100 109
32100 11 58
32100 44 77
32100 52 100
32400 0 106
32400 41 77
32400 41 52
32400 106 121
32700 11 27
32700 21 83
32700 21 106
32700 21 63
32700 27 63
32700 41 63
33000 21 83
33000 21 106
33000 23 80
33000 77 80
33300 76 98
33300 83 98
33600 76 98
33600 98 118
34200 20 104
34500 63 103
34800 98 107
35100 98 107
38100 7 101
39600 65 88
79800 0 76
79800 40 76
79800 61 76
80100 36 76
80100 36 43
80700 10 113
80700 10 40
81000 10 15
81000 10 95
81000 15 38
81600 50 112
82200 12 84
83100 11 125
83400 16 77
83400 77 107
83700 16 55
83700 77 107
84000 4 96
84000 16 55
84300 1 76
84300 9 66
84300 77 107
84600 1 76
84600 9 109
84600 9 25
84600 9 55
84600 25 36
84900 9 25
84900 14 98
84900 25 117
84900 25 55
84900 25 42
84900 33 52
85200 1 76
85200 9 55
85200 25 36
85200 25 117
85500 1 76
85500 15 44
85500 25 42
85800 7 15
85800 9 55
85800 15 44
85800 15 50
86100 5 110
86100 18 86
86400 9 55
86400 15 44
86400 71 97
86700 5 110
87000 5 76
87000 11 91
87000 11 14
87000 12 76
87000 14 76
87000 15 44
87000 37 44
87000 43 100
87000 55 97
87000 66 100
87000 76 106
87000 76 97
87000 87 99
87300 5 76
87300 11 14
87300 14 55
87300 15 44
87300 21 90
87300 31 76
87300 31 90
87300 37 44
87300 38 97
87300 39 75
87300 44 97
87300 55 100
87300 55 90
87300 66 100
87300 74 97
87300 74 90
87300 75 99
87300 75 90
87300 90 95
87300 90 113
87300 90 99
87600 10 100
87600 14 55
87600 14 76
87600 14 66
87600 21 90
87600 31 74
87600 37 44
87600 43 105
87600 43 57
87600 44 63
87600 55 90
87600 56 100
87600 63 92
87600 63 95
87600 63 74
87600 63 99
87600 63 80
87600 63 76
87600 63 124
87600 74 90
87600 74 76
87600 74 100
87600 76 106
87600 76 100
87600 90 99
87600 97 123
87600 100 109
87600 105 119
87900 1 76
87900 14 66
87900 14 76
87900 29 68
87900 31 124
87900 31 100
87900 31 76
87900 31 97
87900 38 106
87900 42 100
87900 43 57
87900 54 74
87900 55 100
87900 55 90
87900 55 80
87900 55 117
87900 63 80
87900 66 100
87900 68 70
87900 74 100
87900 76 93
87900 76 100
87900 76 92
87900 90 95
87900 97 123
87900 100 109
88200 14 66
88200 14 76
88200 14 53
88200 25 44
88200 26 119
88200 29 54
88200 31 76
88200 34 65
88200 42 99
88200 42 119
88200 42 69
88200 43 105
88200 48 89
88200 54 74
88200 54 76
88200 54 122
88200 63 80
88200 63 124
88200 65 76
88200 69 122
88200 71 122
88200 76 118
88200 95 118
88200 105 119
88500 8 59
88500 14 53
88500 17 59
88500 17 67
88500 24 71
88500 24 59
88500 24 118
88500 24 67
88500 25 44
88500 29 68
88500 29 54
88500 38 106
88500 42 87
88500 42 59
88500 42 106
88500 42 72
88500 42 115
88500 54 74
88500 59 96
88500 59 108
88500 59 69
88500 68 70
88500 76 118
88800 8 59
88800 14 118
88800 17 59
88800 17 108
88800 24 67
88800 24 71
88800 39 92
88800 39 66
88800 40 102
88800 40 108
88800 40 109
88800 40 115
88800 42 115
88800 42 68
88800 49 54
88800 52 107
88800 54 102
88800 58 70
88800 59 108
88800 60 102
88800 65 107
88800 67 93
88800 68 107
88800 76 118
88800 86 87
88800 86 116
88800 94 107
89100 5 107
89100 5 39
89100 5 40
89100 5 64
89100 14 118
89100 24 59
89100 24 71
89100 24 42
89100 24 107
89100 24 64
89100 24 35
89100 40 115
89100 40 102
89100 40 42
89100 40 98
89100 42 106
89100 42 87
89100 42 52
89100 42 108
89100 64 118
89100 65 107
89100 67 93
89100 89 101
89100 94 107
89100 98 101
89100 102 107
89100 102 118
89100 107 108
89400 5 107
89400 5 64
89400 5 40
89400 5 118
89400 5 67
89400 5 98
89400 5 123
89400 5 24
89400 10 67
89400 14 118
89400 17 59
89400 22 24
89400 24 35
89400 24 59
89400 24 36
89400 24 95
89400 24 125
89400 26 109
89400 30 59
89400 35 118
89400 35 42
89400 40 116
89400 42 98
89400 54 102
89400 60 102
89400 76 118
89400 102 107
89700 5 64
89700 5 39
89700 5 118
89700 6 113
89700 10 67
89700 10 35
89700 17 20
89700 17 113
89700 20 113
89700 20 123
89700 24 64
89700 26 113
89700 30 59
89700 35 42
89700 42 52
89700 54 102
89700 60 67
89700 66 125
89700 67 123
89700 68 118
89700 68 73
89700 92 113
89700 98 113
90000 5 118
90000 10 35
90000 22 24
90000 27 46
90000 29 36
90000 30 59
90000 36 64
90000 36 88
90000 36 67
90000 42 52
90000 46 67
90000 60 67
90000 68 73
90000 72 106
90000 75 82
90300 0 35
90300 5 118
90300 9 78
90300 9 116
90300 13 64
90300 14 55
90300 22 24
90300 28 111
90300 30 59
90300 35 74
90300 35 36
90300 36 64
90300 42 52
90300 55 116
90300 55 111
90300 78 98
90600 5 118
90600 9 78
90600 22 103
90600 25 39
90600 28 111
90600 30 59
90600 35 74
90600 46 125
90900 9 85
90900 28 111
90900 35 74
90900 36 64
90900 78 80
90900 111 116
91200 9 78
91200 9 85
91200 28 111
91200 30 101
91200 32 118
91500 4 71
91500 4 63
91500 9 85
91500 15 81
91500 16 121
91500 39 114
91500 111 116
91500 121 124
91800 9 85
91800 19 71
91800 19 85
91800 39 114
91800 42 91
91800 71 87
91800 90 91
91800 103 114
91800 121 124
92100 15 81
92100 20 43
92100 28 48
92100 28 62
92100 103 114
92400 15 81
92400 24 41
92400 27 67
92400 40 103
92400 71 87
92400 121 124
92700 15 81
92700 22 29
92700 23 36
92700 23 49
92700 24 41
92700 30 118
92700 31 37
92700 77 123
93000 14 100
93000 23 49
93000 71 87
93000 71 73
93000 77 123
93300 14 100
93300 22 98
93300 66 98
93300 71 87
93300 98 122
93600 4 112
93600 4 85
93600 45 47
93600 61 112
93600 61 85
93600 64 85
93600 66 98
93900 5 88
93900 27 55
93900 61 85
94200 27 55
94200 36 40
94200 36 55
94200 36 52
94200 37 93
94200 40 80
94200 40 61
94200 40 52
94200 40 71
94200 52 80
94200 52 61
94200 55 76
94200 61 71
94200 61 80
94200 71 73
94200 71 86
94500 7 71
94500 24 69
94500 24 43
94500 29 40
94500 29 73
94500 29 55
94500 39 120
94500 40 71
94500 40 80
94500 40 107
94500 40 73
94500 40 120
94500 40 69
94500 40 55
94500 40 49
94500 40 114
94500 43 71
94500 43 125
94500 52 80
94500 52 125
94500 61 80
94500 69 120
94500 71 99
94500 71 91
94500 73 120
94500 73 125
94500 73 80
94500 120 125
94800 0 120
94800 0 71
94800 0 78
94800 0 91
94800 2 120
94800 4 13
94800 13 120
94800 13 49
94800 13 40
94800 14 120
94800 24 43
94800 29 73
94800 31 64
94800 31 120
94800 40 80
94800 40 120
94800 40 97
94800 41 73
94800 43 71
94800 43 103
94800 48 120
94800 69 120
94800 71 99
94800 73 120
94800 79 120
94800 91 97
94800 91 120
94800 110 120
94800 120 125
95100 1 79
95100 4 49
95100 12 19
95100 13 120
95100 13 122
95100 14 120
95100 19 49
95100 19 34
95100 19 113
95100 27 79
95100 29 73
95100 29 104
95100 31 108
95100 31 113
95100 31 59
95100 34 79
95100 43 71
95100 48 120
95100 48 99
95100 59 113
95100 71 99
95100 104 108
95100 107 113
95100 113 115
95400 4 48
95400 4 105
95400 4 27
95400 4 108
95400 4 58
95400 4 84
95400 5 34
95400 19 49
95400 19 36
95400 26 58
95400 29 104
95400 31 113
95400 31 108
95400 33 58
95400 33 62
95400 33 76
95400 34 108
95400 36 108
95400 36 62
95400 36 97
95400 48 99
95400 48 62
95400 55 97
95400 58 62
95400 62 99
95400 76 95
95400 95 108
95700 4 27
95700 4 58
95700 8 84
95700 26 58
95700 29 73
95700 31 87
95700 33 76
95700 33 99
95700 34 58
95700 37 99
95700 41 78
95700 43 84
95700 43 99
95700 48 62
95700 55 97
95700 58 64
95700 58 98
95700 62 108
95700 62 87
95700 75 76
95700 84 87
96000 4 27
96000 5 59
96000 5 20
96000 12 62
96000 15 105
96000 15 124
96000 20 31
96000 21 119
96000 26 58
96000 28 73
96000 29 59
96000 31 87
96000 31 113
96000 33 58
96000 33 76
96000 33 120
96000 34 58
96000 38 43
96000 43 120
96000 48 105
96000 56 113
96000 58 64
96000 59 97
96000 59 120
96000 62 73
96000 62 108
96000 73 124
96000 102 119
96000 108 124
96300 5 59
96300 8 84
96300 15 64
96300 15 105
96300 19 76
96300 19 116
96300 20 64
96300 20 34
96300 29 59
96300 29 76
96300 30 73
96300 34 106
96300 34 105
96300 36 105
96300 37 76
96300 46 64
96300 56 113
96300 58 64
96300 59 97
96300 59 73
96300 62 73
96300 62 108
96300 62 76
96300 62 64
96300 73 113
96300 73 105
96300 83 93
96600 1 20
96600 5 59
96600 5 15
96600 5 55
96600 8 17
96600 8 55
96600 12 28
96600 15 113
96600 15 59
96600 15 82
96600 15 46
96600 15 116
96600 15 43
96600 18 89
96600 20 64
96600 28 103
96600 29 59
96600 29 88
96600 29 65
96600 29 113
96600 43 108
96600 43 55
96600 43 46
96600 43 73
96600 43 59
96600 43 86
96600 43 64
96600 43 113
96600 44 113
96600 51 76
96600 51 113
96600 55 59
96600 55 113
96600 59 97
96600 62 64
96600 62 76
96600 73 105
96600 73 113
96600 105 113
96900 3 41
96900 7 46
96900 8 55
96900 12 28
96900 13 43
96900 15 43
96900 15 113
96900 15 64
96900 15 46
96900 15 74
96900 15 104
96900 15 48
96900 15 97
96900 18 89
96900 20 64
96900 27 55
96900 28 30
96900 28 97
96900 28 43
96900 28 29
96900 28 117
96900 29 65
96900 29 113
96900 35 94
96900 40 103
96900 43 73
96900 43 117
96900 43 50
96900 46 104
96900 46 68
96900 51 76
96900 51 104
96900 55 59
96900 55 117
96900 62 64
96900 62 76
96900 68 117
96900 72 97
96900 73 113
96900 79 117
96900 97 104
96900 97 113
96900 105 113
97200 23 28
97200 28 103
97200 28 97
97200 28 117
97200 28 48
97200 28 45
97200 28 63
97200 28 40
97200 29 65
97200 29 55
97200 29 112
97200 29 72
97200 30 45
97200 30 55
97200 31 43
97200 38 40
97200 40 97
97200 43 86
97200 43 53
97200 45 66
97200 45 53
97200 45 57
97200 45 72
97200 45 46
97200 45 48
97200 46 104
97200 47 55
97200 47 72
97200 48 79
97200 51 76
97200 55 74
97200 55 63
97200 57 74
97200 62 76
97200 68 117
97200 97 104
97500 3 23
97500 3 93
97500 3 45
97500 3 51
97500 3 30
97500 7 13
97500 10 68
97500 10 27
97500 11 117
97500 11 30
97500 11 59
97500 11 13
97500 11 29
97500 13 93
97500 13 43
97500 13 30
97500 27 93
97500 29 65
97500 29 55
97500 29 30
97500 30 57
97500 31 43
97500 41 76
97500 41 47
97500 43 73
97500 43 59
97500 45 53
97500 45 46
97500 45 72
97500 45 66
97500 45 57
97500 45 93
97500 45 47
97500 47 72
97500 47 93
97500 48 79
97500 48 59
97500 51 93
97500 53 93
97500 59 84
97500 66 79
97500 76 93
97500 97 104
97800 0 26
97800 3 23
97800 10 27
97800 13 43
97800 14 66
97800 23 106
97800 29 65
97800 43 59
97800 45 46
97800 47 72
97800 48 66
97800 51 118
97800 66 79
97800 76 117
98100 0 26
98100 2 79
98100 23 106
98100 26 125
98100 43 59
98100 45 46
98100 57 58
98100 66 79
98100 66 78
98100 76 117
98400 23 106
98400 45 48
98400 56 110
98400 66 79
98400 67 111
98400 76 117
98700 16 114
98700 23 106
98700 26 125
98700 41 120
99000 12 85
99000 26 125
99000 37 119
99300 9 111
99300 12 106
99300 37 119
99300 44 120
99300 58 78
99600 26 118
99600 54 118
99600 58 78
99900 12 57
99900 24 66
99900 26 118
99900 58 59
99900 112 118
100200 3 79
100200 12 72
100200 18 54
100200 26 118
100500 3 79
100500 12 72
100500 71 79
100500 72 79
100800 12 42
100800 27 80
100800 39 109
100800 71 79
101100 6 88
101100 53 105
101400 26 112
101400 45 59
101400 59 111
101400 59 61
101400 62 88
101700 3 61
101700 21 61
101700 61 71
102000 3 31
102000 16 31
102000 54 67
102000 58 89
102000 75 116
102000 89 121
102300 21 39
102300 21 91
102300 21 113
102300 28 64
102300 31 124
102300 38 50
102300 39 64
102300 39 125
102300 58 89
102300 69 109
102300 75 116
102300 91 109
102300 113 120
102600 5 87
102600 21 89
102600 38 50
102600 69 109
102600 80 87
102600 87 109
102600 89 121
102900 5 87
102900 11 92
102900 23 32
102900 32 75
102900 32 116
102900 38 46
102900 59 121
102900 84 92
102900 87 109
103200 0 51
103200 38 46
103200 38 105
103200 38 51
103200 51 109
103200 56 97
103200 56 124
103200 69 109
103200 84 111
103500 20 124
103500 38 105
103500 38 51
103500 38 111
103500 51 111
103500 51 56
103500 56 97
103800 17 88
103800 17 123
103800 20 124
103800 38 105
103800 46 70
103800 51 111
103800 60 123
103800 60 96
103800 61 119
103800 69 123
103800 70 85
103800 88 123
104100 17 123
104100 31 85
104100 31 69
104100 32 62
104100 38 105
104100 48 82
104100 61 106
104100 85 123
104400 17 123
104400 31 77
104400 31 33
104400 33 55
104400 33 57
104400 38 63
104400 38 62
104400 43 85
104400 82 118
104400 86 98
104700 14 77
104700 14 106
104700 14 96
104700 35 51
104700 38 62
104700 78 82
104700 78 104
104700 80 91
104700 82 123
104700 86 98
104700 106 118
104700 106 108
105000 7 34
105000 17 103
105000 17 34
105000 20 34
105000 34 104
105000 34 119
105000 35 118
105000 35 57
105000 38 62
105000 62 86
105000 82 98
105000 98 103
105000 101 118
105000 101 111
105000 106 118
105300 7 34
105300 12 91
105300 14 121
105300 25 79
105300 34 104
105300 34 98
105300 34 59
105300 35 57
105300 35 118
105300 59 84
105300 59 121
105300 59 103
105300 80 103
105300 84 102
105300 91 101
105300 101 111
105300 101 106
105300 106 118
105600 11 59
105600 12 91
105600 12 59
105600 25 79
105600 25 49
105600 25 111
105600 25 109
105600 25 59
105600 31 79
105600 34 104
105600 34 59
105600 34 38
105600 35 118
105600 38 59
105600 59 121
105600 59 60
105900 12 59
105900 15 34
105900 25 49
105900 25 59
105900 25 34
105900 34 98
105900 34 59
105900 35 118
105900 38 122
105900 41 58
105900 41 119
105900 44 58
105900 59 80
105900 59 102
105900 68 80
106200 12 59
106200 13 73
106200 15 35
106200 15 113
106200 15 98
106200 23 33
106200 31 57
106200 31 59
106200 31 34
106200 34 59
106200 34 113
106200 35 118
106200 68 80
106500 13 57
106500 15 35
106500 15 57
106500 15 107
106500 15 38
106500 15 91
106500 15 119
106500 15 67
106500 31 59
106500 34 113
106500 41 119
106500 42 57
106500 46 50
106500 57 95
106500 57 119
106500 104 119
106500 118 119
106800 13 72
106800 15 93
106800 20 93
106800 23 33
106800 41 119
106800 42 57
106800 46 119
106800 46 59
106800 50 93
106800 50 107
106800 50 119
106800 57 95
106800 104 119
106800 118 119
106800 119 124
107100 2 95
107100 15 67
107100 23 33
107100 33 37
107100 33 85
107100 33 49
107100 34 38
107100 38 50
107100 41 119
107100 41 90
107100 41 59
107100 42 57
107100 45 49
107100 49 80
107100 49 50
107100 57 95
107100 63 91
107400 2 121
107400 13 72
107400 22 91
107400 23 33
107400 33 37
107400 33 77
107400 38 58
107400 41 90
107400 45 49
107400 45 107
107400 49 121
107400 49 90
107400 50 119
107400 50 93
107400 54 91
107400 58 112
107400 74 105
107400 91 121
107400 95 107
107400 107 121
107700 2 95
107700 2 118
107700 2 72
107700 2 121
107700 11 121
107700 15 121
107700 33 72
107700 41 90
107700 42 72
107700 45 107
107700 49 50
107700 49 121
107700 49 123
107700 50 93
107700 50 72
107700 57 95
107700 63 91
107700 72 121
107700 86 95
107700 90 91
107700 91 121
107700 107 121
108000 2 72
108000 4 49
108000 5 90
108000 33 100
108000 38 50
108000 42 72
108000 42 100
108000 42 121
108000 42 95
108000 45 50
108000 45 95
108000 49 121
108000 50 72
108000 50 90
108000 50 125
108000 51 105
108000 56 57
108000 57 95
108000 77 95
108000 84 121
108000 86 100
108000 91 121
108000 95 100
108000 95 105
108000 95 121
108000 100 125
108000 107 121
108000 121 125
108300 4 105
108300 6 86
108300 33 100
108300 49 50
108300 50 84
108300 63 91
108300 77 115
108300 86 100
108300 86 98
108300 90 91
108300 95 100
108300 95 98
108300 98 100
108300 98 103
108300 100 125
108300 100 116
108600 10 31
108600 47 100
108600 49 50
108600 50 90
108600 50 84
108600 50 100
108600 50 91
108600 63 91
108600 77 95
108600 81 119
108600 84 86
108600 86 91
108600 91 100
108600 98 103
108600 100 116
108600 105 125
108900 1 79
108900 9 114
108900 17 79
108900 29 114
108900 29 93
108900 29 63
108900 33 100
108900 50 84
108900 50 78
108900 56 114
108900 61 95
108900 64 114
108900 80 114
108900 95 98
108900 98 103
108900 105 125
109200 5 80
109200 9 114
109200 9 59
109200 9 50
109200 29 63
109200 29 114
109200 33 98
109200 35 98
109200 50 114
109200 59 94
109200 59 107
109200 61 95
109200 78 114
109200 91 114
109200 94 107
109200 98 118
109200 105 125
109200 105 114
109500 5 80
109500 9 114
109500 9 50
109500 11 15
109500 15 72
109500 15 56
109500 16 72
109500 50 114
109500 56 98
109500 56 88
109500 60 72
109500 61 95
109500 81 98
109500 91 105
109800 5 80
109800 7 76
109800 11 15
109800 15 95
109800 15 91
109800 16 72
109800 44 91
109800 50 114
109800 56 113
109800 72 113
109800 97 104
110100 0 7
110100 0 72
110100 7 66
110100 7 91
110100 9 54
110100 11 15
110100 54 101
110100 56 113
110100 56 75
110100 72 95
110100 95 107
110100 97 104
110400 6 114
110400 6 28
110400 6 17
110400 6 95
110400 7 91
110400 9 54
110400 10 95
110400 76 95
110700 6 114
110700 11 107
110700 17 57
110700 27 72
110700 54 95
110700 76 95
110700 87 120
110700 95 106
111000 8 91
111000 8 120
111000 17 57
111000 17 19
111000 17 65
111000 27 72
111000 32 125
111000 59 118
111000 106 116
111000 116 120
111000 116 118
111300 8 120
111300 16 17
111300 16 116
111300 17 19
111300 17 53
111300 17 76
111300 27 72
111300 36 124
111300 47 92
111300 57 115
111300 59 112
111300 108 111
111300 115 116
111600 5 112
111600 8 120
111600 8 117
111600 13 22
111600 16 17
111600 16 57
111600 16 95
111600 17 76
111600 22 112
111600 36 112
111600 36 75
111600 47 92
111600 57 115
111600 57 75
111600 75 120
111600 108 125
111600 112 116
111600 118 120
111900 8 120
111900 9 117
111900 16 95
111900 36 75
111900 46 115
111900 47 48
111900 48 105
111900 48 72
111900 52 61
111900 57 61
111900 108 125
111900 118 120
112200 28 112
112200 57 61
112200 60 108
112200 79 105
112200 92 108
112200 118 120
112500 18 95
112500 47 48
112500 79 105
112500 92 108
112500 118 120
112800 46 67
112800 47 48
112800 48 79
112800 57 61
112800 92 108
112800 103 120
113100 38 118
113100 47 48
113100 90 116
113400 46 67
113400 53 90
113400 58 60
113400 67 113
113700 6 94
113700 53 114
113700 67 113
113700 73 125
113700 108 116
114000 1 118
114000 100 119
114000 108 116
114300 6 94
114300 14 32
114300 16 104
114300 16 122
114300 32 119
114300 66 69
114300 66 116
114600 14 32
114600 32 66
114600 32 122
114600 66 69
114600 66 116
114600 94 102
114600 102 106
114900 1 64
114900 14 32
114900 76 107
114900 102 116
115200 1 64
115200 34 92
115200 66 67
115500 0 20
115500 14 32
115500 20 83
115500 67 70
115500 67 111
115800 0 102
115800 0 36
115800 0 52
115800 0 125
115800 0 32
115800 20 36
115800 32 81
115800 32 70
115800 66 67
115800 67 111
115800 100 102
116100 2 81
116100 32 70
116100 67 111
116100 85 100
116100 100 102
116400 32 70
116700 13 55
116700 13 54
116700 13 78
117000 13 78
117000 13 27
117000 13 111
117000 20 55
117000 20 54
117000 20 67
117000 40 96
117000 69 108
117300 20 67
117300 20 75
117300 20 27
117300 51 117
117300 66 113
117300 69 108
117600 20 75
117600 20 67
117600 21 90
117600 24 113
117600 24 82
117600 87 107
117900 21 90
117900 24 82
117900 28 77
117900 28 90
117900 77 109
118200 3 82
118200 3 37
118200 3 26
118200 3 61
118200 28 77
118200 28 47
118200 28 94
118200 30 37
118200 30 47
118200 37 94
118200 47 123
118200 47 94
118500 11 59
118500 11 82
118500 30 47
118500 37 47
118500 47 59
118800 5 59
118800 5 73
118800 17 59
118800 17 73
118800 17 30
118800 17 31
118800 30 47
118800 31 59
118800 31 110
118800 37 59
118800 47 59
118800 59 110
118800 101 114
119100 5 99
119100 6 63
119100 6 113
119100 6 107
119100 11 82
119100 17 59
119100 28 82
119100 28 44
119100 31 125
119100 31 59
119100 37 59
119100 47 59
119100 63 107
119100 63 125
119100 69 74
119100 101 114
119100 107 125
119400 6 63
119400 47 59
119400 47 114
119400 101 114
119400 107 125
119700 18 66
119700 29 100
119700 29 66
119700 47 59
119700 107 125
120000 47 59
120300 12 52
120600 1 34
120600 34 59
120900 55 59
121200 49 105
122700 6 11
122700 6 61
122700 6 50
123300 57 100
123600 34 47
125100 62 107
166500 74 107
167400 11 74
167700 28 51
167700 51 96
168000 14 51
168000 23 28
168000 28 51
168000 51 122
168000 51 72
168000 72 98
168300 14 123
168300 14 116
168300 98 116
169200 47 78
169200 78 88
169500 11 78
169800 31 118
170100 35 118
170100 85 118
170400 85 118
170700 88 106
171000 88 106
172500 27 75
172500 31 75
172500 55 75
172800 5 22
173100 27 75
173400 0 27
173400 0 100
173400 16 18
173400 18 106
173400 18 49
173400 18 78
173400 18 81
173400 23 70
173400 27 57
173400 27 75
173400 27 111
173400 78 100
173400 81 100
173700 0 43
173700 13 75
173700 16 18
173700 18 30
173700 23 106
173700 23 57
173700 27 111
173700 30 41
173700 40 92
173700 41 123
173700 49 123
173700 81 100
174000 7 61
174000 16 18
174000 23 56
174000 23 41
174000 34 71
174000 36 82
174000 36 87
174000 40 92
174000 49 123
174000 59 92
174000 59 86
174000 61 93
174000 81 100
174000 82 92
174300 1 28
174300 1 30
174300 1 36
174300 16 18
174300 28 59
174300 28 97
174300 28 42
174300 36 82
174300 36 72
174300 49 123
174600 6 21
174600 16 18
174600 19 37
174600 19 68
174600 21 40
174600 28 97
174600 42 68
174600 42 120
174600 43 68
174600 54 97
174600 68 97
174600 71 120
174600 117 122
174900 2 47
174900 2 120
174900 2 61
174900 2 124
174900 2 68
174900 21 40
174900 28 97
174900 29 68
174900 29 43
174900 29 47
174900 32 47
174900 42 68
174900 42 120
174900 43 61
174900 43 113
174900 47 99
174900 54 97
174900 58 124
174900 61 99
174900 68 97
175200 2 47
175200 2 68
175200 2 43
175200 2 77
175200 4 120
175200 21 40
175200 26 81
175200 26 43
175200 26 63
175200 29 43
175200 33 63
175200 42 68
175200 42 120
175200 43 97
175200 43 58
175200 56 111
175200 68 97
175500 2 120
175500 2 68
175500 2 47
175500 13 70
175500 13 81
175500 21 40
175500 26 52
175500 26 70
175500 33 63
175500 36 70
175500 36 110
175500 42 120
175500 43 58
175500 52 70
175500 63 70
175500 70 114
175500 70 124
175800 2 120
175800 6 83
175800 7 12
175800 11 120
175800 12 83
175800 13 70
175800 33 63
175800 36 110
175800 36 114
175800 36 111
175800 38 101
175800 53 121
175800 66 111
175800 70 124
175800 88 111
175800 111 117
176100 7 12
176100 11 12
176100 12 111
176100 13 70
176100 20 116
176100 26 52
176100 33 63
176100 37 93
176100 37 75
176100 51 75
176100 58 120
176100 66 111
176100 72 111
176100 72 116
176100 75 119
176100 75 79
176100 79 83
176100 86 119
176100 88 111
176100 111 117
176100 111 116
176100 115 119
176100 116 120
176100 119 120
176100 120 125
176400 0 76
176400 3 76
176400 20 116
176400 30 76
176400 31 112
176400 33 63
176400 33 105
176400 42 76
176400 42 119
176400 49 75
176400 52 119
176400 52 114
176400 52 76
176400 52 99
176400 53 76
176400 76 116
176400 76 112
176400 83 105
176400 111 117
176400 112 124
176400 112 119
176400 112 114
176400 116 120
176400 119 120
176400 120 125
176700 0 3
176700 3 91
176700 3 53
176700 3 37
176700 3 101
176700 8 53
176700 14 78
176700 14 39
176700 30 76
176700 38 49
176700 38 71
176700 49 112
176700 53 112
176700 53 95
176700 72 111
176700 76 112
176700 76 116
176700 95 112
176700 103 119
176700 111 117
176700 112 124
176700 112 119
176700 112 114
177000 3 91
177000 8 53
177000 38 49
177000 46 50
177000 46 69
177000 49 75
177000 66 80
177000 66 105
177000 72 111
177000 80 97
177000 111 117
177300 8 53
177300 18 35
177300 29 50
177300 35 107
177300 35 96
177300 35 119
177300 46 50
177300 54 97
177300 66 105
177300 72 111
177300 80 97
177600 13 40
177600 28 40
177600 35 107
177600 40 79
177600 40 116
177600 46 50
177600 80 97
177600 80 95
177900 1 68
177900 13 40
177900 17 105
177900 19 106
177900 40 79
177900 46 50
177900 64 75
177900 66 105
177900 75 116
177900 99 112
178200 5 26
178200 18 59
178200 46 50
178200 64 123
178200 75 116
178500 5 26
178500 18 59
178500 19 106
178500 58 95
178500 58 114
178500 63 100
178500 96 103
178800 5 26
178800 55 93
178800 63 100
179100 5 26
179100 18 57
179100 19 46
179100 36 57
179100 57 64
179400 20 66
179400 22 77
179400 36 57
179400 40 53
179700 13 32
179700 35 105
179700 48 76
179700 57 64
179700 108 109
180000 5 69
180000 15 30
180000 20 30
180000 30 77
180000 48 76
180000 108 109
180300 15 30
180300 19 56
180300 22 71
180300 33 42
180300 42 92
180300 48 61
180300 71 103
180600 0 71
180600 0 34
180600 0 39
180600 1 110
180600 9 103
180600 16 92
180600 30 42
180600 30 92
180600 30 38
180600 30 123
180600 30 125
180600 30 71
180600 33 42
180600 34 71
180600 36 71
180600 38 92
180600 38 71
180600 42 71
180600 42 110
180600 42 103
180600 52 71
180600 52 103
180600 56 125
180600 71 110
180600 71 125
180600 80 112
180900 0 49
180900 4 110
180900 16 92
180900 29 62
180900 29 100
180900 30 125
180900 30 92
180900 30 123
180900 30 49
180900 31 103
180900 36 71
180900 37 103
180900 37 110
180900 38 71
180900 38 110
180900 42 103
180900 49 110
180900 49 100
180900 52 71
180900 69 81
180900 71 125
180900 71 110
180900 85 110
180900 99 110
180900 100 103
181200 5 53
181200 18 29
181200 24 53
181200 24 88
181200 24 61
181200 29 62
181200 29 101
181200 29 107
181200 29 40
181200 30 49
181200 37 103
181200 38 107
181200 40 107
181200 40 123
181200 41 53
181200 42 103
181200 49 53
181200 49 110
181200 52 103
181200 53 123
181200 85 110
181200 93 101
181200 100 103
181200 103 107
181500 5 27
181500 7 90
181500 21 53
181500 24 88
181500 24 61
181500 24 53
181500 26 110
181500 26 100
181500 27 107
181500 27 53
181500 27 69
181500 29 107
181500 32 53
181500 40 107
181500 52 103
181500 53 123
181500 53 116
181500 53 107
181500 53 100
181500 53 99
181500 92 93
181500 101 116
181500 110 117
181800 1 77
181800 5 27
181800 8 116
181800 8 114
181800 14 52
181800 14 101
181800 18 36
181800 18 110
181800 23 38
181800 23 40
181800 25 115
181800 25 110
181800 27 107
181800 27 69
181800 27 52
181800 32 36
181800 36 115
181800 36 38
181800 38 107
181800 38 41
181800 38 115
181800 40 107
181800 51 116
181800 52 115
181800 52 71
181800 71 116
181800 73 95
181800 77 115
181800 79 92
181800 110 117
181800 110 116
181800 114 116
182100 5 27
182100 5 115
182100 5 34
182100 8 115
182100 8 52
182100 8 23
182100 8 18
182100 8 48
182100 8 69
182100 18 110
182100 18 77
182100 18 115
182100 20 27
182100 23 116
182100 24 88
182100 24 53
182100 25 107
182100 25 34
182100 25 77
182100 26 110
182100 27 107
182100 27 52
182100 27 115
182100 27 48
182100 36 38
182100 36 58
182100 36 110
182100 38 41
182100 38 43
182100 38 77
182100 38 79
182100 40 107
182100 40 115
182100 41 115
182100 48 88
182100 48 55
182100 48 77
182100 51 116
182100 55 119
182100 58 107
182100 71 116
182100 73 116
182100 75 107
182100 77 116
182400 2 55
182400 5 40
182400 7 77
182400 7 58
182400 8 69
182400 8 18
182400 14 101
182400 18 36
182400 18 20
182400 20 57
182400 20 77
182400 24 53
182400 25 115
182400 25 107
182400 25 34
182400 25 77
182400 25 100
182400 26 110
182400 36 110
182400 38 43
182400 40 41
182400 40 48
182400 40 58
182400 40 55
182400 40 69
182400 40 77
182400 41 115
182400 43 48
182400 43 55
182400 48 58
182400 48 70
182400 48 55
182400 51 58
182400 52 110
182400 55 119
182400 55 57
182400 55 107
182400 55 75
182400 57 58
182400 58 107
182400 58 109
182400 58 110
182400 58 77
182400 69 112
182400 71 116
182400 73 116
182700 4 122
182700 8 18
182700 8 69
182700 11 48
182700 11 58
182700 11 74
182700 11 36
182700 11 57
182700 11 122
182700 12 61
182700 20 77
182700 20 57
182700 25 107
182700 27 52
182700 31 82
182700 36 48
182700 36 57
182700 40 55
182700 40 52
182700 40 99
182700 40 101
182700 40 74
182700 40 57
182700 48 77
182700 48 88
182700 48 58
182700 52 110
182700 52 89
182700 52 116
182700 52 99
182700 52 61
182700 52 101
182700 55 57
182700 57 58
182700 57 61
182700 61 110
182700 71 116
182700 99 101
183000 11 74
183000 11 104
183000 11 98
183000 11 67
183000 11 57
183000 11 101
183000 12 52
183000 12 18
183000 12 40
183000 12 67
183000 14 18
183000 18 61
183000 18 98
183000 18 52
183000 18 99
183000 18 106
183000 23 89
183000 27 52
183000 36 57
183000 36 98
183000 40 55
183000 40 99
183000 40 57
183000 40 104
183000 40 100
183000 48 55
183000 48 52
183000 48 67
183000 48 70
183000 52 61
183000 52 71
183000 52 88
183000 52 99
183000 57 58
183000 57 61
183000 61 110
183000 67 98
183000 67 100
183000 67 99
183000 71 116
183000 98 100
183000 99 101
183000 99 106
183000 99 112
183000 100 112
183300 8 69
183300 12 125
183300 13 48
183300 13 116
183300 18 106
183300 18 52
183300 18 24
183300 18 55
183300 18 50
183300 18 36
183300 18 102
183300 23 89
183300 24 106
183300 24 55
183300 24 100
183300 25 100
183300 27 52
183300 36 55
183300 36 100
183300 36 50
183300 46 67
183300 48 70
183300 48 67
183300 48 69
183300 48 101
183300 48 71
183300 48 61
183300 50 55
183300 52 99
183300 55 125
183300 55 61
183300 55 67
183300 67 100
183300 67 98
183300 67 106
183300 71 116
183300 98 100
183300 99 112
183300 102 116
183600 7 71
183600 8 69
183600 23 89
183600 28 42
183600 31 65
183600 36 50
183600 42 71
183600 46 67
183600 47 75
183600 47 59
183600 47 50
183600 47 83
183600 48 69
183600 48 101
183600 49 101
183600 53 82
183600 53 59
183600 59 71
183600 68 81
183600 71 98
183600 75 88
183600 76 116
183600 76 99
183600 87 116
183600 87 99
183600 99 112
183600 100 112
183900 2 55
183900 2 7
183900 7 55
183900 7 115
183900 7 18
183900 14 115
183900 18 102
183900 18 50
183900 18 55
183900 18 106
183900 18 52
183900 18 37
183900 18 42
183900 18 21
183900 20 50
183900 23 89
183900 24 55
183900 41 42
183900 48 70
183900 49 115
183900 50 55
183900 53 59
183900 55 115
183900 55 68
183900 55 71
183900 68 81
183900 68 116
183900 76 116
183900 87 99
184200 6 53
184200 24 70
184200 42 68
184200 44 111
184200 46 67
184200 48 101
184200 48 49
184200 49 101
184200 68 81
184200 76 116
184200 87 99
184500 6 53
184500 9 49
184500 24 52
184500 34 47
184500 44 49
184500 44 111
184500 48 101
184500 49 101
184800 6 53
184800 19 49
184800 19 116
184800 49 101
184800 76 116
184800 109 116
185100 9 49
185100 16 24
185100 24 52
185100 31 107
185100 37 116
185100 49 101
185100 97 116
185400 5 32
185400 16 52
185400 24 52
185400 24 82
185400 31 45
185400 32 106
185400 73 116
185700 23 106
185700 31 107
185700 32 106
185700 37 116
185700 49 101
185700 82 107
185700 93 116
186000 3 95
186000 23 105
186000 28 75
186000 32 106
186000 49 101
186000 55 123
186000 78 106
186000 78 105
186000 95 120
186300 62 109
186300 95 120
186600 51 82
186600 74 106
186600 95 120
186900 11 15
186900 51 58
186900 70 111
186900 74 106
186900 80 114
187200 11 80
187200 42 78
187200 42 51
187200 45 113
187200 112 117
187500 18 122
187500 19 94
187500 35 48
187500 71 123
187800 8 62
187800 8 22
187800 8 118
187800 22 78
187800 112 117
188100 18 66
188100 19 94
188100 22 30
188100 47 54
188100 47 78
188100 53 84
188100 60 64
188100 64 108
188100 108 115
188100 108 118
188100 115 118
188400 34 61
188400 47 54
188400 54 118
188400 58 60
188400 61 123
188400 108 118
188400 115 118
188700 4 117
188700 27 118
188700 29 125
188700 33 113
188700 33 34
188700 47 54
188700 58 60
188700 77 111
189000 17 34
189000 17 24
189000 17 60
189000 23 26
189000 24 60
189000 24 114
189000 29 80
189000 58 60
189000 60 114
189000 77 111
189300 17 24
189300 23 54
189300 24 40
189300 46 54
189300 60 86
189300 60 95
189300 62 114
189300 62 80
189300 77 111
189600 11 55
189600 11 50
189600 17 89
189600 17 51
189600 48 80
189600 48 52
189600 48 51
189600 50 118
189600 51 83
189600 77 111
189900 25 48
189900 48 85
189900 48 98
189900 51 83
189900 77 111
189900 83 118
189900 108 110
189900 112 116
190200 5 14
190200 5 41
190200 14 38
190200 14 50
190200 14 108
190200 25 48
190200 26 29
190200 48 85
190500 1 92
190500 7 118
190500 14 108
190500 22 118
190500 26 29
190500 29 108
190500 41 111
190500 48 85
190500 48 96
190500 62 74
190800 5 80
190800 7 118
190800 7 21
190800 8 26
190800 48 85
190800 65 116
190800 74 120
191100 5 16
191100 7 118
191100 21 109
191100 26 80
191100 33 116
191100 48 91
191100 48 80
191100 74 120
191100 80 122
191100 81 122
191400 6 48
191400 16 80
191400 37 80
191400 37 93
191400 52 114
191400 52 80
191400 67 125
191400 74 120
191400 74 114
191400 80 114
191400 80 122
191400 81 122
191400 87 125
191700 5 12
191700 12 15
191700 12 49
191700 12 103
191700 12 125
191700 61 114
191700 80 114
192000 0 80
192000 5 12
192000 12 103
192000 12 15
192000 12 49
192000 12 70
192000 12 13
192000 13 49
192000 13 70
192000 15 30
192000 15 87
192000 30 36
192000 49 105
192000 49 116
192000 67 125
192300 0 65
192300 0 116
192300 0 103
192300 0 87
192300 3 19
192300 3 67
192300 5 12
192300 12 49
192300 12 70
192300 13 70
192300 13 87
192300 29 65
192300 49 99
192300 70 116
192300 70 73
192600 0 65
192600 3 121
192600 5 55
192600 12 70
192600 13 87
192600 13 70
192600 19 60
192600 46 65
192600 99 104
192900 5 12
192900 12 70
192900 13 87
192900 13 98
192900 13 81
192900 22 124
192900 22 65
192900 22 46
192900 22 60
192900 25 46
192900 46 61
192900 46 68
192900 46 98
192900 46 112
192900 46 60
192900 60 67
192900 60 93
192900 68 100
193200 5 74
193200 5 52
193200 5 13
193200 10 19
193200 13 81
193200 13 98
193200 13 46
193200 13 97
193200 13 53
193200 13 65
193200 19 45
193200 19 98
193200 22 65
193200 22 97
193200 22 24
193200 22 75
193200 24 46
193200 46 61
193200 46 98
193200 46 115
193200 60 73
193200 68 100
193200 112 121
193500 5 13
193500 5 74
193500 5 81
193500 5 12
193500 5 65
193500 5 55
193500 5 19
193500 10 12
193500 12 38
193500 12 74
193500 12 55
193500 13 98
193500 13 81
193500 29 38
193500 29 67
193500 38 68
193500 46 61
193500 52 98
193500 60 70
193500 65 67
193500 65 66
193500 74 81
193800 12 38
193800 12 55
193800 12 106
193800 12 72
193800 12 109
193800 29 79
193800 29 58
193800 29 88
193800 38 46
193800 38 96
193800 46 61
193800 52 98
193800 58 74
193800 60 70
193800 60 106
193800 67 100
193800 74 81
193800 74 122
193800 80 96
193800 106 111
194100 5 74
194100 7 74
194100 10 74
194100 14 74
194100 29 38
194100 33 85
194100 38 68
194100 38 96
194100 38 74
194100 41 58
194100 60 106
194100 61 74
194100 62 74
194100 62 70
194100 67 100
194100 67 74
194100 74 81
194100 74 111
194100 74 110
194100 106 111
194400 7 19
194400 9 12
194400 11 38
194400 19 68
194400 19 33
194400 28 125
194400 30 68
194400 33 38
194400 38 74
194400 52 98
194400 54 96
194400 60 106
194400 62 74
194400 67 74
194400 68 102
194400 74 81
194400 80 96
194400 101 106
194400 106 111
194400 106 115
194700 9 77
194700 9 98
194700 9 100
194700 11 100
194700 19 33
194700 19 66
194700 21 80
194700 29 113
194700 30 92
194700 48 108
194700 52 108
194700 54 115
194700 60 106
194700 62 108
194700 67 100
194700 74 81
194700 77 108
194700 77 98
194700 85 98
194700 92 98
194700 92 100
194700 98 100
194700 98 111
194700 101 106
195000 9 12
195000 9 100
195000 21 92
195000 21 111
195000 23 100
195000 48 108
195000 52 108
195000 54 108
195000 54 114
195000 60 106
195000 77 100
195000 92 100
195000 100 114
195000 101 106
195000 106 114
195000 108 114
195000 114 125
195300 1 120
195300 12 92
195300 14 120
195300 21 111
195300 29 120
195300 60 106
195300 91 120
195300 92 104
195300 92 111
195300 101 106
195600 1 120
195600 6 101
195600 14 23
195600 14 120
195600 21 111
195600 23 54
195600 23 120
195600 23 66
195600 32 92
195600 48 66
195600 52 108
195600 53 60
195600 53 66
195600 53 74
195600 54 66
195600 61 92
195600 92 111
195600 92 104
195900 4 34
195900 14 23
195900 14 112
195900 23 66
195900 32 92
195900 39 51
195900 51 112
195900 51 120
195900 51 108
195900 92 104
195900 108 111
196200 4 78
196200 19 121
196200 21 51
196200 23 124
196200 34 103
196200 39 51
196200 51 112
196200 51 120
196200 51 115
196200 51 103
196200 92 104
196200 103 120
196500 4 54
196500 7 76
196500 12 66
196500 19 121
196500 22 103
196500 76 111
196500 92 104
196500 103 120
196800 4 78
196800 4 54
196800 11 85
196800 12 36
196800 19 121
196800 22 96
196800 27 103
196800 44 114
196800 76 111
196800 94 103
196800 103 113
197100 19 121
197100 22 97
197100 29 97
197100 59 86
197100 59 70
197100 59 60
197100 59 103
197100 70 97
197100 86 97
197100 94 103
197400 10 21
197400 22 97
197400 22 113
197400 27 97
197400 27 59
197400 27 49
197400 27 100
197400 35 103
197400 59 86
197400 59 97
197400 103 113
197700 9 97
197700 9 60
197700 9 27
197700 9 99
197700 21 95
197700 27 59
197700 27 97
197700 27 99
197700 35 103
197700 59 113
197700 59 99
197700 97 100
197700 99 113
198000 4 56
198000 9 99
198000 9 28
198000 28 101
198000 28 93
198000 28 49
198000 35 103
198000 49 62
198000 62 98
198000 62 90
198000 62 103
198000 99 113
198300 4 56
198300 9 27
198300 9 99
198300 12 100
198300 25 49
198300 26 95
198300 26 100
198300 27 59
198300 27 47
198300 28 101
198300 28 62
198300 54 100
198300 62 98
198300 62 80
198300 74 108
198600 9 99
198600 27 59
198600 27 106
198600 45 77
198600 54 100
198600 54 93
198600 59 69
198600 93 116
198600 106 116
198900 4 56
198900 4 106
198900 27 106
198900 54 100
198900 59 69
198900 62 104
198900 80 98
198900 93 116
199200 9 99
199200 32 75
199200 75 104
199200 80 98
199500 8 99
199500 18 41
199500 41 57
199800 29 113
199800 32 75
199800 41 57
199800 53 113
200100 21 57
200100 22 75
200100 41 57
200400 21 57
200400 25 32
200400 41 120
200400 80 125
200400 90 125
200700 0 76
200700 5 85
200700 41 120
200700 45 90
200700 49 125
200700 57 64
201000 41 120
201300 41 120
201300 49 125
201300 49 72
201300 82 103
201600 49 72
201600 50 72
201600 72 86
201600 72 116
201600 72 106
201600 74 113
201600 103 106
201900 10 16
201900 72 116
202200 10 16
202200 14 30
202200 14 52
202200 24 52
202200 30 52
202200 30 70
202200 52 116
202500 14 15
202500 15 121
202500 24 52
202800 24 96
202800 57 121
202800 71 124
202800 94 121
202800 96 124
203100 46 71
203100 46 106
203100 52 57
203400 4 117
203400 35 103
203400 46 106
203400 46 53
203400 53 103
203400 53 82
203400 103 117
203700 0 117
203700 0 24
203700 0 74
203700 13 24
203700 21 24
203700 24 103
203700 35 103
203700 46 74
203700 53 82
204000 0 85
204000 1 22
204000 21 24
204000 24 85
204000 24 62
204300 15 75
204300 21 24
204300 44 85
204300 46 74
204300 75 91
204300 75 107
204300 85 91
204300 107 112
204600 19 92
204600 75 107
204900 10 58
204900 31 58
204900 58 85
204900 58 112
205200 19 23
205200 23 49
205200 23 96
205200 49 60
205200 58 85
205200 96 112
205500 19 23
205500 23 92
205500 40 60
205500 62 111
205500 62 121
205500 92 122
205500 96 122
205500 96 111
205800 58 85
205800 58 62
205800 96 122
206100 47 122
206100 47 120
206400 62 120
208200 6 106
208800 14 19
208800 26 93
209100 47 93
209100 47 64
209400 110 121
209700 8 110
209700 8 87
210000 5 121
210000 82 87
210300 110 119
211200 6 108
211200 13 108
211500 6 108
211500 28 70
252600 22 88
253500 48 125
253800 66 125
253800 113 125
254100 72 83
254100 72 73
254100 73 125
254400 19 62
254400 22 72
254400 22 62
254400 62 72
254700 19 22
254700 19 62
254700 22 62
254700 22 72
255300 60 120
257100 10 103
257100 79 120
257700 16 35
258000 13 106
258300 15 83
258300 15 108
258600 15 67
259200 14 118
259200 64 73
259200 71 118
259500 124 125
259800 0 18
259800 7 93
259800 7 48
259800 29 93
259800 49 93
259800 49 120
259800 49 53
259800 51 93
259800 62 83
259800 62 65
259800 62 93
259800 83 93
260100 10 111
260100 10 42
260100 10 93
260100 10 59
260100 11 70
260100 16 93
260100 16 65
260100 16 19
260100 19 65
260100 42 100
260100 49 53
260100 55 100
260100 62 83
260100 65 93
260400 10 93
260400 10 47
260400 10 70
260400 10 16
260400 10 18
260400 16 65
260400 16 93
260400 16 56
260400 18 64
260400 18 24
260400 18 91
260400 21 124
260400 29 42
260400 42 46
260400 62 83
260400 70 82
260400 91 113
260700 1 5
260700 5 83
260700 5 7
260700 5 50
260700 5 108
260700 5 18
260700 7 124
260700 10 108
260700 11 70
260700 16 65
260700 18 91
260700 18 24
260700 18 64
260700 18 123
260700 18 124
260700 21 124
260700 31 64
260700 31 124
260700 42 50
260700 64 124
261000 0 50
261000 5 7
261000 5 108
261000 5 94
261000 5 30
261000 11 70
261000 18 124
261000 24 124
261000 31 124
261000 33 95
261000 50 95
261000 73 120
261000 79 108
261000 83 95
261000 83 116
261000 83 124
261000 95 124
261000 95 108
261300 1 79
261300 1 112
261300 1 96
261300 3 95
261300 11 70
261300 31 124
261300 50 71
261300 50 108
261300 59 108
261300 79 108
261300 95 108
261300 103 108
261300 108 112
261300 112 116
261600 1 96
261600 1 9
261600 9 66
261600 9 112
261600 9 47
261600 9 111
261600 9 105
261600 11 70
261600 24 112
261600 31 124
261600 40 99
261600 54 111
261600 59 66
261600 59 99
261600 96 112
261600 103 108
261600 105 112
261600 108 115
261900 9 105
261900 9 112
261900 9 111
261900 9 99
261900 9 49
261900 15 85
261900 15 54
261900 15 24
261900 15 84
261900 15 88
261900 49 84
261900 49 99
261900 54 85
261900 54 65
261900 88 95
261900 88 111
261900 105 112
261900 108 115
262200 8 112
262200 9 47
262200 9 111
262200 9 66
262200 15 54
262200 15 84
262200 15 88
262200 15 85
262200 22 95
262200 59 84
262200 70 85
262200 70 110
262200 84 112
262200 85 110
262200 88 111
262200 94 112
262200 95 111
262200 95 112
262500 9 99
262500 9 49
262500 9 105
262500 15 84
262500 31 111
262500 32 65
262500 65 95
262500 68 95
262500 88 111
262500 94 112
262500 94 95
262500 95 111
262500 107 110
262800 2 86
262800 4 9
262800 6 86
262800 9 49
262800 9 63
262800 9 101
262800 10 101
262800 19 99
262800 36 101
262800 41 72
262800 52 72
262800 59 84
262800 63 72
262800 67 86
262800 72 101
262800 72 86
262800 78 86
262800 78 94
262800 86 112
262800 86 95
262800 86 115
262800 94 112
262800 99 101
263100 2 120
263100 3 38
263100 6 86
263100 6 63
263100 9 63
263100 9 101
263100 10 16
263100 19 99
263100 36 101
263100 38 63
263100 41 63
263100 44 63
263100 44 99
263100 44 72
263100 44 90
263100 63 107
263100 63 95
263100 63 79
263100 71 113
263100 72 101
263100 94 101
263100 99 101
263400 3 38
263400 19 99
263400 19 108
263400 19 75
263400 30 66
263400 30 52
263400 36 101
263400 41 63
263400 41 64
263400 59 84
263400 61 75
263400 71 113
263400 78 94
263700 10 16
263700 17 85
263700 20 57
263700 71 113
263700 76 88
263700 78 94
264000 7 17
264000 10 16
264000 33 76
264000 34 66
264000 59 84
264000 71 113
264000 84 104
264300 10 16
264300 12 66
264300 29 62
264300 30 101
264300 33 96
264300 34 52
264300 84 104
264600 18 48
264600 27 56
264600 27 44
264600 30 101
264600 33 50
264600 34 52
264600 56 109
264600 68 105
264900 27 44
264900 30 101
264900 39 72
264900 48 77
265200 6 108
265200 6 28
265200 6 54
265200 20 53
265200 22 81
265200 68 74
265500 17 122
265500 36 64
265800 0 3
265800 3 10
265800 6 54
265800 30 65
265800 65 70
265800 88 115
266100 17 122
266100 24 40
266100 30 65
266100 38 106
266100 69 114
266400 9 112
266400 31 43
266400 112 113
266700 34 66
266700 34 57
266700 69 114
267000 8 75
267000 8 66
267000 8 74
267000 8 45
267000 8 83
267000 8 73
267000 8 31
267000 21 63
267000 45 57
267000 45 66
267000 51 73
267000 57 74
267000 66 83
267000 74 112
267000 74 98
267000 106 115
267300 3 8
267300 8 75
267300 8 83
267300 8 45
267300 8 51
267300 8 13
267300 8 106
267300 8 91
267300 8 124
267300 8 111
267300 13 83
267300 13 45
267300 13 53
267300 21 63
267300 39 83
267300 40 99
267300 41 120
267300 45 66
267300 45 112
267300 45 53
267600 0 99
267600 13 83
267600 13 53
267600 16 112
267600 16 54
267600 16 83
267600 16 108
267600 16 72
267600 16 124
267600 16 67
267600 16 117
267600 16 95
267600 16 53
267600 40 54
267600 40 112
267600 41 112
267600 41 83
267600 41 94
267600 41 66
267600 45 112
267600 45 66
267600 45 53
267600 45 99
267600 51 117
267600 51 91
267600 53 67
267600 53 102
267600 53 112
267600 53 91
267600 54 91
267600 54 112
267600 57 83
267600 67 112
267600 74 98
267600 78 99
267600 83 86
267600 86 117
267600 86 112
267600 99 117
267900 0 99
267900 0 63
267900 0 94
267900 8 45
267900 16 83
267900 17 80
267900 17 51
267900 17 112
267900 17 86
267900 25 112
267900 30 112
267900 40 45
267900 41 66
267900 41 51
267900 45 53
267900 45 112
267900 53 112
267900 54 112
267900 68 112
267900 78 99
267900 78 91
267900 78 112
267900 78 106
267900 80 112
267900 83 86
267900 86 112
267900 92 112
267900 95 112
267900 99 117
267900 106 112
267900 107 112
268200 8 45
268200 9 68
268200 17 80
268200 17 51
268200 17 78
268200 40 45
268200 40 106
268200 45 112
268200 47 59
268200 48 78
268200 50 109
268200 51 63
268200 53 112
268200 63 120
268200 63 68
268200 68 83
268200 78 99
268200 78 109
268200 99 120
268200 100 120
268200 100 109
268200 109 125
268500 1 80
268500 3 17
268500 15 124
268500 15 110
268500 17 51
268500 17 80
268500 17 100
268500 17 38
268500 17 91
268500 17 43
268500 17 19
268500 19 74
268500 19 63
268500 19 110
268500 38 80
268500 40 106
268500 40 45
268500 43 45
268500 47 59
268500 51 98
268500 52 110
268500 62 91
268500 68 83
268500 76 100
268500 80 110
268500 92 110
268800 0 74
268800 0 19
268800 1 80
268800 5 32
268800 8 79
268800 12 98
268800 13 43
268800 16 43
268800 17 43
268800 17 51
268800 17 19
268800 17 80
268800 17 90
268800 17 45
268800 19 74
268800 19 79
268800 22 75
268800 43 100
268800 43 80
268800 47 59
268800 51 100
268800 68 81
268800 79 120
268800 79 118
268800 79 90
268800 90 118
268800 93 98
269100 0 74
269100 0 19
269100 0 32
269100 0 98
269100 0 108
269100 0 90
269100 0 8
269100 5 32
269100 6 66
269100 8 79
269100 8 16
269100 8 66
269100 15 68
269100 16 90
269100 16 33
269100 17 51
269100 17 118
269100 17 33
269100 17 74
269100 22 75
269100 29 76
269100 29 90
269100 32 111
269100 32 66
269100 32 121
269100 38 66
269100 66 79
269100 66 98
269100 79 120
269100 79 118
269100 79 116
269100 81 98
269100 91 120
269400 6 40
269400 8 66
269400 9 38
269400 9 22
269400 9 41
269400 14 38
269400 14 117
269400 17 74
269400 17 116
269400 22 75
269400 22 33
269400 22 46
269400 22 92
269400 29 90
269400 29 76
269400 32 111
269400 32 117
269400 33 75
269400 33 51
269400 33 74
269400 33 117
269400 33 40
269400 33 53
269400 33 79
269400 38 68
269400 38 53
269400 41 74
269400 46 53
269400 53 75
269400 53 92
269400 57 117
269400 65 117
269400 65 89
269400 66 120
269400 66 93
269400 68 117
269400 68 100
269400 74 117
269400 74 75
269400 75 120
269400 79 118
269700 3 38
269700 3 33
269700 3 12
269700 3 72
269700 3 41
269700 6 41
269700 6 75
269700 8 66
269700 12 72
269700 14 38
269700 19 117
269700 22 33
269700 23 33
269700 32 117
269700 33 51
269700 33 75
269700 33 53
269700 33 46
269700 33 73
269700 41 66
269700 41 46
269700 41 72
269700 41 54
269700 45 106
269700 46 90
269700 46 54
269700 46 117
269700 46 77
269700 46 52
269700 52 117
269700 54 117
269700 57 117
269700 66 98
269700 66 117
269700 66 113
269700 73 117
269700 74 117
269700 75 120
269700 89 117
269700 98 117
269700 106 117
269700 113 117
269700 120 122
270000 1 65
270000 1 113
270000 2 113
270000 3 12
270000 3 113
270000 3 68
270000 3 56
270000 7 118
270000 8 36
270000 8 113
270000 8 46
270000 12 72
270000 23 33
270000 30 54
270000 33 53
270000 33 118
270000 36 46
270000 41 46
270000 41 72
270000 41 54
270000 45 106
270000 46 77
270000 46 52
270000 46 113
270000 46 90
270000 52 113
270000 54 68
270000 57 117
270000 64 103
270000 64 113
270000 66 98
270000 66 113
270000 79 108
270000 81 113
270000 81 97
270000 81 101
270000 108 113
270000 113 120
270300 1 81
270300 1 79
270300 2 7
270300 3 38
270300 7 35
270300 7 106
270300 12 72
270300 12 97
270300 12 79
270300 23 33
270300 24 93
270300 30 54
270300 33 75
270300 33 53
270300 33 110
270300 33 103
270300 33 35
270300 33 66
270300 35 110
270300 35 54
270300 35 116
270300 35 79
270300 37 110
270300 41 46
270300 41 54
270300 41 72
270300 45 106
270300 46 90
270300 52 54
270300 54 68
270300 84 97
270300 88 110
270300 91 110
270300 102 103
270300 103 110
270300 110 119
270600 1 79
270600 1 81
270600 1 65
270600 1 41
270600 7 35
270600 12 79
270600 13 24
270600 23 41
270600 33 66
270600 33 53
270600 35 79
270600 37 40
270600 41 124
270600 41 80
270600 46 90
270600 54 68
270600 103 110
270900 7 80
270900 12 79
270900 30 54
270900 30 79
270900 33 53
270900 35 79
270900 44 124
270900 45 106
270900 46 90
270900 52 56
270900 84 97
271200 30 54
271200 30 84
271200 30 45
271200 30 124
271200 44 124
271200 46 90
271200 56 103
271500 7 104
271500 16 71
271500 20 46
271500 30 45
271500 46 106
271500 56 103
271800 20 30
271800 30 45
271800 30 104
271800 40 44
272100 20 121
272100 24 73
272100 26 101
272100 30 45
272100 71 99
272100 73 81
272100 101 103
272400 26 50
272400 30 45
272400 40 44
272400 53 81
272400 73 99
