0 51 54
0 63 89
300 51 54
600 51 74
900 25 79
900 46 83
1200 18 64
1500 0 72
1500 3 42
1500 54 80
1500 54 67
1800 54 80
1800 59 64
2100 3 54
2100 56 59
2100 59 88
2400 4 32
2700 15 20
2700 20 51
2700 20 25
3000 15 16
3000 16 33
3300 25 81
3300 29 32
3300 31 70
3300 48 82
3600 48 82
3900 29 40
3900 34 73
3900 34 40
3900 40 73
4200 3 34
4200 34 73
4200 34 84
4200 48 82
4500 34 84
4500 45 66
4800 60 83
5100 6 44
5100 22 71
5700 25 53
6000 38 71
6300 4 73
6300 4 13
6300 20 82
6600 8 73
6600 13 19
6600 26 38
6600 38 71
6900 5 82
6900 8 73
6900 26 38
6900 26 73
6900 63 82
6900 73 82
7200 2 60
7200 5 82
7200 23 45
7200 63 82
7800 2 45
7800 23 45
8100 23 73
8400 0 42
9900 29 48
10200 6 41
10500 3 7
10800 29 40
11400 31 61
11700 19 66
11700 32 64
12000 47 82
12300 19 66
12300 25 55
12600 47 82
13200 10 73
14100 7 79
14100 31 91
14100 43 59
14700 1 24
15300 51 61
15600 17 63
15600 30 82
16500 14 86
16500 14 59
16500 34 59
16800 42 47
17100 21 61
17100 45 61
17100 45 84
17400 22 33
17400 24 82
17400 33 74
17400 45 61
17400 45 82
17400 47 90
17700 9 24
17700 14 24
17700 23 89
17700 24 82
17700 45 82
17700 48 89
18000 3 24
18000 14 24
18000 22 33
18000 24 82
18000 45 61
18000 48 51
18000 48 61
18000 48 87
18000 51 87
18000 51 89
18300 10 22
18300 10 73
18300 14 24
18300 19 54
18300 51 89
18300 51 87
18300 57 74
18300 73 91
18300 74 91
18600 10 73
18600 21 51
18600 28 40
18600 33 36
18600 33 52
18600 51 87
18600 51 89
18600 51 73
18600 73 91
18900 10 22
18900 51 73
18900 51 87
18900 51 57
18900 52 71
18900 52 87
18900 73 91
19200 16 48
19200 16 53
19200 21 61
19200 37 53
19200 48 73
19200 51 73
19200 52 61
19200 53 73
19200 73 91
19500 29 73
19500 53 73
19800 21 61
19800 52 91
19800 62 82
20100 7 79
20100 7 21
20100 7 85
20100 21 79
20100 35 62
20100 41 45
20100 45 73
20100 53 73
20100 62 73
20400 7 22
20400 20 35
20400 21 22
20400 23 35
20400 41 45
20400 45 73
20400 59 62
20700 4 6
20700 11 79
20700 20 35
20700 38 40
20700 40 79
21000 11 40
21000 11 77
21000 29 59
21000 29 78
21000 41 45
21000 45 73
21000 59 62
21300 11 61
21300 41 45
21300 44 61
21300 45 73
21300 56 61
21600 7 73
21600 29 51
21600 29 61
21600 41 45
21900 12 51
21900 12 22
21900 29 51
22200 29 51
22800 27 88
22800 31 86
23100 66 80
24000 15 57
24300 7 30
24900 83 89
25800 29 34
25800 85 88
26100 1 45
26100 1 64
26100 20 29
26100 29 34
26400 29 34
26400 31 47
26700 18 38
27000 5 46
27000 12 47
27000 28 87
27300 5 46
27300 28 87
27300 83 87
27600 28 87
27600 83 90
27900 2 28
27900 30 86
28200 69 78
29100 28 44
29100 31 45
29100 57 66
29400 0 50
29400 28 44
29700 57 66
30000 0 50
30300 21 66
30600 7 52
31500 27 30
31500 68 74
31800 17 39
31800 60 67
32100 12 27
32100 29 30
32700 12 27
33000 35 52
33000 37 42
33300 19 26
33300 53 74
33900 10 30
34200 29 49
34800 9 55
35400 34 89
35400 46 56
35400 46 78
35700 23 88
35700 26 56
35700 34 89
35700 46 68
35700 56 88
36000 7 89
36000 26 56
36000 56 88
36300 26 56
87900 64 70
89100 21 24
90300 71 77
90600 0 58
90600 40 43
90900 65 83
91200 0 16
91200 18 19
91500 48 76
91800 8 69
91800 22 33
91800 30 39
92100 9 83
92400 25 77
92700 43 56
92700 67 73
93000 13 20
93600 11 22
93600 14 79
93900 11 64
93900 11 28
94200 11 28
94200 25 79
94200 50 51
94500 13 47
94500 25 79
94800 11 28
94800 13 18
94800 17 60
94800 25 79
94800 28 42
94800 28 62
94800 42 62
95100 1 44
95100 5 11
95100 11 28
95100 13 44
95100 28 62
95100 42 62
95400 3 63
95400 5 11
95400 13 44
95400 13 56
95400 28 62
95400 63 69
95700 2 3
95700 2 68
95700 3 63
95700 63 69
96000 0 72
96000 3 63
96000 30 37
96000 44 55
96000 55 72
96000 63 69
96300 11 78
96300 14 43
96300 30 37
96300 36 52
96300 55 72
96300 71 78
96600 11 78
96600 14 43
96600 20 52
96600 36 52
96900 1 47
96900 1 24
96900 14 43
96900 24 47
96900 47 61
96900 66 87
97200 1 47
97200 11 41
97200 24 47
97200 26 60
97500 14 50
97500 14 26
97500 24 47
97800 14 50
97800 14 63
98100 8 53
98100 8 60
98100 28 76
98400 8 60
98700 26 41
99000 4 80
99600 84 85
100200 49 62
101400 42 90
101400 50 80
101400 62 65
103800 19 79
105000 0 65
105300 0 64
105300 40 75
105600 0 15
105600 1 80
105600 34 57
105900 1 80
105900 87 90
106200 1 80
106200 1 79
106200 8 80
106200 31 37
106200 64 86
106500 8 80
106500 10 27
106500 15 90
106500 17 38
106500 18 90
106500 29 90
106500 41 87
106800 10 56
106800 18 90
106800 29 90
106800 56 63
106800 64 65
107100 29 90
107100 31 47
107100 47 87
107100 57 61
107100 60 87
107100 63 87
107100 64 65
107100 71 87
107400 11 86
107400 11 28
107400 57 61
107400 58 73
107700 11 91
107700 24 89
107700 42 55
107700 57 61
107700 72 83
107700 73 83
108000 8 38
108000 16 90
108000 27 80
108000 42 55
108000 55 89
108000 57 61
108000 75 87
108300 6 88
108300 8 38
108300 16 90
108300 57 61
108300 80 90
108600 28 84
108600 42 55
108900 14 86
108900 16 57
108900 50 57
108900 80 90
108900 87 88
109200 29 46
109200 80 90
109500 4 14
109500 16 17
109500 16 87
109500 50 57
109800 18 29
110100 16 87
110100 28 75
110100 33 75
110100 50 57
110400 9 41
110700 33 75
111300 30 91
111300 50 54
111600 20 76
111900 8 62
111900 62 82
112200 3 38
112200 50 57
112500 8 62
112500 67 90
113100 8 38
114000 29 47
114600 13 70
114600 57 60
114900 5 74
114900 57 60
115200 2 37
115500 43 51
115500 60 86
115800 43 51
115800 63 82
116100 32 66
116100 63 82
116400 32 66
116400 76 87
117300 48 62
117600 8 39
117900 22 73
118500 1 27
119700 7 53
119700 27 40
119700 40 57
120000 0 74
120300 10 40
120300 27 40
120600 0 74
120600 4 54
121200 12 56
121800 55 64
121800 62 80
122400 61 79
123300 48 89
125400 0 45
173700 13 24
174300 13 61
174300 24 88
174900 24 88
174900 58 61
175200 58 61
175800 31 50
176100 41 89
177000 30 66
177000 59 68
177600 0 70
177600 63 70
177900 0 70
177900 27 88
177900 37 91
177900 42 68
177900 42 88
177900 62 88
178200 16 32
178200 32 88
178200 64 68
178200 76 87
178500 1 48
178500 16 32
178500 27 88
178500 32 88
178500 42 88
178500 47 57
178500 57 88
178800 3 73
178800 8 79
178800 21 79
178800 27 79
178800 42 88
178800 57 88
179100 3 73
179100 16 32
179100 20 82
179100 32 88
179100 77 82
179400 1 37
179400 2 14
179400 14 77
179400 20 77
179400 25 35
179400 77 82
179700 11 70
179700 14 77
180000 12 47
180000 35 86
180000 77 82
180300 6 34
180300 77 82
180600 21 70
180600 28 48
180900 4 70
180900 42 70
181200 4 70
181500 30 66
181800 6 61
181800 36 85
182100 34 48
182100 45 50
182400 22 23
182400 22 50
182400 39 84
182700 16 23
182700 44 69
183000 52 54
183300 26 44
183300 39 84
183600 21 73
183600 26 44
183900 1 73
183900 21 73
183900 27 79
184200 21 73
184500 0 28
184500 21 73
184800 49 77
186000 13 28
186600 15 67
188100 0 79
188100 0 50
188100 54 59
188400 1 50
188700 79 82
189000 57 63
189300 57 66
189600 20 43
190200 15 25
190500 15 77
190500 77 81
190800 6 30
190800 15 77
190800 30 47
191100 6 30
191100 12 45
191100 44 47
191400 12 45
191400 22 83
191400 22 48
191400 30 48
191400 48 81
191700 17 81
191700 22 48
191700 44 47
191700 44 45
191700 44 76
192000 17 81
192000 25 90
192300 1 48
192300 44 47
192600 18 29
192600 29 91
192900 4 79
192900 14 19
192900 19 79
192900 31 47
192900 47 50
192900 50 84
193200 12 75
193200 19 79
193200 31 47
193200 38 79
193200 47 50
193200 72 84
193200 72 79
193500 12 75
193500 43 64
193500 54 63
193800 43 64
193800 52 60
193800 52 64
194100 12 75
194100 12 43
194100 43 64
194400 4 79
194400 12 43
194400 12 88
194400 12 32
194400 50 88
194400 52 64
194400 54 88
194700 12 32
194700 12 88
194700 49 54
194700 65 78
195000 12 32
195000 49 78
195000 52 64
195000 65 78
195300 12 32
195300 52 64
195600 14 54
195600 20 43
195600 52 64
195600 65 78
195900 9 52
195900 20 43
196200 14 54
198000 3 79
198300 31 54
198600 51 54
199500 53 78
202200 3 27
202500 27 64
202800 77 83
203100 14 64
203700 14 15
203700 57 61
204000 15 52
204300 45 71
204600 47 59
204900 1 32
206100 72 81
206400 12 68
207000 30 80
207300 42 43
208200 6 88
210900 20 71
261900 39 56
263400 11 21
263400 11 79
263400 38 77
263400 69 77
263700 6 57
263700 11 79
264000 9 49
264000 36 66
264000 40 49
264000 58 80
264300 18 46
264300 33 78
264300 36 44
264600 5 48
264600 32 83
264600 36 52
264600 46 68
264600 49 76
264900 16 45
264900 16 36
264900 32 83
264900 36 49
264900 46 75
264900 47 76
265200 4 89
265200 4 45
265200 16 45
265200 26 76
265200 26 65
265200 27 76
265200 27 81
265200 46 75
265200 47 69
265200 49 66
265200 49 81
265500 47 69
265800 4 53
265800 26 48
265800 27 37
265800 53 87
266100 27 37
266100 27 72
266100 37 42
266100 42 83
266100 79 88
266400 51 90
266700 27 52
267000 3 31
267000 38 42
267000 42 62
267000 55 62
267300 38 42
267300 40 71
267300 62 70
267600 32 48
267600 42 48
267600 48 67
267900 39 64
267900 40 86
268200 20 23
268200 22 52
268200 22 82
268200 59 70
268500 4 84
268500 36 39
268500 36 85
268500 36 72
268500 65 81
268800 16 17
268800 57 80
269100 0 68
269100 15 68
269100 16 17
269400 3 25
269400 3 8
269400 16 17
269400 33 41
269700 31 65
269700 48 81
269700 65 83
269700 65 80
269700 66 83
270000 3 79
270000 31 65
270000 71 76
270300 31 74
270300 42 63
270600 31 74
271500 30 90
271500 38 91
271500 53 54
271800 53 54
272100 1 52
272400 3 79
272400 52 88
273300 3 10
273300 52 72
273600 3 10
273900 12 51
274200 3 13
274500 2 30
274500 5 24
274500 5 51
274800 5 24
274800 24 50
274800 55 70
275100 2 30
275100 5 51
275100 30 51
275400 30 51
275400 53 85
276000 30 58
276000 51 85
276300 9 85
276300 51 85
276600 9 51
276600 51 85
276600 51 58
276900 9 51
277200 6 59
277200 43 58
277500 13 40
277800 3 63
277800 38 63
277800 38 75
277800 54 67
277800 63 91
277800 63 79
277800 67 79
277800 67 70
277800 75 79
278100 18 66
278100 20 65
278100 63 79
278100 65 67
278100 67 70
278100 67 79
278400 9 13
278400 11 68
278400 20 67
278400 54 67
278400 65 67
278700 40 69
278700 77 79
279000 33 84
279000 52 84
279300 41 85
279600 11 76
279600 26 90
279600 27 91
279600 63 90
279600 72 90
279600 76 91
279900 40 62
279900 40 90
279900 63 90
280200 20 56
280200 32 49
280200 36 44
280200 36 85
280200 49 85
280500 3 77
280500 33 74
280500 42 64
280500 56 77
280500 64 71
280500 64 77
280800 12 84
280800 14 84
280800 17 84
280800 34 84
280800 42 64
280800 64 77
280800 64 84
281100 0 52
281100 12 84
281100 14 84
281100 34 84
281100 52 64
281100 64 77
281400 24 70
281400 27 52
281400 40 42
282000 23 88
282300 13 23
282300 22 91
282300 55 59
282600 19 52
282600 21 27
282600 32 33
282600 34 83
283200 32 34
283200 37 38
283500 8 31
284100 34 58
284400 33 71
284400 34 80
284700 42 89
284700 63 75
285000 63 75
285300 32 44
285300 41 87
285600 1 74
285600 32 44
285900 2 42
286500 41 57
286800 35 39
287400 1 90
287400 8 31
287400 10 69
287700 10 69
287700 36 85
287700 50 62
288000 10 69
288000 36 85
288300 22 76
288300 36 85
288600 12 69
288600 22 76
288600 36 67
288900 23 78
289200 5 70
289200 7 38
289200 57 77
289500 2 12
289500 23 78
289500 43 78
289500 50 81
289800 7 50
289800 23 78
289800 43 78
289800 54 76
290100 7 58
290100 23 66
290100 43 78
290100 54 66
290400 7 58
290400 21 78
290400 43 87
290400 45 91
290700 7 58
290700 16 25
290700 72 80
291000 21 78
291000 58 60
291000 73 82
291300 19 37
291300 21 78
291300 58 59
291600 21 78
291600 21 49
291600 78 82
291900 4 67
291900 21 49
291900 50 67
292200 27 91
292200 27 39
292500 27 91
292800 24 50
292800 24 54
293100 24 50
293700 15 63
294000 28 83
294300 7 70
294900 4 41
295800 44 47
298200 47 77
298800 18 57
299100 13 78
349800 12 65
349800 78 83
350100 44 84
350100 44 56
350100 65 84
350400 28 70
350400 31 70
350400 44 84
350400 47 53
350400 53 62
350400 65 84
350700 15 31
350700 15 20
350700 31 70
350700 47 53
350700 62 69
351000 3 86
351000 15 31
351000 15 20
351000 54 87
351300 1 25
351300 4 54
351300 15 20
351300 17 78
351300 21 24
351300 35 65
351600 17 78
351600 35 70
351600 52 62
351600 54 87
351900 35 70
351900 49 65
352200 29 65
352200 59 79
352500 21 40
352500 31 72
352500 49 65
352800 31 72
352800 33 82
353100 21 91
353100 31 72
353100 38 64
353100 38 91
353400 31 72
353400 38 64
353400 38 57
353700 38 57
354000 38 83
354900 26 57
355500 32 88
355500 71 77
355800 50 74
356100 71 72
356400 0 75
357000 62 65
357300 56 69
357600 20 39
357900 56 64
358200 21 42
358500 17 47
359400 42 74
360000 3 8
360300 4 43
360300 8 77
360300 45 47
360600 8 77
360600 24 76
360600 24 26
360600 26 51
360900 8 29
360900 13 28
360900 26 34
361200 15 27
361200 26 34
361200 28 39
361200 44 66
361200 44 80
361500 3 41
361500 26 39
361500 28 39
361500 44 80
361500 47 53
361500 53 66
361800 0 3
361800 0 52
361800 3 41
361800 3 80
361800 24 86
361800 24 40
361800 26 39
361800 32 52
361800 32 47
361800 39 86
361800 53 66
362100 0 26
362100 5 66
362100 5 26
362100 26 66
362100 26 74
362100 32 47
362100 32 52
362100 40 66
362100 66 74
362400 5 50
362400 13 72
362400 21 50
362400 30 50
362700 5 50
362700 21 41
362700 33 42
362700 33 58
363000 0 65
363000 5 65
363000 33 42
363000 42 58
363000 58 80
363000 65 80
363300 0 65
363300 21 41
363300 26 58
363300 42 86
363300 59 80
363300 65 80
363600 26 58
363600 26 33
363600 65 71
363900 7 73
363900 22 73
363900 22 40
363900 26 58
363900 33 58
363900 58 72
363900 58 79
363900 72 79
364200 11 48
364200 22 40
364200 26 33
364500 26 33
364500 37 75
364800 1 23
364800 11 48
364800 17 18
366000 37 46
366000 52 66
366900 6 49
366900 24 84
367200 6 49
367500 20 61
368100 40 67
368400 14 52
368700 27 52
368700 40 67
369000 40 88
369600 9 40
369900 44 58
370800 5 42
371100 5 66
371100 67 69
371400 5 66
371400 33 54
371400 44 82
371700 44 82
372000 33 54
372000 71 86
372300 19 78
373200 27 87
373200 68 88
373500 29 64
375000 15 50
375300 3 12
375300 15 72
375600 37 48
375600 48 79
375900 12 22
376200 26 79
376200 32 37
376500 11 89
376500 11 70
376800 51 72
377100 0 14
377100 11 70
377100 51 70
377400 11 70
377400 11 15
377700 20 44
377700 42 89
377700 44 75
378000 16 20
378000 20 44
378300 16 66
378900 59 90
380100 11 71
605400 29 63
605700 41 55
606300 55 80
606300 80 89
606600 1 89
606600 80 89
606900 5 34
606900 34 43
606900 34 80
607200 5 15
607200 30 88
607500 10 85
607500 10 73
607500 55 80
607800 28 30
608100 9 28
608100 25 28
608400 9 45
608400 9 58
608400 16 65
608400 45 60
608400 45 83
608400 58 65
608400 58 83
608400 65 83
608700 20 60
608700 60 71
609000 7 29
609000 20 60
609000 29 60
609000 31 60
609300 29 60
609300 36 60
609600 10 30
609600 20 60
609600 71 91
609900 27 63
609900 29 60
609900 30 83
609900 60 91
610200 1 29
610200 21 61
610200 22 42
610200 60 91
610800 13 50
610800 31 86
611100 13 43
611100 55 77
611400 15 21
611700 53 70
611700 55 77
612000 4 60
612000 8 17
612300 4 60
613200 53 70
613500 8 81
614400 16 17
615300 2 52
616200 86 88
616500 1 23
616500 35 73
616800 32 88
616800 35 73
617400 32 88
617400 32 56
617400 40 81
617400 44 81
617700 32 56
618000 40 81
618000 65 67
618000 67 75
618000 73 77
618300 40 81
618600 7 15
618600 65 67
618900 18 50
618900 18 52
618900 43 63
618900 65 67
619200 15 53
619200 18 52
619200 67 76
619500 27 47
619500 43 63
619500 43 78
619800 1 47
619800 4 84
619800 15 53
619800 16 27
619800 16 43
619800 27 47
619800 47 84
620100 0 64
620100 4 84
620100 5 16
620100 5 64
620100 16 27
620100 16 64
620100 16 47
620100 27 47
620100 47 84
620400 4 84
620400 16 47
620400 16 27
620400 22 30
620400 61 89
620400 61 69
620400 69 88
620700 22 30
620700 31 61
620700 38 90
620700 40 61
620700 61 88
620700 69 88
621000 2 48
621000 2 70
621000 9 14
621000 48 73
621300 2 70
621300 9 14
621600 9 14
621600 57 76
621600 65 78
621900 35 76
621900 39 64
621900 39 81
621900 46 47
621900 57 78
621900 65 78
622200 3 84
622200 39 81
622200 40 58
622200 47 78
622200 64 78
622500 13 45
622500 15 61
622500 34 52
622500 52 58
622500 52 85
622800 13 45
622800 13 85
622800 15 70
622800 45 87
622800 70 80
623100 15 61
623100 55 87
623700 8 44
623700 29 31
623700 51 80
624000 47 51
624000 62 75
624300 5 73
624300 47 51
624300 62 75
624300 73 75
624600 23 73
624600 36 69
624600 36 60
624600 51 73
624600 73 75
624900 25 36
624900 36 64
624900 52 91
624900 73 75
625200 15 75
625200 18 32
625200 18 53
625200 18 70
625200 36 64
625200 69 70
625500 5 74
625500 18 70
625500 18 73
625500 19 40
625500 53 88
625500 53 65
625500 65 74
625500 69 70
625800 5 74
625800 10 43
625800 15 79
625800 18 70
625800 18 53
625800 27 33
625800 28 37
625800 33 79
625800 37 78
625800 65 74
626100 5 29
626100 15 79
626100 18 53
626100 18 70
626100 19 40
626100 21 43
626100 21 62
626100 21 29
626100 33 79
626400 5 29
626400 21 29
626400 30 82
626400 32 91
626400 32 88
626400 33 79
626400 70 82
626700 0 82
626700 0 55
626700 13 30
626700 13 88
626700 21 43
626700 21 29
626700 30 82
626700 30 88
626700 32 91
626700 33 79
626700 79 90
627000 5 29
627000 33 79
627300 33 79
627300 70 87
627600 70 87
627900 33 79
628200 70 87
628200 80 91
628500 80 91
628800 33 50
628800 70 87
629100 33 50
629400 84 85
630300 85 89
630600 32 48
630600 74 83
630900 68 85
631200 8 41
631200 27 45
631200 71 79
631500 68 85
632100 45 89
632400 7 14
632400 16 40
632700 2 78
632700 5 38
632700 7 14
632700 28 58
633000 5 38
633000 11 73
633000 28 58
633000 38 49
633000 40 76
633300 7 14
633300 28 58
633300 29 70
633300 36 78
633300 70 77
633600 1 7
633600 6 83
633600 7 14
633600 50 83
633900 28 58
633900 39 60
633900 50 83
633900 67 90
634200 7 14
634200 39 69
634200 46 69
634200 50 83
634500 7 14
634500 28 60
634500 33 45
634500 46 69
634800 46 69
635400 2 31
635400 37 91
635700 2 31
635700 33 41
636000 2 31
636000 17 23
636300 21 33
636900 49 55
637500 60 80
637800 10 28
638100 62 88
638400 19 61
638400 82 85
638700 15 72
638700 15 49
638700 29 80
638700 74 80
639000 15 49
639000 44 80
639000 74 80
639300 2 19
639300 19 75
639300 19 46
639300 27 46
639300 74 80
639600 19 75
639600 23 71
639600 54 83
639900 5 69
639900 10 89
639900 20 89
639900 23 71
639900 61 82
640200 31 74
640200 61 82
640500 31 74
640500 50 68
640800 21 50
640800 37 50
640800 50 68
640800 60 66
641100 4 60
641100 50 68
641100 60 68
691800 44 74
692700 31 87
693300 31 87
693900 31 62
695400 14 59
696000 14 68
696000 20 58
696600 3 14
696600 42 89
696900 3 65
696900 3 70
697200 3 65
697200 33 53
697200 44 75
697200 53 85
697500 19 75
697500 44 75
697500 65 75
697500 88 91
697800 19 75
697800 21 66
697800 53 73
697800 64 91
697800 73 91
698100 21 66
698100 35 62
698100 36 58
698400 6 73
698400 43 66
698700 31 62
699000 6 12
699000 6 66
699000 6 50
699000 50 59
699300 50 59
699600 11 83
699900 50 59
700200 73 83
700500 15 58
700500 22 42
700500 70 74
700800 22 42
700800 34 62
700800 73 83
701100 2 9
701100 7 17
701100 7 73
701100 22 42
701400 2 15
701400 7 73
701400 22 42
702300 32 90
702600 7 9
702900 32 67
703200 7 12
703200 9 87
703800 25 56
704100 11 61
704100 46 61
704400 2 61
704400 11 61
705000 0 29
705000 34 84
705600 0 21
705600 29 82
705900 2 13
706500 29 91
707100 5 83
708000 71 88
708900 7 52
709500 35 90
709800 45 55
709800 65 90
710100 2 63
710100 8 72
710100 58 85
710100 70 85
710400 11 85
710400 19 41
710400 28 48
710400 72 80
710700 12 59
710700 35 83
711000 12 45
711000 17 70
711000 45 90
711000 46 82
711300 12 74
711600 3 49
711600 13 62
711600 45 90
711600 49 67
711900 12 74
711900 16 52
711900 19 90
711900 25 55
711900 38 49
711900 40 68
712200 0 40
712200 19 25
712200 45 90
712200 52 60
712500 0 2
712500 1 65
712500 2 90
712500 40 68
712500 52 60
712800 12 69
712800 19 25
712800 40 68
712800 45 90
713100 3 72
713100 18 71
713100 18 83
713100 40 47
713100 41 47
713400 8 40
713400 17 88
713400 18 83
713400 19 25
713400 20 88
713400 41 47
713700 8 40
713700 20 88
714000 16 88
714300 57 71
714900 11 28
715200 8 72
715500 82 91
715800 12 72
715800 28 72
715800 55 60
716100 26 91
716100 82 91
716400 12 72
716400 12 59
716400 16 59
716400 39 56
716700 13 15
716700 13 61
716700 16 59
716700 35 64
716700 82 91
717000 16 59
717000 31 84
717000 48 53
717600 79 86
717900 4 53
717900 36 87
718200 36 87
719100 28 48
720000 7 64
720300 5 32
720300 31 65
720600 31 65
720600 48 80
720900 2 26
720900 16 58
720900 48 80
721200 14 47
721200 48 80
721200 78 85
721500 16 66
721500 48 84
721800 9 78
721800 9 22
721800 47 52
722700 24 86
722700 24 60
723000 4 76
724500 15 76
724500 29 48
724800 49 68
725400 69 85
725400 79 85
726000 0 86
726300 55 58
726300 72 74
726600 55 58
727500 30 33
728100 26 32
728100 26 65
728400 26 65
728400 26 91
729900 9 73
778500 12 33
778500 17 70
778800 13 15
778800 17 70
779100 12 33
779400 13 15
779400 70 77
779700 12 33
780000 24 77
780300 49 73
780300 66 73
780600 49 73
780900 63 66
780900 66 73
781200 49 79
781200 63 66
781500 49 79
781800 25 75
781800 25 79
781800 30 61
782100 2 8
782100 25 75
782400 6 75
782400 12 76
782400 77 79
782700 2 78
782700 6 75
782700 14 82
782700 14 25
782700 14 78
782700 14 75
782700 54 72
783000 4 17
783000 14 78
783000 14 82
783000 14 17
783000 17 73
783000 67 72
783000 72 77
783300 4 17
783300 30 35
783300 67 72
783600 4 17
783600 20 40
783600 29 67
783600 29 41
783600 30 35
783600 30 55
783600 69 77
783900 30 35
783900 41 90
783900 69 77
784200 7 34
784200 41 90
784500 13 37
784500 37 68
784500 41 90
784800 13 37
784800 13 42
785100 3 15
785100 6 57
785100 39 90
785100 54 78
785400 6 57
785400 30 90
785400 33 71
785700 6 57
785700 16 27
786000 6 57
786000 6 76
786000 11 85
786000 32 33
786300 6 57
786300 6 40
786300 22 45
786900 41 51
787200 31 38
787500 31 46
787500 31 73
787500 56 77
787800 34 77
787800 56 77
787800 68 77
787800 73 77
788100 44 68
788400 72 90
789300 3 80
789900 38 91
789900 70 87
790500 3 85
791100 29 82
791400 18 23
791700 10 28
792600 16 45
792600 56 67
792900 25 55
792900 40 55
793200 16 89
793500 74 80
794100 69 89
794400 19 42
794400 27 79
794700 27 79
794700 27 91
794700 67 91
795000 1 76
795000 44 76
795000 44 78
795000 57 70
795300 1 76
795300 1 10
795300 4 9
795300 57 78
795300 67 76
795600 4 9
795600 16 53
795600 67 76
795900 16 53
795900 43 57
796200 0 57
796800 4 47
796800 43 47
797100 1 70
797100 28 71
797400 53 70
797400 57 76
797400 71 89
797700 32 55
797700 53 70
798000 19 50
798000 27 49
798000 27 30
798000 30 57
798000 30 83
798000 30 67
798000 45 78
798000 50 83
798300 25 27
798300 27 49
798300 30 67
798300 39 89
798300 50 83
798600 5 68
798600 5 16
798600 16 88
798600 19 50
798600 30 67
798600 50 88
798900 5 16
798900 7 42
798900 7 76
798900 19 50
798900 42 77
799200 7 42
799200 14 91
799200 14 85
799200 14 19
799200 16 81
799200 17 81
799200 42 77
799200 50 88
799200 50 87
799200 51 80
799200 87 91
799200 90 91
799500 0 42
799500 3 79
799500 7 76
799500 14 19
799500 17 81
799500 28 64
799500 35 44
799500 44 76
799500 87 91
799500 90 91
799800 14 19
799800 25 64
799800 35 44
799800 41 64
799800 50 87
799800 60 64
799800 90 91
800100 14 19
800100 44 76
800100 87 91
800400 14 19
800400 19 58
800700 14 19
800700 40 53
801000 14 19
801000 34 57
801300 1 62
801300 14 19
801600 1 66
801900 26 45
801900 61 68
802200 68 84
803100 44 73
804600 40 59
807300 46 86
807600 24 71
807600 48 51
807600 51 90
807900 71 90
808200 25 58
808500 52 58
808800 18 25
809100 67 75
809700 13 33
809700 33 90
809700 49 85
809700 85 91
810000 24 58
810300 14 24
811500 48 87
812400 21 77
813000 1 43
813300 48 78
814500 14 18
815100 46 48
816600 6 80
865200 63 74
866100 54 79
868200 12 55
868200 20 68
868200 21 64
868200 22 38
868200 23 64
868200 37 68
868500 2 25
868500 9 14
868500 13 25
868800 28 64
868800 28 84
868800 69 77
868800 69 72
868800 72 86
868800 76 77
869100 3 35
869100 21 66
869100 35 78
869100 40 45
869100 71 88
869400 9 65
869400 21 82
869400 29 70
869400 29 83
869700 0 19
869700 21 57
869700 21 30
869700 30 57
869700 31 46
869700 46 57
870000 0 66
870000 31 46
870000 32 49
870000 46 57
870000 49 66
870000 49 60
870300 0 66
870300 4 21
870300 6 86
870300 7 20
870300 7 51
870300 32 49
870300 52 56
870600 0 86
870600 30 58
870600 32 49
870600 35 40
870900 0 86
870900 16 69
870900 18 44
870900 18 69
870900 43 80
870900 44 47
871200 0 86
871200 0 6
871200 18 69
871200 31 48
871200 43 63
871200 54 90
871500 31 48
871500 38 40
871500 42 86
871500 43 63
871800 24 49
871800 25 28
871800 39 58
872100 11 38
872100 34 39
872700 5 44
873000 1 49
873300 0 28
873300 28 68
873300 57 91
873600 11 55
873600 28 68
873600 44 69
873900 28 68
874200 3 10
874200 3 25
874200 25 66
874200 49 56
874500 22 48
874500 24 36
874800 35 84
874800 44 90
875100 49 68
875100 53 69
875400 36 41
875400 49 68
875700 54 58
876000 6 15
876000 19 63
876300 3 76
876300 6 15
876600 39 81
876600 59 84
878100 10 56
878700 13 14
878700 17 67
879000 2 64
879000 13 14
879000 13 35
879300 2 64
879300 14 19
879300 14 17
879300 14 26
879300 15 19
879600 2 64
879600 2 10
879600 2 79
879600 14 19
879600 14 68
879900 2 79
879900 64 83
880200 28 68
880200 73 88
880500 2 17
880800 8 64
880800 10 78
880800 70 78
880800 70 90
881100 17 80
881100 70 90
881400 54 90
881400 64 90
881400 70 90
881400 81 90
881700 64 90
881700 70 90
881700 70 81
882300 3 44
882600 45 83
882900 26 39
882900 31 76
882900 39 42
882900 39 54
882900 42 76
882900 46 48
882900 54 84
883200 6 69
883200 39 54
883200 39 69
883200 42 76
883200 57 69
883200 57 89
883200 65 68
883200 68 69
883500 6 69
883500 13 14
883500 32 75
883500 57 69
883500 65 68
883800 0 14
883800 0 88
883800 4 88
883800 32 33
883800 77 88
884100 5 62
884100 5 27
884100 5 51
884100 5 50
884100 23 76
884100 23 50
884100 27 63
884100 27 44
884100 31 50
884100 32 33
884100 44 50
884100 50 86
884100 51 61
884400 5 50
884400 23 50
884400 44 50
884400 49 80
884400 66 80
884700 15 17
884700 31 50
884700 44 50
884700 50 86
885000 21 31
885000 48 83
885000 71 83
885300 3 88
885300 6 9
885300 21 31
885300 36 88
885300 49 70
885600 1 14
885600 3 88
885600 4 82
885600 14 82
885600 15 44
885600 36 78
885900 15 44
885900 19 71
886200 2 11
886200 2 61
886200 10 44
886500 2 86
886500 71 89
886800 2 6
886800 12 56
887100 22 71
887400 22 71
887400 28 86
887700 6 86
887700 23 61
888000 28 79
888000 32 49
888300 14 16
888300 22 76
888600 22 76
888600 48 67
889200 38 72
889800 22 56
890100 61 87
890400 44 58
890400 61 87
890700 6 90
890700 20 90
890700 44 58
891000 25 42
891000 27 64
891300 25 42
891300 40 71
891300 78 90
891600 5 18
891600 78 90
891900 6 10
891900 25 42
891900 61 66
892200 18 66
892200 25 42
892500 37 40
892500 49 78
892800 2 82
892800 18 66
893100 13 69
893100 37 40
893400 29 90
893400 36 40
893400 37 40
893400 77 83
893700 13 69
894000 11 40
894000 11 43
894300 1 65
894300 12 78
894300 26 64
894300 30 78
894300 40 56
894600 0 42
894600 11 35
894600 26 64
894600 40 56
894600 45 85
894900 4 26
894900 12 78
894900 22 25
894900 30 78
894900 30 86
894900 33 91
894900 35 84
894900 42 50
894900 45 85
895200 11 45
895200 12 78
895200 45 85
895200 63 85
895500 10 31
895500 11 45
895500 22 25
895500 50 69
895500 63 85
895800 11 45
895800 20 36
895800 77 81
896100 15 49
896400 15 24
896400 17 68
896400 49 81
896400 79 88
896700 11 24
896700 44 89
896700 49 74
896700 51 89
896700 55 72
897000 9 63
897000 11 24
897900 3 22
897900 22 31
898200 31 41
898800 6 42
898800 19 62
899100 3 19
899100 6 42
899100 42 71
899400 3 54
899400 42 71
900300 6 64
901500 20 38
954600 9 75
954600 31 75
954900 9 75
954900 15 75
954900 15 71
954900 71 75
955200 3 15
955200 15 71
955200 15 22
955500 3 6
955500 50 85
955800 3 15
955800 6 80
955800 35 47
955800 37 47
956100 3 15
956100 19 55
956100 80 89
956400 6 80
956400 14 65
956700 14 65
956700 24 35
956700 24 37
956700 33 37
957000 0 37
957000 8 80
957000 9 10
957000 9 21
957000 10 30
957000 28 37
957000 33 37
957000 37 53
957300 0 37
957300 9 10
957300 9 88
957300 9 50
957300 28 88
957300 52 80
957600 8 80
957600 9 50
957600 9 88
957900 41 55
957900 55 75
958200 8 80
958200 16 55
958200 82 89
958800 36 89
959100 31 79
959400 45 74
959700 27 69
960000 11 86
960000 86 90
960300 86 90
960600 11 86
960900 7 38
961800 29 77
961800 57 90
962400 26 84
962700 26 78
963000 26 78
963000 47 74
963600 45 74
963900 37 69
964200 4 76
964500 17 19
964500 56 76
964800 1 37
964800 36 56
965100 17 19
965100 22 80
965400 19 80
965400 22 80
965400 37 75
965400 49 53
965400 53 55
965700 4 15
965700 11 80
965700 15 41
965700 25 82
965700 25 49
965700 37 82
966000 4 15
966000 25 49
966000 25 68
966000 25 75
966300 3 68
966300 3 33
966300 4 73
966300 25 68
966300 37 82
966600 20 45
966600 37 82
966900 16 25
966900 16 20
966900 37 82
967200 16 25
967200 48 67
967500 8 22
967500 8 63
967500 16 83
967500 22 46
967500 58 89
967800 8 63
967800 8 20
967800 8 84
967800 25 34
967800 63 83
968100 8 63
968100 8 84
968100 25 84
968100 27 63
968400 8 30
968400 27 63
968400 30 84
968400 59 87
968700 9 63
968700 19 32
968700 27 63
969000 9 63
969300 16 17
970200 32 62
970800 24 38
972300 16 57
972300 17 64
972900 26 68
973500 38 45
973800 17 70
973800 38 68
975000 51 67
975300 60 83
975600 10 26
975900 46 89
976200 46 89
976500 10 40
976800 41 47
976800 46 89
977100 48 83
977400 28 75
977400 48 83
977700 8 36
977700 28 75
978000 28 75
978000 52 70
978300 52 70
978900 2 86
978900 77 86
979200 48 77
979200 64 73
979500 21 70
979800 0 1
980400 34 84
980400 51 73
981000 34 84
981000 34 73
981300 25 50
981300 34 73
981300 73 78
981900 8 26
982500 8 40
982800 19 23
983100 27 81
985500 15 39
985800 55 56
989100 36 39
1210200 5 10
1210500 65 83
1210800 17 67
1211100 8 67
1211400 42 81
1211700 2 81
1212000 5 91
1212300 1 90
1212300 35 86
1212300 86 90
1212600 21 48
1212600 21 89
1212900 21 48
1213200 21 57
1213200 48 56
1213200 56 57
1213200 57 74
1213800 32 42
1214100 52 69
1214400 58 86
1214700 29 58
1215000 30 56
1215000 58 79
1215000 73 79
1215300 2 69
1215300 31 64
1215300 54 69
1215300 58 79
1215600 4 80
1215600 29 59
1215600 54 69
1215900 4 17
1215900 29 60
1215900 39 79
1215900 54 69
1216200 11 29
1216200 16 86
1216500 0 65
1216500 1 17
1216500 17 62
1216500 17 27
1216500 39 79
1216800 0 65
1216800 17 62
1216800 46 48
1217100 48 57
1219200 45 75
1219200 52 83
1220100 22 68
1220700 5 25
1221000 4 73
1221000 34 40
1221300 14 74
1222200 50 89
1222500 0 79
1222500 59 61
1223100 59 90
1223400 54 78
1223700 42 47
1224000 42 47
1224300 10 64
1224300 42 45
1224600 18 33
1224600 18 78
1224600 51 78
1224600 52 78
1224600 52 64
1224900 31 91
1224900 36 51
1224900 36 63
1224900 63 91
1224900 84 90
1225200 32 86
1225200 36 63
1225200 36 86
1225200 52 64
1225500 9 12
1225500 26 79
1225500 26 44
1225500 29 57
1225500 32 86
1225500 34 79
1225500 34 57
1225500 44 86
1225500 44 57
1225800 26 79
1225800 26 44
1225800 34 80
1225800 36 63
1226100 9 12
1226100 26 44
1226100 32 40
1226400 12 34
1226400 12 40
1226400 23 63
1226400 34 80
1226700 19 91
1227000 3 52
1227000 52 63
1227300 3 52
1227600 3 14
1227600 14 44
1227600 14 70
1227600 30 80
1227600 30 33
1227600 70 80
1227900 8 28
1227900 9 12
1227900 9 28
1227900 12 28
1227900 12 34
1227900 14 44
1227900 43 80
1227900 68 80
1227900 70 80
1228200 1 80
1228200 1 4
1228200 4 8
1228200 8 28
1228200 8 88
1228200 17 25
1228200 25 88
1228200 70 80
1228500 1 80
1228500 4 8
1228500 8 88
1228500 15 25
1228500 17 25
1228500 35 91
1228500 44 88
1228500 54 80
1228500 70 80
1228800 8 88
1228800 8 54
1228800 8 91
1228800 15 25
1228800 29 55
1228800 32 44
1228800 44 88
1228800 70 91
1229100 8 88
1229100 8 20
1229100 11 91
1229100 22 32
1229100 22 31
1229100 44 88
1229100 60 84
1229400 8 20
1229400 8 88
1229400 8 50
1229400 15 22
1229400 15 44
1229400 30 70
1229400 60 84
1229700 8 88
1229700 14 30
1229700 14 50
1229700 20 90
1229700 29 41
1229700 31 53
1229700 50 70
1229700 53 82
1229700 60 84
1229700 60 70
1230000 13 50
1230000 14 50
1230000 21 41
1230000 22 41
1230000 22 70
1230000 25 80
1230000 53 82
1230000 60 70
1230300 2 9
1230300 2 80
1230300 8 25
1230300 9 83
1230300 12 14
1230300 22 41
1230300 22 70
1230300 41 73
1230300 53 82
1230300 60 70
1230300 83 90
1230600 2 80
1230600 2 9
1230600 15 61
1230600 20 82
1230600 22 41
1230600 42 55
1230600 53 82
1230600 53 81
1230600 83 90
1230900 0 91
1230900 2 80
1230900 2 91
1230900 14 25
1230900 22 41
1230900 22 50
1230900 53 82
1231200 0 91
1231200 2 80
1231200 2 91
1231200 7 90
1231200 14 25
1231200 14 84
1231200 14 63
1231200 29 63
1231200 42 79
1231200 79 84
1231500 0 14
1231500 7 90
1231500 14 84
1231500 14 53
1231500 29 63
1231500 42 79
1231500 42 49
1231500 56 90
1231500 79 84
1231800 7 90
1231800 8 9
1231800 42 79
1231800 79 84
1232100 7 90
1232100 14 84
1232100 42 49
1232400 7 90
1232400 59 76
1232700 16 48
1232700 42 49
1233000 7 90
1233300 7 90
1233600 63 90
1233900 7 90
1234200 8 81
1234500 3 30
1234500 7 90
1234800 4 86
1234800 7 90
1234800 56 78
1235100 3 30
1235100 7 90
1235400 0 72
1235400 10 30
1235400 38 73
1235400 56 89
1235700 0 72
1235700 1 10
1236000 20 22
1236000 56 89
1236300 8 47
1236300 56 78
1236600 19 78
1236600 57 82
1236600 80 82
1236900 8 47
1236900 80 82
1236900 80 90
1237200 24 38
1237200 64 78
1237200 80 90
1237500 48 68
1237500 64 78
1237800 33 68
1237800 64 78
1238100 45 58
1238100 49 59
1238100 64 78
1238400 45 58
1238700 43 63
1239000 21 53
1239000 45 58
1239300 34 45
1239300 45 58
1239600 64 77
1239900 45 58
1240200 28 75
1240200 45 58
1240200 63 79
1240500 16 58
1240800 10 34
1240800 63 79
1241100 63 79
1241400 18 24
1241400 18 53
1241700 18 24
1242000 20 24
1242300 21 42
1243200 29 81
1243200 75 79
1244100 25 49
1244400 18 25
1244400 25 56
1244700 25 56
1245300 2 61
1245300 61 78
1245600 5 29
1296600 7 73
1296600 12 56
1296900 7 73
1297200 23 56
1297500 6 73
1297800 3 23
1298100 6 34
1300200 25 78
1300500 47 68
1300800 12 78
1300800 17 77
1301400 28 77
1301700 1 29
1301700 60 71
1302600 25 27
1302600 26 44
1302600 59 72
1302900 61 75
1303200 15 73
1303200 23 76
1303200 38 53
1303500 6 42
1303500 15 73
1303500 25 73
1303500 52 76
1303500 61 75
1303800 6 42
1303800 6 17
1303800 23 46
1303800 52 76
1304100 6 17
1304700 17 28
1304700 17 51
1305000 17 28
1305300 6 13
1305300 8 51
1305300 17 28
1305600 6 17
1305600 8 51
1305900 6 8
1305900 13 55
1306200 13 55
1306200 16 44
1306200 19 80
1306200 44 75
1306500 13 55
1306500 19 80
1306500 31 48
1306800 13 55
1306800 16 89
1306800 16 45
1307100 16 45
1307100 31 48
1307700 31 48
1308600 22 65
1308900 21 88
1309200 5 52
1309200 33 65
1309800 3 65
1309800 5 13
1309800 13 52
1310100 3 65
1310100 13 25
1310100 47 54
1310400 3 65
1310400 35 36
1310400 52 89
1310700 3 47
1310700 13 25
1311600 47 67
1312800 67 72
1313400 12 28
1314600 36 77
1314600 73 77
1314900 28 67
1314900 28 90
1314900 60 67
1315200 16 45
1315200 35 79
1315200 39 87
1315200 73 77
1315500 16 45
1315500 28 67
1315500 39 45
1315500 45 81
1315500 55 81
1315800 3 10
1315800 10 62
1315800 28 67
1316100 28 67
1316100 33 72
1316400 17 28
1316400 24 67
1316700 20 59
1316700 24 73
1316700 46 67
1317000 82 90
1317300 1 63
1317300 20 59
1317300 57 63
1317600 1 86
1317600 20 59
1317600 39 79
1317600 51 63
1317900 5 69
1317900 39 79
1317900 45 90
1318200 5 69
1318200 24 33
1318200 33 89
1318500 12 56
1318800 3 75
1318800 33 89
1318800 37 75
1319100 7 87
1319100 24 39
1319100 24 33
1319400 28 67
1319700 7 55
1319700 28 55
1320000 7 55
1320300 5 10
1320300 15 58
1320600 4 38
1320600 10 84
1320900 4 38
1320900 63 85
1320900 63 86
1321200 17 86
1321200 63 85
1321200 66 86
1321500 63 73
1321800 12 59
1322100 46 55
1322400 4 8
1322400 17 35
1322700 30 51
1322700 64 74
1323000 19 25
1323000 38 72
1323300 5 57
1323600 52 72
1323900 1 86
1323900 5 57
1323900 27 72
1324200 11 46
1324500 11 70
1324500 24 30
1324800 8 45
1324800 12 83
1325100 8 45
1325100 13 29
1325100 19 21
1325400 8 24
1325400 8 47
1325400 8 10
1325400 10 39
1326000 8 10
1326300 3 83
1326300 29 49
1326900 3 86
1327500 56 86
1328100 21 47
1328100 47 75
1328400 21 86
1329300 3 26
1329300 58 90
1330500 31 58
1331100 34 63
1331400 12 38
1331700 40 44
1332000 54 82
1332000 62 82
1333200 28 72
1334100 1 76
1334700 62 64
1335000 46 82
1335900 36 75
1384800 59 69
1385700 7 72
1386000 19 56
1386300 21 29
1386600 27 91
1386900 78 83
1386900 79 88
1387200 58 65
1387500 16 29
1387500 31 43
1387500 43 49
1387800 13 23
1387800 34 89
1387800 34 49
1388100 13 23
1388100 15 67
1388100 32 48
1388400 15 88
1388400 32 48
1388400 76 88
1388700 5 67
1389000 1 70
1389000 1 72
1389000 1 47
1389000 58 75
1389000 64 75
1389300 11 73
1389300 11 12
1389300 13 73
1389300 58 75
1389300 64 75
1389600 11 73
1389600 13 81
1389600 47 69
1389900 8 9
1389900 13 18
1389900 33 78
1389900 47 69
1390200 8 9
1390200 18 33
1390500 8 76
1390500 21 38
1390500 75 78
1390800 11 86
1390800 21 86
1391100 29 54
1391100 73 82
1391400 28 40
1391400 63 85
1391400 73 82
1391700 28 40
1391700 36 63
1392000 9 19
1392300 9 24
1392300 9 75
1392300 16 75
1392300 17 22
1392600 17 22
1392600 41 79
1392600 81 82
1393200 19 88
1393200 44 76
1393200 77 80
1393500 26 53
1393500 51 88
1394700 22 85
1395000 22 30
1395300 47 74
1395600 47 74
1396200 9 74
1396500 9 31
1396500 46 59
1396800 14 88
1397400 14 67
1397400 65 86
1397400 65 67
1397700 65 86
1397700 65 83
1397700 67 86
1398300 45 67
1398600 45 49
1398900 14 56
1398900 89 90
1399200 89 90
1399800 6 91
1400400 13 91
1400700 40 62
1401000 1 36
1401000 7 85
1401300 1 36
1401300 40 66
1401300 40 91
1401300 66 73
1401300 66 85
1401300 68 72
1401300 72 91
1401600 15 74
1401600 40 66
1401600 66 73
1401900 1 63
1401900 15 74
1401900 40 66
1402200 22 46
1402200 22 33
1402200 33 51
1402200 33 62
1402200 40 66
1402200 40 62
1402200 46 51
1402200 62 69
1402500 11 37
1402500 22 33
1402500 22 46
1402500 40 66
1402500 46 81
1402500 61 73
1402500 62 69
1402500 69 87
1402800 0 5
1402800 1 40
1402800 1 5
1402800 5 31
1402800 22 33
1402800 22 46
1402800 40 62
1402800 40 66
1403100 1 5
1403100 22 46
1403100 22 33
1403100 38 74
1403100 47 77
1403100 47 52
1403400 18 30
1403400 22 30
1403400 38 74
1403700 14 71
1403700 38 74
1403700 41 77
1403700 61 69
1403700 69 77
1404000 28 29
1404000 29 85
1404000 29 89
1404000 57 85
1404000 61 69
1404000 71 77
1404000 77 88
1404000 85 89
1404300 13 31
1404300 29 89
1404300 37 53
1404300 53 62
1404300 60 62
1404600 77 88
1404900 53 62
1404900 61 67
1405200 4 80
1405200 7 69
1405200 61 67
1405500 7 69
1405500 85 91
1406100 35 90
1406400 16 76
1406700 16 23
1407900 12 80
1408200 76 80
1408500 12 80
1408800 16 87
1410600 1 18
1411800 7 14
1412100 4 20
1412100 35 83
1412700 34 45
1412700 55 73
1413000 80 81
1413300 19 56
1413300 69 70
1413600 4 78
1413600 63 85
1413900 66 72
1413900 69 72
1414200 63 66
1414200 63 69
1414200 86 88
1414500 29 34
1414500 34 75
1414500 71 88
1414800 3 36
1414800 36 70
1414800 44 71
1414800 44 68
1414800 57 68
1415100 29 58
1415100 36 68
1415400 1 53
1415400 12 33
1417200 9 68
1418100 39 83
1418400 46 79
1418400 54 74
1419000 80 82
1419600 5 17
1472400 58 67
1473000 1 33
1473000 33 85
1473300 14 84
1473600 7 48
1473600 20 67
1473600 23 77
1473600 72 83
1473900 4 61
1473900 4 58
1473900 23 47
1473900 30 61
1473900 72 83
1474200 23 47
1474200 29 47
1474500 27 45
1474500 29 80
1474500 40 80
1474800 12 29
1474800 12 21
1474800 18 20
1474800 29 58
1474800 37 64
1475100 9 53
1475100 9 85
1475100 46 83
1475100 53 90
1475100 65 86
1475100 80 85
1475400 7 80
1475400 12 79
1475400 29 61
1475400 53 90
1475400 56 57
1475700 6 81
1475700 16 80
1475700 18 75
1475700 56 72
1475700 75 80
1476000 18 63
1476000 20 35
1476000 35 85
1476000 52 87
1476300 20 35
1476600 4 51
1476600 5 33
1476600 24 35
1476900 2 29
1476900 13 42
1477200 24 75
1477500 13 40
1477500 37 54
1477500 38 58
1477800 2 53
1477800 25 68
1477800 42 53
1477800 53 84
1478100 67 85
1478400 36 49
1478700 3 38
1478700 20 61
1478700 20 67
1478700 38 47
1479000 3 38
1479000 50 82
1479300 0 9
1479300 3 38
1479300 51 56
1479600 12 87
1479900 0 80
1479900 30 31
1479900 31 88
1480200 0 80
1480200 36 48
1480500 36 48
1480500 69 77
1481400 42 66
1483800 74 80
1484100 16 89
1484100 16 43
1484100 16 29
1484100 43 80
1484400 7 21
1484400 15 42
1484400 16 89
1484400 43 80
1484700 11 29
1484700 15 42
1484700 16 29
1484700 80 89
1485000 6 15
1485000 15 42
1485000 42 43
1485300 6 15
1485300 11 61
1485300 21 34
1485300 21 80
1485300 21 81
1485300 41 61
1485600 6 15
1485600 6 70
1485600 6 48
1485600 11 61
1485600 21 34
1485600 21 48
1485900 6 48
1485900 6 70
1485900 11 15
1485900 11 24
1485900 11 70
1486200 5 13
1486200 6 70
1486200 11 70
1486200 61 65
1486500 5 73
1486500 13 76
1486500 61 65
1486800 6 65
1486800 11 70
1486800 11 16
1486800 13 76
1486800 16 45
1486800 42 61
1486800 42 65
1486800 65 76
1487100 5 31
1487100 6 65
1487100 34 65
1487100 42 61
1487100 42 65
1487400 2 62
1487400 11 57
1487400 32 57
1487400 42 65
1487400 53 57
1487400 57 65
1487400 57 62
1487400 65 76
1487700 4 80
1487700 4 43
1487700 40 45
1487700 42 61
1488000 4 80
1488000 17 62
1488000 31 48
1488300 0 35
1488300 18 35
1488600 3 69
1488600 36 69
1488600 36 44
1488900 7 52
1488900 7 13
1488900 13 33
1488900 13 22
1488900 13 89
1488900 15 89
1488900 22 30
1488900 22 33
1488900 36 44
1489200 7 52
1489200 33 80
1489200 84 85
1489500 25 41
1489500 25 58
1489500 41 82
1489500 41 61
1489800 15 35
1489800 22 87
1489800 24 60
1489800 24 53
1489800 60 78
1489800 68 88
1490100 12 39
1490100 12 80
1490100 24 60
1490100 27 52
1490100 34 52
1490100 35 70
1490100 40 52
1490100 52 75
1490100 63 70
1490400 1 41
1490400 1 73
1490400 3 34
1490400 41 45
1490400 41 73
1490700 0 47
1490700 0 73
1490700 0 11
1490700 11 12
1490700 24 60
1490700 37 67
1490700 58 74
1491000 0 47
1491000 0 43
1491000 11 73
1491300 0 33
1491300 11 67
1491300 22 65
1491300 24 60
1491300 44 73
1491600 0 47
1491600 0 90
1491600 43 73
1491900 16 80
1491900 73 90
1492200 57 73
1492500 2 43
1492500 18 84
1492500 32 69
1492800 21 81
1492800 69 73
1493100 13 27
1493100 41 49
1493400 7 41
1493400 74 90
1493700 26 41
1493700 30 70
1494000 41 49
1494000 72 73
1494300 32 58
1494900 37 69
1495200 39 51
1495500 39 83
1495800 6 69
1495800 17 81
1495800 56 66
1496100 15 64
1496100 56 66
1496400 17 81
1497000 36 61
1497600 10 38
1497900 38 61
1498200 7 82
1498200 35 55
1498200 38 61
1498500 21 55
1498500 35 82
1498800 21 55
1499100 3 15
1499100 8 32
1499100 40 49
1499400 0 84
1499400 42 50
1499400 64 67
1499700 33 69
1499700 40 64
1500000 3 84
1500000 32 69
1500000 32 68
1500300 8 90
1500300 13 74
1500300 19 69
1500300 32 68
1500300 46 62
1500300 48 57
1500600 7 39
1500600 13 74
1500600 19 57
1500600 21 62
1500600 44 88
1500900 0 74
1500900 13 74
1500900 19 41
1500900 28 40
1500900 33 70
1500900 39 85
1500900 51 85
1501200 0 74
1501200 7 39
1501200 8 80
1501200 21 69
1501200 33 70
1501200 33 57
1501200 34 70
1501200 62 85
1501500 0 74
1501500 5 40
1501500 33 70
1501500 34 70
1501500 39 83
1501500 68 81
1501800 0 74
1502100 10 75
1503900 17 26
1504200 45 84
1505100 19 45
1505700 17 53
1506300 11 42
1508400 39 59
1559400 0 64
1559400 60 88
1559700 7 36
1559700 18 64
1559700 18 75
1560000 7 36
1560000 11 18
1560000 18 64
1560000 18 37
1560300 3 81
1560300 6 10
1560300 10 46
1560300 11 18
1560300 11 81
1560300 43 46
1560600 3 81
1560600 4 10
1560600 10 81
1560600 12 81
1560600 35 46
1560600 43 46
1560600 46 66
1560900 35 79
1560900 46 66
1561200 44 45
1561500 16 55
1561500 30 72
1561500 44 55
1561800 30 72
1561800 67 75
1562400 73 91
1562700 5 69
1562700 40 53
1562700 50 73
1563300 5 69
1563900 5 28
1565100 21 86
1566300 3 27
1566300 3 45
1566600 13 60
1566600 45 46
1566900 13 60
1566900 15 87
1566900 60 63
1567200 11 72
1567200 52 87
1567500 5 55
1567500 52 87
1567800 5 55
1567800 38 41
1567800 53 57
1568100 1 55
1568100 40 55
1568400 9 52
1568400 36 60
1568400 40 55
1568700 33 51
1568700 38 42
1568700 40 55
1569000 9 52
1569000 40 59
1569300 3 74
1569300 8 54
1569300 70 72
1569600 3 74
1569600 34 35
1569600 35 89
1569900 32 91
1569900 70 72
1569900 74 77
1570200 70 72
1570500 16 77
1570500 16 58
1570500 21 76
1570500 37 70
1570500 55 70
1570500 55 58
1570500 58 70
1570500 70 72
1570500 70 74
1570800 37 70
1570800 58 70
1570800 70 74
1570800 70 72
1570800 70 78
1571100 33 54
1571100 37 70
1571100 37 76
1571400 33 54
1571400 51 78
1571700 51 58
1572000 6 76
1572000 11 20
1572000 44 76
1572000 71 78
1572300 6 25
1572300 12 59
1572300 17 61
1572300 20 71
1572300 44 76
1572600 26 83
1572600 43 55
1572600 55 74
1572900 26 83
1572900 26 55
1572900 44 70
1573200 26 55
1573200 26 77
1573200 44 77
1573200 66 83
1573500 4 90
1573500 44 77
1573500 45 66
1573800 42 60
1573800 45 66
1574100 44 77
1575000 6 67
1575000 49 59
1575300 7 62
1575300 19 84
1575300 49 59
1575600 30 34
1575600 33 81
1575900 24 43
1575900 33 81
1576200 10 32
1576200 26 35
1576500 10 32
1576500 45 88
1576800 50 57
1577100 14 90
1577400 1 82
1577700 60 82
1578000 14 68
1578600 64 75
1578900 69 77
1578900 73 91
1579200 34 69
1579200 69 77
1579500 5 84
1579800 34 69
1579800 55 74
1580100 51 66
1580400 0 51
1580700 21 79
1581000 45 90
1581000 45 56
1583100 4 42
1583100 12 42
1583700 34 72
1584300 9 86
1584600 3 83
1584900 40 49
1585200 10 90
1585500 69 80
1585800 7 52
1586400 1 85
1587300 35 86
1587600 35 54
1587900 24 27
1587900 34 86
1588200 35 88
1589100 29 66
1590900 34 55
1591200 1 54
