0 51 54
0 63 89
600 55 85
600 75 80
900 7 68
1200 2 81
1200 21 31
1500 63 73
1800 11 33
2100 4 33
2100 4 55
2100 11 33
2100 17 55
2400 4 55
2400 58 76
2700 4 63
2700 5 19
2700 25 55
3600 65 84
4200 3 56
4200 5 41
4500 3 73
4800 6 73
5100 23 64
5400 53 73
5400 78 87
5700 0 12
5700 8 53
5700 13 56
6300 0 49
6600 38 56
6600 56 76
6900 38 56
7200 32 85
7500 35 53
7500 52 82
7800 5 25
7800 35 85
8400 5 30
9600 49 88
9900 55 61
11100 29 50
11400 24 77
11400 54 86
11700 8 39
12000 27 33
12300 19 68
12600 19 68
12600 65 86
12900 39 74
13200 33 68
13200 65 86
13500 33 68
13500 39 74
13800 11 41
14100 1 8
14100 8 31
14400 5 53
14700 5 53
14700 18 31
14700 45 55
15000 15 31
15300 7 58
15300 7 52
15300 15 25
15300 25 85
15300 52 85
15600 1 9
15600 2 25
15600 7 58
15600 7 91
15600 9 26
15600 25 85
15600 25 77
15600 25 58
15600 25 54
15900 1 46
16200 16 80
16200 37 60
16200 71 78
16500 1 46
16500 16 80
16500 20 45
16500 30 70
16500 37 52
16500 45 71
16500 74 78
16800 1 46
16800 18 52
16800 18 41
16800 45 71
16800 74 78
17100 1 69
17100 9 69
17100 20 80
17100 30 70
17100 62 69
17100 69 78
17100 74 78
17400 0 68
17400 20 80
17400 25 82
17400 30 70
17400 45 71
17400 47 69
17400 60 70
17400 60 68
17400 62 69
17400 69 78
17700 20 80
17700 30 60
17700 45 71
17700 45 47
17700 47 69
17700 47 86
17700 51 86
17700 60 68
17700 74 78
18000 0 68
18000 7 28
18000 19 26
18000 19 47
18000 45 47
18000 45 58
18000 51 91
18300 35 85
18300 51 91
18600 4 85
18600 5 82
18600 5 27
18600 7 28
18600 25 51
18600 29 85
18600 38 55
18600 45 47
18600 51 91
18900 5 27
18900 5 86
18900 7 28
18900 24 38
18900 38 80
18900 38 85
19200 1 17
19200 1 38
19200 5 86
19200 7 28
19200 11 91
19200 11 53
19200 28 53
19200 53 91
19200 82 88
19500 1 17
19500 1 69
19500 3 77
19500 5 27
19500 5 86
19500 5 53
19500 53 91
19500 60 73
19500 75 86
19500 75 77
19800 1 17
19800 1 69
19800 5 27
19800 7 60
19800 27 35
19800 27 89
19800 27 45
19800 45 53
19800 45 48
19800 60 73
19800 75 86
20100 1 69
20100 5 27
20100 17 40
20100 20 27
20100 45 73
20100 53 91
20100 63 69
20100 75 86
20400 1 89
20400 5 27
20400 5 35
20400 8 83
20400 17 40
20400 42 88
20400 50 70
20700 5 35
20700 8 83
20700 35 70
20700 41 86
20700 50 91
20700 50 83
20700 50 85
20700 83 84
21000 5 27
21000 8 83
21000 8 13
21000 12 50
21000 13 18
21000 20 83
21000 20 42
21000 42 50
21000 63 83
21300 0 70
21300 0 41
21300 8 83
21300 8 13
21300 48 82
21300 50 83
21300 83 85
21600 3 60
21600 5 42
21600 7 12
21600 8 13
21600 32 60
21600 32 63
21600 42 83
21600 82 83
21900 3 60
21900 3 57
21900 3 43
21900 8 13
21900 14 57
21900 32 43
21900 32 34
21900 34 63
21900 34 66
21900 42 47
21900 43 63
22200 32 60
22800 71 88
23400 29 44
25200 19 46
25500 18 85
25800 7 66
26100 9 48
26100 43 86
26400 7 69
26400 16 81
26400 43 86
26700 16 81
27000 11 39
27300 17 38
27300 57 61
27600 6 30
27600 17 38
27600 34 38
27900 17 38
27900 25 62
28200 23 42
29100 71 78
29100 82 85
29400 36 73
29400 82 85
29700 43 57
29700 82 85
30000 36 73
30000 57 66
30600 4 44
30600 58 88
30600 78 88
30900 11 86
30900 78 88
31200 58 88
31500 11 86
31500 13 56
31500 61 76
32100 13 17
32400 35 71
32400 44 61
32700 13 44
32700 48 53
32700 49 89
33000 30 38
33000 46 48
33000 48 53
33000 53 55
33300 17 40
33300 46 48
34500 2 41
35100 28 61
35100 32 61
35100 62 75
35400 9 89
35400 28 61
35700 12 88
35700 28 61
36000 56 64
36300 2 90
36300 33 74
87000 53 85
87300 34 70
87600 24 86
87600 53 62
90000 11 73
90900 25 79
91200 21 25
91200 74 89
91500 7 65
91800 39 86
92100 24 73
92100 35 56
92400 23 91
92700 3 81
92700 36 64
92700 44 66
93000 23 91
93300 3 58
93300 38 68
93600 1 24
93600 7 43
93900 7 43
93900 70 71
94200 7 43
94200 9 67
94200 52 60
94500 52 60
94500 60 88
94800 0 10
94800 5 9
94800 9 67
94800 27 83
94800 28 43
94800 43 88
95100 5 85
95100 27 83
95100 28 43
95100 43 88
95100 85 90
95400 5 85
95400 14 86
95400 40 83
95700 13 51
95700 27 32
95700 27 90
95700 27 37
95700 85 90
96000 13 51
96000 21 56
96300 13 51
96300 57 86
96600 13 51
96600 21 46
96600 21 43
96600 49 57
96900 13 30
96900 21 43
96900 35 55
96900 49 57
97200 10 88
97200 32 51
97500 49 57
97500 60 81
97500 80 91
98400 23 65
99600 61 83
101700 36 76
102900 4 5
102900 4 14
104400 6 80
104400 24 70
104700 13 64
105000 6 89
105000 22 24
105000 24 59
105000 24 67
105300 0 89
105600 16 82
105600 46 86
105900 2 64
105900 16 85
105900 32 43
105900 48 82
106200 8 62
106200 20 89
106200 25 85
106200 46 86
106500 24 25
106500 46 86
106800 14 59
106800 46 86
107100 4 32
107100 20 45
107100 22 35
107400 20 78
107400 30 35
107700 20 45
107700 48 73
107700 48 51
108000 15 34
108000 37 45
108000 45 48
108300 15 37
108300 34 66
108300 45 48
108600 37 45
108900 6 75
109500 59 77
110400 20 72
110400 23 72
111000 24 25
111000 24 48
111300 24 25
111600 21 34
111600 21 41
111900 21 34
111900 39 75
111900 41 64
111900 41 75
112500 34 48
112800 13 32
112800 46 82
113400 16 18
113400 23 89
114000 36 39
114300 5 67
114300 27 35
114600 6 36
114600 45 85
114900 49 71
115200 73 90
115500 21 43
116700 30 31
117000 21 25
117300 3 47
117600 7 11
117600 52 91
117900 7 11
117900 8 31
119400 7 80
119400 73 80
120300 11 88
121200 42 80
121500 46 84
121800 61 64
122700 4 36
125700 7 35
173400 53 77
174000 14 91
174000 77 91
174600 14 91
175500 69 75
175800 41 84
177000 14 22
177300 23 60
177300 31 70
177300 42 70
177300 58 79
177600 5 61
177600 5 35
177600 13 61
177600 42 70
177600 60 61
177900 7 13
177900 15 61
178200 5 61
178200 6 50
178200 6 62
178200 7 13
178200 15 21
178200 42 70
178200 61 67
178500 4 39
178500 5 61
178500 21 86
178500 31 52
178800 21 58
178800 50 58
178800 50 73
178800 61 67
179100 4 39
179100 57 61
179400 4 39
179400 67 70
179700 70 86
180300 13 29
180300 13 64
180300 16 89
180300 34 51
180600 18 32
180600 80 87
180900 0 52
180900 0 56
180900 20 87
181200 8 65
181200 51 66
181500 14 24
181500 47 91
181500 61 79
181500 71 84
181800 14 46
181800 25 79
181800 42 84
181800 61 84
181800 79 87
181800 79 84
182100 14 46
182100 15 37
182100 79 84
182400 58 69
182400 69 76
182700 2 76
182700 46 87
182700 51 68
183000 27 68
183300 80 85
183600 50 63
183900 20 41
183900 40 63
183900 47 89
184500 7 61
184500 47 89
184800 21 44
185100 9 71
185100 24 47
185700 14 47
186000 34 67
186300 32 60
186900 57 76
187200 52 74
187500 21 45
187800 43 45
187800 45 82
187800 71 73
188400 8 78
188400 8 15
188700 23 70
188700 23 90
188700 38 72
189000 38 78
189900 2 70
189900 52 58
189900 58 79
190200 23 48
190200 28 70
190200 46 53
190500 12 28
190500 28 70
190500 48 74
190500 67 89
190800 16 67
191100 35 74
191400 17 25
191400 17 82
191400 19 25
191400 25 72
191400 40 73
191400 72 82
191700 4 76
191700 17 25
191700 17 82
192000 5 29
192000 17 82
192300 2 5
192300 2 16
192300 2 29
192300 2 28
192600 15 45
192600 28 77
192900 25 68
192900 40 41
192900 40 48
193200 16 66
193200 18 54
193200 40 48
193500 15 66
193500 23 65
193500 40 48
193500 54 86
193500 61 79
193500 79 86
193800 10 52
193800 15 66
193800 26 65
193800 52 56
193800 61 79
194100 10 52
194100 15 87
194100 52 56
194400 13 54
194700 2 69
194700 33 35
194700 35 57
195000 35 57
195300 16 87
195300 35 57
195600 4 41
195600 35 57
195900 2 57
195900 16 87
196200 2 50
196200 4 41
196500 2 50
196800 6 9
196800 22 82
197100 30 82
197700 8 68
197700 29 85
198000 42 74
198300 35 57
198600 55 57
199800 42 57
200100 42 57
201600 12 38
202200 2 8
202200 6 55
202200 6 70
202200 55 85
202500 2 8
202500 13 24
202500 53 70
202800 12 53
202800 53 70
203100 12 53
204000 1 56
204000 3 45
204300 4 87
204300 65 68
204900 51 62
204900 62 68
205200 0 39
205200 17 80
205500 22 68
206400 47 54
207600 24 55
208800 1 63
210300 25 47
212700 35 91
263700 12 43
263700 27 82
264000 21 87
264000 36 87
264300 1 34
264300 32 53
264600 2 40
264600 81 87
264900 19 52
264900 23 72
265200 7 76
265200 33 53
265500 12 85
265500 46 82
265500 82 83
265800 12 83
265800 44 49
266100 1 28
266100 25 87
266100 51 83
266100 81 83
266400 5 18
266400 19 24
266400 25 87
266700 5 34
266700 16 89
266700 34 83
266700 47 79
266700 66 71
267000 5 34
267000 21 52
267000 32 48
267000 34 60
267300 15 20
267300 20 73
267300 33 69
267900 29 52
267900 53 57
267900 62 78
268200 17 76
268200 17 20
268200 17 78
268200 17 57
268500 7 78
268500 20 78
268500 62 78
268500 64 78
268800 1 50
268800 16 55
268800 16 44
269100 16 62
269400 3 71
269400 19 77
270000 33 51
270000 37 53
270300 3 82
270300 47 62
270300 49 82
270300 53 82
271500 8 90
271800 15 69
272100 18 25
272100 34 55
272400 34 55
273000 1 31
273000 30 79
273300 4 70
273300 30 79
273300 61 66
273900 34 80
274200 44 80
274200 60 73
274200 73 86
274800 58 65
275100 0 62
275400 7 51
275400 29 32
275400 29 65
275700 7 51
275700 37 62
275700 51 80
276000 32 67
276000 51 80
276000 52 71
276000 61 67
276000 67 72
276300 2 67
276300 2 90
276300 52 71
276300 52 74
276300 61 67
276600 0 71
276600 20 71
276600 36 61
276600 61 67
276600 61 71
276900 0 71
276900 20 71
277200 0 59
277200 0 44
277200 0 6
277500 0 6
277500 0 20
277500 20 71
277500 21 75
277500 57 75
277500 59 79
277500 81 82
277800 21 75
277800 21 77
277800 35 37
277800 35 36
277800 35 78
277800 77 81
278100 10 35
278100 15 34
278100 35 78
278400 27 33
278400 29 34
278400 33 52
278400 52 86
278400 80 86
278700 5 55
278700 7 65
278700 20 31
278700 35 50
278700 65 86
278700 80 86
279000 5 55
279000 6 30
279000 21 30
279000 21 62
279000 21 60
279000 50 60
279000 55 62
279300 15 43
279300 22 91
279300 25 91
279300 65 90
279600 3 18
279600 15 43
279600 15 63
279600 18 78
279600 18 32
279600 18 53
279600 22 91
279900 14 39
279900 14 35
279900 15 63
279900 18 78
279900 32 64
279900 35 39
279900 35 63
279900 35 41
279900 39 41
279900 39 52
279900 53 87
279900 65 90
280200 14 35
280200 30 61
280200 30 67
280200 31 40
280200 35 41
280200 37 56
280200 53 87
280200 56 73
280500 3 69
280500 3 43
280500 23 37
280500 36 82
280500 67 80
280800 6 68
280800 23 37
281100 32 48
281100 48 52
281400 28 48
281400 68 76
281700 1 8
281700 48 91
282000 8 39
282000 57 84
282300 0 74
282300 9 64
282300 30 43
282300 57 84
282300 85 86
282600 0 74
282600 3 30
282600 59 81
282900 3 30
282900 30 55
282900 39 74
283200 27 63
283500 61 89
284400 20 36
285000 18 42
285000 79 88
285300 48 68
285600 5 51
285900 24 56
286200 24 56
286200 50 67
287100 35 66
287400 2 60
287700 37 57
288300 19 69
288600 3 88
288600 44 80
288600 76 83
288900 42 80
289200 4 76
289200 29 57
289500 38 55
289500 61 86
289800 7 91
289800 38 55
290100 61 86
290400 1 61
290400 6 48
290700 5 30
290700 78 82
291000 1 61
291000 3 72
291000 12 72
291300 5 30
291300 5 54
291300 14 78
291300 21 50
291600 3 72
291600 5 70
291600 14 73
291600 14 72
291600 16 46
291600 26 75
291900 16 46
291900 24 56
292200 16 46
292500 65 75
292800 19 54
293100 58 83
293400 58 78
293400 67 83
293700 20 78
293700 67 83
294000 67 83
294600 51 86
294600 71 86
294900 51 86
295500 38 89
296400 89 91
298200 9 13
298200 45 79
298500 45 79
349800 71 76
350100 41 82
350100 47 55
350100 87 90
350400 4 27
350400 4 36
350400 10 28
350400 28 30
350400 87 90
350700 0 15
350700 4 36
350700 8 85
350700 30 82
350700 47 88
351000 9 59
351000 28 30
351000 47 88
351300 9 28
351300 30 82
351600 28 30
351600 52 78
351900 0 55
351900 12 52
351900 12 41
351900 30 82
352200 28 30
352200 30 82
352200 39 46
352500 30 82
352800 10 50
352800 10 48
352800 10 75
352800 53 86
353100 4 84
353100 53 86
353100 61 86
353700 4 10
353700 53 86
354000 4 10
354000 54 83
354000 61 74
354300 53 86
354300 54 83
354600 4 10
354600 33 35
354900 4 10
355200 10 57
356100 82 85
357600 7 88
357600 43 52
357900 26 77
357900 38 88
358200 26 77
358200 27 44
358200 38 88
358200 50 85
358200 53 67
358500 18 19
358500 38 88
358500 38 59
358500 53 67
358500 55 77
358800 4 22
358800 55 77
359100 55 77
359400 55 77
359700 11 18
359700 18 41
359700 20 70
360000 7 62
360300 7 62
360300 7 54
360300 20 70
360300 20 69
360300 50 62
360600 7 62
360600 7 19
360600 12 62
360600 12 54
360600 39 80
360600 52 85
360600 69 85
360900 12 62
360900 12 19
360900 12 80
360900 33 85
360900 46 91
361200 0 83
361200 0 74
361200 12 62
361200 12 19
361200 40 74
361200 59 70
361200 59 74
361500 12 69
361500 40 58
361500 59 74
361800 12 19
361800 42 69
361800 59 70
361800 83 87
362100 6 56
362100 17 78
362100 17 53
362100 40 78
362100 59 70
362400 2 59
362400 9 79
362400 16 47
362400 17 78
362400 17 29
362400 17 47
362400 56 78
362700 2 59
362700 5 13
362700 5 53
362700 17 47
362700 29 66
363000 2 59
363000 13 77
363000 13 40
363000 53 79
363300 2 50
363300 29 66
363300 43 79
363600 8 20
363600 20 58
363900 8 20
363900 32 58
363900 43 55
364200 8 20
364200 13 78
364800 19 56
365100 19 49
365100 22 70
365700 14 17
366600 49 60
366900 49 78
368100 16 33
369300 6 41
369600 9 64
370200 2 84
370500 52 75
370800 50 52
371400 66 82
371700 35 77
372300 26 38
372300 38 70
372600 39 82
372900 23 65
373200 33 38
373500 0 79
373800 52 85
373800 74 85
374100 0 79
374100 7 17
374400 0 79
374700 54 56
374700 56 73
375000 44 90
375000 56 73
375300 1 29
375300 56 73
375900 20 57
376200 1 46
376800 17 69
377100 13 18
377400 17 69
377700 0 74
378300 32 38
606000 24 48
606000 46 53
606000 58 81
606300 37 52
606300 58 81
606300 73 78
606600 23 37
606600 37 52
606600 73 78
606600 81 83
606900 37 52
606900 52 78
606900 60 70
607200 25 53
607200 37 53
607500 13 70
607500 25 53
607500 69 71
607800 53 55
607800 71 87
608400 17 83
608400 21 34
608700 10 71
609000 8 54
609000 47 88
609000 47 81
609300 46 78
609300 47 81
609300 77 78
609600 33 46
609600 77 78
609900 33 58
610200 1 55
610800 12 75
610800 34 58
611100 29 77
611100 37 48
611100 43 67
611400 1 37
611400 8 41
611700 14 37
611700 37 48
611700 43 67
611700 43 82
612000 31 54
612000 43 82
612000 43 67
612300 22 65
613800 37 64
614100 33 80
614700 23 47
615000 44 91
615000 47 88
615600 48 77
616200 26 32
616200 34 43
617100 8 9
617400 10 60
617700 7 20
618000 13 29
618000 60 80
618300 13 29
618300 40 66
618300 74 78
618600 20 45
618900 24 52
618900 27 60
619200 14 91
619200 16 91
619500 52 76
620100 16 31
620100 31 75
620100 58 75
620400 21 62
620400 46 73
620700 11 62
621000 13 88
621000 13 26
621000 69 79
621300 11 62
621300 13 88
621300 30 76
621300 62 76
621600 11 62
621600 47 69
621600 49 50
621900 10 43
621900 13 64
621900 27 91
621900 47 69
621900 64 91
621900 64 73
621900 73 91
622200 11 62
622200 28 52
622500 0 27
622500 57 88
622800 6 69
622800 6 79
622800 28 52
622800 52 87
622800 69 87
623100 4 87
623100 4 28
623100 16 69
623100 28 52
623100 69 87
623400 16 69
623400 67 86
623400 69 87
623700 16 69
623700 20 37
623700 49 71
624000 19 37
624000 37 71
624000 49 71
624300 16 28
624300 26 52
624300 37 81
624300 64 73
624600 5 71
624600 12 87
624600 20 86
624600 41 71
624600 59 86
624900 8 17
624900 10 60
624900 16 41
624900 41 71
624900 41 52
624900 52 81
624900 59 86
624900 71 73
624900 71 81
625200 14 79
625200 41 71
625200 41 52
625200 54 60
625200 64 87
625200 71 73
625200 71 82
625200 73 79
625200 73 82
625500 8 87
625500 14 79
625500 14 75
625500 14 81
625500 22 81
625500 31 41
625500 41 71
625500 41 52
625500 52 81
625500 64 87
625500 72 87
625500 75 80
625800 14 81
625800 14 75
625800 14 49
625800 14 80
625800 41 52
625800 52 81
625800 54 60
625800 72 87
625800 72 80
625800 72 82
625800 81 82
626100 10 72
626100 10 49
626100 14 75
626100 22 32
626100 27 32
626100 41 52
626100 72 87
626100 72 80
626100 72 82
626100 75 80
626400 6 43
626400 7 67
626400 10 72
626400 14 75
626400 22 32
626400 52 64
626400 72 80
626400 81 82
626700 4 20
626700 6 31
626700 6 36
626700 20 22
626700 20 32
626700 27 32
626700 52 64
626700 56 64
626700 72 80
627000 27 32
627000 52 64
627000 72 80
627300 20 22
627300 72 80
627600 72 80
627900 29 66
627900 72 80
628500 31 73
629100 19 87
629100 29 53
629400 1 5
629700 1 5
630900 14 20
631200 49 66
631500 22 66
631500 25 68
631800 25 68
631800 33 64
632100 8 38
632100 33 64
632100 57 77
632400 18 77
632400 33 64
632400 38 77
632400 38 86
632700 3 64
632700 18 77
632700 80 87
633000 5 77
633000 18 77
633000 47 89
633000 58 78
633300 18 77
633300 22 78
633300 32 89
633300 34 78
633300 43 89
633300 47 89
633300 65 78
633300 72 89
633600 22 78
633600 45 69
633600 65 78
633900 44 58
633900 65 78
634200 44 58
634200 65 75
634500 30 78
634800 16 63
634800 40 63
635100 15 90
635100 16 63
635400 50 90
635700 23 63
636300 20 52
636600 15 27
636600 30 45
636900 15 65
637200 3 68
637200 60 80
637500 18 80
638100 4 51
638400 8 46
639000 48 89
639300 2 18
639300 56 72
639600 2 18
639900 42 53
640200 26 45
640200 26 69
640500 11 26
640500 26 69
692400 3 23
695400 21 47
695400 41 60
696300 32 48
696600 30 64
696900 29 34
697500 19 29
697500 19 68
697500 28 86
697500 74 77
697800 0 77
697800 30 86
698100 15 19
698100 31 64
698100 74 77
698400 15 19
698700 35 58
699000 6 47
699600 44 89
699900 44 60
699900 44 84
700200 12 67
700200 16 26
700200 68 73
700500 3 82
700500 16 26
700500 68 85
700800 21 32
700800 51 88
700800 68 85
701100 0 65
701100 21 32
701100 21 42
701400 0 66
701400 1 66
701400 21 32
701700 0 66
701700 21 42
701700 84 91
702000 0 66
702000 45 91
702300 45 91
702300 74 76
702300 76 86
702600 17 76
702600 45 91
702600 49 90
703200 45 49
703500 53 61
703800 41 68
704100 33 80
704700 6 15
704700 38 84
705000 11 16
705300 15 47
705600 16 86
706200 14 86
706500 7 60
707700 14 75
707700 17 50
708300 14 75
708600 56 63
709200 83 91
709800 5 88
709800 56 59
709800 59 91
709800 61 87
710100 25 56
710100 25 58
710100 59 91
710100 72 91
710400 37 38
710400 56 59
710400 60 62
710700 10 67
710700 25 56
710700 32 63
710700 60 62
711000 32 63
711000 52 87
711000 63 79
711300 10 67
711300 21 56
711300 28 79
711300 54 56
711600 21 56
711600 32 63
711600 44 62
711900 7 58
711900 27 34
711900 34 74
712200 23 42
712200 25 65
712200 42 77
712500 28 54
712500 34 74
712500 42 46
712500 46 49
712800 14 56
713100 6 19
713100 16 69
713100 56 71
713400 29 85
713400 56 71
713400 62 90
713400 70 85
713700 12 50
713700 16 49
713700 70 85
714000 16 49
714000 76 85
714300 4 50
714300 29 44
714600 25 31
714900 2 62
714900 37 62
715500 13 77
716100 4 62
716100 27 63
716400 29 40
716400 63 91
717000 34 45
717000 38 86
717300 2 91
717600 58 90
718200 26 47
718200 83 84
718500 67 83
718800 70 80
719100 51 74
719100 83 87
719400 9 38
719400 83 87
719700 9 38
719700 21 68
719700 35 71
719700 39 45
720000 9 38
720000 70 82
720300 9 38
720600 38 67
720600 73 87
721200 9 65
721500 22 56
721500 22 83
721500 61 69
721800 22 82
721800 57 61
721800 61 84
722100 22 82
722100 23 81
722100 47 83
722100 61 84
722400 22 82
722400 29 75
722700 34 44
722700 44 82
722700 69 82
723000 32 44
723000 44 82
723300 30 48
723600 40 51
723900 12 14
723900 12 76
723900 14 46
724500 8 17
724500 14 46
724500 32 55
724800 8 17
724800 10 31
725100 8 82
725100 17 71
725400 8 82
725400 12 91
725700 8 82
726000 29 45
726300 33 58
726600 53 62
726900 0 32
727200 18 22
727500 80 81
727800 46 59
730500 22 66
778200 21 26
778500 1 68
778500 32 47
778500 47 69
778500 47 68
778800 21 26
778800 26 47
779100 1 48
779100 32 47
779100 47 68
779400 21 26
779700 1 48
779700 1 17
779700 21 26
779700 47 63
780000 21 26
780300 1 48
780300 47 63
780600 31 89
780600 60 89
780900 1 48
780900 31 89
781200 31 89
781500 1 48
781500 26 30
781500 26 82
781800 5 30
781800 26 30
782100 1 88
782100 1 89
782100 20 85
782100 23 76
782100 26 30
782100 89 90
782400 11 56
782400 11 60
782400 11 23
782400 23 76
782400 23 86
782400 26 30
782700 1 88
782700 11 22
782700 20 63
782700 20 74
782700 22 60
782700 31 80
782700 58 60
783000 3 86
783000 11 23
783000 11 56
783000 22 60
783000 30 86
783000 58 60
783000 86 91
783300 30 86
783300 55 88
783300 58 60
783600 0 35
783600 15 35
783600 21 35
783600 30 86
783600 31 40
783600 35 37
783600 86 91
783900 0 35
783900 10 32
783900 15 35
783900 19 35
783900 86 91
784200 5 20
784200 10 24
784200 20 36
784200 77 89
784500 0 39
784500 0 86
784500 77 89
784500 86 91
784800 4 39
784800 18 39
784800 28 63
784800 28 51
784800 43 77
785100 3 80
785100 14 26
785100 49 77
785100 86 91
785400 46 49
785700 31 87
785700 82 87
786000 21 31
786000 31 65
786000 31 49
786000 46 51
786300 10 28
786300 16 73
786300 28 31
786600 6 75
786600 72 73
786900 3 20
786900 5 12
787200 0 84
787200 4 85
787200 6 12
787200 12 28
787500 12 28
787500 14 52
787500 31 86
787800 1 31
787800 12 28
787800 13 68
787800 34 69
788100 12 28
788100 12 34
788100 21 64
788100 67 81
788400 2 18
788400 10 12
788400 21 64
788400 29 64
788700 11 51
788700 12 39
788700 23 64
788700 29 63
789300 12 39
789300 12 71
789900 38 39
790800 20 64
791100 19 77
791400 19 77
791400 71 88
792000 46 78
792600 37 74
792900 9 71
792900 48 72
793200 9 71
793200 37 87
793200 51 73
793500 29 58
793500 51 69
793500 53 87
793800 29 69
793800 58 85
794400 29 53
794400 54 57
794700 14 53
794700 14 67
794700 29 53
794700 41 91
794700 53 67
795000 53 67
795000 67 88
795300 15 45
795300 45 66
795300 88 90
795600 9 22
795600 15 45
795600 22 23
795600 71 85
795900 8 11
795900 22 23
795900 24 68
796200 21 26
796200 21 68
796200 21 37
796200 24 68
796500 8 80
796500 21 68
796800 3 85
796800 8 83
797100 0 80
797100 3 85
797100 80 90
797400 13 78
797400 22 80
797400 80 90
797700 14 69
797700 22 80
797700 64 73
798000 19 55
798000 50 84
798300 3 8
798300 3 29
798300 19 55
798300 29 64
798300 29 31
798300 51 57
798600 3 70
798600 19 55
798600 19 73
798600 51 57
798900 3 70
798900 3 50
798900 4 56
798900 4 69
798900 4 73
798900 19 73
798900 24 56
798900 24 81
799200 4 56
799200 4 73
799200 24 56
799500 4 56
799500 51 54
799800 4 73
799800 4 56
800100 4 73
800400 4 56
800400 8 65
800700 57 81
801300 3 76
801900 2 41
801900 38 42
802200 4 80
802200 38 42
802500 36 80
802500 38 42
802800 38 42
802800 43 51
803100 38 42
803100 42 43
803700 33 82
807000 4 41
807000 75 87
807300 4 82
807300 23 75
807900 2 31
807900 9 71
807900 31 42
808200 36 40
808200 40 84
808500 21 42
808500 36 40
808500 42 46
809100 36 69
809400 21 91
809400 24 36
809400 40 44
810000 36 66
810600 37 73
811500 64 78
812400 1 82
813300 45 47
864900 46 56
868200 27 34
868200 28 50
868500 44 47
868500 49 71
868800 0 37
868800 14 73
868800 19 73
869100 9 59
869100 21 64
869100 35 87
869100 51 64
869100 84 87
869400 12 68
869400 21 64
869400 34 77
869400 46 73
869400 60 67
869700 2 75
869700 8 53
869700 12 68
869700 16 47
869700 34 77
869700 37 48
869700 39 55
869700 61 83
870000 8 53
870000 15 89
870000 37 48
870000 44 89
870000 47 89
870000 48 77
870000 63 87
870300 8 53
870300 37 48
870300 47 89
870600 1 16
870600 29 71
870900 3 41
870900 22 46
870900 23 41
871200 12 49
871200 22 46
871200 44 46
871500 0 54
871500 12 49
871800 4 49
871800 34 66
871800 65 66
871800 69 74
872100 7 42
872100 53 66
872100 58 74
872400 13 16
872400 21 86
872400 25 86
872400 46 53
872400 58 74
872700 2 36
872700 5 28
872700 34 86
873000 6 78
873000 18 89
873000 27 90
873000 28 29
873000 31 89
873000 34 86
873000 68 89
873300 42 68
873600 42 68
873600 42 70
873600 53 70
873600 59 70
873600 59 67
873600 59 90
873900 2 91
873900 55 68
874200 0 42
874200 18 50
874200 33 50
874200 33 88
874200 50 61
874200 56 91
874200 62 87
874200 67 77
874500 5 12
874500 26 35
874500 35 40
874500 50 61
874800 35 40
874800 36 45
874800 38 51
874800 40 53
874800 50 61
875100 10 91
875100 13 51
875100 61 72
876000 29 61
876300 26 90
877500 25 63
877800 19 51
878100 15 41
878400 41 50
879000 4 58
879300 60 80
879600 30 58
879600 37 43
879600 62 63
879900 19 40
879900 25 76
879900 34 42
880200 30 43
880200 34 42
880500 8 42
880500 25 76
880500 34 40
880500 42 76
880800 25 76
880800 34 40
880800 45 70
881100 16 34
881100 25 40
881100 25 45
881100 40 90
881100 45 70
881400 0 3
881400 0 70
881400 40 90
881400 45 70
881400 70 81
881400 70 76
881700 0 70
881700 8 90
881700 40 90
881700 74 90
882000 35 40
882000 40 56
882300 1 5
882300 5 7
882600 3 55
882600 3 62
882600 37 62
882600 57 69
882900 6 12
882900 12 32
883200 26 70
883200 35 46
883200 35 49
883200 42 46
883200 76 84
883500 3 58
883500 3 14
883500 14 85
883500 27 44
883500 76 84
883500 85 86
883800 12 36
883800 14 85
883800 21 77
883800 27 44
883800 32 48
883800 36 38
884100 6 48
884100 7 22
884400 22 30
884400 31 79
884400 31 35
884700 42 60
885000 7 82
885000 13 59
885000 31 78
885000 64 76
885300 10 36
885300 11 91
885300 28 91
885300 28 69
885300 28 45
885300 37 56
885300 45 69
885300 67 78
885600 0 16
885600 0 87
885600 0 14
885600 4 17
885600 11 91
885600 11 73
885600 14 16
885600 17 87
885900 0 16
885900 0 87
885900 0 17
885900 21 70
885900 21 76
885900 70 76
885900 70 89
886200 3 21
886200 17 76
886500 4 5
886500 20 76
886500 21 78
886800 16 21
886800 76 88
887100 2 40
887100 2 84
887100 16 21
887700 11 40
887700 70 80
888000 21 37
888300 7 16
888600 7 64
888600 12 66
888900 37 50
889200 28 66
889200 51 84
889200 70 87
889500 14 38
889500 55 87
889800 14 38
889800 28 86
890400 7 11
890700 10 80
891000 7 11
891000 22 42
891300 41 81
891900 41 50
892200 1 53
892200 53 74
892200 55 69
892500 1 53
892500 1 85
892800 1 82
892800 29 87
893100 18 61
893100 73 80
893400 1 82
893700 22 52
894000 2 72
894000 44 63
894000 48 65
894300 14 47
894300 44 63
894300 53 65
894300 53 89
894600 2 72
894600 39 65
894600 49 80
894900 2 63
894900 20 34
894900 22 60
894900 26 82
894900 54 73
895200 2 54
895200 39 59
895200 45 52
895200 54 73
895800 21 40
895800 39 59
895800 39 84
896100 11 84
896100 39 59
896100 59 71
896100 71 86
896400 27 43
896400 41 85
896400 56 71
896700 3 12
896700 4 69
896700 15 51
896700 34 81
896700 71 86
897000 4 69
897000 4 82
897000 34 81
897000 53 79
897300 53 79
897300 64 79
897600 53 79
898500 17 21
898500 17 47
899100 37 41
899700 12 54
899700 35 54
900000 35 54
900000 70 83
900300 35 54
951300 6 84
954600 17 83
954900 2 80
954900 2 83
954900 12 31
954900 21 55
955200 2 80
955200 21 55
955200 26 57
955200 26 75
955200 40 80
955500 40 80
955500 41 83
955500 41 42
955500 42 75
955800 19 31
955800 34 67
955800 41 42
956100 3 43
956100 20 69
956100 20 89
956100 44 62
956100 47 67
956400 3 43
956400 43 85
956400 44 51
956400 51 85
956700 23 52
956700 44 62
957000 28 59
957000 44 51
957000 50 52
957000 54 59
957300 0 50
957300 0 83
957300 23 52
957300 28 59
957300 45 82
957300 49 59
957300 53 83
957300 54 59
957300 59 65
957600 0 83
957600 0 50
957600 23 43
957600 53 83
957900 8 63
957900 8 27
957900 39 81
958200 8 63
958200 8 53
958200 39 81
958500 8 63
958500 8 53
958800 8 63
959100 8 53
959700 2 23
960300 9 63
960900 14 55
962100 8 80
962400 23 86
962400 27 64
962400 39 86
962700 11 61
962700 34 64
963000 23 86
963000 35 61
963600 6 77
963900 64 88
964200 2 77
964500 30 62
965100 2 85
965100 11 43
965100 49 57
965400 7 55
965400 25 68
965400 26 65
965700 2 65
965700 11 43
965700 22 30
966000 28 29
966000 55 86
966300 22 28
966300 28 29
966300 29 52
966600 4 61
966600 21 40
966600 28 52
966900 15 21
966900 21 40
966900 55 66
967200 28 64
967500 49 66
967800 11 36
967800 28 64
967800 28 66
967800 36 90
967800 48 59
967800 49 84
968100 3 64
968400 3 54
968700 8 30
968700 8 61
968700 30 56
969000 10 74
969000 30 56
969300 8 61
969600 30 56
969900 30 56
970200 0 30
970200 19 75
970500 0 47
970500 30 56
970500 60 89
970800 0 30
971100 60 89
971400 18 57
971700 58 74
972600 29 43
972900 25 29
973200 25 88
974100 47 75
975000 39 54
975300 18 54
975900 45 64
976200 2 52
977100 1 65
977100 5 21
977100 58 65
977400 1 65
977400 24 68
977700 48 57
978000 3 34
978000 16 62
978300 3 34
978300 12 71
978300 58 71
978600 12 71
978600 32 65
978900 12 71
978900 58 71
979500 61 78
979500 62 74
979800 61 62
979800 62 74
981900 14 39
981900 20 43
982800 0 80
983100 11 26
983400 23 65
1210200 28 91
1210500 16 87
1210500 24 87
1210800 40 83
1210800 47 91
1211100 12 69
1211100 51 88
1211400 16 46
1211400 16 76
1211700 19 63
1211700 48 58
1212000 11 63
1212000 48 58
1212300 11 63
1212300 33 58
1212300 33 77
1212600 11 56
1212600 33 77
1213200 1 56
1213200 32 72
1213500 32 72
1213500 54 72
1213800 3 15
1213800 46 86
1213800 73 86
1214100 10 71
1214100 46 86
1215000 46 64
1215300 45 64
1215600 25 57
1215600 57 68
1215900 25 57
1215900 33 41
1215900 41 55
1216200 33 41
1216200 46 65
1216500 20 56
1216800 56 72
1217100 1 72
1217400 1 85
1219200 5 63
1219200 15 73
1219500 73 75
1219800 15 73
1219800 48 63
1220100 48 83
1220100 53 56
1221000 18 52
1221000 18 69
1221600 23 54
1221600 29 72
1221900 4 35
1221900 7 48
1221900 82 84
1222200 7 48
1222200 23 50
1222500 26 89
1222500 48 89
1222800 23 50
1222800 23 34
1223100 18 39
1223100 31 39
1223400 18 39
1223400 29 48
1224000 32 79
1224300 26 57
1224600 8 52
1224600 10 52
1224600 52 84
1224900 8 52
1224900 8 62
1224900 47 86
1225200 8 52
1225200 8 62
1225200 10 31
1225200 31 33
1225500 8 62
1225500 10 31
1225500 18 58
1225500 42 80
1225500 58 80
1225500 69 80
1225800 42 80
1225800 47 69
1225800 69 80
1225800 69 78
1226100 31 47
1226100 44 78
1226100 69 78
1226100 69 90
1226400 10 13
1226400 15 44
1226400 15 82
1226400 17 54
1226400 17 75
1226400 17 87
1226400 31 47
1226400 35 72
1226400 44 75
1226400 54 72
1226700 3 46
1226700 10 54
1226700 10 44
1226700 17 87
1226700 44 87
1226700 44 46
1226700 54 87
1227000 3 46
1227000 10 55
1227000 10 46
1227000 27 87
1227000 44 87
1227000 44 46
1227000 55 76
1227300 3 46
1227300 10 55
1227300 24 35
1227300 35 55
1227300 44 87
1227300 44 55
1227600 38 57
1227600 48 54
1227900 1 18
1227900 3 46
1227900 3 75
1227900 46 75
1228200 3 75
1228200 18 54
1228200 25 87
1228200 46 75
1228200 72 87
1228500 3 75
1228500 9 75
1228500 9 68
1228500 72 87
1228800 9 68
1228800 9 75
1228800 13 74
1229100 13 74
1229100 44 74
1229100 44 71
1229100 49 58
1229100 57 68
1229100 58 74
1229400 4 49
1229400 9 44
1229400 9 91
1229400 44 74
1229400 44 71
1229400 49 58
1229400 90 91
1229700 4 49
1229700 4 23
1229700 4 38
1229700 32 77
1229700 42 88
1229700 44 74
1230000 4 49
1230000 9 48
1230000 9 77
1230000 17 38
1230000 38 48
1230000 44 74
1230000 68 91
1230000 80 91
1230300 4 49
1230300 9 77
1230300 9 48
1230300 23 38
1230300 49 72
1230300 72 78
1230300 80 89
1230600 4 66
1230600 9 48
1230600 14 58
1230600 14 26
1230600 22 58
1230600 22 84
1230600 28 40
1230600 38 48
1230600 49 72
1230900 4 66
1230900 9 48
1230900 14 84
1230900 19 72
1230900 19 66
1230900 49 72
1230900 68 84
1230900 78 84
1231200 4 66
1231200 9 83
1231200 19 72
1231200 24 80
1231200 49 72
1231200 83 87
1231200 83 84
1231200 84 87
1231500 14 73
1231500 19 72
1231500 49 72
1231500 72 88
1231500 83 84
1231500 83 87
1231800 49 72
1231800 84 87
1232100 11 27
1232400 84 87
1233000 23 78
1234200 43 69
1234500 0 20
1235400 44 68
1235400 51 70
1236000 15 53
1236000 17 44
1236300 10 25
1236600 10 25
1236600 31 73
1236600 52 83
1236600 52 87
1236900 0 87
1236900 10 25
1236900 33 87
1236900 76 87
1237200 10 25
1237500 3 52
1237500 21 52
1237500 21 64
1237500 66 71
1237800 28 73
1238100 7 51
1238400 25 62
1238700 1 52
1238700 45 65
1238700 62 78
1239000 6 73
1239000 45 65
1239300 1 52
1239600 56 81
1239900 29 52
1239900 44 75
1240200 42 65
1240200 44 75
1240200 54 72
1240500 0 68
1240500 44 75
1240500 54 72
1240800 44 75
1240800 52 54
1241100 69 86
1242300 15 49
1242300 40 51
1243200 48 86
1243800 9 87
1243800 37 87
1243800 45 87
1245300 10 39
1245600 22 39
1245600 22 25
1245600 23 39
1245900 23 39
1296600 1 80
1296900 29 71
1297200 80 85
1297800 18 85
1298400 34 85
1299000 8 34
1300200 42 69
1300200 58 88
1300500 34 45
1300500 48 83
1300500 58 68
1300800 25 67
1300800 60 83
1301100 25 67
1301400 1 76
1301400 56 62
1301700 31 83
1301700 52 79
1302000 1 76
1302000 17 61
1302000 20 66
1302300 3 91
1302300 10 82
1302600 8 71
1302600 10 82
1302600 37 89
1302600 83 85
1302900 15 72
1302900 62 82
1303200 15 72
1303200 48 87
1303500 4 62
1303500 8 44
1303500 9 44
1303500 11 33
1303800 4 62
1303800 11 86
1303800 50 75
1303800 73 78
1304100 4 62
1304100 9 30
1304100 26 66
1304100 30 90
1304100 30 82
1304100 73 78
1304100 76 90
1304400 9 30
1304400 30 90
1304400 37 71
1304400 47 62
1304700 9 30
1304700 26 85
1304700 26 71
1304700 26 84
1304700 66 71
1305000 44 57
1305000 84 88
1305300 14 35
1305300 15 20
1305300 35 72
1305300 46 66
1305300 66 71
1305600 20 44
1305600 35 72
1305600 44 57
1305600 46 66
1305600 51 71
1305600 55 84
1305600 57 71
1305900 13 46
1305900 20 44
1305900 37 87
1305900 39 40
1305900 55 74
1305900 57 71
1306200 20 44
1306200 28 35
1306200 35 55
1306200 57 71
1306500 4 23
1306500 5 87
1306500 5 55
1306500 28 35
1306500 37 68
1306800 2 13
1306800 4 23
1306800 28 35
1306800 61 84
1307100 4 23
1307100 6 37
1307100 12 43
1307100 12 37
1307100 13 44
1307400 6 37
1307400 12 37
1307400 30 68
1307700 21 73
1307700 30 68
1308300 50 74
1308600 13 70
1308900 15 77
1308900 48 74
1309200 15 77
1309500 26 32
1309800 15 26
1309800 61 70
1310100 0 33
1310100 15 26
1310400 50 61
1310700 15 85
1311900 27 63
1312200 12 81
1314600 4 46
1314600 18 22
1314600 51 55
1314900 4 46
1314900 6 74
1314900 8 52
1314900 19 77
1314900 24 29
1315200 24 29
1315200 46 51
1315200 51 80
1315500 29 41
1315500 50 51
1315800 2 50
1315800 16 91
1315800 21 26
1315800 73 74
1316100 21 82
1316100 50 52
1316100 56 74
1316100 59 84
1316400 2 50
1316400 59 84
1316700 13 20
1316700 22 91
1316700 50 84
1317000 20 24
1317000 70 85
1317300 20 24
1317300 24 47
1317300 46 72
1317600 0 55
1317600 32 47
1317600 43 84
1317900 32 47
1317900 85 88
1318200 20 59
1318500 20 47
1318800 49 59
1318800 51 59
1318800 73 91
1319100 31 54
1319100 42 46
1319100 51 59
1319100 54 91
1319400 73 91
1319700 31 54
1319700 46 75
1320000 2 57
1320000 57 73
1320300 57 73
1320300 70 89
1320600 9 71
1320600 44 52
1320600 52 57
1320900 44 52
1320900 50 91
1321200 5 90
1321200 14 91
1321200 37 52
1321200 90 91
1321500 40 75
1321500 42 50
1321500 46 50
1321500 47 86
1321500 52 75
1321800 7 17
1321800 31 82
1321800 37 86
1321800 42 50
1322100 22 69
1322100 42 50
1322700 19 47
1322700 73 83
1323000 39 78
1323600 8 40
1323600 29 41
1324200 1 65
1324200 7 76
1324200 17 33
1324500 7 76
1324500 16 54
1324800 0 9
1325100 10 48
1325700 39 65
1326000 49 77
1326900 12 82
1327200 10 69
1327200 10 49
1327200 12 69
1327500 0 69
1327800 40 57
1328400 68 70
1328700 12 31
1329000 34 52
1329300 8 66
1329600 35 54
1329900 0 28
1330200 0 28
1330200 66 85
1330500 0 28
1330800 7 28
1331100 12 34
1331400 11 26
1331400 12 34
1331400 51 63
1331700 51 63
1332000 0 83
1332000 35 45
1332000 51 63
1332300 51 63
1335600 60 80
1384200 44 69
1385400 37 69
1386600 16 84
1386600 54 84
1386900 5 57
1386900 11 46
1386900 11 57
1386900 14 46
1386900 54 76
1386900 68 91
1387200 5 57
1387200 15 42
1387200 44 66
1387200 44 49
1387200 49 59
1387200 76 82
1387500 5 57
1387500 6 77
1387500 44 49
1387500 50 68
1387500 55 62
1387500 62 79
1387800 3 25
1387800 6 79
1387800 38 83
1387800 55 83
1387800 79 86
1388100 6 79
1388100 11 77
1388100 33 40
1388100 38 80
1388100 55 83
1388400 6 79
1388400 79 86
1388700 18 30
1388700 30 88
1388700 38 86
1388700 38 88
1388700 55 75
1389000 9 44
1389000 18 30
1389000 30 88
1389000 44 66
1389300 18 30
1389300 74 85
1389600 3 77
1389600 8 76
1389900 5 62
1389900 7 62
1390200 7 29
1390500 64 66
1390800 21 64
1390800 24 61
1390800 41 89
1391100 24 61
1391100 26 60
1391100 62 66
1391400 30 47
1391700 4 90
1391700 18 90
1391700 18 21
1392000 2 41
1392000 2 51
1392000 16 75
1392300 2 41
1392300 46 60
1392600 4 11
1392600 4 54
1392600 21 75
1392900 6 83
1392900 13 22
1393200 3 83
1393200 13 22
1393200 17 83
1393500 13 22
1393500 18 74
1393500 18 49
1393500 24 51
1393500 34 68
1393800 24 51
1394100 18 74
1394100 18 49
1394100 22 49
1394700 8 70
1395000 47 84
1395600 18 33
1396200 33 48
1397100 39 40
1398000 12 79
1398000 58 79
1398300 9 56
1398300 13 18
1398300 44 47
1398600 13 44
1398600 44 47
1398900 28 80
1399200 60 64
1399200 64 80
1399500 20 56
1399500 20 29
1399800 15 49
1399800 20 29
1400100 15 60
1400100 56 60
1400400 53 60
1400400 56 60
1401000 17 74
1401000 21 74
1401000 55 74
1401300 13 33
1401300 17 74
1401300 29 37
1401300 70 84
1401600 7 55
1401600 13 33
1401600 17 74
1401600 33 55
1401900 10 13
1401900 10 25
1401900 13 33
1401900 25 45
1401900 45 61
1401900 45 74
1402200 6 29
1402200 10 25
1402200 25 45
1402500 25 79
1402500 62 79
1402800 2 85
1402800 11 25
1402800 11 85
1402800 16 26
1402800 25 79
1402800 62 79
1403100 2 11
1403100 11 83
1403100 13 24
1403100 25 79
1403100 62 79
1403400 13 24
1403400 25 79
1403400 61 70
1403700 13 24
1403700 34 67
1404000 5 6
1404000 6 24
1404300 6 24
1404300 13 49
1404300 17 29
1404300 29 49
1404300 29 86
1404900 29 49
1404900 61 84
1405800 72 83
1406100 39 44
1406400 31 34
1406700 15 22
1408200 5 55
1409400 0 72
1411800 16 77
1411800 65 83
1412100 52 83
1412400 58 70
1412700 42 76
1413000 62 67
1413600 21 89
1413900 21 89
1414200 47 59
1414500 59 73
1415700 71 72
1416000 15 57
1416600 14 20
1416900 22 44
1418100 24 69
1418400 52 72
1419000 84 87
1422300 9 15
1470900 44 62
1471800 14 24
1472100 0 19
1472400 0 19
1473000 9 89
1473000 29 81
1473000 44 89
1473000 84 89
1473000 84 86
1473300 9 89
1473300 32 46
1473300 44 89
1473300 48 73
1473600 5 10
1473600 30 56
1473900 11 29
1473900 18 79
1474200 34 62
1474500 5 66
1474800 8 41
1474800 41 69
1474800 49 51
1474800 49 69
1474800 67 86
1475100 4 51
1475400 16 42
1475400 49 50
1475400 51 66
1475400 51 89
1475400 66 73
1475700 3 19
1475700 16 42
1475700 20 49
1475700 66 73
1476000 20 49
1476000 27 49
1476000 27 72
1476000 45 49
1476000 48 88
1476300 20 84
1476300 50 83
1476600 27 52
1476600 33 57
1476900 10 70
1476900 64 70
1477200 9 71
1477200 10 70
1477200 41 71
1477500 1 70
1477500 9 71
1477500 16 30
1477800 9 77
1477800 55 84
1477800 68 73
1478100 7 9
1478100 9 77
1478100 9 52
1478100 9 19
1478100 16 30
1478100 19 74
1478100 39 74
1478100 51 60
1478100 55 84
1478400 7 86
1478700 1 74
1478700 7 86
1478700 7 64
1478700 7 19
1478700 16 43
1478700 20 62
1479000 1 7
1479000 25 61
1479000 41 47
1479000 45 61
1479000 46 60
1479000 61 74
1479300 1 74
1479300 1 15
1479300 1 76
1479300 15 46
1479300 15 60
1479300 61 74
1479600 0 46
1479600 1 74
1479600 33 46
1479600 38 46
1479600 46 66
1479900 27 65
1479900 65 74
1480200 57 77
1480200 65 74
1480500 7 49
1481100 69 88
1481400 33 89
1481400 59 84
1484400 11 51
1484400 32 51
1484400 36 78
1484400 63 78
1484700 11 51
1484700 32 51
1484700 36 85
1484700 63 88
1485000 0 11
1485000 11 32
1485000 36 85
1485000 52 85
1485300 0 14
1485300 22 36
1485300 36 85
1485300 36 63
1485600 1 30
1485600 14 30
1485600 36 63
1485900 14 30
1485900 66 91
1485900 78 91
1486200 14 30
1486200 14 36
1486500 17 28
1486500 28 30
1486500 58 85
1486800 17 76
1486800 50 85
1486800 50 90
1486800 58 85
1487100 25 58
1487100 50 90
1487100 58 90
1487400 7 55
1487400 7 30
1487400 21 54
1487400 26 30
1487400 26 87
1487700 2 30
1487700 7 55
1487700 7 30
1487700 8 36
1487700 8 55
1487700 53 79
1487700 73 79
1488000 1 24
1488000 4 74
1488000 4 33
1488000 4 85
1488000 17 29
1488000 32 79
1488000 33 85
1488000 73 79
1488300 33 90
1488300 74 90
1488600 34 51
1488600 43 69
1488600 50 51
1488600 51 71
1488900 2 15
1488900 7 10
1488900 34 51
1488900 51 90
1489200 6 10
1489200 7 10
1489200 17 28
1489200 17 57
1489200 48 65
1489200 48 80
1489200 57 87
1489200 57 61
1489500 17 57
1489500 34 51
1489500 38 68
1489500 45 49
1489500 48 65
1489500 49 57
1489500 51 90
1489800 15 46
1489800 34 55
1489800 43 78
1489800 43 46
1489800 46 68
1489800 55 64
1489800 64 79
1490100 2 10
1490100 5 78
1490100 10 19
1490100 10 25
1490100 25 64
1490100 43 46
1490100 54 66
1490100 64 79
1490400 2 10
1490400 6 60
1490400 10 19
1490400 10 39
1490400 11 60
1490400 13 60
1490400 60 61
1490700 10 19
1490700 10 25
1490700 10 22
1490700 13 22
1490700 22 56
1490700 22 75
1490700 43 46
1490700 75 81
1491000 10 19
1491000 19 90
1491000 75 80
1491300 28 71
1491300 58 60
1491300 75 90
1491600 1 13
1491600 6 81
1491600 28 71
1491600 59 69
1491900 36 44
1491900 59 69
1492200 7 26
1492500 6 16
1492500 26 56
1492500 32 69
1492500 59 69
1492800 65 70
1492800 73 87
1493100 2 55
1493100 65 70
1493400 2 70
1493400 4 17
1493400 4 88
1493400 21 78
1493700 2 84
1493700 65 70
1494000 2 77
1494000 64 88
1494300 4 74
1494600 13 43
1494900 8 24
1495500 27 51
1495800 16 37
1495800 41 86
1496100 16 37
1496100 17 82
1496400 1 28
1496700 0 49
1496700 17 82
1496700 20 71
1497000 17 82
1497000 34 53
1497300 0 49
1497600 17 82
1497600 75 76
1497900 12 50
1497900 17 82
1498200 2 77
1498200 5 14
1498200 16 56
1498200 17 82
1498200 52 68
1498500 10 84
1498500 22 43
1498500 52 68
1498500 68 72
1498800 0 43
1498800 13 52
1498800 22 43
1498800 26 46
1498800 39 86
1498800 52 68
1499100 13 68
1499100 30 59
1499100 52 68
1499100 70 91
1499400 23 86
1499400 43 65
1499700 1 51
1499700 13 68
1499700 33 59
1499700 47 52
1499700 70 91
1500000 1 46
1500000 13 68
1500000 16 72
1500000 32 71
1500000 40 66
1500000 40 47
1500300 13 68
1500300 14 91
1500300 14 89
1500300 18 68
1500600 13 68
1500600 17 40
1500900 17 40
1500900 46 86
1501200 17 40
1501200 24 60
1501200 33 51
1501200 45 50
1501500 5 23
1501500 7 40
1501500 24 60
1501800 7 65
1501800 24 60
1502400 82 84
1502700 11 74
1503000 16 20
1503300 3 20
1503300 26 38
1503300 26 49
1503300 56 63
1503600 26 49
1503900 12 72
1504200 19 90
1504500 16 71
1504800 47 62
1505100 15 67
1505100 47 73
1505400 15 67
1507800 10 65
1559400 25 87
1559400 52 87
1559700 3 70
1559700 25 87
1560600 31 73
1560900 30 57
1560900 57 80
1561200 11 30
1561200 29 74
1561200 30 57
1561200 74 85
1561500 2 33
1561500 15 17
1561500 30 57
1561500 42 75
1561800 15 17
1561800 33 49
1561800 37 50
1562100 22 49
1562100 37 50
1562400 21 48
1562400 22 48
1562400 37 50
1562700 22 49
1562700 27 74
1562700 27 70
1562700 46 74
1563300 30 35
1563300 35 47
1563600 30 35
1563900 30 62
1563900 35 47
1563900 62 79
1564200 35 47
1564500 34 60
1564500 40 84
1564800 33 57
1564800 34 60
1565100 33 57
1565400 33 57
1565700 57 62
1565700 62 74
1566000 57 62
1566300 57 62
1566300 62 80
1566600 37 52
1566900 4 76
1566900 57 62
1567200 17 76
1568100 6 7
1568400 6 29
1568400 18 58
1568700 6 29
1569000 29 58
1569600 22 69
1570200 0 44
1570200 35 90
1570200 71 91
1570500 0 32
1570500 44 85
1570500 85 91
1570800 0 32
1570800 85 86
1571100 17 46
1571400 2 19
1571400 2 9
1571400 32 78
1571700 9 54
1571700 46 68
1571700 54 78
1571700 58 78
1572000 1 8
1572000 8 37
1572000 25 70
1572000 58 78
1572300 1 8
1572300 1 78
1572300 54 78
1572600 1 8
1572600 1 5
1572600 5 60
1572600 12 78
1572600 49 84
1572600 58 78
1572600 60 79
1572900 2 35
1572900 23 58
1572900 57 63
1572900 65 77
1573200 2 65
1573200 23 42
1573200 30 42
1573200 65 77
1573200 65 79
1573500 10 15
1573500 10 16
1573500 18 76
1573500 23 42
1573500 30 79
1573500 65 79
1573500 75 88
1573500 76 88
1573800 10 16
1573800 30 79
1574100 9 40
1574100 23 42
1574100 76 88
1574400 76 88
1574700 23 42
1578600 0 59
1578900 67 74
1580700 31 67
1581300 3 68
1583100 84 87
1584000 53 91
1585200 47 90
1585800 11 66
1585800 14 66
1586400 26 55
1586700 36 55
1587000 35 53
1587300 24 62
1587600 0 32
1587900 21 44
1591800 15 60
