0 51 54
0 63 89
300 8 19
900 1 15
900 6 15
1200 22 68
1500 16 64
1500 16 70
1800 29 85
2100 2 58
2100 50 58
2400 17 69
2400 50 58
2400 54 74
2400 59 69
2400 59 74
2400 69 74
2400 69 72
2700 58 69
2700 63 84
3000 5 54
3300 60 66
3600 34 39
3600 78 84
3900 15 69
4200 17 58
4500 17 55
4800 12 17
5100 17 55
5100 17 75
5100 17 52
5100 28 73
5400 13 76
5400 17 55
5700 6 29
5700 6 59
6000 6 29
6300 15 68
6300 40 68
6300 40 63
6600 19 64
6600 40 68
6600 40 63
6600 69 72
6900 5 15
6900 15 51
6900 15 19
6900 69 72
7200 5 15
7200 10 63
7200 11 86
7500 7 56
7500 7 61
7500 7 52
7500 56 86
8100 0 35
8400 0 35
8700 44 87
9000 1 7
9300 68 74
9600 29 58
10200 3 70
10800 60 63
11700 5 19
11700 5 69
12300 5 19
12300 19 25
12600 2 90
12600 59 62
12600 62 63
12900 3 6
12900 5 19
12900 6 51
12900 19 25
12900 23 51
13200 2 90
13200 61 63
13200 62 63
13500 2 90
13500 10 85
13500 36 85
13800 62 63
14100 28 90
14100 36 85
14400 14 68
14400 36 85
14400 48 49
14700 67 77
15000 5 48
15000 18 51
15000 21 43
15000 21 49
15000 67 77
15300 5 48
15300 5 21
15300 8 21
15300 8 28
15300 21 49
15300 21 28
15600 21 43
15600 29 54
15900 5 48
15900 10 17
15900 16 88
15900 17 88
15900 49 64
15900 64 76
16200 16 88
16200 16 30
16200 35 57
16200 35 54
16200 49 64
16500 10 30
16500 16 28
16500 28 83
16500 35 54
16500 35 57
16800 10 30
16800 12 76
16800 12 71
16800 15 27
16800 28 83
16800 28 89
16800 54 58
17100 10 30
17100 10 12
17100 27 77
17100 30 74
17400 8 30
17400 14 53
17400 14 26
17400 16 78
17400 16 74
17400 26 43
17400 30 74
17400 30 43
17400 54 77
17700 5 58
17700 8 30
17700 26 58
17700 27 33
17700 43 73
17700 58 83
17700 71 73
18000 15 52
18000 16 78
18000 26 58
18000 34 42
18000 42 84
18000 54 77
18300 15 52
18300 52 89
18300 54 77
18300 55 71
18300 55 84
18600 13 43
18600 55 71
18600 55 84
18900 55 84
18900 65 68
19200 35 65
19200 49 71
19200 65 68
19500 16 70
19500 16 55
19500 16 84
19500 35 65
19500 38 71
19500 63 70
19800 16 84
19800 33 84
19800 40 55
19800 40 57
19800 63 70
20100 3 17
20100 63 70
20100 63 65
20100 69 71
20400 16 67
20400 25 70
20400 63 65
20400 67 78
20700 23 25
20700 63 65
21000 3 23
21000 16 54
21000 23 54
21000 54 68
21000 70 86
21300 8 23
21300 16 54
21300 54 68
21300 68 90
21600 8 23
21600 22 54
21600 54 68
21600 54 90
21600 57 86
21900 6 18
21900 6 57
21900 8 11
21900 18 54
21900 18 82
21900 57 86
21900 68 78
22200 6 57
22200 6 18
22200 18 82
22500 6 57
22500 18 54
22500 68 78
22800 6 57
22800 20 76
22800 66 73
22800 68 78
23100 6 57
23100 22 45
23400 7 33
23400 66 73
23700 6 57
23700 75 77
24300 6 57
25800 20 80
26100 1 24
26100 59 80
26100 60 80
26400 1 24
26400 3 39
26400 11 24
26400 18 24
26700 1 91
26700 18 24
27000 3 17
27000 11 24
27000 25 55
27000 42 88
27300 3 17
27300 25 55
27600 3 17
27600 36 87
27900 17 19
27900 36 87
27900 54 89
27900 77 87
28200 36 87
28200 40 63
28200 77 87
28500 27 81
28500 40 63
28500 48 63
28800 6 29
28800 27 81
29100 7 71
29100 27 81
29400 7 71
29400 27 41
29700 7 71
30000 9 36
30300 70 72
30300 72 86
30600 72 86
31200 21 26
31200 85 89
31500 28 34
31800 18 29
31800 85 89
32100 85 89
32400 5 21
32400 76 83
32700 6 18
32700 28 87
33000 19 46
33000 19 23
33900 26 29
33900 29 84
33900 60 63
34200 10 81
34200 29 84
34200 29 81
34200 81 91
34500 81 91
34800 46 74
35100 60 84
35400 22 44
36000 34 39
88800 63 79
89400 26 79
89400 31 75
89700 16 69
90000 14 26
90300 69 77
90600 37 52
90600 73 86
91200 28 37
91500 4 83
91500 27 81
91800 27 81
91800 28 88
91800 58 70
92100 51 90
92400 11 50
92400 39 86
92700 12 67
92700 29 33
93000 20 24
93000 67 89
93300 7 87
93300 12 67
93300 26 33
93600 26 33
93600 33 40
94500 3 89
94500 6 71
94800 6 87
94800 20 44
95100 3 27
95400 6 87
95400 10 68
95400 20 87
95400 68 89
95700 6 87
95700 13 26
95700 68 89
96000 3 10
96000 10 65
96000 10 35
96000 13 26
96000 51 52
96300 8 67
96300 10 35
96300 12 66
96300 26 83
96600 3 51
96600 10 35
96600 18 52
96600 26 83
96900 3 51
96900 6 59
96900 6 8
96900 18 52
96900 26 66
97200 3 51
97200 18 52
97200 28 83
97500 10 52
97500 18 52
97500 28 61
97800 10 52
98100 18 36
98400 13 38
98400 16 48
98400 29 79
98400 51 84
98700 5 91
99000 29 62
99300 5 20
99300 32 90
99900 5 20
100200 43 86
100800 43 81
101700 19 31
101700 21 33
102000 37 83
102000 56 70
103500 43 65
103800 19 91
103800 66 91
104100 4 13
104100 29 87
104700 0 47
105000 20 47
105000 47 79
105300 20 47
105300 20 76
105600 20 47
105600 25 66
105900 0 39
105900 39 82
106200 4 28
106200 9 71
106500 30 31
106500 40 86
106500 57 91
106800 37 50
106800 40 45
106800 50 73
107100 37 50
107400 5 36
107400 37 49
107700 4 73
107700 19 36
107700 73 78
108000 28 46
108000 46 64
108300 15 19
108300 46 64
108600 15 61
108900 2 88
108900 6 19
108900 21 50
108900 40 50
109200 2 88
109500 11 40
109500 21 50
109500 21 47
109800 2 91
109800 21 50
110100 21 74
110100 29 48
110100 48 62
110100 66 74
110400 21 54
110400 29 48
110400 54 65
110700 21 74
110700 48 62
110700 62 87
110700 66 74
111000 6 80
111000 21 74
111000 62 87
111000 65 80
111300 6 80
111300 6 91
111300 48 74
111300 57 91
111300 62 82
111600 1 80
111600 3 5
111600 47 74
111900 9 50
111900 10 47
112200 6 42
112500 14 80
112800 6 26
113400 31 36
113700 10 11
113700 32 68
114300 5 10
114300 8 54
114300 25 33
114600 8 54
114600 55 81
114900 20 33
115200 23 33
115800 10 57
116100 54 73
116400 52 69
116700 21 88
116700 21 38
116700 57 65
117300 12 47
117900 1 82
117900 26 82
118200 65 82
118500 78 84
119100 8 65
119400 60 83
119700 65 86
119700 70 87
120000 35 38
120900 30 84
121500 34 36
121500 38 45
122100 43 76
122400 10 13
122700 43 76
122700 66 79
122700 66 78
125700 56 76
174000 38 48
176100 14 48
176700 5 50
177000 21 71
177000 29 75
177000 58 75
177300 3 76
177600 3 21
177600 3 60
177600 21 55
177900 3 21
177900 30 33
178200 5 76
178200 5 8
178500 5 76
178500 69 79
178800 1 19
178800 16 80
178800 27 69
178800 51 74
178800 79 80
179100 12 81
179100 16 80
179100 20 90
179100 57 90
179100 57 62
179100 79 86
179400 12 81
179400 20 90
179400 53 62
179400 79 86
179700 2 18
179700 12 81
179700 27 61
179700 61 62
180000 10 22
180000 27 61
180300 10 22
180300 31 34
180300 34 77
180300 34 44
180300 42 78
180300 77 78
180600 10 22
180600 19 62
180600 23 31
180900 23 62
181200 17 38
181200 53 70
181200 70 83
181800 8 17
181800 22 79
182100 14 60
182100 54 64
182400 3 8
182400 3 44
182700 29 69
182700 56 85
183000 51 72
183300 17 50
183300 26 33
183300 31 72
183600 9 31
183600 17 50
183600 17 31
183900 17 31
183900 17 36
184200 45 53
184500 54 65
185400 8 48
186300 5 47
186300 16 85
187200 2 23
187500 4 57
187500 55 90
187800 4 57
188100 55 80
188400 74 81
188400 80 86
188700 18 81
188700 52 58
189000 41 72
189000 41 60
189000 52 58
189300 13 60
189300 19 72
189300 41 72
189300 60 91
189600 19 86
189600 71 87
189600 87 91
189900 71 87
190500 32 78
190500 73 82
190800 10 80
191100 43 61
191100 47 88
191400 7 34
191700 5 61
191700 5 42
191700 5 22
191700 7 34
191700 22 79
191700 27 42
192000 2 42
192000 5 61
192000 5 42
192000 7 32
192000 15 87
192000 21 87
192300 2 42
192300 17 32
192300 21 87
192300 26 87
192600 5 61
192600 26 55
192600 43 55
192900 19 28
192900 19 59
193200 35 69
193500 0 11
193500 0 4
193500 50 61
193500 58 69
193500 75 85
193800 36 53
193800 53 76
193800 66 79
194100 6 47
194100 41 53
194100 66 79
194400 3 55
194400 6 47
194400 43 80
194400 55 80
194400 68 80
194400 70 80
194700 43 80
194700 43 68
194700 47 52
194700 68 80
195000 29 48
195000 43 80
195000 68 80
195300 43 68
195600 0 56
195600 43 80
195900 24 35
196200 13 79
196200 78 91
196500 11 28
196800 28 52
196800 28 29
197100 28 29
197400 1 87
197400 28 29
197400 29 38
197700 28 29
197700 28 60
198000 28 29
198300 28 60
198300 61 70
198600 54 61
198600 61 70
199200 54 61
199500 61 84
200400 11 71
201900 65 80
202200 73 76
202500 43 51
202800 13 89
202800 49 90
203100 44 89
203400 54 91
203400 70 90
203700 18 83
203700 70 90
204000 38 48
204300 29 52
204300 45 82
204600 1 69
204600 1 53
204600 7 88
204900 1 74
204900 2 24
204900 20 35
204900 20 23
204900 82 89
205200 20 23
205200 23 82
205200 53 64
205500 1 74
205500 20 23
205500 54 74
205800 54 74
206100 49 89
206700 4 59
207600 51 71
211800 61 81
263400 3 87
263400 43 53
263400 57 74
263700 20 79
263700 57 74
263700 57 66
264000 20 79
264000 35 39
264000 48 56
264300 5 62
264300 60 71
264600 2 74
264600 2 21
264600 23 38
264600 38 54
264900 12 14
264900 23 38
264900 49 63
264900 74 83
265200 22 63
265200 31 66
265200 49 63
265500 44 59
265800 3 78
265800 17 30
265800 19 73
266100 49 81
266100 60 63
266400 81 83
266700 16 81
266700 36 81
267000 11 12
267000 40 81
267000 47 55
267300 6 29
267300 29 42
267600 40 81
267600 41 42
267900 9 51
267900 15 22
267900 22 71
267900 22 79
267900 22 51
267900 46 60
267900 48 83
268200 40 81
268200 42 79
268200 46 60
268500 46 60
269100 62 90
269400 12 38
269400 12 18
269400 38 81
269400 59 63
269700 15 63
269700 47 51
270000 0 12
270000 1 30
270000 15 63
270300 43 62
270300 49 62
270300 49 81
270300 62 65
270900 41 90
271200 26 85
271200 81 90
272400 3 17
272700 10 33
272700 23 63
273000 16 55
273000 23 63
273300 23 63
273600 9 25
274500 16 53
275100 29 63
275400 55 74
275700 74 90
276000 67 69
276300 6 19
276300 19 69
276600 71 84
276900 6 71
276900 81 84
277500 9 81
277500 9 33
277500 33 38
277800 7 48
277800 24 36
277800 38 67
277800 48 67
277800 63 67
278100 12 59
278100 14 90
278100 25 90
278100 48 67
278100 63 67
278100 67 90
278100 73 90
278400 12 82
278400 21 62
278400 24 36
278400 25 90
278400 52 62
278400 52 82
278700 2 82
278700 11 20
278700 20 83
278700 41 56
278700 50 56
278700 52 82
279300 3 16
279300 6 44
279300 16 17
279300 16 44
279300 17 78
279300 44 78
279600 1 32
279600 23 58
279600 29 43
279900 7 18
279900 25 49
279900 49 73
280200 53 74
280200 53 61
280500 1 79
280500 21 50
280500 21 61
280500 58 74
280800 4 12
280800 12 37
280800 31 37
280800 37 77
280800 37 56
280800 56 71
281100 2 68
281100 12 37
281100 37 77
281100 43 44
281100 43 59
281100 43 68
281100 46 68
281100 59 68
281100 68 85
281400 37 77
281700 37 77
281700 40 57
281700 56 77
282000 22 64
282000 71 72
282300 13 39
282300 22 64
282600 18 78
282900 5 68
282900 35 75
282900 75 84
283200 5 18
283800 22 74
284100 0 33
284400 18 42
284400 33 68
284700 14 56
284700 18 79
285000 15 67
285000 42 55
285300 14 56
285300 15 67
285600 14 56
285900 36 79
286200 21 90
286500 62 70
286800 47 85
286800 62 70
287100 47 85
287100 52 89
287400 3 37
287400 52 89
287700 52 89
288300 49 87
288600 33 90
288900 35 59
289200 6 67
289200 54 69
289500 4 55
289500 37 83
289500 50 84
289800 4 27
289800 4 68
289800 16 23
289800 50 84
290100 11 26
290100 48 84
290100 50 84
290400 5 48
290400 46 83
290400 48 84
290400 52 81
290700 5 48
290700 13 73
290700 30 87
290700 38 73
290700 46 83
291000 5 48
291000 38 76
291000 39 77
291000 66 73
291300 5 48
291300 12 49
291300 17 77
291300 23 39
291600 43 82
291600 48 54
291600 69 87
291900 2 13
291900 17 82
291900 32 40
291900 38 61
292200 32 40
292200 40 64
292200 64 85
292500 40 64
292500 62 84
293700 35 61
293700 55 81
294000 16 61
294300 22 28
294600 4 28
294900 46 88
295200 12 62
349800 87 91
350700 21 73
350700 40 45
350700 45 52
350700 68 69
351000 1 45
351000 21 73
351000 45 52
351000 45 66
351000 45 46
351300 1 45
351300 43 74
351600 38 41
351900 0 69
351900 0 83
352200 8 27
352200 41 52
352500 8 27
352500 49 79
352800 18 70
352800 25 44
353100 12 43
353100 12 81
353100 18 70
353100 23 76
353100 70 81
353400 12 43
353400 12 89
353400 48 91
353700 12 89
354000 12 89
354000 15 18
354300 12 89
354300 12 42
354300 42 52
354600 1 42
354600 12 42
354600 42 52
354900 7 22
354900 12 89
354900 21 62
354900 21 22
355200 1 42
355500 33 78
355800 33 78
356400 3 17
357000 8 60
358200 29 46
358500 24 46
358800 21 45
359400 13 29
359400 24 74
359700 10 23
359700 13 29
359700 22 53
359700 24 69
360000 10 28
360000 13 29
360300 10 28
360300 31 51
360600 10 59
360600 10 40
360600 10 60
360600 13 40
360600 31 51
360900 10 59
360900 10 40
360900 40 59
360900 40 67
361200 8 60
361200 10 59
361200 10 26
361200 26 87
361200 26 59
361200 40 59
361500 26 59
361500 36 60
361800 36 56
361800 53 56
362100 10 53
362100 36 56
362100 53 54
362400 30 53
362400 83 85
362700 21 83
362700 53 54
363000 34 54
363300 24 48
363300 24 83
363600 4 20
363600 24 83
363900 9 28
363900 28 86
363900 68 86
363900 86 89
364200 24 83
364200 28 86
364500 24 83
364800 78 89
365100 19 78
365700 52 75
366000 19 75
366300 18 19
366600 10 45
366900 18 19
367200 8 76
367500 24 44
367500 54 86
367800 24 44
368100 75 80
368400 66 79
368700 5 48
368700 65 80
369300 34 61
369900 35 39
369900 51 68
370500 51 68
371400 6 65
371700 52 53
372000 16 60
372000 16 35
372000 32 50
372300 25 77
372300 25 48
372300 52 53
372600 32 50
373200 15 61
373800 4 87
373800 38 49
373800 38 68
374100 5 75
374100 10 29
374400 4 87
374400 18 46
374400 18 72
374700 12 31
374700 18 46
374700 46 88
375000 17 30
375300 31 36
376800 4 41
377100 66 80
378300 4 43
378900 43 67
380100 24 41
605400 22 88
605400 67 88
605700 22 28
605700 28 40
605700 34 40
605700 40 76
606000 4 26
606000 8 53
606000 49 59
606300 6 8
606300 8 53
606300 8 45
606300 26 53
606300 51 69
606600 12 86
606600 63 71
606900 12 86
606900 55 63
607200 0 55
607500 0 30
607500 0 59
607800 51 88
608100 18 45
608400 26 77
608400 26 86
608700 18 77
608700 26 86
608700 70 75
609000 30 64
609000 39 64
609300 30 64
609300 30 39
609600 20 52
609600 42 60
609600 52 59
609900 17 87
609900 45 70
609900 52 59
610200 11 51
610200 11 23
610200 34 60
610200 52 59
610500 6 70
610500 11 23
610500 17 87
610500 24 70
610500 70 87
610800 11 23
610800 17 90
611100 15 81
611700 17 74
611700 44 74
612000 10 81
612000 25 84
612000 44 74
612000 59 81
612300 10 63
612300 44 74
612300 62 84
612600 44 74
612900 31 45
613200 12 27
613200 44 74
613500 44 74
613500 62 77
614400 27 36
614400 43 91
616500 5 26
616500 5 21
616500 20 56
616800 5 21
617100 14 69
617400 2 31
617700 36 49
617700 78 79
618000 36 49
618300 46 89
618600 12 49
618600 36 49
618600 79 80
618900 28 31
618900 74 77
619200 25 79
619200 28 31
619200 36 49
619500 3 74
619500 25 79
619800 1 67
619800 1 6
619800 6 61
619800 6 16
619800 36 49
619800 51 61
619800 61 72
619800 72 82
620100 1 67
620100 1 10
620100 4 67
620100 6 16
620100 10 89
620100 37 89
620100 37 67
620100 51 61
620100 67 89
620400 1 10
620400 4 67
620400 10 67
620400 37 89
620400 37 67
620400 37 46
620400 37 75
620700 0 2
620700 29 75
620700 37 75
620700 37 89
620700 37 59
620700 59 75
621000 0 2
621000 37 75
621000 59 75
621000 75 89
621300 5 15
621300 9 32
621300 9 79
621300 37 75
621300 59 75
621600 0 2
621600 9 32
621600 36 76
621600 39 45
621600 56 76
621600 58 76
621900 36 76
621900 36 68
621900 36 56
621900 44 67
621900 67 68
621900 68 83
622200 0 16
622200 36 56
622200 36 76
622200 36 67
622200 57 67
622200 57 83
622200 58 76
622500 13 50
622500 32 50
622500 36 76
622500 50 76
622500 58 76
622800 0 16
622800 0 44
622800 44 60
622800 45 90
622800 58 76
622800 60 72
622800 62 72
623100 0 44
623100 0 86
623100 0 79
623100 0 43
623100 0 88
623100 31 59
623100 43 58
623100 44 60
623100 44 59
623100 60 72
623100 86 90
623100 86 87
623400 0 86
623400 4 64
623400 7 59
623400 40 59
623400 43 58
623400 43 71
623400 54 60
623400 55 86
623400 60 72
623400 86 87
623700 0 86
623700 1 2
623700 2 71
623700 15 21
623700 21 90
623700 43 58
623700 55 86
624000 0 25
624000 1 2
624000 2 71
624000 25 86
624000 43 58
624000 55 86
624300 1 2
624300 15 21
624300 25 86
624600 2 71
624600 2 15
624600 21 58
624900 2 87
624900 52 59
624900 81 85
624900 85 87
625200 10 29
625200 81 85
625500 0 74
625500 4 83
625500 17 62
625500 58 62
625500 60 85
625500 62 83
625800 0 29
625800 0 78
625800 4 83
625800 9 80
625800 62 83
625800 62 78
626100 0 2
626100 4 83
626100 6 62
626100 74 89
626400 6 74
626400 6 16
626400 62 83
626400 74 89
626700 6 12
626700 24 77
626700 74 89
627300 24 77
627900 5 33
628200 22 55
628500 15 72
628500 22 55
628800 1 20
629100 15 72
629400 37 79
629700 49 67
630600 20 68
630600 40 53
630900 20 68
630900 40 65
630900 55 80
631200 42 47
631500 5 66
631500 68 86
631800 5 66
631800 57 84
632100 5 66
632100 9 13
632400 5 66
632400 9 68
632400 26 40
632700 5 66
633000 37 84
633300 63 69
633600 63 69
633900 43 77
634200 0 85
634200 43 77
634500 9 26
634500 73 79
634800 0 85
634800 33 86
635100 0 85
635100 44 48
635100 48 70
635400 33 86
635700 0 85
635700 48 70
636000 0 85
636000 12 60
636000 23 73
636300 0 85
636300 18 22
636300 62 63
636600 0 85
636900 35 48
636900 62 63
636900 73 88
637200 0 85
637200 27 68
637200 35 48
637500 0 85
637500 29 34
637800 59 75
638400 55 77
639000 7 52
639600 21 63
639900 11 91
640200 31 39
640800 30 54
641100 0 55
641100 27 82
641100 28 82
692100 14 66
692400 15 47
692700 10 14
695400 3 31
695700 36 48
696000 8 44
696000 22 84
696300 39 81
696600 81 90
696900 26 47
696900 37 50
697200 26 47
697200 45 79
697200 45 89
697500 43 68
697500 70 72
698400 30 56
698700 18 72
698700 25 70
699000 11 24
699000 20 58
699300 3 33
699300 4 67
699300 20 58
699300 43 72
699600 3 66
699600 4 67
699900 3 66
699900 38 67
699900 38 72
700200 4 75
700200 38 72
700200 80 91
700500 3 66
700500 4 75
700500 13 36
700500 21 34
700500 36 43
700800 3 29
700800 4 75
700800 8 52
700800 13 36
700800 38 68
701100 3 8
701100 13 36
701100 21 84
701100 68 76
701400 3 8
701400 29 75
701400 32 52
701400 51 75
701700 3 8
701700 3 50
701700 21 71
701700 32 56
701700 51 75
702000 22 32
702000 32 56
702300 1 89
702300 22 32
702300 69 71
702600 1 89
702600 51 67
702900 32 39
703200 44 81
703500 20 61
703800 6 81
704100 43 72
704100 61 68
704400 20 43
705600 58 74
706200 38 62
706200 62 86
706800 26 36
706800 33 78
708000 43 87
709800 18 21
709800 34 64
709800 50 79
709800 71 77
710100 25 47
710100 32 50
710400 38 87
710400 59 87
710700 11 91
710700 15 60
710700 20 60
710700 59 91
711000 2 50
711000 11 91
711000 11 61
711300 11 61
711300 11 91
711300 14 91
711300 37 73
711600 6 31
711600 11 91
711600 58 61
711600 71 90
711900 32 76
711900 49 90
711900 58 61
711900 69 71
712200 0 46
712200 0 87
712200 49 76
712200 58 61
712200 69 71
712200 76 85
712500 58 61
712500 59 74
712500 69 71
712500 75 85
712800 33 42
712800 45 59
712800 49 76
712800 69 71
713100 2 25
713100 19 62
713100 52 83
713100 52 88
713400 2 24
713400 28 49
713400 52 83
713700 5 81
713700 10 78
714300 8 64
714300 22 31
714300 22 41
714600 1 72
714600 22 41
714600 33 54
714900 33 54
715200 73 81
715500 0 6
715800 10 73
715800 33 62
716100 10 73
716100 24 30
716100 30 39
716400 19 81
716400 30 39
716700 33 76
716700 33 77
717000 30 39
717000 83 90
717600 62 70
717900 66 91
718200 21 69
718200 62 70
718500 1 14
719400 3 36
719400 26 38
719700 2 3
719700 33 36
719700 42 51
720000 13 14
720000 42 51
720300 10 42
720300 42 51
720600 13 76
720600 42 51
720900 13 76
720900 42 51
721200 42 51
721200 67 70
721800 0 70
721800 62 76
722100 0 64
722100 0 3
722100 27 73
722400 27 73
722700 16 73
722700 16 23
723000 4 16
723000 4 59
723300 4 57
723600 4 16
723600 11 34
723900 11 34
724200 4 34
724500 11 48
724800 61 68
725100 8 77
725100 49 59
725400 13 20
725400 61 68
725700 13 20
725700 82 89
726000 13 20
726000 20 72
726000 20 85
726300 20 85
726300 49 56
726600 20 85
726600 24 41
726600 26 41
726600 39 59
726600 49 56
726900 39 59
726900 49 84
727200 0 34
727200 24 41
727500 15 54
728100 17 57
728100 57 65
728400 17 57
730200 24 38
730500 31 60
778800 66 80
779100 78 79
779400 22 28
779400 22 83
779400 66 80
780000 25 80
781500 50 60
781800 35 50
781800 35 61
782100 53 90
782400 2 45
782400 6 67
782400 21 45
782400 45 76
782400 45 77
782400 50 91
782400 77 80
782700 0 91
782700 2 45
782700 21 45
782700 21 76
782700 45 77
782700 45 48
783000 4 32
783000 4 34
783000 7 48
783000 7 76
783000 33 34
783300 4 34
783300 7 76
783300 16 80
783300 33 34
783300 53 80
783600 5 40
783600 6 75
783600 38 84
783600 53 80
783600 57 70
783900 5 67
783900 6 75
783900 6 63
783900 6 68
783900 53 80
784200 57 67
784200 71 75
784500 20 28
784500 57 73
784500 57 71
784500 75 78
784800 0 60
784800 0 4
784800 12 21
784800 12 46
784800 17 46
784800 35 46
784800 37 75
784800 37 46
785100 12 46
785100 12 21
785100 17 75
785400 9 22
785400 62 89
785700 39 78
786000 8 73
786000 8 82
786000 11 79
786300 6 73
786300 6 28
786600 5 90
786600 22 36
786600 22 45
786600 23 90
786900 5 90
786900 14 49
786900 32 40
786900 40 55
787200 5 90
787200 9 49
787500 11 42
787800 9 74
787800 59 83
788100 44 63
788700 0 33
788700 39 45
788700 71 72
790500 8 26
791100 56 87
791400 10 31
791700 22 39
791700 37 85
792000 49 85
792300 2 45
792600 45 62
792900 39 62
793200 39 41
794100 29 42
794400 0 84
794700 24 26
794700 71 87
794700 75 87
795000 24 71
795000 40 54
795000 54 75
795000 75 87
795300 37 63
795600 14 56
795600 14 15
795900 15 78
796200 0 38
796500 7 59
796500 15 78
796500 78 81
796800 12 70
796800 78 81
797100 0 60
797100 0 81
797100 60 78
797100 78 81
797400 60 78
797400 78 81
797700 0 81
797700 5 83
797700 5 63
797700 11 75
797700 63 83
797700 73 83
797700 80 81
798000 23 40
798000 40 58
798000 63 83
798300 23 40
798300 51 90
798300 63 83
798300 63 78
798600 4 74
798600 4 40
798600 23 40
798600 25 74
798600 59 91
798600 63 78
798900 4 40
798900 4 68
798900 26 37
799200 20 78
799200 26 37
799200 42 86
799200 83 89
799500 0 37
799500 0 53
799500 34 81
799500 42 86
799800 0 53
799800 34 81
800100 0 53
800400 4 53
800400 34 81
800700 26 35
801000 2 25
801000 5 26
801600 15 88
801900 1 4
803100 13 44
805200 40 64
807000 7 25
807000 12 36
807000 25 55
807000 55 77
807300 2 10
807300 7 55
807300 10 52
807600 12 82
807600 43 68
807900 43 68
808200 12 32
808500 31 90
808500 41 74
808500 44 79
808800 10 36
809100 54 89
809400 10 43
809400 43 44
809400 52 75
809700 10 43
809700 31 44
810000 9 78
810000 85 88
810300 9 43
810300 41 90
811200 16 74
811200 21 37
811200 46 69
812400 38 72
812700 65 85
813300 81 87
815400 8 29
816900 72 74
866400 27 63
868200 7 50
868200 8 76
868200 13 70
868200 27 41
868200 56 68
868200 68 78
868200 76 82
868500 8 76
868500 19 30
868800 2 64
868800 23 61
868800 30 45
869100 1 30
869100 24 26
869100 26 91
869100 84 91
869400 7 76
869400 36 39
869400 36 71
869400 71 80
869700 15 91
869700 25 54
869700 41 74
870000 26 57
870000 41 74
870000 57 81
870300 12 78
870300 16 82
870300 18 82
870300 29 39
870300 41 65
870600 12 78
870600 25 41
870600 35 39
870600 51 80
870900 19 27
870900 20 66
870900 34 51
870900 35 39
870900 39 46
870900 39 82
870900 41 64
870900 41 56
870900 42 75
870900 56 59
871200 8 51
871200 16 59
871200 16 51
871200 35 39
871200 39 46
871500 14 54
871500 31 83
871500 35 39
871500 35 59
871500 59 83
871800 16 51
871800 39 44
871800 40 41
871800 40 46
871800 59 83
872100 32 59
872100 40 44
872400 8 65
872400 34 65
872400 34 86
872400 34 73
872700 2 55
872700 33 81
872700 83 86
873000 13 78
873000 34 86
873000 38 85
873000 66 74
873300 15 74
873300 34 48
873300 40 67
873600 45 54
873600 55 77
873900 63 86
874200 51 83
874500 21 33
874500 22 33
874500 33 84
874500 33 60
874800 7 44
874800 36 53
874800 44 76
874800 66 76
874800 67 76
875100 77 88
875400 42 83
875700 53 84
877500 10 17
877500 20 69
877800 8 66
877800 10 17
878100 24 66
878400 45 55
879300 15 31
879600 59 77
879900 33 86
880200 81 91
880200 86 91
880500 68 81
880500 81 91
880800 7 41
880800 7 16
881100 7 16
881400 16 66
881400 16 46
881700 0 32
881700 0 7
881700 16 46
882000 7 81
882000 16 46
882000 21 46
882000 61 63
882000 61 89
882300 16 75
882600 12 56
882600 69 85
882900 16 75
882900 33 50
882900 66 79
882900 69 84
882900 79 81
882900 79 80
883200 66 83
883200 74 80
883500 15 42
883500 15 22
883500 15 45
883500 15 44
883500 38 43
883500 41 57
883500 45 55
883800 6 9
883800 9 38
883800 9 69
884100 1 83
884100 1 81
884100 1 37
884100 17 82
884100 17 30
884100 24 82
884100 56 82
884100 72 83
884400 7 11
884400 9 69
884400 11 68
884400 12 81
884400 17 30
884400 17 82
884400 73 82
884700 7 50
884700 64 83
884700 80 89
885000 11 38
885000 21 38
885000 21 82
885000 50 75
885000 59 64
885000 80 89
885300 5 18
885300 11 38
885300 35 38
885300 35 88
885300 54 63
885300 61 88
885300 77 79
885600 4 67
885600 10 48
885600 10 67
885600 50 75
885600 54 63
885900 0 25
885900 25 90
885900 25 67
886200 19 67
886200 25 43
886500 25 65
886500 26 52
886500 65 74
886800 45 61
886800 71 87
887100 9 87
887400 9 15
887400 64 71
887700 19 27
888000 9 13
888300 3 35
888300 16 64
888600 3 35
888600 16 32
888600 19 25
889200 42 91
889200 43 63
889500 1 63
890100 14 45
890100 15 59
890100 33 59
890400 33 59
890400 40 79
890700 9 69
890700 40 79
890700 44 73
891000 15 38
891000 44 73
891300 14 31
891300 15 38
891600 14 31
891600 14 64
891900 14 64
891900 32 40
892200 3 5
892200 3 62
892200 25 40
892200 25 77
892500 17 26
892800 3 5
892800 34 42
893100 27 38
893100 34 42
893100 54 77
893400 0 44
893400 7 18
893400 34 42
893700 11 26
893700 40 44
893700 42 56
893700 44 51
893700 54 77
893700 61 89
893700 73 82
894000 11 26
894000 61 82
894000 82 91
894300 11 58
894300 34 47
894300 42 56
894300 44 61
894300 80 89
894600 16 37
894600 42 56
894900 34 47
894900 42 56
894900 49 76
894900 53 61
895200 51 61
895500 0 44
895500 18 39
895500 51 61
895800 5 21
895800 39 58
896100 18 46
896100 63 68
896100 84 89
896400 18 86
896400 55 90
896700 1 88
896700 44 89
897000 1 88
897300 57 69
897600 26 91
897900 16 91
899100 41 65
899400 65 87
900300 1 37
903300 10 34
903600 81 87
951300 61 67
954900 34 76
955200 1 49
955200 1 36
955200 36 91
955500 1 49
955500 1 3
955500 3 36
955500 36 89
955500 36 73
955800 4 48
955800 11 89
955800 36 73
955800 60 78
956100 5 48
956100 8 62
956100 31 44
956100 36 89
956100 36 73
956400 4 48
956400 13 85
956400 36 73
956400 36 89
956400 80 85
956700 5 48
956700 13 85
957000 26 84
957000 66 74
957300 8 15
957300 8 32
957300 66 74
957600 34 36
957600 36 57
957600 76 91
957900 35 91
957900 35 80
957900 76 91
958200 35 91
958200 35 69
958200 48 77
958200 76 91
959400 2 91
959700 13 52
960900 43 67
962100 33 85
962400 38 91
962700 16 57
962700 29 73
963000 4 16
963000 72 88
963300 9 87
963300 29 73
963600 4 5
963600 44 64
963900 5 53
963900 9 87
963900 53 86
964200 5 53
964200 13 83
964200 66 77
964500 60 78
964500 66 77
964800 16 19
964800 60 78
964800 72 77
964800 77 84
965100 34 60
965400 26 34
965700 53 58
966000 10 22
966000 44 71
966000 59 71
966300 22 27
966300 27 55
966300 53 58
966300 59 83
966300 59 79
966300 79 83
966600 19 53
966600 27 55
966600 55 59
966900 14 70
966900 30 33
966900 55 59
967200 17 21
967200 21 30
967200 55 59
967200 60 78
967500 17 74
967500 22 77
967800 1 74
967800 1 9
967800 9 86
967800 9 83
967800 60 78
968100 1 9
968100 7 72
968100 9 86
968100 30 83
968100 72 90
968400 9 87
968400 72 90
968700 7 72
968700 7 35
968700 11 18
969000 62 70
969900 3 51
969900 13 35
969900 66 91
970500 3 51
970800 11 51
972000 17 56
972300 55 75
972600 4 88
973500 50 53
974400 28 58
974700 28 88
975600 20 52
975900 20 40
976800 20 46
977100 0 23
977100 23 46
977400 10 90
977400 51 81
977700 60 67
978300 26 86
978600 28 40
979500 33 36
980100 12 15
980700 66 68
981300 4 34
981300 34 90
981600 4 69
981900 38 59
981900 63 68
982500 4 81
982800 23 58
982800 58 69
984000 46 56
984600 67 78
984900 19 33
985200 61 64
985800 61 64
986100 30 66
986400 10 64
986700 35 66
986700 40 65
1210500 5 74
1210500 35 74
1210800 2 41
1210800 5 74
1210800 36 72
1211100 3 5
1211100 5 74
1211100 74 76
1211400 2 41
1211400 26 87
1211400 42 87
1211400 59 87
1211400 65 87
1211700 13 43
1211700 41 43
1211700 43 61
1211700 48 87
1211700 48 50
1212000 16 68
1212300 1 29
1212300 50 89
1212300 84 88
1212600 50 64
1212600 84 88
1213200 5 91
1213200 26 91
1213200 27 91
1213200 40 49
1213500 34 39
1213800 17 49
1214400 12 24
1214400 53 79
1214700 10 40
1214700 12 21
1214700 40 43
1215000 21 43
1215000 40 43
1215300 29 43
1215600 17 43
1215600 25 54
1215600 40 43
1215600 43 47
1215900 17 43
1215900 26 47
1216200 4 77
1216200 7 15
1216200 69 76
1216500 4 77
1216500 39 61
1216500 53 80
1216500 61 79
1216800 36 39
1216800 48 49
1216800 61 79
1217100 2 31
1217100 38 56
1217100 73 84
1217400 38 85
1217700 31 85
1219800 27 52
1221000 13 23
1221000 23 50
1221300 21 25
1221600 23 50
1221600 28 79
1221600 54 83
1221600 82 88
1221900 11 64
1221900 28 79
1221900 54 83
1222200 50 69
1222200 82 88
1222500 6 64
1222500 13 54
1222500 13 83
1222500 50 69
1222800 13 54
1223100 27 52
1223100 50 69
1223100 54 56
1223400 21 34
1224000 34 84
1224000 75 79
1224300 30 74
1224600 9 74
1224600 22 74
1224600 34 84
1224900 1 17
1224900 14 42
1224900 17 84
1224900 17 43
1224900 30 74
1224900 40 80
1225200 1 17
1225200 9 74
1225200 9 69
1225200 29 60
1225200 30 74
1225200 34 70
1225200 40 80
1225200 43 80
1225200 46 71
1225200 69 70
1225200 70 71
1225500 14 74
1225500 26 74
1225500 29 60
1225500 40 80
1225500 43 80
1225500 46 71
1225500 74 80
1225800 6 60
1225800 29 60
1225800 29 32
1225800 32 40
1225800 40 80
1225800 54 63
1226100 27 32
1226100 27 30
1226100 29 60
1226100 29 32
1226100 30 32
1226100 40 80
1226100 46 71
1226400 1 53
1226400 7 71
1226400 7 37
1226400 23 37
1226400 23 53
1226400 27 30
1226400 29 32
1226400 30 52
1226400 52 71
1226400 54 63
1226700 7 71
1226700 12 40
1226700 12 52
1226700 12 54
1226700 23 37
1226700 23 59
1226700 30 52
1226700 40 80
1226700 71 79
1227000 14 32
1227000 29 32
1227000 40 80
1227300 7 13
1227300 13 32
1227300 29 32
1227300 32 73
1227300 32 78
1227300 40 80
1227600 2 68
1227600 5 68
1227600 13 52
1227600 13 75
1227600 13 73
1227600 14 32
1227600 32 78
1227600 33 79
1227900 33 79
1227900 43 85
1227900 55 68
1227900 68 84
1227900 68 77
1228200 2 45
1228200 2 32
1228200 32 68
1228500 0 38
1228500 2 32
1228500 11 75
1228500 78 81
1228800 2 75
1228800 19 68
1228800 74 75
1229100 25 26
1229100 26 68
1229100 50 75
1229100 50 68
1229100 51 68
1229100 74 75
1229400 25 26
1229400 26 68
1229400 45 50
1229400 45 68
1229700 26 68
1229700 28 82
1229700 61 71
1229700 68 72
1229700 71 82
1229700 74 75
1230000 4 45
1230000 4 46
1230000 21 45
1230000 31 82
1230000 39 62
1230000 68 72
1230000 71 82
1230300 4 46
1230300 22 55
1230300 28 82
1230300 31 82
1230300 37 55
1230300 51 78
1230300 51 74
1230300 62 74
1230300 68 72
1230600 1 71
1230600 1 3
1230600 3 72
1230600 4 46
1230600 8 28
1230600 28 82
1230600 51 74
1230900 1 3
1230900 8 65
1230900 8 57
1230900 31 82
1230900 51 74
1230900 51 57
1231200 3 72
1231200 3 65
1231200 4 8
1231200 20 73
1231200 47 71
1231200 51 57
1231200 79 90
1231500 3 72
1231500 3 61
1231500 4 61
1231500 4 90
1231500 7 16
1231500 13 16
1231500 13 90
1231500 45 90
1231800 3 65
1231800 79 90
1232100 7 16
1232400 7 16
1232700 48 74
1233000 60 89
1233300 4 88
1233300 48 74
1233600 11 51
1233600 60 89
1233900 23 59
1233900 68 73
1234200 23 59
1234800 26 88
1235100 11 52
1235400 65 81
1235700 23 31
1235700 47 78
1235700 51 74
1236000 8 63
1236000 23 31
1236000 56 74
1236300 8 63
1236300 76 88
1236600 8 63
1236600 15 31
1236900 8 63
1236900 29 52
1237200 29 52
1237200 39 51
1237500 50 76
1237800 27 48
1237800 39 51
1237800 55 77
1238100 2 3
1238100 3 61
1238100 33 47
1238100 39 51
1238400 39 51
1238400 55 77
1238700 2 55
1238700 55 77
1238700 55 56
1239000 39 47
1239000 55 56
1239300 55 77
1239600 23 50
1239900 10 18
1240200 8 16
1240800 31 55
1241100 7 55
1241700 22 58
1241700 27 68
1242000 11 47
1242300 22 33
1242300 27 81
1242600 27 81
1242600 27 35
1242600 35 59
1242900 35 59
1242900 35 66
1242900 66 81
1242900 73 74
1243200 73 74
1243800 29 51
1243800 38 57
1243800 43 58
1243800 50 58
1244100 30 47
1244100 37 71
1244100 38 71
1244100 50 58
1244400 30 47
1244400 38 71
1244400 71 84
1244400 84 87
1244700 38 71
1244700 47 79
1245000 20 81
1245600 55 62
1245900 10 18
1245900 18 27
1297200 19 30
1297200 51 61
1297500 19 30
1298700 43 47
1299300 43 47
1299900 27 43
1300200 4 67
1300500 6 13
1300800 9 17
1300800 49 60
1301400 49 60
1301400 60 64
1302000 16 78
1302000 60 61
1302300 26 28
1302300 27 31
1302600 12 40
1302600 25 49
1302600 40 41
1302900 1 32
1302900 1 27
1302900 53 59
1303200 35 37
1303200 42 60
1303500 1 23
1303500 15 25
1303500 19 59
1303800 1 23
1303800 14 81
1304100 1 23
1304100 26 83
1304100 29 54
1304400 18 36
1304400 26 83
1304400 34 43
1304700 17 26
1304700 34 89
1305300 0 21
1305300 21 81
1305300 26 52
1305600 26 52
1305600 50 52
1305900 30 78
1305900 50 52
1306200 30 78
1306200 33 67
1306500 33 67
1306500 66 86
1306800 30 87
1307100 5 31
1307100 27 33
1308000 51 66
1308600 51 56
1309200 31 56
1309500 11 84
1309500 21 64
1309800 21 64
1309800 37 40
1309800 78 84
1310100 11 40
1310100 37 40
1310700 56 91
1311600 6 62
1312200 5 64
1312200 6 64
1312200 39 48
1312800 18 70
1312800 46 89
1313400 12 55
1314000 55 58
1314600 19 60
1314600 20 49
1314600 20 40
1314600 40 49
1314600 48 69
1314900 4 49
1314900 20 49
1314900 54 69
1314900 61 70
1315200 17 70
1315200 39 74
1315200 48 69
1315500 7 69
1315500 22 58
1315500 32 77
1315800 9 82
1315800 32 77
1315800 51 81
1315800 75 81
1315800 76 85
1316100 9 64
1316100 11 51
1316100 19 64
1316100 32 77
1316100 45 58
1316100 45 75
1316100 76 85
1316400 6 57
1316400 8 16
1316400 9 82
1316400 58 88
1316400 59 77
1316400 76 85
1316700 0 70
1316700 8 16
1316700 8 89
1316700 19 64
1317000 0 70
1317000 22 36
1317000 59 77
1317300 11 60
1317300 26 33
1317300 30 70
1317600 23 55
1317900 5 12
1317900 12 34
1317900 52 66
1318500 4 41
1318800 2 23
1319100 56 86
1320300 18 53
1320300 18 24
1320600 6 54
1320900 6 47
1320900 6 15
1320900 18 24
1320900 24 54
1320900 47 54
1321200 20 89
1321500 6 47
1321500 37 73
1321500 39 45
1321500 47 54
1321500 71 73
1321800 6 47
1321800 32 71
1321800 54 76
1322400 1 9
1322700 1 17
1323000 55 85
1323300 11 41
1323900 6 42
1324200 46 89
1324200 63 73
1324500 27 38
1325100 13 82
1325400 78 86
1325700 9 38
1325700 38 59
1325700 59 85
1326000 9 38
1326000 17 59
1326300 17 59
1326600 72 86
1327200 80 91
1328400 13 41
1328700 68 87
1329000 7 60
1329600 7 31
1330500 28 59
1330500 29 62
1330800 64 77
1331400 8 76
1331700 22 74
1332000 20 59
1332300 14 78
1333800 47 50
1334400 45 81
1334700 34 53
1335600 14 40
1383300 43 80
1383900 43 64
1384200 42 76
1385100 12 83
1386000 26 64
1386300 9 82
1386300 12 82
1386300 82 87
1386600 4 77
1386600 4 18
1386600 12 82
1386600 66 80
1386900 6 72
1386900 18 47
1386900 27 58
1386900 47 72
1386900 66 80
1386900 82 87
1387200 3 7
1387200 7 70
1387200 22 90
1387200 26 82
1387500 50 70
1387500 50 66
1387500 64 68
1387800 9 66
1387800 17 65
1387800 22 77
1387800 35 66
1387800 50 70
1387800 64 68
1388100 4 65
1388100 35 66
1388100 51 86
1388400 22 71
1388400 22 41
1388400 42 48
1388400 64 68
1388700 4 39
1388700 22 41
1388700 58 74
1388700 71 74
1389000 4 39
1389000 78 80
1389300 4 39
1389300 39 41
1389300 39 73
1389600 39 73
1389600 59 74
1389900 11 41
1389900 39 41
1389900 74 79
1390200 28 88
1390500 15 54
1390500 28 71
1390500 28 54
1390500 38 86
1390800 9 69
1390800 12 31
1390800 28 71
1390800 35 69
1391100 5 12
1391100 12 50
1391100 12 47
1391100 28 71
1391400 28 71
1392000 2 27
1392300 3 70
1392300 3 69
1392300 56 89
1392300 57 70
1392600 10 76
1392600 27 89
1392900 5 81
1392900 33 80
1392900 81 87
1393200 80 84
1393500 39 60
1394700 4 53
1395300 72 90
1395600 4 32
1395900 3 11
1395900 54 66
1396200 30 32
1396500 3 11
1397100 4 9
1397400 50 69
1397700 50 53
1398000 53 72
1398300 46 50
1398300 55 63
1398600 42 81
1398900 23 42
1398900 42 82
1399200 8 73
1399200 22 73
1399200 73 82
1399500 22 73
1399500 22 23
1399800 54 83
1401000 3 11
1401000 58 74
1401000 58 63
1401300 5 38
1401300 45 84
1401300 58 63
1401600 8 22
1401600 47 58
1401600 55 72
1401600 58 63
1401900 29 91
1401900 42 91
1401900 52 80
1401900 58 63
1401900 75 91
1402200 9 14
1402200 14 32
1402200 14 17
1402200 42 91
1402500 9 14
1402500 61 81
1402500 64 67
1402800 59 75
1402800 61 81
1403100 13 67
1403100 21 34
1403100 61 81
1403400 21 45
1403400 61 81
1403400 61 83
1403700 12 60
1403700 37 69
1403700 37 86
1403700 37 45
1403700 61 83
1404000 12 60
1404000 37 86
1404300 20 90
1404600 37 86
1406400 11 58
1406700 28 74
1407000 17 84
1407300 17 82
1407900 36 77
1407900 66 73
1408200 66 73
1410900 32 37
1411800 38 81
1411800 84 87
1412100 8 38
1412400 1 87
1412400 8 61
1412700 8 61
1412700 38 61
1413000 38 61
1413000 40 65
1413000 65 87
1413600 1 38
1413900 54 69
1414200 20 32
1414200 48 69
1414500 66 72
1414800 1 69
1415100 1 14
1415100 35 69
1415100 61 72
1416600 42 53
1416600 70 77
1416900 7 82
1417800 22 30
1417800 68 89
1418400 21 32
1418400 41 46
1418700 11 34
1469400 53 66
1471800 24 91
1473000 0 27
1473000 0 64
1473000 19 49
1473000 19 43
1473300 0 27
1473300 14 91
1473300 19 49
1473300 20 28
1473300 28 91
1473600 10 63
1473600 10 58
1473600 14 91
1473600 28 91
1473600 41 58
1473600 49 88
1473900 4 44
1473900 10 63
1473900 10 58
1473900 50 78
1474200 10 91
1474200 63 90
1474500 10 91
1474500 85 91
1474800 66 81
1475100 27 50
1475400 1 14
1475400 4 23
1475400 23 44
1475400 38 75
1475700 4 5
1475700 21 31
1475700 21 88
1475700 21 32
1475700 26 40
1475700 40 88
1476000 7 85
1476000 21 88
1476000 21 32
1476000 26 41
1476000 30 48
1476000 43 85
1476300 26 79
1476300 26 39
1476300 32 46
1476300 75 79
1476600 3 69
1476600 21 32
1476600 32 46
1476600 43 69
1476600 52 69
1476900 0 83
1476900 0 49
1476900 83 84
1477200 38 73
1477200 83 84
1477500 0 33
1477800 4 82
1477800 4 44
1477800 19 51
1477800 44 60
1478100 2 39
1478100 4 44
1478100 9 51
1478100 12 60
1478400 12 60
1478400 15 67
1478700 6 53
1478700 9 51
1479000 13 41
1479000 37 60
1479000 52 78
1479000 65 84
1479300 2 6
1479600 2 61
1479600 3 91
1479600 46 76
1479600 65 84
1479900 1 2
1479900 2 6
1479900 2 42
1479900 2 61
1479900 2 79
1479900 18 83
1480200 2 42
1480500 78 88
1481400 23 43
1482000 12 67
1482300 62 82
1482900 12 77
1484100 41 73
1484700 2 29
1484700 29 33
1485000 1 30
1485000 27 32
1485300 30 38
1485300 38 61
1485600 61 74
1485900 22 75
1485900 74 75
1486200 7 42
1486200 12 42
1486200 18 32
1486200 74 75
1486500 7 42
1486500 18 62
1486500 22 75
1486500 22 53
1486800 5 76
1486800 10 62
1486800 18 62
1487100 5 49
1487100 18 62
1487100 18 70
1487100 42 59
1487100 49 65
1487400 11 30
1487400 25 29
1487400 42 59
1487400 46 82
1487400 46 72
1487400 72 88
1487700 3 8
1487700 8 47
1487700 9 82
1487700 9 83
1487700 9 36
1487700 46 47
1487700 72 88
1487700 72 75
1488000 4 51
1488000 6 61
1488000 6 50
1488000 7 50
1488000 50 53
1488300 5 10
1488300 9 82
1488300 11 27
1488300 50 53
1488300 53 84
1488600 53 84
1488600 59 66
1488600 59 82
1488600 59 63
1488900 19 61
1488900 25 45
1488900 42 66
1488900 45 59
1488900 45 61
1488900 59 66
1488900 61 64
1489200 24 71
1489200 25 28
1489200 27 55
1489200 29 66
1489500 16 46
1489500 27 51
1489500 65 73
1489800 52 91
1490100 1 17
1490100 8 9
1490100 12 24
1490100 12 82
1490100 17 79
1490100 17 24
1490100 17 82
1490100 24 64
1490400 1 17
1490400 12 24
1490400 12 66
1490400 17 24
1490400 24 61
1490400 38 61
1490400 40 71
1490400 49 61
1490400 61 66
1490700 5 47
1490700 13 52
1490700 13 47
1490700 17 24
1490700 22 76
1490700 22 37
1490700 24 64
1490700 24 71
1490700 48 91
1490700 61 66
1490700 66 76
1490700 80 91
1491000 5 47
1491000 13 71
1491000 22 91
1491000 39 64
1491300 9 13
1491300 17 24
1491300 87 91
1491600 16 29
1491600 19 29
1491600 21 48
1491900 0 7
1491900 20 21
1492200 10 23
1492500 41 74
1493400 22 52
1493400 66 88
1493700 22 52
1493700 37 57
1493700 59 70
1494000 18 26
1494000 18 58
1494300 18 38
1494300 31 63
1494600 14 17
1494600 18 26
1494600 47 69
1494900 10 16
1494900 14 17
1495200 14 17
1495200 17 24
1495200 25 60
1495500 37 75
1495500 37 70
1495800 1 79
1496100 64 79
1496400 22 48
1496700 44 67
1497000 5 61
1497000 57 80
1497000 57 90
1497300 5 61
1497300 44 67
1497600 5 61
1497600 58 62
1497900 3 34
1497900 5 61
1497900 23 84
1498200 7 9
1498200 58 62
1498200 59 65
1498500 27 65
1498800 4 30
1499100 0 58
1499100 30 47
1499100 56 67
1499400 8 63
1499400 31 91
1499400 48 54
1499700 20 35
1499700 22 67
1499700 30 47
1499700 30 64
1499700 31 64
1499700 40 63
1499700 52 72
1500000 13 65
1500000 30 64
1500000 40 49
1500000 52 69
1500300 3 36
1500300 30 64
1500300 49 83
1500600 5 86
1500600 45 47
1500600 52 69
1500900 30 86
1500900 67 91
1501200 9 75
1501200 33 51
1501500 1 76
1501500 71 80
1501800 1 76
1503300 23 31
1503900 3 68
1503900 68 69
1505100 4 14
1505100 4 12
1505400 4 12
1507800 49 63
1559400 3 61
1559700 1 79
1559700 20 87
1559700 27 68
1559700 56 87
1559700 68 79
1560000 1 13
1560000 27 68
1560000 29 45
1560000 29 59
1560000 45 62
1560000 48 59
1560000 48 68
1560000 56 87
1560000 60 79
1560000 68 79
1560300 6 78
1560300 6 71
1560300 27 68
1560300 29 59
1560300 30 59
1560300 45 62
1560300 46 89
1560300 59 71
1560300 68 79
1560600 6 71
1560600 6 78
1560600 6 12
1560600 6 66
1560600 46 53
1560600 59 71
1560900 2 11
1560900 77 79
1561200 12 83
1561200 22 85
1561500 8 56
1561800 8 34
1561800 13 68
1561800 39 42
1561800 39 56
1562100 5 39
1562100 23 63
1562100 39 56
1562100 39 42
1562100 39 51
1562400 36 67
1562400 36 76
1562400 47 76
1562700 2 36
1562700 6 36
1562700 36 67
1562700 36 87
1563000 36 67
1565700 18 20
1566000 14 84
1566300 7 17
1567800 61 84
1567800 75 80
1568100 1 79
1568100 45 46
1568100 61 75
1568100 75 80
1568400 74 76
1568400 75 80
1568700 44 51
1568700 74 76
1569000 44 51
1569000 76 83
1569300 23 68
1569300 24 84
1569300 44 51
1569600 38 59
1569600 44 51
1569900 22 44
1569900 24 59
1569900 44 51
1569900 65 82
1570200 14 24
1570200 29 77
1570200 44 51
1570200 65 80
1570500 29 78
1570500 38 63
1570500 38 78
1570500 77 78
1570800 38 78
1571100 31 80
1571100 34 45
1571100 43 80
1571100 45 90
1571100 80 90
1571400 31 80
1571400 31 43
1571400 38 78
1571400 38 43
1571400 42 51
1571700 42 51
1571700 42 43
1572000 30 80
1572000 30 42
1572000 42 51
1572300 11 74
1572600 2 35
1572600 20 45
1572600 45 89
1572600 49 89
1572900 30 63
1572900 30 89
1572900 45 89
1572900 57 89
1572900 57 63
1573200 16 72
1573200 30 89
1573500 8 56
1573800 17 27
1574100 60 75
1574400 45 81
1574400 59 64
1575600 29 30
1575900 29 33
1576200 20 57
1576800 44 51
1578600 30 43
1578900 70 71
1579200 14 76
1580100 59 85
1582500 9 81
1582500 59 77
1582800 1 77
1582800 1 56
1582800 22 81
1582800 36 67
1582800 59 77
1583100 1 77
1583400 1 56
1584000 16 29
1585200 36 81
1585500 36 66
1585800 59 76
1586400 1 26
1586400 8 74
1586400 28 54
1586700 8 74
1586700 17 26
1586700 17 46
1587000 20 84
1587300 8 56
1587600 64 84
1587900 0 76
1587900 51 56
1587900 53 58
1587900 64 84
1587900 64 79
1589400 69 85
