0 14 30
0 14 21
300 8 66
300 14 30
600 8 66
600 14 30
600 21 68
900 21 37
900 44 47
1200 3 47
1200 14 21
1200 21 49
1200 37 68
1200 52 65
1500 3 47
1500 5 39
1500 9 39
1500 21 37
1500 39 70
1500 39 52
1800 9 39
1800 14 21
1800 14 52
1800 14 46
1800 14 45
1800 39 70
2100 5 6
2100 9 39
2100 9 18
2100 14 52
2100 14 46
2100 14 39
2100 18 70
2100 18 52
2100 18 49
2100 21 37
2100 36 39
2100 39 52
2100 39 42
2400 9 18
2400 9 48
2400 14 39
2400 14 70
2400 18 70
2400 36 39
2400 39 42
2700 8 18
2700 8 73
2700 8 49
2700 9 18
2700 9 39
2700 18 49
2700 26 47
2700 39 42
2700 47 49
2700 49 73
3000 7 42
3000 8 49
3000 9 18
3000 9 39
3000 9 42
3000 9 31
3000 26 42
3000 49 73
3300 8 18
3300 8 26
3300 8 49
3300 9 31
3300 9 39
3300 9 42
3300 18 49
3300 18 35
3300 26 47
3300 26 73
3300 26 60
3300 26 31
3300 35 49
3300 35 73
3300 47 49
3300 49 73
3600 3 17
3600 3 30
3600 17 26
3600 26 42
3600 26 47
3600 30 65
3600 30 73
3600 47 49
3600 56 70
3900 18 30
3900 26 47
3900 30 73
3900 30 62
3900 31 47
3900 31 62
3900 35 73
3900 45 62
3900 47 49
4200 6 18
4200 6 52
4200 6 47
4200 18 73
4200 18 33
4200 26 47
4200 30 62
4200 31 62
4200 35 49
4200 35 73
4200 39 62
4200 39 47
4200 45 62
4200 47 49
4200 49 73
4500 6 56
4500 11 52
4500 30 62
4500 31 62
4500 35 73
4500 37 69
4500 45 62
4800 3 21
4800 4 73
4800 4 6
4800 4 21
4800 4 26
4800 6 56
4800 6 21
4800 21 26
4800 21 73
4800 37 69
5100 3 21
5100 4 21
5100 4 73
5100 11 39
5100 15 21
5100 21 26
5100 21 73
5100 29 52
5100 39 47
5100 39 53
5100 39 43
5100 53 62
5400 3 21
5400 4 21
5400 11 39
5400 11 67
5400 11 31
5400 21 26
5400 21 43
5400 31 37
5400 34 37
5400 39 47
5400 39 53
5400 51 67
5700 3 21
5700 3 15
5700 5 15
5700 5 34
5700 11 31
5700 11 67
5700 21 26
5700 34 37
5700 52 54
6000 3 21
6000 3 62
6000 3 68
6000 3 73
6000 21 26
6000 21 73
6000 29 52
6000 34 43
6000 34 73
6000 39 68
6000 68 73
6300 3 62
6300 4 21
6300 11 31
6300 11 72
6300 21 68
6300 21 26
6300 21 50
6300 21 60
6300 26 52
6300 26 72
6300 29 60
6300 60 62
6300 60 72
6600 4 21
6600 4 67
6600 11 55
6600 21 60
6600 21 50
6600 21 26
6600 21 47
6600 29 60
6600 35 36
6600 55 62
6600 55 67
6900 4 67
6900 6 67
6900 8 67
6900 11 62
6900 34 43
6900 34 39
6900 35 36
6900 55 67
7200 4 67
7200 4 31
7200 6 67
7200 6 34
7200 8 67
7200 11 68
7200 34 47
7200 55 67
7200 55 59
7500 11 55
7500 21 55
7500 31 68
7500 35 47
7500 39 55
7500 47 55
7500 55 59
7800 0 35
7800 6 34
7800 11 68
7800 19 35
7800 35 47
7800 39 57
8100 0 35
8100 6 65
8100 11 68
8100 11 55
8100 11 29
8100 19 68
8100 31 61
8100 35 47
8100 47 57
8400 19 68
8400 19 59
8400 19 52
8400 47 52
8400 52 59
8400 52 57
8400 55 59
8400 57 59
8700 11 29
8700 11 31
8700 19 59
8700 24 47
8700 47 57
8700 52 59
8700 57 59
9000 14 47
9000 14 29
9000 17 48
9000 17 68
9000 17 47
9000 17 29
9000 17 31
9000 24 47
9000 29 52
9000 29 34
9000 52 59
9000 57 59
9300 9 57
9300 14 29
9300 14 47
9300 17 29
9300 17 68
9300 17 47
9300 17 31
9300 29 52
9300 52 55
9600 5 9
9600 5 57
9600 5 14
9600 14 47
9600 17 48
9600 57 63
9900 5 9
9900 5 57
9900 14 29
9900 17 29
9900 23 31
9900 24 47
9900 48 72
10200 31 34
10200 31 47
10200 47 52
10200 48 72
10500 9 61
10500 17 29
10500 17 73
10500 31 47
10500 48 72
10500 61 73
10800 5 9
10800 5 57
10800 5 66
10800 5 8
10800 5 59
10800 9 61
10800 31 47
10800 48 72
10800 61 73
11100 5 8
11100 5 9
11100 5 59
11100 9 61
11100 9 21
11100 21 59
11400 5 9
11400 9 61
11400 9 52
11400 14 52
11400 15 52
11400 21 66
11700 8 61
11700 8 67
11700 9 61
11700 9 52
11700 14 52
11700 15 52
11700 26 34
11700 26 67
11700 31 61
12000 5 9
12000 8 61
12000 8 67
12000 9 52
12000 14 26
12000 15 52
12000 21 26
12000 26 67
12000 26 50
12000 31 61
12000 31 38
12000 40 50
12000 49 61
12300 8 67
12300 8 61
12300 14 26
12300 20 31
12300 21 26
12300 31 67
12300 31 42
12300 37 66
12300 40 50
12300 49 61
12600 15 49
12600 31 42
12600 31 61
12600 38 42
12600 49 61
12900 7 38
12900 7 20
12900 9 66
12900 9 58
12900 15 20
12900 20 38
12900 31 42
12900 37 60
12900 42 69
13200 7 20
13200 9 60
13200 9 69
13200 9 70
13200 20 31
13200 20 38
13200 20 21
13200 37 66
13200 42 69
13500 9 60
13500 20 38
13500 31 42
13500 37 66
13800 7 20
13800 7 66
13800 15 20
13800 20 66
13800 37 60
13800 54 70
14100 3 39
14100 3 37
14100 31 66
14400 3 37
14400 7 66
14400 20 66
14700 7 66
14700 50 55
15000 3 20
15000 7 66
15000 26 34
15000 39 55
15300 3 37
15300 3 26
15300 26 34
15300 26 66
15300 26 55
15300 26 40
15300 39 55
15300 50 55
15600 3 26
15600 26 66
15600 26 40
15600 26 55
15600 37 55
15600 37 50
15900 3 26
15900 13 54
15900 26 66
15900 26 40
16200 3 26
16200 3 31
16200 5 31
16200 26 40
16200 26 67
16200 37 55
16200 37 50
16200 50 55
16500 3 31
16500 5 31
16500 8 31
16500 11 38
16500 26 66
16500 26 40
16800 3 66
16800 5 31
16800 11 38
16800 38 50
16800 50 58
17100 3 66
17100 5 31
17100 8 31
17100 26 67
17100 38 58
17100 45 58
17100 50 58
17400 3 58
17400 26 67
17400 26 31
17400 45 58
17700 45 58
18000 26 67
18300 16 24
18600 16 24
18600 45 52
18600 48 55
18600 49 62
18900 26 62
18900 27 63
18900 49 62
18900 55 63
18900 55 62
18900 62 63
19200 3 49
19200 3 62
19200 16 26
19200 26 62
19200 47 52
19200 55 62
19200 55 63
19500 16 26
19500 19 49
19500 23 57
19800 2 16
19800 16 26
19800 16 19
19800 23 57
19800 55 63
19800 55 62
19800 62 63
20100 2 30
20100 12 62
20100 12 16
20100 12 30
20100 16 26
20100 16 52
20100 16 23
20100 47 52
20100 51 74
20400 2 30
20400 2 55
20400 2 15
20400 12 30
20400 16 52
20400 23 74
20400 30 57
20400 55 62
20700 2 55
20700 16 19
20700 23 74
20700 23 61
20700 23 47
20700 26 55
20700 62 63
21000 12 16
21000 12 30
21000 16 19
21000 23 47
21000 26 47
21000 45 57
21000 55 62
21300 2 55
21300 10 30
21300 12 16
21300 16 57
21300 18 52
21300 23 74
21300 26 47
21300 49 69
21300 62 63
21600 2 61
21600 12 16
21600 16 61
21600 19 52
21600 26 47
21600 31 71
21600 49 69
21600 49 57
21900 2 61
21900 2 44
21900 40 61
21900 61 66
22200 2 26
22200 16 69
22200 18 52
22200 26 47
22200 47 71
22200 49 57
22500 2 44
22500 19 52
22500 31 49
22500 40 61
22500 40 52
22500 49 57
22800 19 31
22800 31 49
22800 35 66
22800 40 52
22800 49 57
23100 31 43
23100 35 66
23100 40 52
23100 49 57
23100 49 68
23100 57 69
23400 31 68
23400 35 49
23400 40 52
23400 49 68
23700 19 25
23700 31 68
23700 40 52
24000 19 25
24000 19 40
24000 19 73
24000 31 68
24000 40 52
24000 52 73
24300 15 19
24300 19 40
24300 31 68
24600 8 52
24600 11 52
24600 40 52
24900 8 52
24900 19 73
24900 19 25
24900 19 52
24900 40 52
25200 8 68
25200 19 40
25800 6 29
25800 8 68
25800 8 40
25800 8 25
26100 25 40
26100 29 73
26400 29 73
26400 53 66
26700 29 73
26700 32 53
27300 67 70
27600 32 53
27600 32 67
27600 53 72
27900 23 53
27900 32 67
27900 53 72
28200 23 53
28200 32 70
28200 32 67
28500 32 67
28500 53 67
28800 23 53
29400 23 62
30600 54 63
31200 54 63
36300 24 46
38100 11 37
59400 51 52
60000 13 55
60300 36 40
62400 14 72
62700 12 72
63600 29 33
63900 20 65
63900 29 65
64200 20 65
64200 29 65
64500 20 65
64500 29 65
64800 20 65
64800 29 65
65100 20 65
65400 29 44
65700 26 65
65700 29 65
65700 33 44
66000 26 65
66000 44 65
66300 1 65
66300 1 29
66300 26 65
66600 1 65
66600 29 51
66600 44 65
66600 44 69
66900 1 29
66900 26 63
66900 29 51
66900 44 65
66900 45 54
67200 1 20
67200 20 26
67200 26 63
67200 26 69
67200 44 65
67500 1 20
67500 20 26
67500 21 44
67500 23 65
67500 44 65
67800 8 69
67800 17 35
67800 20 26
67800 35 55
67800 35 69
67800 44 65
67800 45 54
67800 49 65
68100 20 26
68100 35 44
68100 45 54
68100 54 65
68400 20 26
68400 20 49
68400 20 45
68400 23 45
68400 35 44
68400 35 54
68400 44 49
68400 45 54
68700 8 20
68700 9 54
68700 18 20
68700 20 26
68700 23 45
68700 35 54
68700 45 65
68700 54 65
69000 8 20
69000 8 45
69000 9 54
69000 18 20
69000 27 59
69000 35 54
69000 45 55
69000 55 59
69300 16 55
69300 16 72
69300 20 26
69300 23 45
69300 23 72
69300 30 55
69300 31 55
69300 35 72
69300 45 65
69300 55 66
69600 3 30
69600 3 39
69600 9 30
69600 16 55
69600 16 72
69600 23 45
69600 23 39
69600 23 44
69600 30 55
69600 30 44
69600 35 72
69600 39 72
69600 55 66
69900 3 39
69900 3 30
69900 16 55
69900 16 72
69900 23 39
69900 23 38
69900 38 45
69900 39 72
69900 45 51
70200 3 39
70200 8 15
70200 15 39
70200 15 16
70200 16 72
70200 16 55
70200 23 39
70200 23 45
70200 39 72
70200 39 44
70500 3 39
70500 4 45
70500 4 16
70500 8 15
70500 15 16
70500 15 39
70500 15 45
70500 16 55
70500 16 72
70500 39 44
70800 2 74
70800 3 39
70800 4 45
70800 4 16
70800 4 72
70800 8 74
70800 15 16
70800 15 74
70800 16 55
70800 16 72
71100 3 39
71100 4 72
71100 4 16
71100 4 39
71100 8 74
71100 15 16
71100 16 55
71100 39 72
71400 4 16
71400 8 74
71400 8 31
71400 8 15
71400 15 39
71400 36 45
71400 39 44
71700 2 35
71700 3 35
71700 4 16
71700 8 15
71700 8 36
71700 15 47
71700 21 74
71700 35 56
71700 46 66
71700 46 56
72000 2 35
72000 3 35
72000 4 16
72000 4 15
72000 15 35
72000 16 36
72000 21 74
72000 46 56
72000 66 74
72300 2 35
72300 4 15
72300 4 16
72300 4 30
72300 4 36
72300 4 35
72300 8 30
72300 21 74
72300 30 35
72300 36 66
72300 46 56
72600 4 30
72600 15 46
72600 15 27
72600 16 53
72600 16 46
72600 16 56
72600 18 30
72600 21 74
72600 30 35
72600 46 56
72900 2 35
72900 4 36
72900 4 30
72900 4 35
72900 15 27
72900 21 26
72900 21 49
72900 21 56
72900 21 30
72900 30 35
72900 36 66
72900 46 56
72900 49 56
73200 4 36
73200 4 30
73200 12 74
73200 13 57
73200 15 27
73200 21 56
73200 22 36
73200 24 56
73200 27 57
73200 30 35
73200 30 56
73200 36 57
73500 4 30
73500 4 35
73500 4 70
73500 4 52
73500 4 27
73500 13 57
73500 21 49
73500 21 30
73500 21 73
73500 21 70
73500 22 36
73500 22 59
73500 22 66
73500 24 56
73500 27 57
73500 30 56
73500 36 57
73800 1 35
73800 1 70
73800 1 22
73800 4 70
73800 13 57
73800 13 19
73800 15 49
73800 21 70
73800 22 66
73800 22 59
73800 24 60
73800 35 49
74100 1 35
74100 1 58
74100 16 70
74100 16 49
74100 19 67
74100 21 49
74100 22 66
74100 22 36
74100 24 56
74100 24 60
74100 30 56
74100 36 57
74100 38 58
74100 58 67
74400 1 58
74400 1 66
74400 4 24
74400 5 66
74400 5 57
74400 5 49
74400 19 24
74400 22 36
74400 24 60
74400 24 56
74400 24 70
74400 30 56
74400 38 58
74400 53 57
74400 58 67
74400 66 70
74400 70 72
74700 1 58
74700 5 57
74700 5 35
74700 19 24
74700 21 66
74700 24 60
74700 24 70
74700 36 57
74700 58 67
74700 62 67
75000 1 58
75000 5 70
75000 16 70
75000 16 49
75000 19 67
75000 49 62
75000 58 67
75000 62 67
75000 66 70
75300 1 58
75300 5 35
75300 5 53
75300 11 53
75300 15 53
75300 16 49
75300 20 50
75300 21 53
75300 49 62
75300 53 57
75300 53 66
75600 1 58
75600 1 53
75600 1 36
75600 5 35
75600 9 20
75600 11 16
75600 16 49
75600 19 24
75600 24 70
75600 36 57
75600 36 53
75600 36 49
75600 49 62
75600 50 73
75600 53 57
75600 53 66
75900 1 53
75900 1 58
75900 1 36
75900 9 69
75900 16 49
75900 19 24
75900 20 59
75900 21 69
75900 24 70
75900 36 53
75900 36 69
75900 49 62
75900 53 57
75900 53 66
75900 53 69
75900 66 70
76200 1 58
76200 1 9
76200 1 69
76200 1 59
76200 9 69
76200 9 63
76200 11 16
76200 16 49
76200 49 62
76200 53 69
76200 53 66
76200 63 69
76200 66 70
76500 1 58
76500 9 69
76500 9 16
76500 9 11
76500 11 24
76500 11 63
76500 16 49
76500 16 24
76500 16 63
76500 16 58
76500 19 24
76500 21 69
76500 30 63
76800 1 58
76800 9 11
76800 9 16
76800 9 30
76800 11 66
76800 11 63
76800 19 24
76800 21 66
76800 30 63
76800 30 58
76800 66 70
77100 9 11
77100 9 16
77100 9 69
77100 11 63
77100 16 58
77100 16 24
77100 16 73
77100 19 24
77100 19 73
77100 35 58
77100 47 63
77100 47 70
77100 63 73
77100 63 69
77100 66 70
77400 9 30
77400 9 11
77400 9 69
77400 9 73
77400 11 24
77400 11 49
77400 19 73
77400 19 24
77400 21 69
77400 30 58
77400 30 73
77400 35 58
77400 35 47
77400 47 63
77400 63 73
77400 66 70
77700 9 30
77700 11 24
77700 16 63
77700 19 24
77700 19 73
77700 24 56
77700 35 47
77700 35 58
77700 35 63
77700 35 56
77700 47 63
77700 56 63
77700 66 70
78000 9 30
78000 9 32
78000 16 63
78000 16 58
78000 16 32
78000 19 24
78000 19 73
78000 19 56
78000 19 45
78000 24 56
78000 32 67
78000 33 70
78000 35 58
78000 35 56
78000 56 63
78300 9 70
78300 9 67
78300 9 21
78300 16 63
78300 16 58
78300 16 32
78300 19 73
78300 19 24
78300 22 58
78300 22 63
78300 24 63
78300 32 67
78300 35 58
78300 47 63
78300 56 63
78300 58 63
78300 63 70
78600 3 22
78600 9 70
78600 9 67
78600 9 58
78600 11 24
78600 16 32
78600 16 63
78600 16 70
78600 19 24
78600 19 73
78600 22 67
78600 24 56
78600 24 67
78600 32 67
78600 35 47
78600 56 73
78600 56 70
78600 58 67
78600 66 70
78900 3 30
78900 3 24
78900 9 67
78900 9 70
78900 9 30
78900 11 24
78900 11 15
78900 19 73
78900 21 30
78900 24 56
78900 24 67
79200 9 70
79200 9 22
79200 11 15
79200 11 24
79200 11 21
79200 11 30
79200 16 32
79200 19 73
79200 21 70
79200 22 70
79200 22 42
79200 24 56
79500 3 22
79500 9 70
79500 9 22
79500 9 24
79500 11 24
79500 11 21
79500 16 32
79500 16 22
79500 19 73
79500 21 70
79500 22 42
79500 22 70
79500 42 63
79500 56 70
79800 3 22
79800 3 19
79800 11 24
79800 15 19
79800 19 73
79800 19 28
79800 19 63
79800 19 62
79800 22 42
79800 22 70
79800 22 73
79800 24 56
79800 42 63
80100 3 19
80100 6 15
80100 11 21
80100 19 28
80100 19 62
80100 19 63
80100 19 42
80100 19 24
80100 22 42
80100 22 70
80100 22 28
80100 24 56
80100 24 73
80100 24 48
80100 28 38
80400 9 56
80400 9 16
80400 11 21
80400 22 42
80400 22 70
80400 28 38
80400 28 48
80400 38 70
80400 70 73
80700 9 56
80700 9 37
80700 11 21
80700 15 25
80700 15 16
80700 19 73
80700 21 25
80700 22 70
80700 22 42
80700 25 73
80700 25 42
80700 28 38
80700 42 56
80700 42 70
81000 3 62
81000 3 9
81000 3 21
81000 3 67
81000 3 25
81000 8 11
81000 9 56
81000 15 25
81000 19 24
81000 21 38
81000 21 37
81000 22 70
81000 22 42
81000 24 56
81000 25 73
81000 25 42
81000 38 70
81000 42 70
81000 50 67
81300 3 9
81300 3 67
81300 3 25
81300 3 19
81300 8 70
81300 9 56
81300 16 43
81300 16 19
81300 21 37
81300 22 70
81300 24 43
81300 25 73
81300 43 49
81300 43 50
81300 43 67
81300 50 67
81600 2 56
81600 8 70
81600 19 22
81600 19 28
81600 21 37
81600 21 62
81600 21 56
81600 43 50
81600 50 67
81600 56 59
81600 56 62
81900 2 56
81900 2 37
81900 3 9
81900 8 70
81900 18 24
81900 19 22
81900 19 28
81900 19 26
81900 21 62
81900 21 73
81900 22 67
81900 22 73
81900 26 67
81900 26 50
81900 43 73
81900 67 73
81900 70 73
82200 2 37
82200 3 19
82200 3 25
82200 3 9
82200 3 67
82200 19 60
82200 19 67
82200 21 73
82200 21 62
82200 26 67
82200 26 50
82200 37 60
82200 43 50
82200 43 60
82200 50 67
82200 60 73
82200 67 73
82200 70 73
82500 3 67
82500 3 9
82500 3 19
82500 3 25
82500 3 62
82500 3 70
82500 3 6
82500 3 56
82500 6 67
82500 6 62
82500 18 60
82500 19 67
82500 21 73
82500 26 67
82500 27 43
82500 43 60
82500 43 67
82500 60 73
82500 60 67
82800 3 9
82800 3 6
82800 6 62
82800 13 21
82800 13 56
82800 27 43
82800 36 50
82800 36 56
82800 43 67
82800 43 50
82800 43 56
82800 45 50
82800 50 56
83100 11 59
83100 11 13
83100 13 21
83100 13 56
83100 13 25
83100 21 59
83100 21 25
83100 25 56
83100 25 27
83100 25 59
83100 26 50
83100 26 27
83100 36 56
83100 50 67
83100 50 56
83100 56 59
83400 5 35
83400 5 61
83400 5 8
83400 5 18
83400 8 35
83400 11 59
83400 11 13
83400 11 61
83400 13 25
83400 13 56
83400 21 59
83400 21 25
83400 25 59
83400 25 27
83400 25 61
83400 26 61
83400 35 68
83700 5 35
83700 5 8
83700 5 61
83700 5 50
83700 5 21
83700 8 35
83700 11 61
83700 13 25
83700 13 21
83700 13 35
83700 13 61
83700 21 59
83700 21 25
83700 21 61
83700 25 59
83700 25 27
83700 25 61
83700 26 61
83700 35 68
83700 43 61
84000 5 21
84000 5 8
84000 11 61
84000 11 43
84000 13 25
84000 21 25
84000 21 59
84000 21 43
84000 21 68
84000 25 27
84000 25 59
84000 25 68
84000 25 69
84000 36 50
84300 5 35
84300 11 39
84300 11 68
84300 21 68
84300 25 68
84300 27 39
84300 35 68
84300 35 69
84300 35 56
84600 4 49
84600 5 35
84600 11 39
84600 11 68
84600 13 61
84600 13 21
84600 13 66
84600 13 39
84600 21 39
84600 21 46
84600 27 39
84600 35 69
84600 35 39
84900 5 59
84900 5 39
84900 11 68
84900 13 39
84900 13 66
84900 13 27
84900 21 39
84900 27 39
84900 35 56
84900 35 39
84900 35 68
84900 39 61
84900 46 49
85200 4 8
85200 5 59
85200 5 39
85200 5 44
85200 8 52
85200 22 52
85200 25 52
85200 35 56
85500 1 23
85500 5 44
85500 8 52
85500 8 44
85500 8 38
85500 8 68
85500 22 52
85500 23 66
85500 33 44
85500 33 43
85500 44 68
85500 50 71
85800 4 68
85800 4 44
85800 5 72
85800 8 44
85800 8 52
85800 11 68
85800 23 66
85800 33 44
85800 33 71
85800 35 68
85800 44 68
85800 44 69
85800 44 72
85800 50 71
85800 52 68
86100 4 68
86100 4 61
86100 8 44
86100 8 52
86100 11 68
86100 11 61
86100 23 71
86100 26 68
86100 35 68
86100 44 68
86100 61 72
86400 1 21
86400 1 4
86400 4 61
86400 8 44
86400 11 61
86400 11 71
86400 11 24
86400 22 52
86400 24 44
86400 61 72
86400 65 71
86700 1 4
86700 2 47
86700 2 22
86700 11 71
86700 11 61
86700 11 22
86700 11 53
86700 22 52
86700 23 53
86700 26 61
86700 47 61
86700 47 65
86700 53 72
86700 61 72
86700 65 71
87000 0 52
87000 2 47
87000 2 22
87000 11 22
87000 11 71
87000 11 53
87000 11 47
87000 20 69
87000 23 44
87000 26 61
87000 26 47
87000 32 65
87000 44 53
87000 47 65
87000 52 53
87000 52 65
87000 53 69
87000 65 71
87300 0 65
87300 2 22
87300 11 71
87300 17 57
87300 20 69
87300 21 72
87300 21 42
87300 44 53
87300 53 69
87300 65 71
87600 0 65
87600 11 22
87600 11 71
87600 15 26
87600 16 71
87600 22 65
87600 23 53
87600 32 65
87600 47 65
87600 52 53
87600 52 72
87600 53 72
87900 0 52
87900 2 47
87900 11 71
87900 11 47
87900 15 65
87900 16 52
87900 22 65
87900 32 65
87900 44 65
87900 52 65
88200 0 52
88200 0 22
88200 8 26
88200 11 47
88200 11 71
88200 16 52
88200 22 26
88200 26 53
88200 52 65
88500 11 47
88500 11 59
88500 11 15
88500 13 49
88500 15 49
88500 22 26
88500 26 53
88500 47 59
88500 49 53
88500 53 59
88800 2 47
88800 11 59
88800 11 15
88800 11 47
88800 35 68
88800 37 47
88800 47 59
88800 47 71
88800 47 53
88800 49 53
88800 53 59
89100 2 59
89100 11 59
89100 11 47
89100 11 71
89100 15 49
89100 16 17
89100 35 68
89100 47 59
89400 2 16
89400 11 59
89400 11 47
89400 13 49
89400 14 55
89400 17 52
89400 29 55
89400 35 68
89700 2 16
89700 11 15
89700 11 59
89700 11 18
89700 11 48
89700 11 68
89700 14 55
89700 14 68
89700 15 49
89700 35 68
89700 41 55
89700 55 68
90000 0 55
90000 14 71
90000 14 16
90000 14 55
90000 14 35
90000 14 68
90000 15 49
90000 35 71
90000 35 55
90000 47 59
90000 55 68
90300 2 15
90300 7 59
90300 11 68
90300 11 18
90300 11 15
90300 11 55
90300 14 71
90300 14 55
90300 14 34
90300 14 18
90300 15 49
90300 15 55
90300 18 49
90600 14 68
90600 14 16
90600 14 35
90600 14 37
90600 35 55
90600 37 55
90600 47 59
90600 55 68
90600 55 66
90900 13 29
90900 29 37
90900 29 71
91200 15 49
91200 47 49
91200 49 68
91200 59 71
91200 66 68
91500 14 35
91500 14 68
91500 35 64
91500 35 59
91500 35 68
91500 37 64
91800 14 35
91800 29 37
91800 35 64
91800 35 59
91800 35 68
91800 47 71
91800 54 56
91800 59 71
92100 9 51
92100 14 36
92100 14 64
92100 14 51
92100 29 37
92100 35 59
92100 36 64
92100 36 51
92100 47 49
92400 9 51
92400 9 64
92400 10 50
92400 14 64
92400 22 50
92400 35 68
92400 48 50
92700 9 51
92700 9 41
92700 15 21
92700 15 48
92700 22 41
92700 22 51
92700 22 58
92700 37 41
92700 47 49
92700 59 71
93000 9 41
93000 10 35
93000 10 51
93000 15 64
93000 21 29
93000 22 51
93000 22 58
93000 22 41
93000 22 29
93000 29 51
93000 37 41
93000 41 51
93000 51 58
93300 9 41
93300 10 35
93300 22 41
93300 22 51
93300 22 29
93300 29 68
93300 37 41
93600 9 41
93600 10 19
93600 19 58
93600 19 54
93600 45 54
93600 54 55
93600 55 58
93900 9 41
93900 10 58
93900 10 41
93900 22 35
93900 26 69
94200 9 41
94200 10 41
94200 14 41
94200 26 69
94200 26 41
94200 45 54
94500 9 41
94500 35 55
94500 35 45
94500 54 55
94800 5 14
94800 35 40
94800 54 55
95100 5 14
95100 35 40
95100 51 69
95400 5 14
95400 9 39
95400 36 39
95400 51 69
95700 35 51
95700 36 39
95700 39 51
95700 51 69
95700 51 62
96000 4 68
96000 9 51
96000 35 51
96000 39 51
96000 51 62
96300 0 38
96300 5 69
96300 8 62
96300 9 51
96300 35 51
96300 51 62
96600 8 62
96600 8 69
96600 9 51
96600 26 39
96600 40 69
96600 51 62
96600 51 69
96900 0 38
96900 8 69
96900 9 31
96900 9 71
96900 26 71
96900 40 69
96900 69 71
97200 0 38
97200 0 69
97200 9 31
97200 9 71
97200 19 31
97200 19 38
97200 26 71
97200 38 69
97500 0 38
97500 0 66
97500 9 31
97500 19 38
97500 36 64
97500 64 66
97800 0 38
97800 0 66
97800 4 72
97800 19 31
97800 31 49
98100 0 66
98100 0 4
98100 0 49
98100 19 38
98100 31 49
98400 0 61
98400 17 61
98400 64 66
98700 0 61
98700 0 49
98700 18 31
98700 49 61
99000 6 64
99000 18 31
99300 0 64
99300 6 64
99300 18 31
99300 49 65
99300 49 55
99300 49 73
99300 65 73
99600 4 73
99600 6 64
99600 18 31
99600 43 49
99600 49 73
99600 49 55
99600 49 65
99600 64 73
99600 65 73
99900 18 31
99900 18 43
99900 49 65
99900 49 73
99900 60 65
99900 64 73
99900 65 73
99900 65 66
100200 7 66
100200 18 31
100200 52 53
100200 53 66
100200 65 66
100500 4 60
100500 6 66
100500 7 66
100500 18 31
100500 64 66
100800 1 49
100800 1 18
100800 6 18
100800 7 21
100800 18 31
100800 18 21
100800 21 43
100800 21 31
100800 21 49
100800 31 60
101100 1 18
101100 6 18
101100 7 21
101100 18 21
101100 21 43
101100 21 49
101100 25 33
101100 31 60
101100 64 73
101400 1 18
101400 6 18
101400 6 64
101400 6 49
101400 18 31
101400 21 43
101400 41 64
101700 1 18
101700 1 41
101700 21 43
101700 41 64
102000 18 31
102000 27 41
102300 1 18
102300 1 41
102300 1 27
102300 18 31
102900 16 31
102900 37 68
102900 61 67
103200 1 41
103200 21 37
103200 37 68
103500 21 37
103500 26 43
103500 37 68
103800 13 28
103800 21 37
103800 28 37
103800 31 43
103800 31 62
103800 37 68
103800 44 62
104100 0 6
104100 0 44
104100 0 26
104100 6 43
104100 6 62
104100 6 37
104100 8 41
104100 13 28
104100 21 37
104100 31 43
104100 31 62
104100 31 41
104100 37 68
104100 41 62
104100 44 62
104400 0 73
104400 6 62
104400 6 37
104400 6 43
104400 26 48
104400 31 41
104400 41 62
104400 44 62
104700 0 73
104700 6 62
104700 6 37
104700 6 43
104700 8 41
104700 13 37
104700 31 41
104700 31 53
104700 37 68
104700 41 62
105000 0 73
105000 3 45
105000 3 43
105000 6 62
105000 6 37
105000 6 43
105000 6 70
105000 8 45
105000 31 53
105000 31 41
105000 41 62
105000 68 73
105300 0 73
105300 3 43
105300 6 43
105300 6 62
105300 6 55
105300 46 74
105300 58 71
105600 0 73
105600 6 37
105600 13 37
105600 34 64
105600 35 48
105600 43 64
105600 64 73
105900 15 19
105900 24 74
105900 31 53
106200 2 74
106200 31 68
106200 34 35
106200 43 68
106200 46 74
106500 0 46
106500 2 74
106500 15 19
106500 46 74
106800 0 46
106800 43 53
106800 63 70
107100 0 46
107100 12 31
107100 63 70
107100 63 72
107400 4 31
107400 10 12
107400 12 31
107400 15 47
107700 10 12
107700 15 47
107700 56 72
108000 15 49
108000 43 47
108300 10 50
108300 10 39
108300 56 72
108600 8 66
108600 10 27
108600 32 72
108600 33 56
108600 56 72
108900 50 72
108900 56 72
108900 56 61
109200 10 20
109200 33 56
109200 50 72
109200 56 61
109500 33 56
109800 5 33
109800 56 72
111000 5 44
111000 44 55
111300 5 44
111300 39 63
111300 48 63
111300 56 63
111600 39 63
111600 48 63
111600 55 63
111600 56 63
111900 39 63
111900 39 56
111900 44 55
111900 48 55
111900 55 63
111900 55 56
112200 39 51
112200 44 55
112200 46 55
112200 55 56
112200 56 63
112500 12 56
112500 28 55
112500 39 56
112500 44 55
112500 55 56
112800 28 55
113100 13 55
113100 13 22
113400 13 55
113400 13 22
114600 29 45
114600 40 45
114900 29 45
114900 40 45
117600 11 72
117900 11 72
119700 8 31
149400 33 74
149400 47 74
149400 70 74
149700 47 74
149700 47 70
149700 70 74
150000 14 64
150000 33 74
150000 70 74
150300 16 70
150300 70 74
150600 47 74
150600 61 64
150900 47 53
151200 16 39
151500 12 16
152100 5 53
152100 12 22
152400 5 44
152400 12 22
152400 12 70
152700 5 44
152700 12 22
152700 13 70
152700 35 73
152700 60 73
153000 5 44
153000 5 12
153000 12 70
153000 12 53
153000 13 70
153000 22 53
153000 35 73
153000 39 53
153000 53 73
153000 70 71
153300 12 44
153300 13 70
153300 22 53
153300 35 73
153300 39 53
153300 44 68
153300 53 73
153600 12 44
153600 12 53
153600 12 13
153600 13 70
153600 13 72
153600 35 73
153600 44 68
153900 12 44
153900 12 47
153900 12 35
153900 13 72
153900 22 53
153900 35 73
153900 44 68
154200 6 44
154200 12 35
154200 14 35
154200 22 53
154200 35 73
154200 53 70
154200 61 73
154500 12 13
154500 13 72
154500 13 53
154500 13 42
154500 22 53
154500 47 70
154500 47 68
154800 6 8
154800 8 48
154800 13 53
154800 47 70
154800 53 68
155100 6 45
155100 8 48
155100 12 61
155100 45 55
155100 47 70
155100 53 68
155100 55 70
155100 55 61
155400 6 45
155400 6 65
155400 8 48
155400 30 55
155400 30 47
155400 45 70
155400 47 70
155700 3 17
155700 3 45
155700 3 55
155700 5 70
155700 5 53
155700 6 65
155700 8 48
155700 30 47
155700 30 55
155700 47 55
155700 55 65
156000 3 17
156000 3 45
156000 3 55
156000 12 67
156000 30 47
156000 45 70
156000 45 67
156000 45 72
156000 45 69
156000 50 67
156000 55 65
156000 67 70
156300 3 55
156300 3 17
156300 3 24
156300 3 67
156300 5 53
156300 12 24
156300 24 54
156300 30 67
156300 55 65
156300 67 70
156600 3 55
156600 5 70
156600 6 65
156600 6 15
156600 12 24
156600 53 55
156600 55 65
156900 5 12
156900 6 65
156900 6 72
156900 6 12
156900 6 37
156900 12 24
156900 30 67
156900 53 65
156900 55 65
157200 5 53
157200 5 6
157200 5 37
157200 5 65
157200 6 37
157200 6 65
157200 6 72
157200 6 12
157200 24 53
157200 37 53
157200 53 55
157200 55 65
157500 3 55
157500 5 53
157500 5 32
157500 5 15
157500 5 70
157500 6 12
157500 11 70
157500 24 53
157500 30 67
157500 32 43
157500 37 53
157800 1 5
157800 1 43
157800 5 15
157800 5 70
157800 5 53
157800 5 8
157800 8 24
157800 12 24
157800 15 55
157800 24 53
157800 37 53
157800 43 69
157800 43 65
157800 55 65
158100 1 43
158100 5 8
158100 5 53
158100 8 61
158100 24 53
158100 24 37
158100 37 53
158100 43 69
158100 58 61
158400 1 43
158400 1 5
158400 5 53
158400 5 24
158400 8 24
158400 24 37
158400 24 53
158400 37 53
158400 43 69
158700 1 43
158700 1 5
158700 1 39
158700 5 53
158700 43 69
159000 1 43
159000 1 5
159000 24 52
159000 43 69
159300 1 5
159300 5 23
159300 20 23
159300 23 40
159300 43 69
159600 1 5
159600 9 70
159600 23 70
159600 24 52
159600 36 70
159600 70 71
159900 1 5
159900 9 70
159900 20 36
159900 23 70
159900 24 52
159900 24 45
159900 24 36
159900 26 38
159900 36 38
159900 36 72
159900 36 71
159900 38 50
159900 70 71
160200 1 5
160200 5 55
160200 5 72
160200 24 36
160200 24 52
160200 24 72
160200 36 38
160200 36 71
160200 55 67
160500 1 31
160500 1 28
160500 1 26
160500 1 38
160500 5 40
160500 20 24
160500 24 72
160500 36 38
160500 55 67
160800 1 28
160800 23 28
160800 23 73
160800 24 72
160800 24 36
160800 26 73
160800 36 73
160800 55 67
161100 1 26
161100 1 28
161100 17 31
161100 23 73
161100 24 72
161100 26 73
161100 55 67
161400 1 28
161400 1 26
161400 14 67
161400 14 23
161400 24 36
161400 24 72
161400 26 73
161400 26 31
161400 26 38
161400 34 47
161400 47 67
161700 1 28
161700 14 67
161700 23 28
161700 24 72
161700 24 36
161700 26 38
161700 26 67
161700 31 67
161700 38 67
161700 47 67
162000 1 26
162000 2 38
162000 24 36
162000 24 72
162000 26 67
162000 26 38
162000 26 28
162000 26 47
162300 2 28
162300 14 67
162300 24 36
162300 24 72
162300 31 67
162300 38 67
162300 39 65
162300 47 67
162300 58 65
162600 13 32
162600 14 67
162600 17 32
162600 24 32
162600 24 72
162600 26 28
162600 28 72
162600 46 72
162600 53 57
162600 53 72
162600 58 65
162900 13 32
162900 13 47
162900 13 39
162900 13 67
162900 17 32
162900 24 32
162900 24 72
162900 28 31
162900 31 67
162900 31 32
162900 31 39
162900 32 43
162900 39 43
162900 58 65
163200 10 32
163200 10 43
163200 13 47
163200 13 32
163200 13 39
163200 13 36
163200 16 36
163200 17 32
163200 17 31
163200 24 32
163200 25 43
163200 28 31
163200 31 32
163200 31 39
163200 31 43
163200 32 43
163200 58 65
163500 9 19
163500 13 47
163500 13 39
163500 17 32
163500 17 31
163500 21 47
163500 31 39
163500 47 57
163500 47 58
163800 9 19
163800 9 10
163800 9 14
163800 10 32
163800 10 43
163800 10 13
163800 13 39
163800 13 47
163800 14 18
163800 17 31
163800 17 32
163800 21 58
163800 31 58
163800 43 57
164100 9 18
164100 9 43
164100 13 39
164100 13 57
164100 14 18
164100 19 58
164100 21 58
164100 24 32
164100 31 58
164100 43 58
164100 55 71
164100 55 58
164400 9 10
164400 10 43
164400 10 13
164400 13 57
164400 13 47
164400 13 64
164400 14 18
164400 14 27
164400 14 43
164400 17 32
164400 17 31
164400 19 58
164400 19 27
164400 21 58
164400 24 32
164400 24 64
164400 27 43
164400 27 55
164400 27 54
164400 28 55
164400 32 71
164400 47 58
164400 55 58
164700 9 43
164700 9 18
164700 13 64
164700 14 27
164700 14 18
164700 14 32
164700 17 31
164700 17 32
164700 19 71
164700 26 31
164700 27 54
164700 27 43
164700 31 71
165000 9 18
165000 9 29
165000 13 64
165000 13 57
165000 14 32
165000 14 18
165000 18 31
165000 18 47
165000 18 71
165000 19 71
165000 27 43
165000 31 71
165000 31 54
165000 32 47
165000 47 57
165300 5 59
165300 7 12
165300 9 18
165300 9 10
165300 9 29
165300 10 13
165300 13 57
165300 13 24
165300 18 71
165300 19 71
165300 24 43
165300 29 45
165300 31 71
165300 31 59
165300 32 47
165300 36 71
165300 43 45
165300 43 59
165300 47 59
165600 1 29
165600 1 13
165600 5 59
165600 7 12
165600 7 13
165600 7 57
165600 10 13
165600 12 57
165600 13 24
165600 13 57
165600 13 64
165600 13 53
165600 13 22
165600 13 47
165600 13 29
165600 13 27
165600 18 71
165600 24 43
165600 29 59
165600 29 53
165600 31 71
165600 36 71
165600 43 59
165600 47 74
165600 54 74
165900 1 6
165900 1 9
165900 1 71
165900 5 59
165900 6 59
165900 6 17
165900 9 36
165900 10 13
165900 13 53
165900 13 57
165900 18 71
165900 18 53
165900 24 43
165900 24 36
165900 31 71
165900 31 43
165900 31 36
165900 36 71
165900 36 54
165900 36 43
165900 43 59
165900 43 47
165900 43 54
165900 43 53
165900 43 64
165900 47 54
166200 1 71
166200 1 9
166200 1 18
166200 5 59
166200 5 9
166200 6 59
166200 6 17
166200 6 54
166200 9 36
166200 10 13
166200 10 18
166200 14 27
166200 18 53
166200 18 71
166200 24 36
166200 27 47
166200 27 31
166200 27 71
166200 31 71
166200 31 47
166200 36 54
166200 36 71
166200 41 47
166200 43 59
166200 47 54
166200 59 70
166500 5 59
166500 5 9
166500 5 43
166500 7 13
166500 7 12
166500 7 74
166500 7 27
166500 10 13
166500 10 31
166500 10 27
166500 14 27
166500 18 71
166500 18 53
166500 18 27
166500 22 31
166500 27 31
166500 27 71
166500 27 47
166500 31 71
166500 31 47
166500 36 43
166500 59 70
166800 1 71
166800 5 9
166800 5 39
166800 5 30
166800 5 14
166800 5 53
166800 6 59
166800 7 27
166800 7 12
166800 7 74
166800 7 64
166800 7 44
166800 10 13
166800 10 27
166800 13 53
166800 13 39
166800 13 28
166800 18 53
166800 18 57
166800 22 31
166800 36 71
166800 44 57
167100 1 9
167100 5 30
167100 5 39
167100 5 43
167100 5 53
167100 7 44
167100 7 74
167100 7 12
167100 7 64
167100 7 9
167100 7 13
167100 7 43
167100 7 59
167100 13 57
167100 14 59
167100 14 71
167100 18 53
167100 22 31
167100 27 31
167100 31 47
167100 36 71
167100 36 43
167100 43 59
167100 43 65
167100 44 57
167100 53 57
167100 59 65
167400 1 65
167400 1 14
167400 7 12
167400 10 71
167400 10 65
167400 14 74
167400 18 53
167400 18 71
167400 28 74
167400 44 57
167400 59 65
167400 65 74
167700 1 65
167700 1 14
167700 5 43
167700 7 43
167700 8 16
167700 9 16
167700 9 21
167700 10 71
167700 10 65
167700 10 39
167700 10 22
167700 14 74
167700 14 59
167700 14 16
167700 16 74
167700 16 43
167700 16 27
167700 16 21
167700 18 71
167700 18 53
167700 18 27
167700 18 43
167700 36 43
167700 43 59
167700 43 47
167700 54 57
167700 65 74
168000 1 14
168000 5 53
168000 5 43
168000 7 9
168000 8 16
168000 9 21
168000 9 12
168000 10 22
168000 10 71
168000 10 12
168000 10 44
168000 12 14
168000 12 21
168000 12 16
168000 14 71
168000 14 16
168000 14 21
168000 16 21
168000 16 74
168000 18 71
168000 18 53
168000 18 21
168000 21 44
168000 41 57
168000 53 71
168000 62 74
168300 1 65
168300 1 63
168300 8 16
168300 13 71
168300 18 53
168300 18 30
168300 30 71
168300 33 53
168300 41 57
168300 47 55
168300 53 71
168300 57 71
168300 62 74
168600 8 16
168600 9 12
168600 9 43
168600 9 62
168600 9 54
168600 12 14
168600 12 16
168600 12 48
168600 12 62
168600 18 53
168600 30 71
168600 43 53
168600 55 74
168600 57 71
168600 58 60
168600 62 74
168900 1 14
168900 5 53
168900 5 21
168900 5 40
168900 5 33
168900 6 53
168900 6 74
168900 7 9
168900 8 16
168900 12 16
168900 14 16
168900 14 71
168900 16 74
168900 18 53
168900 18 40
168900 21 40
168900 40 62
168900 43 53
168900 55 74
168900 62 74
169200 1 40
169200 1 30
169200 1 12
169200 5 40
169200 5 33
169200 5 21
169200 5 55
169200 5 69
169200 5 58
169200 6 69
169200 8 16
169200 9 69
169200 16 71
169200 18 40
169200 18 53
169200 21 40
169200 40 62
169200 40 53
169200 43 53
169200 53 69
169200 58 69
169200 62 74
169200 69 74
169500 1 30
169500 1 12
169500 1 40
169500 1 69
169500 1 55
169500 5 21
169500 5 33
169500 6 69
169500 8 16
169500 12 71
169500 14 48
169500 18 43
169500 21 69
169500 21 27
169500 40 62
169500 43 53
169500 43 49
169500 49 51
169500 49 55
169500 62 74
169500 69 74
169800 1 40
169800 1 12
169800 4 55
169800 5 33
169800 6 69
169800 8 16
169800 8 74
169800 8 43
169800 8 27
169800 12 16
169800 16 74
169800 18 40
169800 20 27
169800 21 40
169800 40 53
169800 43 53
169800 49 55
169800 58 74
169800 62 74
170100 4 55
170100 5 33
170100 8 74
170100 8 27
170100 12 58
170100 13 58
170100 20 27
170100 20 24
170100 20 58
170100 24 70
170100 49 55
170100 58 74
170400 1 69
170400 8 27
170400 8 52
170400 12 58
170400 12 62
170400 12 24
170400 13 21
170400 20 27
170400 20 24
170400 20 58
170400 21 37
170400 21 71
170400 21 58
170400 24 70
170400 24 58
170400 49 55
170400 55 58
170700 1 69
170700 1 62
170700 8 16
170700 8 52
170700 8 43
170700 11 37
170700 12 24
170700 15 59
170700 20 24
170700 20 58
170700 24 58
170700 24 70
170700 24 69
170700 27 69
170700 37 62
170700 40 52
171000 1 62
171000 1 53
171000 8 74
171000 11 37
171000 13 37
171000 15 37
171000 15 50
171000 20 27
171000 37 62
171000 40 55
171000 58 74
171300 1 62
171300 8 74
171300 11 37
171300 11 74
171300 11 55
171300 11 50
171300 12 24
171300 13 55
171300 15 37
171300 20 24
171300 24 70
171300 24 36
171300 24 37
171300 37 62
171600 1 69
171600 2 24
171600 2 12
171600 8 74
171600 8 12
171600 8 24
171600 11 55
171600 11 74
171600 13 55
171600 19 55
171600 24 37
171600 24 70
171600 37 62
171600 40 55
171900 2 12
171900 2 24
171900 8 74
171900 8 11
171900 12 24
171900 19 55
171900 24 70
171900 24 36
171900 59 63
172200 19 31
172200 24 36
172500 0 29
172500 1 55
172500 11 55
172500 23 37
172500 24 55
172500 24 41
172500 24 29
172500 24 61
172500 29 42
172500 41 61
172500 47 55
172500 47 63
172500 59 70
172800 0 29
172800 1 55
172800 1 11
172800 1 24
172800 3 27
172800 3 37
172800 5 31
172800 5 8
172800 8 11
172800 8 74
172800 8 42
172800 11 29
172800 22 55
172800 24 55
172800 24 29
172800 29 42
172800 29 47
172800 29 31
172800 29 38
172800 31 55
172800 31 63
172800 37 42
172800 38 42
172800 59 70
172800 63 70
173100 0 29
173100 1 55
173100 3 27
173100 3 37
173100 3 29
173100 5 31
173100 5 8
173100 5 55
173100 8 42
173100 8 11
173100 8 59
173100 8 31
173100 11 29
173100 24 55
173100 27 74
173100 27 55
173100 27 34
173100 27 29
173100 29 31
173100 29 42
173100 29 47
173100 31 63
173100 31 55
173100 31 42
173100 34 59
173100 36 59
173100 37 42
173100 42 74
173100 42 55
173100 59 74
173100 63 70
173400 1 55
173400 1 24
173400 3 29
173400 5 8
173400 8 59
173400 8 11
173400 8 31
173400 11 59
173400 16 27
173400 16 24
173400 18 59
173400 24 55
173400 27 74
173400 36 59
173400 59 74
173400 63 70
173700 1 24
173700 1 11
173700 1 16
173700 1 38
173700 3 29
173700 3 16
173700 8 59
173700 16 24
173700 16 27
173700 18 59
173700 36 59
174000 1 11
174000 1 16
174000 3 37
174000 5 31
174000 11 59
174000 16 27
174000 36 59
174000 37 42
174000 59 70
174300 3 37
174300 29 36
174300 29 31
174300 36 71
174300 36 67
174300 37 42
174600 0 28
174600 1 16
174600 1 38
174600 20 31
174600 36 71
174900 1 16
174900 9 42
174900 9 19
174900 11 59
174900 36 59
174900 36 71
174900 36 42
174900 59 70
175200 3 37
175200 11 59
175200 36 59
175200 38 70
175200 50 71
175200 59 70
175200 70 71
175500 1 70
175500 3 70
175500 11 59
175500 37 71
175500 38 70
175500 50 71
175500 59 71
175800 11 59
175800 11 46
175800 11 71
175800 21 60
175800 42 71
176100 1 54
176100 1 71
176100 11 59
176100 11 46
176100 11 71
176100 41 60
176100 60 69
176100 60 71
176100 61 69
176100 69 71
176400 11 46
176400 11 71
176400 11 61
176400 41 60
176400 60 69
176400 60 61
176700 0 26
176700 10 33
176700 11 46
176700 18 33
176700 21 37
176700 33 57
176700 57 69
176700 60 61
176700 64 69
176700 68 71
177000 1 54
177000 10 33
177000 10 61
177000 11 46
177000 18 33
177000 18 61
177000 18 41
177000 18 21
177000 21 37
177000 21 46
177000 21 69
177000 21 61
177000 33 57
177000 35 68
177000 37 68
177000 37 46
177000 41 69
177000 46 71
177000 48 71
177000 61 71
177300 18 71
177300 18 64
177300 18 34
177300 21 61
177300 21 46
177300 33 57
177300 35 68
177300 35 64
177300 37 68
177300 37 46
177300 53 61
177300 61 71
177600 4 46
177600 4 15
177600 4 18
177600 4 54
177600 15 46
177600 18 33
177600 18 64
177600 21 46
177600 21 69
177600 37 46
177900 4 54
177900 4 18
177900 10 61
177900 10 28
177900 10 50
177900 10 57
177900 10 29
177900 15 63
177900 37 46
178200 4 54
178200 10 57
178200 10 68
178200 21 26
178200 26 33
178200 26 49
178200 26 68
178200 37 46
178200 37 68
178200 42 68
178200 49 68
178500 4 54
178500 15 54
178500 21 26
178500 26 68
178500 29 42
178500 42 68
178500 46 54
178500 49 54
178500 54 68
178800 4 54
178800 15 54
178800 15 42
178800 21 26
178800 26 33
178800 26 49
178800 28 42
178800 44 46
178800 46 54
179100 4 55
179100 10 55
179100 17 55
179100 28 49
179100 44 46
179400 4 29
179400 11 46
179400 17 55
179400 28 49
179400 28 42
179700 4 46
179700 15 72
179700 17 55
179700 46 54
179700 46 53
179700 53 72
179700 55 72
180000 15 72
180000 15 19
180000 15 73
180000 15 46
180000 19 69
180000 19 55
180000 42 55
180000 46 73
180000 53 72
180000 55 73
180000 69 73
180000 69 72
180300 15 73
180300 17 46
180300 17 19
180300 17 42
180300 19 55
180300 39 42
180300 39 60
180300 42 55
180300 46 73
180300 46 53
180300 69 73
180600 4 19
180600 4 15
180600 17 42
180600 17 46
180600 17 69
180600 42 55
180600 69 73
180900 4 15
180900 15 19
180900 17 46
180900 19 69
180900 19 60
180900 36 60
180900 55 73
181200 4 15
181200 9 55
181200 15 73
181200 19 60
181200 19 55
181200 19 69
181200 19 73
181200 30 73
181500 3 73
181500 9 29
181500 15 73
181500 17 46
181500 17 42
181500 30 73
181800 9 29
181800 9 73
181800 17 42
181800 20 55
181800 30 73
181800 46 73
182100 2 73
182100 20 55
182100 22 60
182100 30 73
182100 30 52
182100 52 60
182400 2 60
182400 9 67
182400 20 55
182400 46 65
182700 2 22
182700 2 46
182700 9 29
182700 9 20
182700 9 22
182700 20 55
182700 22 67
182700 46 55
183000 0 42
183000 0 67
183000 2 46
183000 9 20
183000 42 67
183300 0 67
183300 0 42
183300 0 45
183300 8 55
183300 8 65
183300 9 65
183300 45 67
183600 0 45
183600 0 67
183600 0 42
183600 4 65
183600 4 9
183600 4 46
183600 9 65
183600 45 67
183900 0 45
183900 0 67
183900 0 4
183900 0 16
183900 9 65
183900 43 46
183900 45 67
183900 45 46
183900 45 55
184200 0 4
184200 0 67
184200 0 43
184200 4 9
184200 4 46
184200 4 65
184200 9 65
184200 9 23
184200 45 46
184200 45 67
184500 0 45
184500 4 65
184500 16 55
184500 45 67
184800 4 65
184800 4 46
184800 23 55
184800 45 53
185100 0 43
185100 0 4
185100 0 45
185100 12 23
185100 14 46
185100 16 55
185100 46 67
185100 46 53
185100 55 67
185400 0 43
185400 4 66
185400 12 23
185400 12 51
185400 14 46
185400 27 55
185400 27 46
185400 46 53
185400 46 67
185400 46 55
185700 4 66
185700 12 27
185700 27 55
185700 27 66
185700 27 60
185700 45 50
185700 46 53
185700 51 60
186000 2 60
186000 2 19
186000 19 66
186000 27 60
186000 44 60
186000 45 50
186000 45 66
186000 46 67
186000 51 60
186000 55 66
186300 0 43
186300 0 60
186300 2 42
186300 2 67
186300 2 45
186300 12 27
186300 19 42
186300 19 51
186300 27 60
186300 42 51
186300 44 60
186300 45 50
186300 51 60
186600 0 43
186600 0 60
186600 0 59
186600 2 42
186600 2 67
186600 28 67
186600 42 51
186600 42 52
186600 44 60
186600 50 51
186600 51 60
186600 59 60
186900 0 59
186900 0 60
186900 2 42
186900 19 51
186900 19 28
186900 28 67
186900 42 51
186900 43 71
186900 51 64
186900 51 71
186900 61 71
187200 0 59
187200 0 71
187200 0 28
187200 2 67
187200 2 42
187200 2 17
187200 5 42
187200 25 28
187200 28 42
187200 43 71
187200 51 64
187500 0 59
187500 5 42
187500 5 7
187500 44 60
187500 50 71
187500 51 60
187500 59 60
187800 0 71
187800 42 60
187800 44 60
187800 50 71
187800 51 60
187800 61 71
188100 0 43
188100 6 48
188100 28 42
188100 39 44
188100 42 43
188100 44 60
188100 50 71
188100 51 60
188400 0 71
188400 23 39
188400 23 51
188400 39 50
188400 44 60
188400 50 71
188400 50 51
188400 51 60
188700 0 60
188700 5 42
188700 6 48
188700 8 43
188700 23 39
188700 23 51
188700 28 42
188700 43 51
189000 3 48
189000 3 42
189000 5 42
189000 8 43
189000 23 39
189000 23 47
189000 42 43
189000 47 48
189000 51 60
189300 3 48
189300 3 42
189300 3 34
189300 3 33
189300 8 63
189300 8 33
189300 10 47
189300 23 47
189300 23 39
189300 23 63
189300 37 39
189300 47 48
189300 48 63
189300 50 71
189600 3 33
189600 3 42
189600 4 37
189600 5 42
189600 8 63
189600 8 43
189600 10 47
189600 10 28
189600 23 47
189600 23 63
189600 23 71
189600 47 48
189900 3 33
189900 3 48
189900 3 64
189900 4 5
189900 8 63
189900 10 28
189900 23 71
189900 23 63
189900 47 48
189900 48 63
190200 3 33
190200 3 64
190200 4 64
190200 23 63
190200 23 64
190200 37 39
190200 44 64
190500 3 33
190500 8 63
190500 23 63
190500 23 64
190500 28 33
190500 28 56
190800 3 33
190800 3 48
190800 8 64
190800 9 71
190800 9 48
190800 23 63
190800 33 63
190800 48 63
190800 48 71
190800 56 71
191100 3 48
191100 3 33
191100 3 28
191100 3 9
191100 4 56
191100 9 71
191100 9 48
191100 48 71
191100 56 71
191100 56 63
191400 3 9
191400 3 48
191400 3 28
191400 9 71
191400 9 48
191400 10 38
191400 23 64
191400 28 33
191400 28 64
191400 33 64
191400 38 71
191400 48 71
191400 56 71
191400 64 71
191700 3 9
191700 3 28
191700 8 68
191700 9 64
191700 10 68
191700 23 56
191700 28 33
191700 33 64
191700 38 71
192000 3 33
192000 3 28
192000 6 46
192000 6 68
192000 8 68
192000 10 46
192000 10 60
192000 23 46
192000 48 71
192000 56 71
192000 64 71
192000 68 71
192300 6 68
192300 6 18
192300 8 68
192300 8 48
192300 9 24
192300 10 60
192300 10 23
192300 23 46
192300 23 32
192300 68 71
192600 3 31
192600 6 68
192600 8 68
192600 8 48
192600 9 24
192600 10 46
192600 23 64
192600 28 62
192600 28 69
192600 47 48
192600 48 54
192600 60 69
192600 60 68
192900 3 33
192900 3 31
192900 8 48
192900 23 68
192900 28 62
192900 28 69
192900 32 68
192900 47 48
192900 48 54
193200 3 57
193200 9 60
193200 32 60
193500 3 69
193500 6 69
193500 8 54
193500 9 60
193500 21 72
193500 31 32
193500 32 68
193800 3 31
193800 3 69
193800 8 54
193800 32 33
193800 32 62
193800 47 48
193800 47 54
194100 3 57
194100 3 62
194100 3 60
194100 8 18
194100 31 32
194100 32 33
194100 32 62
194100 32 68
194100 47 54
194100 47 63
194100 62 63
194400 3 60
194400 3 62
194400 3 63
194400 3 72
194400 6 17
194400 8 18
194400 33 60
194400 47 54
194700 3 63
194700 8 18
194700 8 69
194700 8 60
194700 32 62
194700 32 33
195000 8 18
195000 8 69
195000 8 68
195000 8 60
195000 16 69
195000 32 62
195000 32 70
195000 33 60
195000 47 54
195000 69 70
195000 70 73
195300 23 70
195300 32 70
195300 32 35
195300 70 73
195600 3 69
195600 8 60
195600 16 63
195600 33 72
195600 47 54
195600 54 60
195600 60 73
195900 16 69
195900 16 63
195900 16 33
195900 18 60
195900 23 63
195900 33 72
195900 63 68
196200 3 69
196200 16 69
196200 16 73
196200 16 18
196200 63 69
196200 63 72
196200 70 73
196500 16 18
196500 23 66
196500 47 66
196500 63 68
196800 23 63
196800 23 60
196800 23 72
196800 63 72
196800 63 68
197100 3 69
197100 23 63
197100 23 72
197100 31 52
197100 63 70
197400 3 69
197400 3 25
197400 16 69
197400 31 52
197700 24 69
197700 63 68
197700 63 72
198000 69 70
198300 43 63
198600 7 43
198900 7 43
200700 39 70
201000 24 37
201300 39 52
201600 27 52
201900 32 52
202200 39 52
202200 39 61
202500 39 61
202800 32 64
206100 61 68
208200 15 61
208500 52 61
231300 2 23
231600 40 61
231900 40 61
234000 3 26
234000 27 67
234300 23 39
234900 12 21
234900 21 27
235200 21 27
235200 21 38
235200 22 27
235500 21 71
235500 22 27
235500 22 71
235800 27 38
238800 53 63
239400 18 24
239700 24 65
239700 60 72
239700 65 72
240000 38 39
240600 39 46
240900 46 72
241200 39 46
241500 46 55
241800 23 53
242100 6 39
242100 6 73
242400 6 73
242400 6 10
242400 6 39
242400 29 46
242400 39 72
242700 6 73
242700 6 10
242700 6 29
242700 39 72
243000 39 72
243300 5 10
243300 5 39
243300 39 72
243600 20 45
243600 31 68
243600 53 68
243900 10 72
244200 53 68
244200 58 64
244500 20 45
244500 30 32
244500 31 68
244500 32 64
244800 53 68
244800 57 64
244800 57 68
245100 23 58
245100 32 52
245100 43 52
245400 1 23
245400 1 9
245400 9 23
245400 32 52
245400 43 52
245400 53 68
245700 1 15
245700 1 60
245700 23 43
245700 32 52
245700 53 68
246000 8 15
246000 15 39
246000 15 53
246000 44 45
246000 53 68
246300 8 15
246300 11 35
246300 15 39
246300 15 53
246300 15 51
246300 21 51
246300 21 44
246300 39 45
246300 53 68
246600 0 51
246600 8 15
246600 11 21
246600 15 53
246600 15 39
246600 21 44
246600 28 48
246600 32 52
246600 39 45
246600 39 68
246600 44 45
246600 45 60
246600 48 73
246600 51 68
246600 52 68
246600 53 68
246600 56 68
246900 0 51
246900 0 15
246900 0 48
246900 0 44
246900 0 43
246900 0 60
246900 8 15
246900 15 39
246900 15 48
246900 15 51
246900 15 60
246900 21 44
246900 32 52
246900 32 44
246900 39 68
246900 43 60
246900 44 45
246900 48 60
246900 48 51
246900 51 68
246900 52 68
246900 53 68
246900 56 68
246900 56 60
247200 0 44
247200 0 60
247200 0 43
247200 8 15
247200 15 60
247200 16 36
247200 16 45
247200 21 44
247200 43 60
247200 43 44
247200 44 45
247200 53 68
247200 56 60
247500 0 48
247500 11 21
247500 15 60
247500 16 45
247500 16 36
247500 16 21
247500 21 44
247500 43 44
247500 44 45
247500 44 48
247500 48 60
247800 11 68
247800 11 46
247800 12 39
247800 12 15
247800 12 16
247800 12 45
247800 16 36
247800 46 61
248100 0 60
248100 11 46
248100 11 45
248100 43 60
248100 46 68
248100 56 60
248400 0 60
248400 8 60
248400 8 46
248400 12 46
248400 12 60
248400 44 48
248400 46 68
248400 46 56
248400 46 60
248400 48 60
248700 2 30
248700 8 60
248700 8 67
248700 12 60
248700 46 60
248700 46 56
248700 46 68
248700 48 60
249000 0 60
249000 0 68
249000 2 30
249000 23 48
249000 40 68
249000 46 56
249000 48 60
249300 2 30
249300 34 40
249300 46 56
249300 47 51
249600 0 68
249600 0 34
249600 0 30
249600 0 19
249600 12 60
249600 34 40
249600 46 56
249600 46 67
249600 46 60
249900 0 34
249900 12 60
249900 34 40
249900 40 70
249900 46 60
249900 46 67
249900 46 56
249900 46 62
249900 46 74
249900 48 56
249900 56 74
249900 56 67
250200 0 33
250200 4 74
250200 4 40
250200 12 60
250200 34 40
250200 34 74
250200 46 74
250200 46 62
250200 46 60
250200 67 70
250200 70 74
250500 0 12
250500 8 52
250500 12 60
250500 12 46
250500 12 53
250500 12 70
250500 46 62
250500 46 67
250500 46 60
250500 46 74
250500 56 67
250500 56 62
250500 67 70
250800 0 12
250800 0 34
250800 12 60
250800 12 46
250800 12 48
250800 12 74
250800 12 62
250800 41 60
250800 41 62
250800 41 56
250800 48 60
251100 0 34
251100 4 13
251100 8 52
251100 13 56
251100 34 62
251100 36 68
251100 48 62
251100 56 74
251400 3 62
251400 8 52
251400 8 39
251400 8 67
251400 13 56
251400 35 48
251400 36 67
251400 41 62
251400 46 74
251400 48 67
251400 52 67
251400 54 62
251400 56 67
251400 56 62
251400 62 74
251400 64 67
251400 67 70
251700 0 35
251700 3 12
251700 8 39
251700 8 67
251700 8 60
251700 8 46
251700 12 48
251700 13 56
251700 34 74
251700 34 62
251700 35 48
251700 35 41
251700 36 67
251700 39 46
251700 39 48
251700 41 62
251700 46 74
251700 48 67
251700 56 67
251700 56 62
251700 56 64
251700 64 67
251700 67 70
252000 0 35
252000 8 39
252000 8 60
252000 13 54
252000 35 41
252000 35 39
252000 35 60
252000 36 47
252000 39 48
252000 39 46
252000 39 56
252000 41 54
252000 41 46
252000 46 47
252000 56 62
252000 56 67
252000 67 70
252300 0 36
252300 3 41
252300 13 56
252300 35 60
252300 35 39
252300 36 54
252300 39 56
252300 41 62
252300 41 54
252300 41 44
252300 41 47
252300 41 46
252300 44 70
252600 3 12
252600 3 41
252600 3 13
252600 3 39
252600 8 36
252600 13 56
252600 35 39
252600 35 60
252600 36 54
252600 39 46
252600 39 56
252600 41 44
252600 44 74
252600 44 65
252900 0 62
252900 0 47
252900 3 41
252900 3 39
252900 3 12
252900 3 36
252900 3 8
252900 3 44
252900 8 36
252900 8 46
252900 8 41
252900 13 56
252900 35 39
252900 35 60
252900 39 56
252900 41 46
252900 60 62
253200 0 62
253200 3 44
253200 3 8
253200 3 12
253200 8 46
253200 8 41
253200 8 36
253200 8 35
253200 8 60
253200 8 74
253200 8 43
253200 12 74
253200 28 43
253200 35 60
253200 35 39
253200 43 60
253200 56 74
253500 8 46
253500 8 41
253500 13 36
253500 26 36
253500 28 43
253500 35 60
253500 35 39
253500 36 43
253500 43 44
253500 60 62
253800 3 39
253800 8 46
253800 8 35
253800 12 44
253800 12 47
253800 12 39
253800 28 43
253800 35 60
253800 35 39
253800 39 56
253800 41 47
253800 60 62
254100 12 74
254100 12 47
254100 12 39
254100 14 56
254100 14 39
254100 28 43
254100 39 56
254100 39 41
254100 39 46
254100 44 56
254100 44 47
254100 56 74
254100 56 62
254100 60 62
254400 3 56
254400 12 74
254400 28 47
254400 36 43
254400 36 56
254400 39 46
254400 41 62
254400 41 56
254400 43 46
254400 44 56
254400 56 74
254400 60 62
254700 1 3
254700 1 62
254700 1 9
254700 3 39
254700 3 36
254700 3 62
254700 3 71
254700 12 74
254700 14 36
254700 28 36
254700 28 62
254700 36 56
254700 36 61
254700 36 62
254700 36 41
254700 39 46
254700 41 62
254700 41 56
254700 60 62
255000 0 39
255000 0 12
255000 0 3
255000 3 62
255000 3 36
255000 3 71
255000 3 39
255000 3 11
255000 3 41
255000 3 72
255000 3 61
255000 4 61
255000 4 14
255000 4 43
255000 4 72
255000 14 56
255000 14 36
255000 14 41
255000 14 43
255000 28 62
255000 28 43
255000 30 61
255000 36 62
255000 36 43
255000 39 46
255000 41 56
255000 43 46
255300 0 39
255300 0 12
255300 3 39
255300 4 14
255300 4 72
255300 4 43
255300 11 72
255300 14 41
255300 14 43
255300 14 56
255300 14 30
255300 27 46
255300 36 56
255300 39 46
255300 41 56
255300 43 46
255300 51 74
255300 70 72
255600 0 12
255600 0 39
255600 3 39
255600 11 61
255600 11 56
255600 11 41
255600 11 31
255600 11 68
255600 14 30
255600 27 46
255600 39 46
255600 41 56
255600 43 46
255900 0 39
255900 0 12
255900 11 56
255900 11 68
255900 11 41
255900 11 31
255900 11 72
255900 11 74
255900 11 37
255900 30 37
255900 35 37
255900 37 72
255900 37 56
255900 37 41
255900 39 46
255900 41 72
255900 51 74
256200 0 39
256200 0 12
256200 4 72
256200 10 51
256200 11 37
256200 14 56
256200 16 72
256200 16 39
256200 27 46
256200 35 37
256200 35 51
256200 36 74
256200 37 56
256200 39 46
256200 39 51
256200 43 46
256200 51 56
256200 51 72
256500 4 72
256500 10 51
256500 14 61
256500 16 72
256500 16 39
256500 27 58
256500 27 72
256500 35 51
256500 35 37
256500 39 51
256500 51 72
256500 58 72
256800 4 72
256800 4 24
256800 4 42
256800 16 72
256800 24 72
256800 24 36
256800 27 72
256800 27 58
256800 35 37
256800 35 51
256800 35 43
256800 36 39
256800 36 50
256800 36 46
256800 39 51
256800 39 42
256800 39 72
256800 39 43
256800 46 48
256800 58 72
257100 0 43
257100 0 36
257100 0 24
257100 4 24
257100 4 42
257100 4 72
257100 14 24
257100 24 36
257100 24 48
257100 24 37
257100 24 43
257100 27 46
257100 35 37
257100 35 43
257100 36 46
257100 36 50
257100 36 48
257100 37 48
257100 39 46
257100 39 42
257100 43 46
257400 0 43
257400 0 24
257400 0 19
257400 0 74
257400 2 42
257400 4 42
257400 4 24
257400 11 35
257400 24 36
257400 24 48
257400 35 37
257400 35 43
257400 36 48
257400 36 50
257400 36 46
257400 37 48
257400 37 46
257400 45 74
257700 0 43
257700 2 42
257700 2 5
257700 2 45
257700 2 19
257700 2 68
257700 2 50
257700 35 43
257700 35 37
257700 36 39
257700 39 72
257700 39 51
257700 39 43
257700 45 74
257700 46 68
257700 50 72
257700 58 72
257700 68 72
258000 0 24
258000 0 43
258000 0 68
258000 2 68
258000 2 5
258000 2 50
258000 2 24
258000 2 51
258000 4 24
258000 4 50
258000 5 46
258000 24 36
258000 35 43
258000 35 37
258000 40 68
258000 46 68
258000 49 68
258000 50 72
258000 58 72
258000 68 72
258300 0 36
258300 2 5
258300 4 35
258300 17 36
258300 24 36
258300 24 72
258300 35 43
258300 35 37
258300 36 48
258300 39 43
258300 39 45
258300 39 67
258300 45 48
258300 50 72
258300 50 73
258300 68 72
258600 0 36
258600 2 5
258600 4 35
258600 17 36
258600 35 37
258600 36 68
258600 36 40
258600 36 42
258600 37 46
258600 37 74
258600 39 43
258600 39 46
258600 40 68
258600 44 74
258600 49 68
258600 51 68
258900 0 36
258900 0 17
258900 0 44
258900 4 17
258900 4 24
258900 12 51
258900 12 45
258900 17 36
258900 17 37
258900 17 44
258900 17 35
258900 35 37
258900 35 44
258900 36 68
258900 39 45
258900 39 67
258900 39 46
258900 44 45
258900 58 72
259200 0 36
259200 0 24
259200 4 17
259200 4 24
259200 4 38
259200 12 45
259200 12 51
259200 12 24
259200 12 38
259200 12 36
259200 12 35
259200 17 40
259200 24 45
259200 35 37
259200 35 72
259200 35 38
259200 35 49
259200 36 48
259200 36 44
259200 39 67
259200 40 74
259200 45 48
259200 48 49
259200 49 68
259500 0 24
259500 4 17
259500 4 74
259500 12 24
259500 12 35
259500 12 45
259500 12 38
259500 12 51
259500 12 67
259500 12 17
259500 17 35
259500 17 37
259500 17 38
259500 17 53
259500 21 45
259500 22 24
259500 24 45
259500 24 25
259500 24 67
259500 24 35
259500 35 38
259500 35 37
259500 35 49
259500 37 74
259500 37 46
259500 37 67
259500 38 67
259500 38 45
259500 67 74
259800 3 58
259800 4 74
259800 4 32
259800 25 32
259800 35 38
259800 37 74
259800 38 44
259800 39 67
259800 48 74
260100 4 32
260100 4 69
260100 8 53
260100 12 17
260100 14 69
260100 17 37
260100 17 53
260100 17 38
260100 17 44
260100 32 66
260100 37 46
260100 44 48
260100 48 69
260100 48 66
260100 66 69
260400 0 41
260400 8 58
260400 32 66
260400 41 66
260400 41 58
260400 44 48
260400 44 58
260400 48 66
260400 48 58
260400 58 69
260400 66 69
260700 0 41
260700 1 10
260700 2 38
260700 3 32
260700 4 32
260700 8 32
260700 25 32
260700 41 58
260700 44 58
260700 48 58
260700 58 69
261000 0 62
261000 1 66
261000 2 17
261000 8 32
261000 8 58
261000 12 17
261000 17 44
261000 17 38
261000 17 37
261000 25 32
261000 25 62
261000 32 66
261000 38 66
261300 0 17
261300 1 66
261300 1 17
261300 1 25
261300 2 17
261300 4 32
261300 8 32
261300 8 25
261300 8 15
261300 17 38
261300 17 44
261300 17 69
261300 17 25
261300 25 32
261300 32 37
261300 38 66
261600 0 62
261600 0 41
261600 1 25
261600 1 66
261600 8 25
261600 8 32
261600 12 61
261600 15 38
261600 17 25
261600 38 66
261600 58 70
261900 0 19
261900 0 2
261900 0 61
261900 8 58
261900 19 61
261900 38 66
261900 58 70
262200 0 61
262200 0 2
262200 8 58
262200 8 25
262200 8 32
262200 14 58
262200 38 58
262200 44 58
262200 58 65
262200 65 70
262500 0 62
262500 1 25
262500 8 32
262500 8 61
262500 8 44
262500 17 25
262500 44 62
262500 44 61
262500 58 70
262500 61 62
262500 61 66
262800 0 62
262800 0 2
262800 0 66
262800 1 25
262800 1 21
262800 4 21
262800 4 57
262800 8 44
262800 14 44
262800 21 57
262800 31 57
262800 44 62
262800 58 65
262800 61 62
262800 65 70
263100 4 21
263100 4 57
263100 8 58
263100 8 61
263100 8 62
263100 21 57
263100 31 57
263100 31 62
263100 58 65
263100 61 62
263100 65 70
263400 1 25
263400 4 57
263400 8 62
263400 25 71
263400 27 71
263400 31 57
263400 57 71
263400 57 70
263400 58 65
263700 21 27
263700 27 30
263700 27 70
263700 27 66
263700 41 66
264000 27 30
264000 57 61
264000 58 65
264000 61 66
264000 61 64
264300 12 22
264300 20 71
264300 22 70
264300 27 30
264300 58 65
264300 61 71
264600 20 71
264600 20 56
264600 27 30
264600 27 70
264600 50 61
264600 56 61
264600 58 65
264600 61 63
264900 20 56
264900 27 70
264900 27 30
264900 27 55
264900 31 55
264900 31 50
264900 50 55
264900 55 56
264900 55 59
264900 58 65
265200 20 27
265200 27 30
265200 27 70
265200 31 50
265200 31 55
265200 55 56
265200 58 65
265500 15 20
265500 15 55
265500 15 36
265500 20 71
265500 27 30
265500 31 55
265500 31 50
265500 55 56
265800 2 4
265800 2 58
265800 2 30
265800 2 70
265800 2 45
265800 4 20
265800 15 36
265800 30 71
265800 30 65
265800 31 55
265800 36 49
265800 49 58
265800 49 65
265800 55 56
265800 58 65
266100 2 4
266100 2 70
266100 2 30
266100 4 20
266100 10 71
266100 15 37
266100 37 49
266100 49 58
266100 53 70
266400 2 58
266400 2 70
266400 2 45
266400 4 20
266400 15 37
266400 15 20
266400 18 37
266400 49 58
266400 49 55
266400 53 58
266700 15 37
266700 20 44
266700 20 37
266700 37 44
266700 39 44
266700 44 71
266700 49 58
266700 49 55
267000 2 70
267000 4 49
267000 4 18
267000 18 37
267000 18 45
267000 21 45
267000 39 44
267000 44 71
267000 44 50
267300 2 70
267300 2 32
267300 4 18
267300 17 70
267300 18 45
267300 20 37
267300 37 44
267300 44 50
267300 48 70
267600 8 20
267600 18 37
267600 44 50
267600 51 55
267600 51 58
267900 2 55
267900 8 20
267900 20 73
267900 20 55
267900 22 71
267900 37 44
267900 51 55
267900 51 58
268200 18 37
268200 22 71
268200 45 49
268200 49 50
268200 51 55
268500 10 37
268500 15 18
268500 18 37
268500 18 63
268500 45 49
268800 5 63
268800 45 49
269100 5 63
269100 10 65
269100 22 65
269100 22 38
269100 29 65
269100 38 51
269100 45 65
269400 10 65
269400 10 29
269400 22 38
269400 22 65
269400 29 65
269400 29 51
269400 34 45
269400 45 65
269400 45 63
269700 15 43
269700 22 38
269700 22 43
269700 22 63
269700 29 65
269700 51 52
270000 10 63
270000 15 63
270000 45 63
270000 51 52
270000 63 65
270300 7 51
270300 15 63
270300 15 51
270300 34 45
270300 40 45
270300 51 63
270300 63 65
270600 7 51
270600 10 20
270600 19 51
270600 34 45
270600 40 45
270900 7 51
270900 19 68
270900 52 61
270900 52 63
270900 52 68
270900 63 69
271200 7 51
271200 15 63
271200 15 20
271200 15 32
271200 51 63
271200 52 68
271200 52 63
271200 63 69
271200 63 65
271200 63 68
271200 68 69
271500 3 51
271500 7 51
271500 15 63
271500 15 32
271500 45 69
271500 45 63
271500 51 63
271500 51 69
271500 52 68
271500 52 63
271500 63 65
271800 7 65
271800 15 63
271800 16 51
271800 20 33
271800 20 69
271800 45 69
271800 45 63
271800 51 69
271800 51 68
271800 52 63
271800 63 65
272100 7 65
272100 15 20
272100 15 45
272100 23 65
272100 23 32
272100 45 69
272100 45 59
272100 56 59
272400 7 18
272400 7 23
272400 8 45
272400 15 20
272400 15 45
272400 23 32
272400 23 59
272400 45 59
272400 56 59
272700 7 39
272700 9 43
273000 7 18
273000 7 23
273000 9 43
273000 10 42
273000 23 43
273000 30 74
273000 39 42
273000 43 44
273300 7 18
273300 10 42
273300 10 20
273300 23 43
273300 23 66
273300 30 74
273300 43 66
273600 3 60
273600 7 18
273600 7 66
273600 8 10
273600 10 42
273600 10 16
273600 10 23
273600 23 66
273600 28 39
273600 30 74
273600 43 66
273600 47 65
273900 2 17
273900 2 7
273900 7 18
273900 7 39
273900 8 60
273900 10 42
273900 17 30
273900 21 39
273900 23 66
273900 28 39
273900 39 43
273900 47 65
274200 3 23
274200 5 28
274200 7 18
274200 7 39
274200 7 28
274200 10 42
274200 12 28
274200 16 39
274200 18 39
274200 21 54
274200 28 39
274500 3 42
274500 5 28
274500 5 43
274500 7 28
274500 7 17
274500 10 42
274500 12 28
274500 17 43
274500 21 54
274500 21 42
274500 21 43
274500 28 43
274800 3 42
274800 3 23
274800 5 43
274800 10 42
274800 10 43
274800 10 23
274800 17 43
274800 21 43
275100 3 42
275100 3 53
275100 5 42
275100 7 17
275100 10 22
275100 12 21
275100 22 42
275400 3 53
275400 3 22
275400 5 42
275400 21 54
275700 3 23
275700 11 53
276000 3 23
276000 11 53
276000 23 54
276300 11 53
276300 23 56
276600 11 53
276900 12 29
276900 29 56
277200 7 56
277200 12 29
277200 29 56
277200 29 53
277500 7 53
277500 28 53
277500 29 56
277500 29 53
277500 53 56
277800 7 53
277800 19 56
277800 53 56
278100 7 53
278100 19 56
278100 19 20
278400 19 56
278400 29 53
278400 56 58
278700 7 63
278700 29 53
279000 58 63
279300 28 53
279300 29 53
279600 7 63
279600 29 49
279600 58 63
279900 29 68
279900 58 61
280200 20 58
280200 29 49
280200 29 68
280200 58 68
280500 20 58
280500 58 61
280500 68 70
280800 6 68
280800 6 52
280800 6 39
280800 11 25
281100 6 39
281100 29 68
281100 43 68
281100 58 68
281400 13 45
281400 13 48
281400 38 48
281400 58 68
281400 60 68
281700 9 58
281700 9 43
281700 29 68
281700 29 58
282000 9 43
282000 43 60
282300 9 43
282300 13 45
282300 21 43
282300 21 45
282300 29 68
282300 43 60
282600 9 43
282600 20 29
282600 20 45
282600 29 68
282600 45 60
282900 20 21
282900 24 29
282900 24 43
282900 24 44
282900 43 60
282900 43 44
283200 13 19
283200 20 45
283200 21 43
283200 24 43
283200 29 67
283200 43 44
283200 43 67
283500 21 43
283500 29 67
283500 45 68
283800 23 44
283800 29 67
283800 45 68
284100 20 29
284100 29 67
284400 23 67
284700 42 45
285000 23 67
285000 29 67
285300 4 28
285600 2 28
285600 2 36
286200 37 53
287100 39 40
287100 39 63
287400 39 40
287700 39 63
287700 39 42
288600 31 58
288600 31 74
288900 31 58
288900 31 74
289500 31 58
289800 31 74
290100 31 58
291900 17 19
292200 19 46
292500 14 19
292500 19 29
292800 14 32
293700 22 59
295200 44 57
298200 25 65
321000 72 73
323100 2 50
323700 2 3
323700 2 45
324000 2 45
324300 2 45
324300 3 5
324300 3 42
324300 5 62
324600 2 5
324600 2 3
324600 3 5
324600 3 42
324900 2 5
324900 3 42
324900 15 42
324900 38 62
324900 42 62
324900 45 71
325200 2 5
325200 2 42
325200 15 37
325200 22 42
325200 38 62
325500 2 42
325500 2 5
325500 3 5
325500 3 71
325500 5 45
325500 15 37
325500 38 62
325500 42 45
325800 2 42
325800 2 5
325800 2 15
325800 7 64
325800 15 37
325800 25 62
325800 38 62
325800 42 62
326100 2 5
326100 7 64
326100 42 62
326400 3 5
326400 3 38
326400 3 45
326400 5 45
326400 7 64
326400 42 62
326400 57 71
326700 2 15
326700 2 5
326700 2 3
326700 5 45
326700 7 64
326700 41 42
326700 41 57
327000 2 3
327000 3 5
327000 3 64
327000 5 45
327000 7 64
327000 7 40
327000 41 42
327000 50 58
327000 58 71
327300 3 5
327300 3 64
327300 5 45
327300 7 64
327300 7 71
327300 41 42
327300 50 58
327300 58 71
327600 2 5
327600 2 7
327600 2 64
327600 3 5
327600 7 71
327600 7 64
327600 19 35
327600 41 42
327600 50 58
327600 58 71
327900 2 5
327900 2 74
327900 3 5
327900 3 64
327900 5 74
327900 7 64
327900 7 41
327900 11 41
327900 50 58
327900 58 71
328200 0 64
328200 2 74
328200 5 74
328200 5 9
328200 7 41
328200 7 9
328200 18 64
328200 18 58
328200 42 58
328200 50 58
328200 55 58
328200 58 71
328500 2 74
328500 9 67
328500 9 41
328500 9 40
328500 9 71
328500 11 69
328500 18 64
328500 41 67
328500 58 71
328800 2 74
328800 2 5
328800 8 24
328800 9 67
328800 9 40
328800 9 71
328800 18 64
328800 41 67
328800 41 71
329100 2 20
329100 2 18
329100 9 67
329100 9 40
329100 9 71
329100 18 64
329100 20 41
329100 20 24
329100 41 71
329100 41 74
329100 41 64
329100 62 67
329100 62 64
329400 2 18
329400 2 20
329400 2 14
329400 2 17
329400 2 24
329400 2 50
329400 2 67
329400 9 67
329400 9 40
329400 11 69
329400 17 64
329400 17 36
329400 41 74
329700 2 18
329700 2 67
329700 9 40
329700 9 67
329700 9 26
329700 13 64
329700 17 64
329700 24 48
329700 24 26
329700 26 50
329700 26 48
329700 48 66
330000 2 67
330000 2 18
330000 9 40
330000 18 67
330000 24 48
330000 26 54
330000 26 50
330000 48 66
330000 54 73
330000 54 67
330300 1 54
330300 2 18
330300 2 17
330300 9 40
330300 9 26
330300 17 18
330300 18 67
330300 24 64
330300 24 26
330300 26 66
330300 26 64
330300 48 66
330300 54 67
330300 54 73
330600 2 18
330600 2 17
330600 9 40
330600 9 67
330600 13 18
330600 18 67
330600 24 66
330600 24 54
330600 26 66
330600 40 54
330900 23 40
330900 23 54
330900 26 64
330900 40 54
331200 1 3
331200 9 67
331200 12 73
331200 23 40
331200 24 64
331500 1 3
331500 9 40
331500 12 69
331500 23 54
331800 1 12
332100 3 38
332100 11 67
332100 38 65
332400 6 38
332400 7 44
332400 15 38
332400 15 55
332400 15 44
332400 44 62
332400 44 49
332400 49 62
332400 69 73
332700 13 15
332700 38 57
332700 65 69
332700 69 73
333000 13 15
333000 13 45
333000 13 57
333000 45 57
333000 57 73
333300 13 45
333300 13 57
333300 44 49
333300 45 57
333300 45 52
333300 57 73
333600 6 53
333600 6 74
333600 6 23
333600 13 57
333600 23 53
333600 44 49
333600 45 74
333600 57 73
333600 69 73
333900 6 23
333900 6 74
333900 13 57
333900 22 38
333900 23 53
333900 38 53
333900 44 49
333900 45 53
333900 45 64
333900 45 49
333900 57 73
334200 5 49
334200 6 74
334200 6 23
334200 13 57
334200 23 53
334200 23 49
334200 36 49
334200 44 49
334200 49 64
334200 57 73
334500 6 74
334500 13 57
334500 19 69
334500 23 53
334500 26 64
334500 34 64
334500 34 58
334500 38 58
334500 38 69
334500 38 52
334500 44 49
334500 45 74
334500 49 64
334500 57 73
334500 58 64
334500 58 69
334800 6 74
334800 19 38
334800 19 74
334800 26 64
334800 34 64
334800 38 52
334800 38 58
334800 45 69
334800 52 58
334800 58 64
334800 58 74
335100 2 44
335100 2 26
335100 6 74
335100 6 43
335100 19 57
335100 26 64
335100 34 64
335100 38 58
335100 38 52
335100 38 48
335100 44 49
335100 44 57
335100 45 69
335100 45 48
335100 48 74
335100 48 58
335100 48 69
335100 48 57
335100 58 64
335100 58 74
335400 6 74
335400 26 64
335400 34 64
335400 38 48
335400 38 57
335400 43 44
335400 44 57
335400 44 49
335400 45 48
335400 45 69
335400 45 57
335400 48 69
335400 48 57
335400 48 74
335400 48 56
335400 49 64
335400 52 58
335400 56 66
335400 57 66
335700 13 66
335700 26 64
335700 26 74
335700 26 45
335700 26 52
335700 26 66
335700 26 34
335700 36 45
335700 36 66
335700 45 69
335700 45 57
335700 48 74
335700 48 56
335700 56 66
336000 13 66
336000 21 52
336000 26 45
336000 26 52
336000 26 64
336000 36 45
336000 36 38
336000 38 48
336000 38 58
336000 45 64
336000 48 74
336000 48 56
336300 13 64
336300 26 64
336300 34 64
336300 36 66
336300 44 64
336300 48 74
336300 48 56
336600 5 41
336600 5 48
336600 13 66
336600 13 64
336600 26 45
336600 34 64
336600 36 66
336600 36 64
336600 44 64
336600 45 64
336600 47 64
336600 48 74
336600 48 56
336900 1 44
336900 5 74
336900 5 38
336900 13 64
336900 18 38
336900 26 45
336900 34 64
336900 36 66
336900 36 38
336900 38 48
336900 38 56
336900 38 47
336900 45 64
336900 48 56
337200 5 38
337200 11 20
337200 11 56
337200 13 64
337200 13 66
337200 13 41
337200 20 34
337200 20 66
337200 34 64
337200 34 41
337200 34 48
337200 34 66
337200 36 38
337200 36 66
337200 38 48
337200 38 47
337200 48 56
337200 56 66
337500 1 34
337500 1 20
337500 1 18
337500 1 11
337500 5 38
337500 11 20
337500 11 56
337500 11 45
337500 13 41
337500 13 64
337500 13 45
337500 20 34
337500 20 66
337500 20 58
337500 34 41
337500 34 64
337500 36 66
337500 38 56
337800 1 20
337800 1 11
337800 11 20
337800 13 41
337800 13 45
337800 20 58
337800 34 48
337800 34 41
337800 41 48
337800 45 74
337800 48 56
337800 58 66
338100 1 20
338100 1 66
338100 1 17
338100 11 20
338100 13 41
338100 17 56
338100 20 58
338100 20 66
338100 20 67
338100 28 64
338100 38 66
338100 45 74
338100 58 66
338400 1 17
338400 1 58
338400 1 66
338400 13 45
338400 15 58
338400 17 56
338400 17 67
338400 28 64
338400 33 64
338400 34 41
338400 34 58
338400 38 56
338400 38 66
338400 45 74
338400 45 66
338700 1 17
338700 1 64
338700 2 62
338700 2 37
338700 13 64
338700 15 58
338700 15 37
338700 17 56
338700 17 45
338700 28 64
338700 43 64
338700 45 74
338700 45 66
338700 45 48
338700 56 64
339000 1 28
339000 2 62
339000 2 37
339000 2 11
339000 15 58
339000 17 45
339000 28 44
339000 28 56
339000 28 52
339000 28 45
339000 38 56
339000 45 48
339000 45 64
339000 48 62
339000 56 64
339300 1 58
339300 1 28
339300 2 62
339300 2 37
339300 2 15
339300 2 43
339300 11 74
339300 28 44
339300 28 52
339300 28 56
339300 28 45
339300 38 56
339300 44 62
339300 56 64
339300 62 67
339600 1 48
339600 2 62
339600 2 37
339600 2 15
339600 24 58
339600 41 58
339600 45 64
339600 48 62
339600 48 61
339600 48 58
339600 52 61
339600 56 64
339900 1 48
339900 1 64
339900 11 17
339900 11 67
339900 17 56
339900 17 41
339900 28 56
339900 38 56
339900 41 58
339900 41 56
339900 45 64
339900 48 62
339900 52 61
339900 56 64
340200 1 28
340200 1 58
340200 8 52
340200 11 67
340200 11 17
340200 28 56
340200 28 45
340200 38 45
340200 45 64
340200 48 58
340200 48 61
340200 56 64
340200 58 62
340500 1 28
340500 8 52
340500 8 28
340500 11 17
340500 17 56
340500 17 48
340500 17 34
340500 28 56
340500 28 45
340500 28 52
340500 34 45
340500 45 64
340500 48 61
340500 56 64
340800 8 28
340800 14 45
340800 14 58
340800 27 48
340800 27 30
340800 28 56
340800 28 52
340800 28 34
340800 45 64
340800 48 61
340800 48 62
340800 56 64
341100 8 58
341100 9 27
341100 11 38
341100 14 45
341100 27 48
341100 28 56
341100 38 45
341100 45 64
341100 45 58
341100 48 61
341100 56 64
341400 1 62
341400 8 58
341400 8 45
341400 8 17
341400 9 27
341400 14 45
341400 17 62
341400 27 45
341400 34 45
341400 38 62
341400 38 58
341400 48 61
341400 56 64
341700 3 14
341700 3 61
341700 3 7
341700 3 53
341700 3 38
341700 5 64
341700 8 58
341700 9 27
341700 38 58
341700 48 61
342000 3 14
342000 4 38
342000 4 7
342000 7 14
342000 8 58
342000 9 27
342000 11 38
342000 48 61
342300 3 14
342300 3 8
342300 4 38
342300 4 48
342300 7 62
342300 8 17
342300 9 48
342300 9 58
342300 11 38
342300 38 58
342300 48 61
342600 3 14
342600 4 26
342600 4 5
342600 7 26
342600 11 38
342600 26 49
342600 26 61
342600 26 48
342600 48 61
342900 3 14
342900 4 26
342900 4 7
342900 5 17
342900 5 11
342900 7 62
342900 7 26
342900 7 38
342900 7 73
342900 11 57
342900 17 57
342900 26 61
342900 26 47
343200 4 26
343200 4 32
343200 4 47
343200 5 17
343200 5 11
343200 7 62
343200 11 57
343200 11 47
343200 17 57
343200 17 51
343200 32 49
343200 32 74
343200 38 74
343500 4 32
343500 4 47
343500 4 7
343500 5 11
343500 7 62
343500 11 57
343500 11 47
343500 11 34
343500 25 40
343500 32 49
343500 32 74
343500 32 48
343500 32 34
343500 32 73
343500 34 49
343500 38 74
343500 48 63
343500 49 57
343800 4 7
343800 7 26
343800 7 62
343800 7 38
343800 7 25
343800 9 26
343800 11 47
343800 11 34
343800 17 57
343800 25 51
343800 25 38
343800 26 61
343800 26 41
343800 26 73
343800 32 34
343800 34 49
343800 34 73
343800 34 70
343800 34 38
343800 38 74
343800 48 70
343800 49 57
344100 0 49
344100 4 49
344100 7 38
344100 7 26
344100 11 49
344100 19 51
344100 25 51
344100 25 38
344100 26 73
344100 26 41
344100 26 51
344100 32 49
344100 34 49
344100 34 73
344100 41 51
344100 48 70
344100 49 57
344100 49 51
344400 7 41
344400 11 57
344400 19 48
344400 21 51
344400 25 51
344400 25 48
344400 26 73
344400 26 41
344400 38 57
344400 41 66
344400 48 66
344700 0 31
344700 7 41
344700 11 47
344700 11 57
344700 11 66
344700 19 48
344700 19 66
344700 26 73
344700 26 51
344700 26 41
344700 26 31
344700 41 66
344700 48 66
345000 0 1
345000 0 25
345000 1 6
345000 7 41
345000 7 63
345000 7 11
345000 11 66
345000 11 51
345000 19 66
345000 31 51
345000 41 66
345000 48 66
345300 0 31
345300 0 25
345300 0 19
345300 7 41
345300 7 19
345300 11 51
345300 19 56
345300 19 57
345300 25 56
345300 31 51
345300 38 57
345600 0 19
345600 0 25
345600 0 57
345600 19 56
345600 19 25
345600 25 56
345600 26 41
345600 28 64
345600 31 51
345600 41 74
345900 0 25
345900 0 57
345900 11 51
345900 25 56
345900 25 26
345900 25 49
345900 27 73
345900 28 64
345900 41 74
346200 0 57
346200 11 51
346200 24 49
346200 40 73
346200 40 49
346200 41 74
346200 49 73
346200 49 71
346200 72 73
346500 0 49
346500 5 60
346500 24 47
346500 40 73
346500 47 51
346500 47 49
346500 47 57
346500 49 73
346500 49 57
346500 57 74
346500 57 73
346500 60 74
346500 72 73
346800 5 72
346800 9 51
346800 9 74
346800 9 56
346800 9 34
346800 57 74
346800 72 73
347100 5 49
347100 5 22
347100 9 51
347100 9 74
347100 9 56
347100 22 56
347100 47 57
347100 47 49
347100 49 57
347100 57 74
347100 57 73
347400 5 72
347400 7 51
347400 9 74
347400 20 72
347400 26 35
347400 35 74
347400 35 49
347400 49 72
347700 7 41
347700 9 74
347700 10 56
347700 10 25
347700 10 41
347700 25 30
347700 30 41
347700 35 56
347700 41 51
347700 47 49
347700 57 74
348000 9 51
348000 9 74
348000 9 56
348000 10 47
348000 10 32
348000 10 74
348000 22 74
348000 25 30
348000 30 41
348000 35 49
348000 41 51
348000 47 49
348000 57 74
