0 0 123
0 1 51
0 10 44
0 14 115
0 18 122
0 24 38
0 27 103
0 28 110
0 46 95
0 58 118
0 62 73
0 97 103
300 0 123
300 1 51
300 14 110
300 24 38
300 24 97
300 27 103
300 38 123
300 58 118
600 1 51
600 6 123
600 24 38
600 34 122
600 34 123
600 34 63
600 43 84
600 53 63
600 79 123
900 1 51
900 6 44
900 6 46
900 10 123
900 12 46
900 34 123
900 34 63
900 34 121
900 34 53
900 34 46
900 43 84
900 46 70
900 46 53
900 46 104
900 53 123
900 53 118
900 104 123
900 104 108
1200 1 51
1200 6 46
1200 10 39
1200 12 46
1200 17 90
1200 17 64
1200 19 110
1200 24 38
1200 34 122
1200 34 123
1200 34 53
1200 34 63
1200 34 113
1200 39 113
1200 39 104
1200 46 104
1200 46 53
1200 52 90
1200 53 90
1200 61 110
1200 64 101
1200 91 108
1200 104 108
1200 104 123
1500 3 34
1500 6 46
1500 9 64
1500 10 123
1500 17 90
1500 22 90
1500 27 104
1500 34 53
1500 34 63
1500 39 53
1500 40 114
1500 41 58
1500 41 113
1500 41 123
1500 42 58
1500 46 104
1500 53 118
1500 53 123
1500 53 58
1500 58 76
1500 61 110
1500 82 90
1500 90 123
1500 91 123
1500 104 123
1500 104 108
1500 114 123
1800 2 55
1800 6 46
1800 10 123
1800 12 46
1800 13 39
1800 13 95
1800 14 120
1800 14 90
1800 14 123
1800 14 34
1800 14 46
1800 14 55
1800 14 83
1800 34 53
1800 34 46
1800 34 55
1800 34 50
1800 40 64
1800 41 123
1800 41 58
1800 41 55
1800 41 51
1800 42 58
1800 46 104
1800 55 66
1800 56 111
1800 58 83
1800 60 76
1800 61 110
1800 90 123
1800 91 123
2100 1 27
2100 3 34
2100 12 46
2100 13 95
2100 13 39
2100 13 88
2100 14 46
2100 14 34
2100 14 90
2100 31 122
2100 31 40
2100 34 46
2100 34 55
2100 40 79
2100 40 51
2100 41 123
2100 41 55
2100 41 90
2100 42 58
2100 49 104
2100 51 71
2100 61 110
2100 91 123
2400 5 27
2400 6 46
2400 8 63
2400 8 41
2400 13 88
2400 13 39
2400 27 100
2400 31 122
2400 31 40
2400 34 53
2400 40 51
2400 41 51
2400 41 84
2400 41 44
2400 41 93
2400 42 58
2400 50 63
2400 51 71
2400 61 110
2400 63 85
2400 63 121
2400 85 121
2400 113 120
2700 5 27
2700 5 107
2700 5 86
2700 6 46
2700 13 88
2700 13 39
2700 13 86
2700 17 34
2700 31 40
2700 31 122
2700 34 55
2700 36 60
2700 39 107
2700 40 51
2700 41 51
2700 41 55
2700 41 89
2700 50 63
2700 51 71
2700 51 85
2700 60 107
2700 63 85
2700 63 118
2700 63 120
2700 63 96
2700 63 108
2700 113 116
3000 5 27
3000 6 46
3000 13 88
3000 15 106
3000 17 34
3000 27 100
3000 29 39
3000 31 122
3000 33 94
3000 35 93
3000 36 55
3000 39 107
3000 39 120
3000 40 51
3000 41 51
3000 46 57
3000 50 63
3000 51 106
3000 55 108
3000 63 120
3000 63 121
3000 63 96
3000 85 121
3000 85 93
3000 91 111
3000 93 120
3000 96 106
3000 106 120
3000 108 122
3000 108 118
3000 113 116
3300 5 86
3300 6 46
3300 9 32
3300 13 88
3300 15 106
3300 15 74
3300 17 34
3300 27 74
3300 29 39
3300 29 106
3300 32 96
3300 32 63
3300 32 105
3300 39 107
3300 39 120
3300 41 51
3300 50 63
3300 53 120
3300 53 74
3300 63 120
3300 74 96
3300 74 104
3300 74 87
3300 92 112
3300 93 120
3300 96 106
3600 6 46
3600 6 92
3600 9 32
3600 13 88
3600 15 106
3600 15 74
3600 24 81
3600 26 74
3600 32 63
3600 32 69
3600 32 74
3600 32 42
3600 35 93
3600 39 120
3600 39 107
3600 41 51
3600 69 99
3600 73 74
3600 74 87
3600 74 96
3600 85 105
3600 86 87
3600 92 105
3600 100 105
3900 6 92
3900 6 46
3900 9 32
3900 13 88
3900 15 21
3900 15 97
3900 15 81
3900 21 96
3900 32 42
3900 35 93
3900 39 107
3900 44 52
3900 73 74
3900 74 96
3900 81 97
3900 91 120
3900 91 97
3900 92 105
3900 96 97
3900 96 110
4200 6 92
4200 6 46
4200 9 32
4200 21 96
4200 27 118
4200 32 74
4200 35 93
4200 39 107
4200 44 52
4200 49 77
4200 49 85
4200 73 74
4200 85 105
4200 91 97
4200 92 105
4200 96 110
4500 6 46
4500 15 81
4500 18 90
4500 43 94
4500 44 52
4500 49 85
4500 49 77
4500 76 98
4500 81 97
4500 85 105
4500 91 97
4500 92 105
4800 6 92
4800 15 81
4800 18 90
4800 20 79
4800 21 96
4800 27 118
4800 32 74
4800 44 52
4800 49 77
4800 76 79
4800 85 105
4800 91 97
5100 1 113
5100 1 71
5100 18 90
5100 20 79
5100 21 96
5100 44 52
5100 49 77
5100 52 60
5100 85 105
5100 92 105
5400 1 113
5400 11 63
5400 12 25
5400 12 47
5400 18 90
5400 20 79
5400 21 96
5400 85 105
5400 92 105
5700 12 47
5700 18 90
5700 21 96
5700 49 73
5700 60 73
5700 78 100
5700 92 105
6000 5 68
6000 9 46
6000 12 47
6000 14 107
6000 18 90
6000 21 96
6000 30 96
6000 92 105
6000 106 114
6300 0 110
6300 12 47
6300 14 107
6300 18 90
6300 35 99
6300 35 88
6300 55 88
6300 61 88
6300 92 105
6600 5 68
6600 12 47
6600 18 90
6600 47 121
6600 92 105
6600 98 117
6900 1 63
6900 1 86
6900 5 68
6900 12 47
6900 14 107
6900 14 104
6900 55 88
6900 78 118
6900 98 117
7200 0 104
7200 1 63
7200 5 68
7200 14 107
7200 28 32
7200 50 60
7200 50 104
7200 60 83
7200 77 104
7200 98 117
7500 0 49
7500 5 68
7500 48 74
7500 49 69
7500 50 60
7500 55 88
7500 60 83
7500 98 117
7800 0 49
7800 5 68
7800 5 120
7800 22 120
7800 25 120
7800 37 107
7800 37 115
7800 37 73
7800 38 115
7800 38 105
7800 60 83
7800 60 106
7800 63 106
7800 63 115
7800 73 120
7800 77 120
7800 77 107
7800 97 120
7800 97 107
7800 105 120
7800 105 115
7800 106 120
7800 107 120
8100 0 49
8100 0 105
8100 0 28
8100 0 106
8100 5 120
8100 5 70
8100 22 106
8100 25 107
8100 25 105
8100 28 120
8100 28 107
8100 31 106
8100 37 105
8100 38 115
8100 38 105
8100 48 106
8100 51 106
8100 60 106
8100 67 70
8100 70 106
8100 70 107
8100 73 120
8100 77 107
8100 77 120
8100 97 120
8100 105 120
8100 105 106
8100 106 114
8100 106 107
8100 107 120
8400 2 43
8400 5 120
8400 22 114
8400 25 105
8400 25 107
8400 33 65
8400 37 73
8400 37 105
8400 37 76
8400 38 105
8400 38 115
8400 51 106
8400 65 74
8400 76 104
8400 76 98
8400 77 104
8400 91 98
8400 97 120
8700 2 76
8700 4 97
8700 4 101
8700 4 39
8700 5 101
8700 5 89
8700 5 76
8700 20 49
8700 25 105
8700 33 65
8700 38 115
8700 38 105
8700 49 55
8700 65 74
8700 76 98
8700 76 104
8700 76 101
8700 76 105
8700 77 104
8700 101 104
9000 4 97
9000 4 101
9000 4 121
9000 4 55
9000 4 68
9000 5 101
9000 5 89
9000 20 49
9000 26 39
9000 27 91
9000 33 65
9000 33 55
9000 34 121
9000 38 115
9000 38 105
9000 39 90
9000 47 71
9000 51 64
9000 55 90
9000 55 64
9000 64 90
9000 68 101
9000 68 84
9000 85 106
9000 90 106
9000 96 114
9300 4 68
9300 4 101
9300 4 87
9300 17 68
9300 20 49
9300 27 91
9300 38 115
9300 38 105
9300 39 77
9300 39 68
9300 39 54
9300 47 62
9300 49 55
9300 53 100
9300 54 106
9300 54 64
9300 55 62
9300 64 90
9300 64 81
9300 68 101
9300 68 106
9300 68 82
9300 68 89
9300 76 98
9300 85 106
9300 90 106
9600 1 17
9600 2 87
9600 2 55
9600 4 121
9600 4 101
9600 12 72
9600 20 49
9600 27 91
9600 38 105
9600 38 115
9600 38 46
9600 38 72
9600 39 72
9600 46 87
9600 47 62
9600 47 96
9600 49 69
9600 49 62
9600 54 64
9600 55 62
9600 55 72
9600 62 72
9600 64 81
9600 68 106
9600 68 101
9600 68 92
9600 72 86
9600 72 96
9600 72 92
9600 76 98
9600 83 86
9600 85 106
9900 1 17
9900 2 44
9900 2 36
9900 2 40
9900 2 121
9900 2 7
9900 2 69
9900 4 101
9900 4 39
9900 4 72
9900 7 44
9900 20 49
9900 24 39
9900 24 47
9900 24 44
9900 24 99
9900 27 91
9900 31 46
9900 31 122
9900 38 105
9900 38 41
9900 39 44
9900 39 72
9900 44 89
9900 44 121
9900 44 47
9900 46 72
9900 46 114
9900 47 114
9900 47 86
9900 49 69
9900 53 100
9900 54 64
9900 62 72
9900 68 101
9900 68 92
9900 72 96
9900 72 92
9900 72 86
9900 72 99
9900 76 98
9900 83 86
10200 0 72
10200 1 17
10200 2 44
10200 2 121
10200 6 114
10200 7 44
10200 7 91
10200 8 114
10200 8 36
10200 10 114
10200 10 43
10200 16 43
10200 20 49
10200 24 39
10200 24 44
10200 24 99
10200 24 47
10200 24 46
10200 31 122
10200 31 46
10200 36 38
10200 38 105
10200 38 46
10200 39 99
10200 39 104
10200 43 46
10200 43 44
10200 44 89
10200 44 47
10200 44 114
10200 46 87
10200 46 91
10200 46 98
10200 53 100
10200 60 98
10200 68 92
10200 68 101
10200 72 96
10200 72 86
10200 72 92
10200 76 98
10200 98 100
10200 101 103
10500 0 72
10500 1 17
10500 1 116
10500 1 100
10500 1 45
10500 1 68
10500 2 44
10500 3 45
10500 6 114
10500 7 44
10500 7 91
10500 7 100
10500 8 36
10500 10 100
10500 13 100
10500 24 47
10500 24 46
10500 24 99
10500 28 45
10500 28 100
10500 28 86
10500 28 92
10500 31 122
10500 31 98
10500 34 100
10500 36 38
10500 39 99
10500 39 67
10500 39 89
10500 41 116
10500 44 47
10500 44 114
10500 45 67
10500 45 100
10500 46 98
10500 46 116
10500 49 92
10500 54 64
10500 60 98
10500 68 92
10500 72 99
10500 72 96
10500 85 99
10500 91 98
10500 97 100
10500 98 100
10500 100 116
10500 100 121
10800 1 100
10800 1 68
10800 1 45
10800 3 45
10800 6 114
10800 7 100
10800 7 91
10800 7 44
10800 7 73
10800 8 114
10800 8 36
10800 13 100
10800 14 99
10800 16 43
10800 24 99
10800 28 45
10800 34 96
10800 36 38
10800 37 78
10800 37 92
10800 41 116
10800 45 100
10800 45 67
10800 45 62
10800 46 116
10800 54 64
10800 60 62
10800 60 96
10800 60 99
10800 62 102
10800 62 116
10800 62 78
10800 62 76
10800 62 71
10800 62 72
10800 68 76
10800 68 106
10800 68 80
10800 71 89
10800 72 99
10800 72 102
10800 92 106
10800 92 96
10800 96 98
10800 97 100
10800 98 106
10800 98 112
10800 100 116
11100 0 72
11100 0 62
11100 1 100
11100 3 45
11100 5 37
11100 5 95
11100 5 22
11100 7 91
11100 8 36
11100 10 116
11100 10 22
11100 10 113
11100 10 98
11100 10 36
11100 16 43
11100 22 62
11100 22 54
11100 22 102
11100 22 71
11100 22 116
11100 24 47
11100 27 45
11100 27 95
11100 28 45
11100 30 92
11100 36 38
11100 37 92
11100 37 78
11100 40 47
11100 40 98
11100 41 116
11100 44 47
11100 45 62
11100 46 98
11100 47 68
11100 49 92
11100 54 64
11100 57 68
11100 60 92
11100 62 116
11100 62 102
11100 62 98
11100 67 96
11100 68 80
11100 68 92
11100 68 102
11100 68 97
11100 68 98
11100 71 89
11100 72 102
11100 89 98
11100 91 98
11100 96 98
11100 98 100
11100 98 106
11100 98 112
11100 109 116
11400 0 72
11400 0 89
11400 0 46
11400 5 73
11400 6 114
11400 7 106
11400 8 114
11400 13 102
11400 16 43
11400 22 71
11400 36 38
11400 37 78
11400 41 116
11400 44 120
11400 46 83
11400 54 64
11400 68 102
11400 68 80
11400 72 102
11400 78 97
11400 91 98
11400 102 122
11700 0 83
11700 0 97
11700 1 100
11700 7 113
11700 10 113
11700 32 44
11700 36 38
11700 36 117
11700 37 57
11700 40 98
11700 40 47
11700 68 80
11700 72 102
11700 78 97
12000 0 97
12000 0 71
12000 4 14
12000 5 37
12000 7 106
12000 16 113
12000 32 44
12000 32 120
12000 36 38
12000 37 57
12000 39 113
12000 40 98
12000 42 113
12000 68 80
12300 0 71
12300 0 16
12300 1 100
12300 5 37
12300 7 113
12300 11 71
12300 16 113
12300 25 45
12300 25 28
12300 36 38
12300 39 113
12300 72 102
12300 79 104
12300 80 106
12600 1 100
12600 5 37
12600 11 71
12600 30 37
12600 32 44
12600 32 120
12600 36 38
12600 39 113
12600 45 79
12600 68 100
12600 80 106
12900 0 16
12900 5 37
12900 7 113
12900 11 71
12900 12 31
12900 18 116
12900 25 45
12900 30 72
12900 39 113
12900 68 100
13200 0 16
13200 5 37
13200 7 113
13200 12 31
13200 25 45
13200 30 33
13200 31 45
13200 39 113
13200 68 77
13200 72 116
13500 5 37
13500 11 71
13500 28 72
13500 30 33
13500 31 45
13500 39 113
13500 49 68
13500 56 77
13500 72 116
13500 73 113
13800 5 56
13800 5 74
13800 5 115
13800 28 72
13800 28 69
13800 28 84
13800 29 77
13800 30 33
13800 31 45
13800 33 45
13800 39 113
13800 68 77
13800 73 113
13800 84 114
14100 5 74
14100 28 32
14100 29 77
14100 30 33
14100 31 45
14100 33 45
14100 33 74
14100 39 113
14100 68 77
14100 73 113
14100 78 114
14400 5 74
14400 28 32
14400 29 77
14400 33 45
14400 68 77
14400 88 98
14700 3 33
14700 28 32
14700 29 77
14700 68 77
14700 106 122
15000 3 33
15000 3 51
15000 3 31
15000 3 38
15000 3 105
15000 10 118
15000 12 70
15000 28 32
15000 29 77
15000 33 105
15000 68 77
15000 70 96
15000 96 105
15000 112 119
15300 3 31
15300 3 105
15300 10 118
15300 10 22
15300 12 70
15300 22 59
15300 28 32
15300 29 77
15300 38 50
15300 57 87
15300 68 77
15300 76 96
15300 95 96
15600 10 118
15600 22 59
15600 38 50
15600 44 57
15600 44 45
15600 57 87
15600 68 77
15600 70 100
15600 112 119
15900 3 105
15900 15 41
15900 22 59
15900 25 75
15900 25 77
15900 28 43
15900 39 103
15900 44 57
15900 44 45
15900 68 77
15900 70 100
15900 70 77
15900 70 72
15900 75 77
16200 1 123
16200 1 38
16200 5 41
16200 15 41
16200 15 70
16200 15 38
16200 21 38
16200 28 43
16200 28 45
16200 28 38
16200 34 38
16200 38 50
16200 38 71
16200 38 43
16200 44 45
16200 60 70
16200 60 94
16200 62 92
16200 70 77
16200 70 72
16200 75 77
16500 5 41
16500 6 43
16500 25 75
16500 28 38
16500 28 45
16500 34 38
16500 38 71
16500 38 40
16500 39 101
16500 40 101
16500 41 101
16500 41 77
16500 43 101
16500 44 45
16500 89 110
16500 92 101
16800 6 43
16800 6 104
16800 6 41
16800 15 41
16800 28 38
16800 28 41
16800 44 45
16800 52 123
16800 60 70
16800 65 82
16800 75 82
16800 99 123
17100 6 41
17100 6 104
17100 9 25
17100 10 73
17100 12 94
17100 15 41
17100 24 92
17100 28 41
17100 32 82
17100 32 92
17100 73 92
17100 82 115
17400 4 10
17400 6 104
17400 14 20
17400 14 105
17400 14 40
17400 15 41
17400 15 67
17400 24 92
17400 42 96
17400 45 72
17400 52 123
17400 94 97
17700 6 104
17700 6 42
17700 12 75
17700 15 67
17700 41 116
17700 41 67
17700 75 122
17700 116 123
17700 116 122
18000 3 94
18000 6 42
18000 6 104
18000 12 119
18000 15 67
18000 39 119
18000 41 52
18000 42 96
18300 6 104
18300 15 67
18300 19 94
18300 22 115
18300 30 98
18300 30 63
18300 38 81
18300 39 115
18300 44 119
18300 53 94
18300 63 98
18300 63 115
18300 81 94
18300 94 98
18600 2 7
18600 2 75
18600 3 94
18600 10 38
18600 12 119
18600 19 94
18600 19 65
18600 22 115
18600 27 94
18600 30 94
18600 38 47
18600 38 63
18600 38 66
18600 38 44
18600 39 119
18600 51 66
18600 51 63
18600 63 115
18600 63 98
18600 63 75
18600 79 99
18600 84 94
18900 2 66
18900 3 94
18900 3 84
18900 3 6
18900 5 66
18900 6 104
18900 6 115
18900 8 27
18900 10 38
18900 10 94
18900 10 67
18900 19 65
18900 22 115
18900 27 94
18900 27 75
18900 27 114
18900 27 66
18900 30 94
18900 31 98
18900 31 115
18900 38 66
18900 38 47
18900 39 115
18900 39 63
18900 51 66
18900 53 94
18900 63 66
18900 81 94
18900 84 111
18900 84 114
19200 3 84
19200 5 66
19200 6 115
19200 8 27
19200 8 84
19200 9 84
19200 9 115
19200 10 94
19200 10 17
19200 15 84
19200 15 40
19200 22 115
19200 22 104
19200 22 81
19200 26 61
19200 27 66
19200 27 75
19200 38 66
19200 38 115
19200 39 115
19200 46 104
19200 51 66
19200 61 67
19200 61 84
19200 63 66
19200 79 99
19200 84 111
19500 3 84
19500 3 79
19500 8 84
19500 8 27
19500 9 84
19500 9 115
19500 9 38
19500 9 30
19500 9 117
19500 17 40
19500 18 27
19500 19 65
19500 22 104
19500 22 81
19500 22 115
19500 22 111
19500 22 73
19500 22 75
19500 22 99
19500 26 115
19500 26 79
19500 30 95
19500 30 75
19500 39 115
19500 51 66
19500 63 66
19500 75 117
19500 84 111
19800 5 27
19800 8 27
19800 8 84
19800 9 38
19800 9 117
19800 9 30
19800 9 84
19800 9 19
19800 18 27
19800 18 19
19800 19 104
19800 19 27
19800 22 104
19800 22 111
19800 22 81
19800 22 115
19800 22 117
19800 26 115
19800 27 104
19800 27 46
19800 27 30
19800 27 72
19800 27 115
19800 27 117
19800 29 104
19800 30 67
19800 44 117
19800 51 66
19800 67 104
19800 69 91
19800 72 95
19800 72 90
19800 75 117
19800 84 111
19800 93 115
19800 99 104
20100 3 84
20100 5 27
20100 8 27
20100 9 84
20100 9 30
20100 9 38
20100 9 117
20100 14 26
20100 17 40
20100 19 104
20100 19 107
20100 22 115
20100 22 111
20100 22 117
20100 26 79
20100 27 30
20100 27 117
20100 27 40
20100 27 104
20100 27 68
20100 30 95
20100 30 72
20100 44 117
20100 67 81
20100 68 81
20100 69 91
20100 72 99
20100 84 111
20400 3 84
20400 8 27
20400 8 93
20400 8 10
20400 8 64
20400 8 84
20400 8 69
20400 9 19
20400 9 117
20400 9 84
20400 9 30
20400 19 104
20400 22 111
20400 26 112
20400 26 90
20400 26 100
20400 27 40
20400 27 104
20400 27 117
20400 28 36
20400 30 72
20400 30 44
20400 38 75
20400 40 68
20400 40 99
20400 40 112
20400 40 90
20400 67 81
20400 68 81
20400 69 91
20400 84 111
20400 84 121
20400 90 99
20700 2 5
20700 5 27
20700 5 113
20700 8 84
20700 8 93
20700 8 69
20700 9 117
20700 9 84
20700 19 104
20700 19 107
20700 26 90
20700 27 117
20700 27 104
20700 27 40
20700 40 99
20700 40 112
20700 40 90
20700 41 112
20700 50 84
20700 83 114
20700 84 111
20700 90 99
20700 91 116
21000 2 22
21000 8 93
21000 8 84
21000 9 84
21000 12 62
21000 12 55
21000 19 104
21000 19 107
21000 19 32
21000 26 112
21000 26 90
21000 32 65
21000 32 91
21000 40 112
21000 41 112
21000 53 65
21000 53 112
21000 55 80
21000 62 112
21000 65 83
21000 69 91
21000 83 84
21000 84 111
21000 84 112
21000 90 99
21300 2 5
21300 5 27
21300 5 114
21300 8 84
21300 12 114
21300 19 32
21300 26 90
21300 26 112
21300 27 84
21300 32 91
21300 40 65
21300 41 112
21300 47 91
21300 50 84
21300 50 65
21300 50 114
21300 50 55
21300 50 56
21300 53 65
21300 53 112
21300 55 80
21300 80 83
21300 84 111
21600 2 5
21600 5 50
21600 9 84
21600 12 27
21600 12 32
21600 12 50
21600 19 32
21600 19 104
21600 25 53
21600 26 112
21600 32 91
21600 32 119
21600 48 50
21600 50 114
21600 50 65
21600 50 67
21600 53 65
21600 53 112
21600 65 80
21600 65 119
21600 80 91
21600 83 84
21600 84 111
21600 84 112
21600 84 119
21600 91 119
21900 2 5
21900 4 60
21900 5 114
21900 7 84
21900 12 113
21900 23 28
21900 25 53
21900 26 112
21900 28 93
21900 46 60
21900 48 84
21900 48 105
21900 48 57
21900 50 60
21900 50 67
21900 50 119
21900 53 112
21900 53 65
21900 55 80
21900 57 84
21900 60 112
21900 60 61
21900 61 67
21900 61 112
21900 65 80
21900 65 119
21900 67 113
21900 71 112
21900 80 83
21900 84 111
21900 91 119
22200 7 84
22200 12 50
22200 12 32
22200 12 113
22200 12 28
22200 25 53
22200 27 71
22200 28 93
22200 28 104
22200 31 119
22200 32 91
22200 32 119
22200 38 108
22200 38 46
22200 46 60
22200 46 120
22200 46 93
22200 48 84
22200 50 119
22200 50 65
22200 53 65
22200 53 112
22200 60 112
22200 60 61
22200 65 119
22200 67 113
22200 71 112
22200 84 112
22200 91 119
22200 96 101
22200 108 114
22500 5 114
22500 10 12
22500 12 50
22500 12 32
22500 12 113
22500 12 28
22500 12 58
22500 17 58
22500 17 105
22500 25 53
22500 28 93
22500 32 119
22500 32 111
22500 32 43
22500 36 55
22500 43 113
22500 50 119
22500 50 60
22500 50 67
22500 53 65
22500 53 112
22500 55 112
22500 58 113
22500 60 112
22500 67 113
22500 67 84
22500 74 76
22500 91 119
22800 2 112
22800 2 120
22800 5 114
22800 10 67
22800 10 57
22800 10 55
22800 12 58
22800 12 113
22800 14 109
22800 25 53
22800 38 108
22800 38 46
22800 43 113
22800 43 109
22800 46 93
22800 57 84
22800 58 113
22800 58 87
22800 58 109
22800 60 109
22800 67 84
23100 2 120
23100 2 112
23100 12 28
23100 12 113
23100 12 50
23100 15 75
23100 28 93
23100 34 101
23100 34 38
23100 38 46
23100 38 108
23100 38 92
23100 38 120
23100 38 101
23100 45 81
23100 47 101
23100 47 95
23100 47 81
23100 50 119
23100 50 60
23100 50 67
23100 55 68
23100 57 84
23100 60 109
23100 60 101
23100 61 108
23100 68 81
23100 68 75
23400 2 112
23400 5 114
23400 12 50
23400 12 28
23400 17 50
23400 28 93
23400 28 35
23400 34 101
23400 38 101
23400 38 92
23400 38 46
23400 38 112
23400 38 47
23400 41 112
23400 43 109
23400 47 95
23400 47 81
23400 47 116
23400 50 119
23400 50 68
23400 55 68
23400 60 101
23400 63 68
23400 68 75
23400 92 112
23400 95 112
23700 12 28
23700 12 64
23700 12 50
23700 16 90
23700 17 50
23700 28 35
23700 34 81
23700 38 112
23700 38 101
23700 41 112
23700 43 50
23700 43 81
23700 43 88
23700 47 95
23700 50 68
23700 50 86
23700 50 81
23700 55 68
23700 60 101
23700 90 95
23700 92 112
23700 104 108
24000 12 50
24000 12 28
24000 17 50
24000 28 36
24000 38 47
24000 40 116
24000 43 88
24000 43 81
24000 43 50
24000 47 95
24000 55 68
24000 60 101
24000 63 68
24000 68 88
24000 88 101
24000 88 121
24000 88 116
24000 89 116
24000 92 104
24000 104 108
24300 12 28
24300 12 50
24300 12 110
24300 12 36
24300 17 50
24300 36 88
24300 36 89
24300 38 112
24300 39 89
24300 43 50
24300 43 81
24300 43 88
24300 50 116
24300 60 101
24300 63 68
24300 88 116
24300 88 89
24300 88 104
24300 92 112
24300 104 108
24600 2 119
24600 12 110
24600 12 28
24600 12 36
24600 17 50
24600 27 112
24600 43 50
24600 43 81
24600 60 108
24600 64 108
24600 68 86
24600 74 112
24600 88 89
24600 92 112
24600 108 116
24900 2 119
24900 12 36
24900 12 110
24900 12 28
24900 17 116
24900 27 112
24900 32 39
24900 32 86
24900 39 50
24900 39 92
24900 43 81
24900 43 64
24900 43 60
24900 60 68
24900 74 110
24900 79 123
24900 79 118
24900 79 81
24900 108 116
25200 2 119
25200 12 28
25200 15 79
25200 17 116
25200 18 112
25200 20 116
25200 27 112
25200 43 64
25200 79 123
25200 79 118
25200 79 81
25200 79 116
25200 87 116
25500 2 119
25500 12 36
25500 12 28
25500 20 36
25500 20 76
25500 20 99
25500 36 43
25500 38 71
25500 38 43
25500 38 86
25500 38 87
25500 43 79
25500 51 86
25500 67 79
25500 78 79
25500 79 118
25500 80 86
25500 87 116
25800 17 64
25800 36 43
25800 38 87
25800 40 48
25800 40 56
25800 51 86
25800 78 79
25800 79 118
25800 87 116
26100 12 28
26100 12 36
26100 17 64
26100 28 71
26100 40 56
26100 51 86
26100 64 67
26100 78 79
26100 78 121
26100 87 116
26400 12 28
26400 25 59
26400 28 71
26400 28 50
26400 38 87
26400 51 121
26400 60 70
26400 64 67
26400 79 118
26700 12 28
26700 12 36
26700 28 50
26700 28 71
26700 38 87
26700 44 93
26700 44 70
26700 78 121
27000 1 56
27000 12 28
27000 25 59
27000 29 121
27000 44 70
27000 78 121
27000 79 118
27300 1 63
27300 23 25
27300 39 67
27300 44 70
27300 71 118
27300 78 121
27600 11 102
27600 23 25
27600 25 59
27600 33 72
27600 43 57
27600 47 68
27900 23 25
27900 25 59
27900 39 67
27900 71 118
27900 72 75
27900 102 114
28200 23 25
28200 25 59
28200 43 68
28200 47 68
28200 71 118
28200 110 114
28200 116 122
28500 25 59
28500 39 67
28500 39 51
28500 43 46
28500 51 116
28500 71 118
28500 116 122
28800 22 100
28800 39 67
28800 43 46
29100 22 100
29100 36 108
29100 43 59
29400 4 60
29400 4 93
29400 29 60
29400 43 46
29400 43 60
29700 4 93
29700 4 36
29700 16 36
29700 29 36
29700 43 60
29700 43 79
30000 16 36
30000 16 105
30000 17 52
30000 17 66
30000 17 79
30000 36 66
30000 52 66
30000 52 123
30000 89 111
30300 16 119
30300 36 66
30300 39 46
30300 52 66
30300 83 100
30300 89 99
30600 36 37
30600 39 46
30600 39 100
30600 39 59
30600 59 100
30600 83 100
30900 32 59
30900 32 53
30900 36 37
30900 39 119
30900 45 59
30900 45 118
30900 59 100
30900 59 118
30900 59 83
30900 83 100
30900 88 107
31200 73 105
31200 88 107
31500 23 33
31500 36 37
31500 41 51
31500 51 73
31500 52 88
31500 73 105
31800 21 27
31800 23 100
31800 41 51
31800 50 51
31800 73 100
31800 88 107
31800 100 105
32100 20 120
32100 20 94
32100 20 26
32100 41 51
32400 15 97
32400 20 120
32400 41 51
32400 49 97
32400 59 97
32400 97 119
32700 29 31
32700 32 122
32700 38 84
32700 41 51
32700 42 122
33000 38 84
33300 19 42
33300 29 51
33300 38 84
33300 41 51
33600 18 61
33600 18 29
33600 18 105
33600 29 105
33600 38 84
33900 19 42
33900 29 105
33900 29 51
34200 27 116
34200 27 84
34200 29 105
34200 100 116
34500 29 51
35100 5 26
35100 26 76
35400 28 68
35700 76 117
36000 19 32
37200 76 90
37800 39 76
39000 19 110
39000 88 110
39600 78 110
80100 55 120
81300 33 91
81300 33 90
81300 35 106
81300 91 106
81600 91 106
81900 27 84
82200 18 24
82200 18 46
82200 24 81
82200 24 46
82200 24 116
82500 2 62
82500 18 62
82500 18 47
82500 27 84
82500 46 79
82500 62 79
82500 62 85
82800 27 46
82800 46 79
83100 24 111
83400 4 111
83400 24 111
83400 24 47
83400 46 79
83400 49 66
83700 97 119
84000 24 111
84000 46 79
84300 12 46
84300 24 111
84300 46 121
84600 2 82
84600 24 111
84900 47 99
85200 68 121
85800 34 81
86100 83 114
87000 13 47
87000 13 113
87000 32 101
87000 67 89
87000 68 101
87000 89 104
87000 101 104
87000 104 115
87000 104 119
87000 111 120
87300 3 37
87300 8 104
87300 13 113
87300 13 47
87300 37 104
87300 37 43
87300 53 104
87300 70 108
87300 70 92
87300 80 119
87300 85 92
87300 89 104
87300 101 104
87300 104 115
87600 8 104
87600 8 26
87600 13 47
87600 13 40
87600 19 26
87600 26 40
87600 32 73
87600 37 40
87600 41 80
87600 53 104
87600 69 104
87600 70 92
87600 104 119
87600 104 115
87900 8 103
87900 13 47
87900 19 112
87900 25 112
87900 29 112
87900 32 73
87900 32 100
87900 36 83
87900 37 104
87900 37 53
87900 40 52
87900 41 100
87900 45 66
87900 53 104
87900 79 112
87900 83 115
87900 85 92
87900 89 104
87900 101 104
87900 104 115
88200 24 37
88200 32 73
88200 37 53
88200 37 69
88200 40 52
88200 40 79
88200 41 100
88200 47 69
88200 53 104
88200 69 106
88200 77 105
88200 83 115
88200 85 92
88200 112 121
88200 112 113
88500 5 92
88500 15 36
88500 24 37
88500 32 73
88500 32 100
88500 37 53
88500 37 69
88500 37 112
88500 37 105
88500 37 59
88500 37 57
88500 40 112
88500 41 100
88500 47 93
88500 47 112
88500 53 104
88500 57 73
88500 61 69
88500 69 113
88500 77 93
88500 78 104
88500 83 115
88500 85 92
88500 92 112
88500 105 110
88500 112 113
88800 5 92
88800 5 63
88800 13 80
88800 15 44
88800 15 80
88800 24 37
88800 30 92
88800 30 100
88800 30 37
88800 32 73
88800 36 113
88800 37 53
88800 37 59
88800 37 112
88800 37 105
88800 37 97
88800 44 112
88800 44 80
88800 61 69
88800 63 91
88800 69 113
88800 78 104
88800 80 106
88800 80 112
88800 85 92
88800 92 112
88800 105 110
89100 5 92
89100 10 46
89100 11 15
89100 13 15
89100 17 42
89100 29 61
89100 32 73
89100 35 82
89100 35 63
89100 37 59
89100 37 105
89100 37 112
89100 40 112
89100 41 92
89100 41 96
89100 47 112
89100 56 62
89100 61 69
89100 69 80
89100 80 112
89100 92 112
89100 105 110
89100 113 121
89400 0 99
89400 1 18
89400 11 15
89400 13 58
89400 15 25
89400 17 42
89400 17 112
89400 22 82
89400 24 66
89400 25 40
89400 25 61
89400 29 61
89400 32 112
89400 35 63
89400 37 105
89400 37 59
89400 40 112
89400 41 96
89400 41 97
89400 45 118
89400 47 112
89400 82 118
89400 85 92
89400 92 112
89400 101 122
89400 105 110
89400 113 121
89700 0 99
89700 1 18
89700 11 15
89700 15 90
89700 17 112
89700 17 32
89700 24 66
89700 25 40
89700 25 61
89700 25 109
89700 25 69
89700 25 76
89700 25 83
89700 32 112
89700 32 83
89700 32 62
89700 32 102
89700 33 105
89700 35 63
89700 82 118
89700 83 101
89700 90 101
89700 92 112
89700 101 122
89700 113 121
90000 0 99
90000 7 32
90000 11 15
90000 11 17
90000 11 25
90000 12 17
90000 17 32
90000 17 83
90000 17 92
90000 24 66
90000 25 69
90000 25 61
90000 25 109
90000 25 83
90000 32 83
90000 32 102
90000 35 63
90000 35 83
90000 36 92
90000 37 59
90000 41 62
90000 82 118
90000 83 101
90000 113 121
90300 0 99
90300 0 45
90300 8 88
90300 11 17
90300 11 25
90300 17 32
90300 17 80
90300 17 116
90300 19 81
90300 25 83
90300 25 76
90300 32 62
90300 32 112
90300 35 63
90300 37 59
90300 49 116
90300 57 59
90300 82 118
90300 106 121
90300 113 121
90600 3 7
90600 19 81
90600 19 55
90600 20 31
90600 25 76
90600 25 69
90600 35 63
90600 35 83
90600 43 108
90600 49 116
90600 57 59
90600 82 118
90600 106 121
90600 113 121
90900 0 45
90900 8 88
90900 17 32
90900 19 81
90900 23 79
90900 25 69
90900 25 76
90900 32 112
90900 43 108
90900 47 107
90900 49 116
90900 57 59
90900 64 105
91200 6 36
91200 25 69
91200 25 76
91200 27 36
91200 32 112
91200 35 63
91200 36 74
91200 43 108
91200 64 105
91200 113 116
91500 2 60
91500 3 119
91500 17 32
91500 25 69
91500 43 108
91500 49 116
91500 95 99
91500 106 109
91500 113 116
91800 17 32
91800 25 69
91800 32 112
91800 44 114
91800 59 64
91800 85 94
91800 113 116
92100 25 69
92100 27 122
92100 27 119
92100 31 119
92100 32 112
92100 59 64
92100 59 62
92100 118 119
92400 24 96
92400 25 69
92400 59 64
92400 113 116
92700 0 88
92700 4 98
92700 6 50
92700 19 64
92700 19 23
92700 25 69
92700 32 112
92700 59 64
92700 80 96
93000 0 88
93000 4 98
93000 6 50
93000 10 57
93000 25 69
93000 33 74
93000 34 67
93000 40 74
93000 59 95
93000 59 88
93000 67 89
93300 0 88
93300 6 50
93300 10 57
93300 12 38
93300 25 69
93300 33 74
93300 38 42
93600 10 57
93600 12 38
93600 22 24
93600 25 69
93600 38 42
93600 55 118
93900 10 57
93900 12 38
93900 24 111
93900 55 118
93900 74 111
94200 10 14
94200 14 25
94200 14 43
94200 14 27
94200 19 88
94200 25 80
94200 25 68
94200 25 27
94200 25 43
94200 27 43
94200 38 42
94200 43 100
94200 43 81
94200 46 78
94200 53 100
94200 55 118
94500 5 100
94500 5 25
94500 25 80
94500 25 27
94500 25 43
94500 25 68
94500 25 100
94500 27 43
94500 27 100
94500 27 38
94500 37 100
94500 38 43
94500 43 100
94500 43 81
94500 46 78
94500 55 118
94500 100 115
94800 3 85
94800 5 12
94800 10 14
94800 11 84
94800 18 81
94800 22 81
94800 25 43
94800 27 43
94800 27 100
94800 27 88
94800 27 84
94800 27 81
94800 38 43
94800 43 100
94800 43 81
94800 43 90
94800 46 78
94800 56 85
94800 56 88
94800 56 67
94800 56 84
94800 66 118
94800 81 93
94800 85 118
94800 90 100
94800 99 118
95100 3 85
95100 5 12
95100 5 100
95100 10 14
95100 11 84
95100 16 77
95100 25 68
95100 26 88
95100 26 85
95100 26 84
95100 26 72
95100 27 88
95100 27 100
95100 34 43
95100 34 84
95100 37 100
95100 38 43
95100 43 90
95100 43 100
95100 43 81
95100 52 88
95100 52 89
95100 52 84
95100 56 88
95100 56 84
95100 77 89
95100 77 81
95100 77 84
95100 84 121
95100 84 88
95100 84 85
95100 85 118
95100 85 89
95100 88 118
95100 88 89
95100 88 92
95100 99 118
95100 100 118
95100 114 118
95400 0 111
95400 0 52
95400 0 25
95400 0 22
95400 3 85
95400 5 100
95400 10 14
95400 16 77
95400 22 111
95400 25 56
95400 25 26
95400 25 111
95400 26 87
95400 27 87
95400 34 84
95400 43 81
95400 43 90
95400 46 77
95400 48 108
95400 48 52
95400 48 77
95400 48 111
95400 51 56
95400 51 52
95400 52 89
95400 52 84
95400 52 88
95400 52 108
95400 52 118
95400 56 108
95400 77 81
95400 77 89
95400 84 121
95400 85 89
95400 88 89
95400 97 108
95400 114 118
95700 0 25
95700 0 22
95700 0 31
95700 0 123
95700 0 111
95700 4 21
95700 4 51
95700 4 29
95700 5 100
95700 5 12
95700 8 123
95700 8 87
95700 8 77
95700 10 14
95700 12 51
95700 17 87
95700 21 106
95700 21 99
95700 21 62
95700 25 68
95700 25 111
95700 25 26
95700 27 87
95700 29 51
95700 31 51
95700 31 99
95700 31 109
95700 31 117
95700 37 100
95700 43 90
95700 43 81
95700 43 51
95700 46 77
95700 48 111
95700 51 52
95700 51 123
95700 51 87
95700 52 88
95700 52 108
95700 77 108
95700 77 87
95700 84 121
95700 85 117
95700 87 112
95700 88 89
95700 96 111
95700 108 123
95700 114 118
96000 0 111
96000 0 123
96000 0 31
96000 0 32
96000 0 51
96000 4 21
96000 5 12
96000 5 100
96000 8 77
96000 10 14
96000 12 51
96000 20 21
96000 21 99
96000 21 62
96000 21 106
96000 21 51
96000 21 58
96000 21 111
96000 21 117
96000 25 26
96000 25 87
96000 25 77
96000 25 63
96000 27 87
96000 28 75
96000 28 31
96000 29 51
96000 31 109
96000 31 99
96000 31 117
96000 31 51
96000 31 108
96000 31 32
96000 31 123
96000 31 84
96000 32 111
96000 40 51
96000 40 123
96000 41 65
96000 48 111
96000 64 123
96000 77 87
96000 77 81
96000 77 108
96000 77 117
96000 77 94
96000 85 111
96000 86 123
96000 88 89
96000 88 108
96000 94 108
96000 108 123
96000 117 123
96300 0 32
96300 0 51
96300 0 111
96300 0 117
96300 4 29
96300 8 58
96300 8 71
96300 10 14
96300 10 100
96300 12 51
96300 12 63
96300 12 71
96300 17 87
96300 20 104
96300 20 32
96300 21 117
96300 21 62
96300 21 99
96300 22 96
96300 22 58
96300 25 77
96300 25 87
96300 25 26
96300 27 87
96300 28 31
96300 29 51
96300 31 123
96300 31 99
96300 31 32
96300 32 111
96300 40 123
96300 40 51
96300 51 123
96300 58 77
96300 58 108
96300 58 100
96300 58 71
96300 64 123
96300 71 100
96300 77 108
96300 84 86
96300 86 123
96300 86 98
96300 87 112
96300 87 115
96300 88 89
96300 115 117
96600 0 51
96600 0 117
96600 1 113
96600 4 117
96600 4 17
96600 4 80
96600 8 71
96600 8 52
96600 8 58
96600 10 14
96600 12 63
96600 17 87
96600 17 98
96600 17 54
96600 17 47
96600 17 113
96600 17 84
96600 20 104
96600 20 32
96600 21 117
96600 21 99
96600 21 62
96600 25 26
96600 25 87
96600 28 31
96600 28 54
96600 28 100
96600 28 71
96600 31 99
96600 38 59
96600 41 71
96600 42 84
96600 58 100
96600 58 71
96600 58 113
96600 59 84
96600 59 113
96600 59 121
96600 59 62
96600 59 80
96600 62 111
96600 71 100
96600 77 108
96600 80 84
96600 84 86
96600 84 113
96600 84 100
96600 87 115
96600 98 117
96600 115 117
96900 0 111
96900 1 113
96900 4 17
96900 8 71
96900 17 113
96900 17 98
96900 17 84
96900 17 76
96900 17 59
96900 17 104
96900 17 100
96900 17 114
96900 18 59
96900 18 61
96900 20 104
96900 21 99
96900 21 123
96900 22 114
96900 28 31
96900 28 71
96900 28 108
96900 31 32
96900 31 123
96900 32 111
96900 38 59
96900 40 123
96900 41 71
96900 47 52
96900 48 64
96900 51 123
96900 59 84
96900 59 113
96900 59 62
96900 59 121
96900 59 104
96900 59 114
96900 59 86
96900 62 80
96900 64 123
96900 71 100
96900 76 114
96900 76 84
96900 80 84
96900 80 123
96900 80 114
96900 84 100
96900 84 86
96900 84 114
96900 87 115
96900 98 117
96900 100 113
96900 105 122
96900 105 123
96900 114 121
96900 115 117
97200 0 111
97200 0 100
97200 1 113
97200 3 4
97200 4 80
97200 4 17
97200 4 98
97200 4 100
97200 4 113
97200 4 18
97200 4 28
97200 8 114
97200 8 18
97200 12 114
97200 16 76
97200 16 123
97200 16 71
97200 16 18
97200 17 76
97200 17 98
97200 17 84
97200 17 113
97200 17 100
97200 17 104
97200 18 59
97200 18 61
97200 18 86
97200 18 34
97200 18 117
97200 20 104
97200 21 123
97200 21 28
97200 21 122
97200 22 114
97200 28 31
97200 28 71
97200 28 76
97200 28 57
97200 28 75
97200 31 123
97200 48 64
97200 51 123
97200 52 86
97200 57 86
97200 57 62
97200 58 113
97200 59 80
97200 62 111
97200 62 80
97200 64 123
97200 64 108
97200 71 100
97200 71 122
97200 73 97
97200 76 114
97200 80 123
97200 84 114
97200 86 97
97200 97 114
97200 98 117
97200 100 113
97200 100 123
97200 105 123
97200 114 121
97200 114 123
97200 115 117
97500 0 100
97500 1 113
97500 1 88
97500 1 54
97500 1 57
97500 3 63
97500 4 113
97500 4 17
97500 4 97
97500 8 18
97500 8 97
97500 15 123
97500 16 76
97500 17 100
97500 17 76
97500 17 104
97500 17 63
97500 17 49
97500 20 104
97500 21 123
97500 22 114
97500 28 76
97500 28 57
97500 28 35
97500 35 123
97500 35 76
97500 35 110
97500 42 97
97500 43 110
97500 50 76
97500 52 86
97500 54 88
97500 54 76
97500 54 122
97500 57 62
97500 57 86
97500 59 80
97500 59 114
97500 62 111
97500 63 105
97500 64 123
97500 69 97
97500 70 94
97500 71 122
97500 76 114
97500 80 123
97500 80 114
97500 97 114
97500 97 117
97500 98 117
97500 100 123
97500 105 123
97500 114 123
97500 114 121
97800 0 100
97800 0 111
97800 1 54
97800 1 57
97800 1 122
97800 1 105
97800 15 123
97800 16 76
97800 17 49
97800 17 100
97800 20 104
97800 21 123
97800 22 114
97800 25 49
97800 32 104
97800 42 97
97800 49 64
97800 50 117
97800 57 62
97800 57 86
97800 57 98
97800 58 113
97800 59 114
97800 59 80
97800 62 111
97800 63 95
97800 71 100
97800 97 117
97800 100 113
97800 100 123
97800 114 121
98100 0 100
98100 1 105
98100 16 76
98100 20 104
98100 24 71
98100 30 49
98100 42 97
98100 49 64
98100 50 117
98100 54 122
98100 59 80
98100 62 111
98100 71 122
98100 97 117
98100 113 115
98100 117 122
98400 1 54
98400 20 104
98400 24 49
98400 30 49
98400 32 104
98400 42 97
98400 50 117
98400 56 113
98400 57 62
98400 59 80
98400 62 111
98400 71 122
98400 81 97
98400 97 117
98400 100 113
98700 20 104
98700 24 71
98700 30 49
98700 46 73
98700 50 117
98700 59 80
98700 81 87
98700 100 113
98700 100 122
99000 17 110
99000 20 104
99000 22 66
99000 24 49
99000 30 49
99000 46 72
99000 46 81
99000 50 117
99000 100 103
99300 20 104
99300 24 77
99300 46 81
99300 50 117
99300 59 80
99600 20 104
99600 59 102
99600 80 105
99600 100 103
99900 24 77
99900 51 80
99900 100 103
100200 24 77
100200 64 110
100500 5 44
100500 41 87
100500 44 64
100500 53 80
100500 100 103
100800 24 77
100800 52 119
100800 64 87
101100 23 64
101100 33 121
101100 34 52
101100 52 119
101100 64 87
101100 109 112
101400 9 119
101400 9 96
101400 9 86
101400 17 52
101400 17 87
101400 23 64
101400 38 77
101400 52 86
101400 64 87
101400 83 86
101400 86 87
101700 8 103
101700 9 96
101700 10 70
101700 10 63
101700 13 70
101700 38 77
101700 57 86
101700 57 103
101700 63 70
101700 64 87
101700 70 86
101700 70 114
101700 83 86
101700 86 87
102000 8 103
102000 9 96
102000 38 77
102000 57 86
102000 60 82
102000 60 118
102000 60 69
102000 63 70
102000 63 69
102300 3 34
102300 3 8
102300 4 60
102300 30 60
102300 33 50
102300 34 104
102300 34 81
102300 38 77
102300 57 86
102300 58 70
102600 4 108
102600 8 103
102600 9 33
102600 38 77
102600 57 58
102600 97 111
102900 2 103
102900 4 108
102900 32 36
102900 32 116
102900 54 80
103200 4 108
103200 32 36
103200 36 96
103200 36 107
103200 36 92
103200 36 54
103200 92 107
103500 4 108
103500 15 61
103500 16 61
103500 33 69
103500 36 96
103500 36 92
103500 36 107
103500 39 61
103500 39 41
103500 41 107
103500 61 107
103800 1 87
103800 4 108
103800 5 27
103800 16 102
103800 27 54
103800 33 113
103800 34 102
103800 36 96
103800 39 41
103800 41 87
103800 59 106
104100 1 122
104100 4 108
104100 16 89
104100 22 102
104100 23 40
104100 27 54
104100 29 92
104100 34 102
104100 39 41
104100 59 106
104100 63 102
104100 89 95
104400 1 122
104400 1 61
104400 2 5
104400 2 27
104400 5 107
104400 5 96
104400 5 74
104400 5 112
104400 5 106
104400 9 105
104400 16 89
104400 16 122
104400 16 106
104400 16 96
104400 22 102
104400 27 54
104400 34 96
104400 36 96
104400 38 96
104400 59 106
104400 63 96
104400 96 106
104400 96 97
104400 105 107
104400 106 107
104700 5 96
104700 5 106
104700 5 74
104700 5 112
104700 5 107
104700 9 105
104700 16 122
104700 16 106
104700 22 59
104700 23 49
104700 34 96
104700 49 102
104700 59 106
104700 59 96
104700 89 110
104700 102 112
104700 105 107
105000 6 97
105000 9 58
105000 12 106
105000 16 106
105000 16 96
105000 20 113
105000 22 59
105000 31 102
105000 36 96
105000 36 113
105000 36 93
105000 38 96
105000 49 102
105000 59 106
105000 59 96
105000 74 109
105000 89 110
105000 96 106
105000 105 107
105300 5 106
105300 9 99
105300 9 35
105300 14 35
105300 16 122
105300 16 106
105300 16 49
105300 20 113
105300 23 49
105300 23 106
105300 35 89
105300 35 99
105300 35 88
105300 36 96
105300 36 93
105300 36 109
105300 49 102
105300 59 96
105300 88 89
105300 89 110
105300 101 120
105300 105 109
105300 109 120
105600 0 89
105600 5 106
105600 9 99
105600 14 35
105600 14 109
105600 16 122
105600 31 102
105600 35 88
105600 35 99
105600 35 89
105600 35 58
105600 36 96
105600 49 102
105600 58 89
105600 59 96
105600 67 88
105600 67 109
105600 74 109
105600 89 102
105600 102 110
105600 105 109
105900 0 89
105900 0 42
105900 5 71
105900 9 99
105900 18 89
105900 20 82
105900 20 88
105900 35 88
105900 35 89
105900 35 58
105900 35 99
105900 36 99
105900 42 105
105900 58 89
105900 67 88
105900 67 109
105900 69 82
105900 69 109
105900 71 89
105900 74 109
105900 74 75
105900 82 109
105900 82 88
105900 89 102
105900 102 110
105900 105 109
106200 0 89
106200 5 71
106200 5 106
106200 5 61
106200 5 110
106200 5 102
106200 5 89
106200 9 99
106200 9 35
106200 14 35
106200 14 109
106200 15 82
106200 16 122
106200 16 79
106200 16 110
106200 20 82
106200 35 99
106200 35 78
106200 35 82
106200 58 89
106200 61 101
106200 67 88
106200 67 109
106200 69 109
106200 71 89
106200 74 75
106200 75 87
106200 78 122
106200 89 102
106500 0 42
106500 3 35
106500 5 110
106500 5 61
106500 5 89
106500 5 106
106500 5 67
106500 9 99
106500 9 69
106500 9 72
106500 12 117
106500 14 109
106500 14 89
106500 14 79
106500 15 69
106500 15 123
106500 16 79
106500 16 110
106500 16 122
106500 16 72
106500 16 78
106500 16 55
106500 35 42
106500 67 88
106500 67 117
106500 69 109
106500 69 79
106500 69 89
106500 69 72
106500 71 89
106500 78 122
106500 78 79
106500 82 88
106500 82 119
106500 89 102
106500 105 109
106500 109 110
106800 5 89
106800 5 60
106800 5 16
106800 9 99
106800 9 69
106800 9 67
106800 9 78
106800 12 117
106800 14 109
106800 14 89
106800 14 79
106800 15 69
106800 15 16
106800 15 55
106800 16 55
106800 16 122
106800 16 110
106800 16 105
106800 16 69
106800 18 55
106800 24 42
106800 42 110
106800 42 78
106800 55 78
106800 55 105
106800 60 67
106800 60 69
106800 67 88
106800 67 109
106800 67 110
106800 69 109
106800 69 72
106800 69 89
106800 78 122
106800 78 84
106800 105 109
107100 1 21
107100 5 110
107100 9 67
107100 9 69
107100 9 99
107100 12 117
107100 12 110
107100 14 89
107100 14 109
107100 15 55
107100 15 102
107100 15 71
107100 16 122
107100 21 55
107100 55 78
107100 60 69
107100 60 67
107100 60 76
107100 69 109
107100 71 122
107100 71 110
107100 78 122
107100 78 110
107100 78 86
107100 79 110
107100 84 116
107100 86 110
107100 88 89
107100 105 109
107100 109 110
107400 1 87
107400 1 45
107400 1 113
107400 9 67
107400 9 99
107400 9 69
107400 14 89
107400 15 102
107400 15 71
107400 15 16
107400 16 122
107400 18 55
107400 21 55
107400 31 45
107400 45 89
107400 45 88
107400 54 104
107400 54 55
107400 54 87
107400 54 86
107400 55 88
107400 69 109
107400 78 110
107400 78 86
107400 78 122
107400 84 89
107400 86 87
107400 88 122
107700 1 87
107700 9 67
107700 13 85
107700 15 55
107700 15 71
107700 15 102
107700 22 88
107700 31 45
107700 39 87
107700 45 88
107700 45 89
107700 45 86
107700 54 86
107700 54 104
107700 54 87
107700 55 78
107700 55 88
107700 55 86
107700 69 109
107700 78 86
107700 78 122
107700 84 116
107700 84 89
107700 84 86
107700 84 102
107700 86 87
107700 86 105
107700 86 109
107700 88 89
107700 89 115
107700 102 122
108000 3 69
108000 3 9
108000 9 69
108000 9 67
108000 9 50
108000 14 89
108000 15 55
108000 15 102
108000 15 34
108000 31 45
108000 36 67
108000 45 86
108000 54 86
108000 54 87
108000 54 104
108000 55 88
108000 65 84
108000 67 89
108000 78 122
108000 78 86
108000 84 116
108000 84 86
108000 84 89
108000 86 109
108000 86 97
108000 102 122
108300 3 9
108300 7 87
108300 9 67
108300 14 89
108300 15 55
108300 15 102
108300 21 87
108300 23 34
108300 30 45
108300 34 43
108300 45 88
108300 54 86
108300 55 78
108300 55 88
108300 56 107
108300 59 104
108300 59 65
108300 60 65
108300 60 107
108300 65 97
108300 65 85
108300 65 95
108300 65 88
108300 67 89
108300 78 86
108300 84 116
108300 84 89
108300 84 86
108300 85 88
108300 86 97
108300 87 97
108300 87 88
108300 95 107
108300 102 122
108600 7 87
108600 9 67
108600 9 50
108600 11 36
108600 15 102
108600 15 55
108600 15 35
108600 15 107
108600 17 75
108600 21 87
108600 25 97
108600 36 75
108600 36 53
108600 43 67
108600 53 88
108600 54 86
108600 55 88
108600 59 65
108600 60 65
108600 60 88
108600 65 88
108600 65 95
108600 65 85
108600 65 97
108600 65 86
108600 67 75
108600 75 98
108600 77 98
108600 78 122
108600 84 89
108600 84 86
108600 86 88
108600 87 97
108600 88 98
108600 95 98
108600 98 107
108900 7 87
108900 11 36
108900 15 107
108900 15 36
108900 15 70
108900 15 33
108900 17 75
108900 36 77
108900 43 78
108900 43 77
108900 43 88
108900 53 91
108900 59 65
108900 65 97
108900 75 98
108900 77 98
108900 78 122
108900 84 86
108900 84 89
108900 85 88
108900 87 88
108900 95 98
109200 9 62
109200 11 36
109200 15 70
109200 17 75
109200 23 33
109200 27 62
109200 28 121
109200 36 77
109200 43 78
109200 53 91
109200 53 88
109200 54 78
109200 55 88
109200 59 65
109200 60 88
109200 60 65
109200 62 66
109200 65 88
109200 65 85
109200 78 122
109200 84 86
109200 85 88
109500 7 117
109500 9 62
109500 10 60
109500 15 70
109500 15 43
109500 23 33
109500 23 81
109500 23 43
109500 23 87
109500 27 62
109500 36 77
109500 43 70
109500 53 91
109500 54 78
109500 60 65
109500 62 99
109500 65 97
109500 65 88
109500 85 88
109800 2 107
109800 4 107
109800 9 62
109800 15 43
109800 15 70
109800 17 77
109800 23 43
109800 43 70
109800 44 45
109800 45 110
109800 45 107
109800 45 65
109800 53 91
109800 60 65
109800 60 70
109800 65 97
109800 65 88
109800 78 122
110100 2 107
110100 2 7
110100 2 101
110100 4 60
110100 7 36
110100 9 62
110100 15 43
110100 17 102
110100 17 45
110100 18 38
110100 44 45
110100 45 110
110100 45 65
110100 45 57
110100 53 91
110100 65 88
110100 102 107
110400 2 7
110400 2 110
110400 2 71
110400 4 60
110400 9 62
110400 15 43
110400 30 38
110400 32 102
110400 38 62
110400 45 57
110400 45 110
110400 65 88
110400 78 110
110700 5 96
110700 7 36
110700 9 62
110700 15 43
110700 38 62
110700 38 78
110700 45 57
110700 64 84
110700 66 71
110700 78 110
110700 78 81
110700 78 80
110700 96 102
111000 2 7
111000 2 110
111000 7 36
111000 12 45
111000 12 83
111000 12 62
111000 12 69
111000 15 43
111000 31 78
111000 31 66
111000 38 62
111000 38 78
111000 63 72
111000 63 114
111000 63 83
111000 63 109
111000 78 110
111000 78 80
111000 78 96
111000 92 119
111000 96 102
111000 96 114
111300 2 7
111300 2 45
111300 2 47
111300 2 72
111300 2 110
111300 10 63
111300 12 45
111300 12 69
111300 12 83
111300 12 62
111300 12 80
111300 12 122
111300 43 115
111300 63 109
111300 63 83
111300 63 72
111300 63 112
111300 66 71
111300 66 72
111300 66 80
111300 78 110
111300 96 102
111300 115 120
111600 2 43
111600 10 71
111600 12 45
111600 43 112
111600 43 105
111600 43 48
111600 63 109
111600 63 83
111600 63 112
111600 78 110
111600 96 102
111600 99 115
111600 105 118
111600 105 122
111900 2 110
111900 2 43
111900 2 45
111900 2 57
111900 12 69
111900 12 62
111900 31 62
111900 31 78
111900 37 101
111900 37 85
111900 43 105
111900 43 48
111900 43 112
111900 56 67
111900 63 72
111900 66 72
111900 78 110
111900 99 115
111900 101 112
111900 112 123
112200 31 62
112200 35 58
112200 37 101
112200 43 112
112200 54 65
112200 56 67
112200 62 71
112200 63 83
112200 63 72
112200 66 72
112200 78 110
112200 85 115
112200 99 115
112200 101 112
112500 0 7
112500 2 57
112500 22 72
112500 31 62
112500 35 58
112500 54 65
112500 56 67
112500 66 72
112500 85 101
112500 99 115
112500 106 122
112800 2 57
112800 35 58
112800 56 67
112800 56 106
112800 57 58
112800 85 101
112800 106 122
113100 2 57
113100 12 83
113100 56 67
113100 57 58
113100 60 115
113100 99 115
113400 2 57
113400 11 12
113400 85 101
113700 2 57
113700 15 46
113700 22 74
114000 2 57
114000 15 41
114000 46 66
114300 22 74
114300 40 86
114300 54 109
114600 3 13
114600 13 16
114600 18 61
114600 18 66
114600 22 74
114600 29 53
114600 45 109
114900 3 13
114900 16 39
114900 22 74
114900 25 72
114900 100 120
115200 3 13
115200 16 39
115200 25 72
115200 38 62
115200 62 110
115500 3 13
115500 3 17
115500 22 74
115500 88 95
115500 116 119
115800 55 92
115800 67 123
115800 74 119
115800 116 119
116100 29 67
116100 55 92
116100 55 67
116100 67 99
116100 67 84
116100 67 123
116100 69 123
116100 71 84
116100 74 119
116400 29 67
116400 55 99
116400 67 123
116400 67 84
116400 74 119
116400 90 99
116400 99 116
116400 99 100
116700 1 107
116700 29 40
116700 29 96
116700 34 96
116700 67 84
116700 69 96
116700 96 107
117000 1 107
117000 19 96
117000 29 70
117000 45 96
117000 67 84
117000 69 96
117000 96 107
117000 99 100
117300 29 70
117300 31 74
117300 45 96
117300 49 74
117300 65 67
117300 74 100
117600 8 20
117600 8 10
117600 27 74
117600 29 70
117600 31 74
117600 48 74
117900 8 10
117900 8 77
117900 8 49
117900 8 51
117900 12 77
117900 26 43
117900 27 77
117900 29 70
117900 29 79
117900 49 74
117900 56 77
117900 77 115
118200 12 77
118200 26 43
118200 26 41
118200 27 74
118200 29 70
118200 29 115
118200 39 115
118200 39 79
118200 49 70
118200 56 77
118200 57 77
118200 77 115
118200 79 108
118500 4 19
118500 8 51
118500 12 77
118500 19 73
118500 19 108
118500 26 43
118500 51 108
118500 52 108
118500 79 108
118500 99 108
118500 108 116
118800 4 19
118800 4 28
118800 4 77
118800 4 76
118800 4 106
118800 12 77
118800 19 108
118800 19 73
118800 26 43
118800 26 28
118800 28 102
118800 41 71
118800 52 108
118800 57 77
119100 4 28
119100 4 106
119100 4 84
119100 4 112
119100 12 77
119100 17 92
119100 19 73
119100 28 73
119100 66 73
119100 73 102
119400 17 92
119400 19 108
119400 41 92
119400 58 92
119700 15 108
119700 17 108
119700 66 77
120000 25 100
120300 30 76
120300 49 76
120600 2 35
120900 30 39
120900 39 49
121200 7 58
121200 58 106
121800 7 58
122400 49 106
122700 4 49
122700 49 98
123300 20 31
123900 36 122
126000 86 89
166800 1 107
167700 14 116
169800 1 92
169800 55 108
170100 1 92
170700 116 117
171000 30 117
171000 37 117
171000 113 117
171300 116 117
171600 12 94
171600 30 117
171900 28 77
172200 24 91
172200 28 77
172200 36 120
172800 28 77
172800 54 103
173100 31 42
173100 54 103
173100 60 78
173100 78 79
173400 2 78
173400 19 56
173400 28 77
173400 31 42
173400 46 80
173400 64 78
173400 77 80
173400 80 108
173400 81 85
173700 0 41
173700 6 38
173700 24 80
173700 24 122
173700 28 77
173700 31 80
173700 38 122
173700 38 56
173700 46 80
173700 61 80
173700 74 114
173700 77 114
173700 80 108
173700 103 107
174000 0 41
174000 15 83
174000 16 71
174000 41 114
174000 42 114
174000 50 71
174000 64 78
174000 74 114
174000 77 122
174000 77 107
174000 77 103
174000 77 114
174000 103 107
174000 107 114
174300 15 83
174300 16 71
174300 47 78
174300 47 115
174300 47 85
174300 71 85
174300 71 78
174300 78 85
174300 85 110
174300 88 123
174600 8 22
174600 9 22
174600 14 20
174600 15 83
174600 15 71
174600 22 71
174600 32 34
174600 32 110
174600 34 71
174600 85 110
174900 15 83
174900 15 71
174900 16 71
174900 22 89
174900 22 71
174900 34 71
174900 38 122
174900 38 91
174900 71 122
174900 83 122
175200 14 101
175200 14 90
175200 14 122
175200 15 83
175200 22 89
175200 22 71
175200 24 122
175200 38 91
175200 40 89
175200 61 111
175200 81 94
175200 83 122
175200 89 122
175200 94 122
175200 115 123
175500 1 61
175500 9 105
175500 9 14
175500 9 114
175500 9 27
175500 13 64
175500 14 90
175500 15 83
175500 16 81
175500 16 64
175500 16 71
175500 16 70
175500 22 89
175500 22 115
175500 24 122
175500 34 71
175500 40 64
175500 61 64
175500 81 94
175500 81 85
175500 83 122
175800 1 61
175800 9 105
175800 9 64
175800 9 16
175800 14 90
175800 16 70
175800 16 81
175800 16 71
175800 16 27
175800 16 63
175800 16 113
175800 16 115
175800 22 89
175800 24 122
175800 27 63
175800 27 105
175800 32 84
175800 32 63
175800 34 71
175800 61 122
175800 61 64
175800 81 85
176100 1 61
176100 9 70
176100 10 83
176100 11 64
176100 14 90
176100 16 63
176100 16 70
176100 16 64
176100 22 89
176100 25 79
176100 25 44
176100 25 29
176100 27 105
176100 27 63
176100 32 63
176100 34 71
176100 64 105
176100 64 113
176100 70 79
176100 79 105
176100 79 113
176400 9 70
176400 9 101
176400 10 83
176400 10 31
176400 10 25
176400 22 89
176400 25 44
176400 25 79
176400 25 31
176400 25 101
176400 27 105
176400 27 31
176400 31 85
176400 31 88
176400 32 63
176400 64 105
176400 64 113
176400 79 105
176400 79 113
176400 97 113
176700 9 70
176700 10 31
176700 10 83
176700 10 113
176700 10 74
176700 11 64
176700 22 89
176700 24 64
176700 25 79
176700 27 105
176700 27 74
176700 27 113
176700 31 88
176700 31 85
176700 31 79
176700 31 65
176700 31 74
176700 31 90
176700 31 101
176700 53 85
176700 56 74
176700 64 105
176700 64 113
176700 64 74
176700 74 90
176700 79 113
177000 4 120
177000 9 70
177000 24 64
177000 25 79
177000 27 105
177000 28 103
177000 31 101
177000 31 85
177000 79 113
177000 86 103
177000 86 99
177300 0 34
177300 8 11
177300 8 16
177300 8 53
177300 10 113
177300 22 89
177300 25 79
177300 27 74
177300 28 103
177300 31 90
177300 33 53
177300 42 53
177300 64 113
177300 79 113
177600 10 113
177600 24 64
177600 28 103
177600 29 109
177600 42 92
177600 42 57
177600 64 113
177600 86 103
177600 86 99
177600 92 115
177600 98 118
177900 0 34
177900 6 122
177900 8 11
177900 24 64
177900 27 74
177900 31 90
177900 32 70
177900 33 53
177900 42 92
177900 42 57
177900 46 121
177900 46 117
177900 46 122
177900 59 70
177900 64 113
177900 86 103
178200 0 51
178200 0 39
178200 2 120
178200 27 74
178200 28 103
178200 42 57
178200 42 92
178200 46 117
178200 59 70
178200 76 83
178200 77 110
178200 86 103
178500 0 51
178500 2 120
178500 15 114
178500 24 64
178500 27 74
178500 31 90
178500 45 101
178500 59 70
178500 64 113
178500 77 110
178800 2 120
178800 27 74
178800 27 49
178800 42 57
178800 45 101
178800 49 121
178800 49 117
178800 49 62
178800 62 112
178800 77 110
178800 86 103
178800 92 94
179100 2 120
179100 6 29
179100 15 103
179100 27 74
179100 45 101
179100 46 93
179100 59 70
179100 62 112
179100 86 103
179400 27 74
179400 46 93
179400 77 110
179400 77 93
179400 80 93
179400 86 103
179700 5 91
179700 6 29
179700 9 20
179700 9 11
179700 10 60
179700 17 20
179700 22 38
179700 27 74
179700 80 93
179700 86 103
180000 10 60
180000 22 38
180000 27 74
180000 38 89
180000 60 61
180000 77 110
180000 86 103
180000 100 109
180300 2 9
180300 13 32
180300 18 93
180300 22 38
180300 60 112
180300 77 110
180300 86 103
180300 105 106
180300 110 112
180600 0 8
180600 0 13
180600 0 12
180600 6 53
180600 12 50
180600 12 22
180600 13 100
180600 22 38
180600 22 74
180600 22 105
180600 27 74
180600 27 53
180600 50 108
180600 50 105
180600 53 64
180600 53 67
180600 60 112
180600 77 110
180600 86 103
180600 100 105
180600 110 112
180900 0 8
180900 0 39
180900 6 53
180900 12 22
180900 12 50
180900 20 74
180900 27 53
180900 33 43
180900 38 74
180900 38 77
180900 38 115
180900 39 74
180900 39 43
180900 43 100
180900 43 74
180900 43 108
180900 53 64
180900 60 112
180900 74 93
180900 74 99
180900 99 100
180900 110 112
181200 5 114
181200 5 64
181200 10 112
181200 10 20
181200 10 100
181200 12 50
181200 13 100
181200 15 20
181200 15 96
181200 17 116
181200 20 74
181200 20 121
181200 20 77
181200 20 38
181200 20 78
181200 20 115
181200 27 53
181200 27 74
181200 29 78
181200 39 74
181200 43 100
181200 53 64
181200 53 115
181200 60 112
181200 73 110
181200 74 93
181200 78 86
181200 94 115
181200 110 112
181500 4 112
181500 4 103
181500 6 102
181500 10 100
181500 12 50
181500 15 96
181500 18 60
181500 20 115
181500 27 53
181500 29 78
181500 30 39
181500 47 93
181500 60 112
181500 60 103
181500 60 64
181500 73 103
181500 74 93
181500 78 86
181500 93 111
181500 103 114
181500 103 115
181500 110 112
181800 10 60
181800 12 50
181800 15 96
181800 15 57
181800 15 123
181800 18 60
181800 20 78
181800 36 57
181800 45 50
181800 50 73
181800 53 73
181800 53 103
181800 57 103
181800 57 60
181800 60 123
181800 60 103
181800 73 103
181800 73 93
181800 74 93
181800 87 93
181800 100 103
181800 103 115
181800 103 114
181800 103 104
182100 9 67
182100 9 93
182100 9 57
182100 12 50
182100 15 96
182100 15 123
182100 15 57
182100 21 103
182100 25 57
182100 53 73
182100 53 103
182100 53 55
182100 55 57
182100 55 93
182100 57 103
182100 57 60
182100 57 104
182100 57 63
182100 57 110
182100 60 123
182100 60 103
182100 69 110
182100 73 93
182100 74 93
182100 86 97
182100 86 98
182100 100 103
182100 103 115
182400 0 39
182400 0 57
182400 9 57
182400 9 50
182400 12 63
182400 15 123
182400 15 57
182400 16 33
182400 25 57
182400 26 93
182400 28 51
182400 28 33
182400 31 110
182400 33 62
182400 33 51
182400 33 57
182400 39 51
182400 39 63
182400 50 63
182400 51 110
182400 51 109
182400 51 63
182400 51 57
182400 53 73
182400 55 93
182400 55 88
182400 57 63
182400 57 93
182400 57 122
182400 60 123
182400 63 123
182400 73 93
182400 73 103
182400 74 93
182400 79 88
182400 86 97
182400 93 123
182400 100 103
182700 3 33
182700 3 109
182700 3 111
182700 6 111
182700 9 57
182700 11 55
182700 11 116
182700 11 56
182700 12 63
182700 13 46
182700 13 36
182700 15 123
182700 15 57
182700 26 93
182700 28 51
182700 33 62
182700 33 51
182700 33 116
182700 36 46
182700 37 109
182700 37 94
182700 37 46
182700 37 91
182700 39 51
182700 40 111
182700 46 79
182700 46 116
182700 51 63
182700 51 111
182700 51 120
182700 51 79
182700 51 73
182700 53 73
182700 53 55
182700 57 110
182700 70 111
182700 73 93
182700 74 93
182700 79 111
182700 86 97
182700 100 103
182700 103 115
182700 109 111
182700 111 123
183000 9 62
183000 11 116
183000 13 36
183000 13 46
183000 15 123
183000 28 51
183000 29 33
183000 29 62
183000 29 115
183000 33 116
183000 33 51
183000 33 63
183000 33 104
183000 33 46
183000 33 103
183000 37 46
183000 37 91
183000 42 115
183000 43 45
183000 46 116
183000 46 79
183000 46 115
183000 51 109
183000 51 63
183000 51 111
183000 53 115
183000 53 120
183000 62 115
183000 62 67
183000 62 104
183000 74 93
183000 79 111
183000 86 97
183000 91 103
183000 93 115
183000 103 115
183000 106 123
183000 107 119
183000 111 123
183000 115 120
183000 119 120
183300 9 62
183300 10 96
183300 10 36
183300 13 46
183300 15 123
183300 28 51
183300 29 33
183300 29 115
183300 29 62
183300 30 81
183300 30 123
183300 33 92
183300 33 45
183300 36 92
183300 43 45
183300 45 92
183300 45 116
183300 46 79
183300 49 91
183300 51 63
183300 62 67
183300 62 104
183300 62 84
183300 74 93
183300 81 115
183300 81 92
183300 81 84
183300 81 107
183600 0 69
183600 0 89
183600 0 67
183600 1 4
183600 1 81
183600 4 92
183600 4 33
183600 4 23
183600 4 32
183600 4 81
183600 4 96
183600 9 62
183600 10 36
183600 13 46
183600 13 81
183600 13 17
183600 17 62
183600 21 92
183600 23 33
183600 29 62
183600 30 123
183600 30 81
183600 33 116
183600 33 104
183600 33 46
183600 33 123
183600 36 116
183600 45 116
183600 46 79
183600 46 92
183600 51 116
183600 62 84
183600 62 104
183600 63 123
183600 67 119
183600 81 115
183600 81 107
183600 81 84
183600 84 95
183600 93 115
183600 96 123
183600 103 116
183600 116 123
183900 0 89
183900 0 4
183900 0 36
183900 1 81
183900 1 4
183900 4 92
183900 4 33
183900 4 81
183900 4 32
183900 4 96
183900 4 36
183900 4 42
183900 9 62
183900 9 79
183900 10 36
183900 13 46
183900 13 81
183900 13 76
183900 13 42
183900 29 62
183900 30 81
183900 33 46
183900 33 116
183900 33 104
183900 33 36
183900 35 36
183900 36 116
183900 36 105
183900 36 67
183900 42 110
183900 42 119
183900 62 104
183900 62 95
183900 65 123
183900 67 119
183900 81 107
183900 81 115
183900 93 115
183900 103 104
184200 0 89
184200 0 105
184200 1 4
184200 1 81
184200 4 92
184200 9 103
184200 13 81
184200 13 17
184200 13 24
184200 13 67
184200 17 62
184200 24 35
184200 30 81
184200 46 115
184200 61 101
184200 61 79
184200 62 104
184200 65 123
184200 67 119
184200 67 72
184200 81 115
184200 81 107
184500 0 105
184500 0 89
184500 0 119
184500 1 81
184500 1 4
184500 4 92
184500 9 79
184500 9 115
184500 10 79
184500 13 81
184500 13 67
184500 17 35
184500 39 67
184500 59 67
184500 61 79
184500 67 119
184500 67 72
184500 96 101
184500 113 115
184800 0 105
184800 0 32
184800 1 4
184800 1 79
184800 9 79
184800 9 115
184800 10 79
184800 13 67
184800 17 35
184800 35 113
184800 54 79
184800 61 101
184800 67 72
184800 67 119
184800 81 107
184800 115 119
185100 0 32
185100 0 53
185100 1 81
185100 9 115
185100 13 67
185100 13 81
185100 32 116
185100 62 101
185100 67 72
185100 67 119
185100 79 97
185100 79 115
185100 81 107
185400 0 53
185400 0 79
185400 9 79
185400 9 115
185400 10 79
185400 13 81
185400 13 67
185400 24 67
185400 27 101
185400 54 79
185400 67 72
185400 67 119
185400 67 81
185400 79 115
185400 81 115
185700 0 32
185700 0 79
185700 0 53
185700 1 81
185700 10 79
185700 13 67
185700 36 119
185700 45 81
185700 54 115
185700 67 72
185700 74 101
185700 82 88
185700 82 84
186000 0 53
186000 10 79
186000 13 67
186000 19 75
186000 22 111
186000 35 76
186000 36 119
186000 54 79
186000 67 119
186000 67 81
186000 79 115
186000 81 84
186000 82 84
186300 0 53
186300 0 35
186300 13 67
186300 22 111
186300 36 119
186300 53 81
186300 54 79
186300 54 104
186300 62 79
186300 64 67
186300 67 119
186300 78 92
186300 79 115
186300 79 85
186300 82 84
186600 19 75
186600 20 65
186600 20 53
186600 20 104
186600 22 111
186600 53 81
186600 53 106
186600 54 79
186600 82 84
186900 17 79
186900 20 53
186900 20 26
186900 22 111
186900 53 106
186900 53 81
186900 54 79
186900 78 92
186900 79 104
187200 17 79
187200 20 53
187200 20 104
187200 22 111
187200 44 104
187200 53 105
187200 54 105
187200 79 104
187200 79 85
187200 85 111
187500 20 26
187500 20 104
187500 20 53
187500 20 54
187500 26 53
187500 26 91
187500 45 104
187500 53 105
187500 53 106
187500 54 105
187500 80 104
187500 80 109
187800 20 96
187800 53 105
187800 53 79
187800 54 105
187800 65 73
187800 110 113
188100 53 105
188100 54 105
188100 55 118
188100 60 97
188100 61 68
188100 68 117
188100 97 117
188100 113 118
188100 115 118
188400 2 53
188400 2 117
188400 53 105
188400 54 105
188400 55 118
188400 60 115
188400 68 117
188400 68 88
188400 72 113
188400 113 118
188700 1 25
188700 2 53
188700 14 60
188700 22 119
188700 43 115
188700 50 77
188700 54 105
188700 54 87
188700 60 115
188700 68 88
188700 74 75
188700 74 87
188700 74 103
188700 75 118
188700 87 115
188700 115 118
189000 2 53
189000 5 121
189000 5 45
189000 14 74
189000 62 117
189000 68 88
189000 72 113
189000 74 121
189000 87 115
189000 113 118
189300 0 102
189300 5 121
189300 5 45
189300 24 43
189300 43 113
189300 43 102
189300 43 123
189300 62 117
189300 68 88
189300 72 101
189300 90 114
189600 21 121
189600 21 101
189600 24 43
189600 43 113
189600 43 102
189600 43 123
189600 43 56
189600 47 101
189600 68 88
189600 90 114
189600 101 121
189600 107 121
189900 5 108
189900 34 108
189900 43 113
189900 52 61
189900 68 88
189900 107 121
190200 39 121
190200 39 47
190200 40 108
190200 43 113
190200 61 121
190200 68 88
190200 108 116
190500 16 47
190500 20 68
190500 40 108
190500 43 113
190500 47 68
190500 47 65
190500 47 53
190500 61 83
190800 47 65
190800 58 91
190800 61 83
190800 83 110
190800 91 108
191100 23 110
191100 47 65
191100 58 108
191100 58 106
191100 61 83
191100 65 106
191100 83 110
191100 83 108
191100 83 106
191100 94 106
191100 108 110
191400 23 110
191400 23 92
191400 34 108
191400 47 65
191400 56 110
191400 58 108
191400 58 110
191400 58 106
191400 58 117
191400 72 110
191400 83 110
191400 93 108
191400 94 106
191400 108 110
191700 23 110
191700 34 108
191700 40 117
191700 40 77
191700 47 65
191700 58 110
191700 61 83
191700 67 93
191700 72 110
191700 76 106
191700 77 110
191700 83 106
191700 83 110
191700 91 110
191700 94 106
191700 108 110
191700 110 116
192000 21 110
192000 23 110
192000 34 108
192000 34 83
192000 58 110
192000 58 115
192000 58 83
192000 58 61
192000 61 83
192000 61 79
192000 69 72
192000 72 83
192000 76 108
192000 91 110
192000 94 106
192000 108 110
192000 111 113
192300 10 83
192300 10 104
192300 21 104
192300 21 69
192300 21 116
192300 22 57
192300 23 110
192300 58 83
192300 58 110
192300 61 79
192300 65 104
192300 69 72
192300 69 85
192300 83 86
192300 85 104
192300 111 113
192600 21 69
192600 21 80
192600 22 57
192600 23 110
192600 23 57
192600 23 69
192600 28 113
192600 28 57
192600 31 104
192600 43 106
192600 57 101
192600 57 61
192600 58 110
192600 58 96
192600 61 79
192600 65 104
192600 69 85
192600 69 101
192600 69 80
192600 83 86
192600 85 104
192600 111 113
192900 3 78
192900 3 79
192900 3 58
192900 12 103
192900 23 110
192900 23 69
192900 23 43
192900 23 111
192900 43 106
192900 44 49
192900 49 58
192900 49 86
192900 57 101
192900 58 96
192900 58 83
192900 58 108
192900 61 79
192900 69 101
192900 69 85
192900 85 108
192900 86 111
193200 1 22
193200 3 79
193200 3 63
193200 3 110
193200 3 49
193200 11 63
193200 23 110
193200 23 69
193200 23 53
193200 49 86
193200 57 101
193200 58 83
193200 58 110
193200 58 108
193200 63 69
193200 67 108
193200 69 85
193200 69 101
193200 83 86
193200 85 108
193200 85 104
193200 86 103
193500 1 22
193500 3 63
193500 3 110
193500 3 79
193500 8 83
193500 11 63
193500 23 69
193500 23 53
193500 23 85
193500 23 55
193500 34 44
193500 34 55
193500 34 85
193500 44 63
193500 49 58
193500 53 104
193500 53 55
193500 55 79
193500 57 101
193500 58 83
193500 58 108
193500 58 104
193500 63 69
193500 69 85
193500 85 108
193800 1 22
193800 1 86
193800 1 57
193800 1 49
193800 1 110
193800 3 49
193800 3 63
193800 8 55
193800 11 63
193800 22 55
193800 23 110
193800 23 69
193800 23 55
193800 34 55
193800 34 44
193800 44 63
193800 49 58
193800 49 85
193800 49 69
193800 53 55
193800 55 116
193800 57 69
193800 58 83
193800 58 108
193800 58 69
193800 63 69
193800 69 85
193800 83 86
193800 85 108
194100 1 86
194100 1 49
194100 1 22
194100 1 63
194100 3 63
194100 3 69
194100 8 83
194100 17 69
194100 20 39
194100 23 55
194100 23 69
194100 34 55
194100 39 83
194100 39 43
194100 47 69
194100 53 55
194100 57 69
194100 58 69
194100 58 83
194100 63 69
194100 63 71
194100 69 95
194100 85 108
194100 86 108
194400 1 47
194400 1 53
194400 3 63
194400 6 102
194400 7 9
194400 8 93
194400 9 86
194400 11 105
194400 13 116
194400 18 83
194400 18 93
194400 20 58
194400 23 55
194400 33 93
194400 34 55
194400 37 51
194400 39 83
194400 49 58
194400 51 109
194400 52 105
194400 57 112
194400 58 69
194400 63 69
194400 83 116
194400 83 105
194400 85 93
194400 93 108
194400 105 108
194700 1 63
194700 1 47
194700 6 102
194700 7 9
194700 8 93
194700 8 83
194700 9 93
194700 11 93
194700 11 95
194700 11 63
194700 13 116
194700 18 93
194700 18 83
194700 18 52
194700 18 32
194700 20 58
194700 20 53
194700 23 89
194700 23 93
194700 24 123
194700 49 58
194700 52 105
194700 53 55
194700 58 69
194700 63 71
194700 85 93
194700 85 108
194700 86 108
195000 1 47
195000 1 83
195000 8 93
195000 18 83
195000 18 32
195000 20 58
195000 23 55
195000 23 48
195000 24 123
195000 24 53
195000 47 89
195000 49 58
195000 53 55
195000 53 58
195000 53 59
195000 58 69
195000 62 63
195000 63 71
195000 63 85
195000 69 85
195000 71 83
195300 6 60
195300 9 93
195300 11 63
195300 11 93
195300 11 95
195300 17 120
195300 18 83
195300 23 48
195300 24 123
195300 24 66
195300 25 77
195300 48 89
195300 49 58
195300 53 59
195300 59 66
195300 59 120
195300 62 63
195300 63 85
195300 69 85
195300 85 93
195600 1 65
195600 6 59
195600 9 93
195600 9 53
195600 11 95
195600 11 65
195600 14 66
195600 23 48
195600 24 66
195600 24 123
195600 24 49
195600 25 77
195600 25 71
195600 32 49
195600 49 58
195600 59 120
195600 59 75
195600 59 81
195600 62 63
195600 63 85
195600 65 85
195600 75 114
195600 85 93
195900 1 65
195900 1 9
195900 4 59
195900 6 59
195900 7 71
195900 9 93
195900 9 63
195900 9 123
195900 24 66
195900 25 71
195900 34 75
195900 36 74
195900 41 71
195900 44 49
195900 59 81
195900 59 63
195900 62 63
195900 63 85
195900 65 85
195900 65 93
195900 71 86
195900 75 114
195900 85 93
196200 1 114
196200 6 23
196200 7 66
196200 7 23
196200 9 63
196200 9 93
196200 9 53
196200 9 123
196200 12 101
196200 14 66
196200 23 81
196200 34 75
196200 36 75
196200 36 86
196200 41 71
196200 44 49
196200 62 63
196200 85 93
196200 86 117
196500 1 114
196500 1 9
196500 1 65
196500 9 63
196500 9 93
196500 9 73
196500 9 97
196500 12 101
196500 13 97
196500 15 122
196500 15 41
196500 25 71
196500 34 93
196500 34 63
196500 62 63
196500 65 93
196500 65 85
196500 66 117
196500 66 80
196500 66 100
196500 67 80
196500 69 93
196500 80 97
196500 107 117
196800 1 74
196800 9 53
196800 10 52
196800 12 101
196800 15 41
196800 34 75
196800 34 65
196800 36 66
196800 62 63
196800 63 80
196800 63 87
196800 63 66
196800 65 93
196800 65 85
196800 65 87
196800 66 80
196800 66 100
196800 69 93
196800 70 80
196800 72 101
196800 80 97
196800 84 87
196800 85 93
196800 107 117
197100 1 9
197100 5 12
197100 9 53
197100 9 63
197100 9 84
197100 15 41
197100 19 85
197100 32 108
197100 34 65
197100 34 75
197100 45 72
197100 45 122
197100 65 93
197100 66 100
197100 70 80
197100 73 85
197100 73 104
197100 84 99
197100 84 93
197100 85 93
197100 85 87
197400 5 39
197400 5 68
197400 10 104
197400 15 41
197400 17 66
197400 19 85
197400 21 34
197400 32 108
197400 34 65
197400 34 39
197400 53 54
197400 66 100
197700 5 25
197700 5 17
197700 5 39
197700 9 84
197700 15 56
197700 17 66
197700 19 85
197700 19 46
197700 32 108
197700 34 39
197700 53 54
197700 84 99
197700 84 93
198000 5 25
198000 15 56
198000 15 24
198000 17 66
198000 17 56
198000 21 34
198000 25 84
198000 32 108
198000 34 39
198000 36 93
198000 39 82
198000 54 84
198000 84 99
198000 84 93
198000 84 104
198300 15 56
198300 15 84
198300 15 113
198300 15 75
198300 23 82
198300 32 108
198300 34 39
198300 36 93
198300 37 113
198300 37 75
198300 46 113
198300 54 84
198300 75 99
198300 75 113
198300 80 113
198300 84 99
198300 84 93
198600 15 24
198600 21 34
198600 46 113
198600 54 84
198600 80 118
198600 84 99
198600 84 93
198600 108 110
198900 27 73
198900 32 108
198900 46 113
198900 54 110
198900 80 118
198900 84 99
199200 15 24
199200 23 48
199200 23 75
199200 27 73
199200 32 108
199200 46 113
199500 23 75
199500 24 40
199500 26 62
199500 27 73
199500 32 46
199500 46 113
199500 54 110
199800 15 24
199800 24 40
199800 26 62
199800 26 113
199800 54 110
199800 63 75
200100 24 40
200100 26 62
200400 15 24
200400 36 55
200400 55 90
200400 56 71
200700 15 24
200700 17 25
200700 24 40
200700 82 96
200700 90 92
201000 9 89
201000 40 74
201000 56 71
201000 82 96
201000 89 105
201000 100 111
201300 25 45
201300 31 105
201300 56 71
201300 89 91
201300 90 92
201600 5 77
201600 8 94
201600 36 92
201600 45 57
201600 45 91
201600 56 71
201600 65 90
201600 89 91
201600 89 92
201900 1 120
201900 8 27
201900 36 92
201900 56 71
202200 1 73
202200 5 77
202200 11 119
202200 15 99
202200 36 92
202200 36 111
202200 63 119
202200 90 120
202200 92 119
202500 2 61
202500 5 77
202500 11 119
202500 15 92
202500 31 92
202500 35 92
202500 36 70
202500 61 92
202500 61 112
202500 72 111
202800 5 77
202800 44 70
202800 69 70
202800 70 75
202800 75 108
203100 4 7
203100 5 35
203100 7 35
203100 7 36
203100 35 92
203100 35 69
203400 7 113
203400 9 27
203400 35 69
203400 47 68
203700 7 113
203700 9 27
203700 47 79
203700 47 113
203700 47 105
203700 99 113
204000 9 27
204000 26 113
204000 26 27
204000 27 113
204000 35 69
204000 47 68
204000 72 113
204000 72 105
204000 99 113
204000 105 113
204300 9 27
204300 9 75
204300 10 73
204300 18 61
204300 47 68
204300 57 112
204300 72 105
204600 2 22
204600 9 45
204600 22 123
204600 22 67
204600 22 47
204600 35 112
204600 45 47
204600 47 68
204900 2 22
204900 22 123
204900 22 47
204900 22 68
204900 22 43
204900 22 88
204900 27 88
204900 40 43
204900 43 85
204900 43 47
204900 45 47
204900 45 88
204900 47 81
204900 60 88
205200 1 88
205200 2 22
205200 22 123
205200 40 43
205200 40 88
205200 43 85
205200 43 119
205200 60 88
205200 88 119
205500 2 32
205500 3 32
205500 25 76
205500 28 76
205500 32 115
205500 32 76
205500 60 88
205500 76 82
205800 32 76
205800 32 115
205800 42 63
205800 60 88
205800 76 82
206100 42 63
206400 88 120
207000 38 86
207600 26 91
207600 38 91
207600 91 110
207900 26 91
207900 94 110
208200 26 77
208200 58 63
210000 64 81
211500 117 122
252900 9 70
252900 39 64
253200 30 64
253500 30 64
253500 44 103
253800 44 103
253800 44 50
254700 60 119
255000 56 60
255600 10 97
255600 14 97
255900 10 97
255900 12 39
255900 12 101
255900 39 101
256200 12 39
256200 14 97
256500 39 101
257100 7 21
257700 87 120
258000 66 107
258600 4 6
258600 23 46
258600 32 104
258600 56 116
258900 16 32
258900 16 68
258900 27 32
258900 32 104
259200 10 21
259200 32 104
259500 16 68
259500 32 104
259800 1 18
259800 2 94
259800 3 34
259800 3 110
259800 12 83
259800 12 20
259800 15 34
259800 25 94
259800 67 81
260100 1 18
260100 1 5
260100 1 2
260100 3 110
260100 3 34
260100 3 89
260100 3 13
260100 4 9
260100 4 115
260100 5 91
260100 5 101
260100 12 83
260100 12 30
260100 76 89
260100 81 94
260100 81 90
260100 93 101
260400 1 2
260400 3 110
260400 3 89
260400 4 9
260400 5 91
260400 11 53
260400 12 30
260400 12 83
260400 15 34
260400 29 92
260400 29 63
260400 47 122
260400 63 118
260400 63 98
260400 63 122
260400 63 93
260400 67 118
260400 76 89
260400 81 98
260700 3 110
260700 3 34
260700 3 13
260700 3 50
260700 3 58
260700 3 107
260700 3 18
260700 3 98
260700 5 91
260700 7 67
260700 10 90
260700 12 30
260700 15 34
260700 30 98
260700 47 122
260700 53 72
260700 63 122
260700 67 118
260700 98 115
260700 110 117
261000 3 98
261000 3 18
261000 3 13
261000 3 89
261000 3 50
261000 3 58
261000 3 97
261000 7 67
261000 10 90
261000 11 107
261000 13 107
261000 15 34
261000 19 110
261000 19 97
261000 19 45
261000 19 43
261000 30 98
261000 30 31
261000 34 98
261000 47 122
261000 56 97
261000 63 93
261000 98 115
261000 98 107
261300 3 89
261300 3 50
261300 5 91
261300 10 90
261300 12 30
261300 19 45
261300 20 93
261300 30 98
261300 30 104
261300 34 98
261300 43 89
261300 43 110
261300 43 104
261300 45 104
261300 51 104
261300 56 97
261300 72 103
261300 89 104
261300 93 104
261300 98 115
261300 103 104
261600 0 77
261600 3 50
261600 5 91
261600 10 90
261600 12 30
261600 12 103
261600 18 30
261600 20 30
261600 30 98
261600 30 104
261600 30 109
261600 30 78
261600 43 89
261600 51 104
261600 74 81
261600 78 109
261600 93 104
261600 98 115
261600 103 104
261900 0 43
261900 3 50
261900 7 19
261900 7 103
261900 7 11
261900 7 43
261900 7 30
261900 10 90
261900 11 30
261900 11 98
261900 11 19
261900 19 79
261900 20 93
261900 20 30
261900 27 30
261900 30 104
261900 30 78
261900 30 98
261900 43 89
261900 43 79
261900 51 104
261900 71 79
261900 71 108
261900 71 119
261900 93 104
261900 103 122
262200 0 43
262200 5 111
262200 5 41
262200 5 43
262200 7 43
262200 7 11
262200 7 103
262200 7 41
262200 7 104
262200 11 19
262200 11 30
262200 11 122
262200 12 103
262200 19 24
262200 20 93
262200 20 41
262200 27 122
262200 30 104
262200 30 98
262200 34 111
262200 41 109
262200 43 79
262200 71 108
262200 78 109
262200 84 106
262200 93 104
262200 97 111
262200 103 122
262200 103 104
262500 0 43
262500 5 41
262500 5 81
262500 5 62
262500 5 104
262500 7 43
262500 7 11
262500 7 21
262500 11 122
262500 11 30
262500 11 105
262500 11 114
262500 19 24
262500 20 30
262500 20 93
262500 20 26
262500 26 84
262500 30 104
262500 41 109
262500 55 84
262500 59 84
262500 59 114
262500 78 109
262500 84 95
262500 84 122
262500 92 105
262500 103 122
262500 104 122
262500 104 109
262500 109 111
262800 5 62
262800 5 43
262800 5 41
262800 6 105
262800 7 11
262800 7 43
262800 7 21
262800 7 41
262800 7 79
262800 9 43
262800 10 70
262800 11 105
262800 11 30
262800 11 122
262800 15 122
262800 19 24
262800 20 26
262800 26 84
262800 26 42
262800 41 109
262800 42 67
262800 43 79
262800 43 67
262800 44 104
262800 63 119
262800 78 109
262800 84 106
262800 92 105
263100 0 43
263100 4 42
263100 4 61
263100 5 41
263100 10 70
263100 11 30
263100 15 61
263100 16 110
263100 16 42
263100 20 26
263100 26 84
263100 26 109
263100 30 70
263100 30 109
263100 30 54
263100 40 41
263100 40 42
263100 40 108
263100 41 109
263100 43 63
263100 43 69
263100 61 63
263100 61 104
263100 63 119
263100 63 67
263100 68 109
263100 70 109
263100 78 109
263100 86 108
263100 92 105
263100 103 122
263100 104 109
263100 109 122
263400 5 62
263400 7 43
263400 7 79
263400 7 11
263400 10 70
263400 11 105
263400 11 30
263400 12 51
263400 16 42
263400 20 26
263400 61 104
263400 63 67
263400 68 109
263400 70 109
263400 78 109
263400 92 105
263700 4 61
263700 5 62
263700 5 41
263700 7 43
263700 7 79
263700 10 70
263700 11 105
263700 11 30
263700 15 61
263700 15 75
263700 15 67
263700 20 26
263700 26 109
263700 30 70
263700 40 41
263700 40 108
263700 40 42
263700 57 107
263700 61 104
263700 78 109
263700 80 114
263700 103 122
263700 104 109
264000 10 70
264000 11 30
264000 12 51
264000 15 67
264000 15 61
264000 15 75
264000 20 26
264000 30 70
264000 30 59
264000 40 41
264000 47 110
264000 67 76
264000 78 109
264000 89 118
264000 104 109
264300 11 30
264300 12 51
264300 15 75
264300 15 61
264300 16 74
264300 22 96
264300 25 48
264300 30 70
264300 40 41
264300 42 75
264300 47 110
264300 57 107
264600 11 30
264600 15 75
264600 23 114
264600 30 70
264600 40 41
264600 42 75
264600 47 110
264600 89 118
264600 103 104
264600 104 109
264900 11 30
264900 15 75
264900 16 74
264900 23 114
264900 70 96
264900 89 118
265200 6 97
265200 15 75
265200 23 114
265200 42 75
265200 63 97
265200 89 118
265500 11 22
265500 19 78
265500 22 65
265500 23 114
265500 27 88
265500 89 118
265800 11 100
265800 15 75
265800 15 21
265800 22 65
265800 49 68
265800 63 66
265800 88 99
265800 89 118
266100 6 101
266100 11 22
266100 49 68
266100 94 104
266400 0 34
266400 11 22
266400 16 24
266400 22 65
266400 35 121
266400 37 86
266700 0 34
266700 11 22
266700 17 80
266700 88 102
267000 0 34
267000 16 24
267000 22 23
267000 23 122
267000 23 88
267000 36 43
267000 41 88
267000 43 119
267000 43 88
267000 43 122
267000 69 122
267000 88 114
267000 88 122
267000 88 97
267000 97 122
267300 5 12
267300 12 20
267300 17 80
267300 17 105
267300 18 103
267300 20 122
267300 20 88
267300 22 23
267300 23 88
267300 23 122
267300 23 41
267300 23 115
267300 23 97
267300 36 103
267300 41 103
267300 43 122
267300 43 88
267300 46 85
267300 48 71
267300 85 104
267300 88 122
267300 88 114
267300 97 122
267300 104 123
267600 2 85
267600 5 12
267600 6 49
267600 6 72
267600 6 76
267600 8 17
267600 9 49
267600 9 69
267600 9 17
267600 9 48
267600 9 27
267600 12 20
267600 13 49
267600 17 105
267600 17 103
267600 17 72
267600 17 102
267600 17 94
267600 17 48
267600 17 49
267600 18 103
267600 20 49
267600 20 80
267600 20 27
267600 22 23
267600 23 88
267600 23 97
267600 23 115
267600 23 122
267600 23 85
267600 41 102
267600 41 89
267600 43 88
267600 43 122
267600 52 61
267600 52 122
267600 61 72
267600 61 69
267600 61 80
267600 72 85
267600 76 85
267600 80 103
267600 85 102
267600 88 114
267600 88 122
267900 5 12
267900 5 61
267900 5 65
267900 5 72
267900 6 76
267900 8 17
267900 8 27
267900 9 69
267900 9 49
267900 9 17
267900 9 88
267900 9 27
267900 9 44
267900 12 27
267900 17 94
267900 17 103
267900 18 103
267900 19 85
267900 20 80
267900 20 88
267900 20 122
267900 20 49
267900 20 44
267900 20 57
267900 20 48
267900 20 27
267900 20 102
267900 23 85
267900 23 115
267900 23 88
267900 23 97
267900 23 72
267900 27 44
267900 27 99
267900 27 113
267900 27 72
267900 38 52
267900 41 102
267900 43 88
267900 43 122
267900 44 52
267900 48 111
267900 49 72
267900 52 122
267900 52 85
267900 52 72
267900 52 88
267900 52 103
267900 59 72
267900 61 69
267900 61 80
267900 61 72
267900 61 103
267900 65 72
267900 72 88
267900 80 103
267900 85 104
267900 85 102
267900 85 117
267900 88 122
267900 103 111
268200 3 8
268200 5 61
268200 5 12
268200 5 72
268200 9 44
268200 13 49
268200 17 72
268200 17 105
268200 20 44
268200 20 49
268200 20 122
268200 20 80
268200 20 48
268200 20 111
268200 20 61
268200 20 73
268200 20 69
268200 20 70
268200 20 120
268200 23 72
268200 23 88
268200 27 72
268200 38 52
268200 38 72
268200 41 102
268200 43 88
268200 43 120
268200 43 72
268200 44 52
268200 44 97
268200 48 111
268200 48 121
268200 49 72
268200 52 72
268200 52 85
268200 52 103
268200 52 88
268200 52 122
268200 52 73
268200 59 72
268200 61 80
268200 61 69
268200 61 72
268200 61 65
268200 61 97
268200 65 72
268200 65 93
268200 65 111
268200 70 121
268200 70 122
268200 70 72
268200 70 96
268200 70 111
268200 72 85
268200 77 104
268200 80 103
268200 85 104
268200 85 88
268200 88 122
268200 111 120
268500 1 5
268500 2 100
268500 5 12
268500 5 65
268500 5 61
268500 5 106
268500 5 38
268500 5 80
268500 16 23
268500 16 79
268500 20 61
268500 20 44
268500 20 120
268500 23 85
268500 25 38
268500 29 81
268500 29 70
268500 29 108
268500 36 70
268500 36 43
268500 38 72
268500 38 41
268500 38 44
268500 38 106
268500 38 120
268500 41 84
268500 41 78
268500 43 97
268500 43 70
268500 43 44
268500 44 97
268500 44 106
268500 47 78
268500 52 122
268500 60 122
268500 61 72
268500 61 80
268500 65 72
268500 65 111
268500 70 111
268500 70 96
268500 70 72
268500 70 122
268500 70 97
268500 77 104
268500 78 79
268500 78 97
268500 79 93
268500 79 103
268500 80 103
268500 84 99
268500 85 102
268500 85 117
268500 87 120
268500 106 108
268500 106 122
268500 108 122
268500 111 120
268800 1 5
268800 2 100
268800 5 38
268800 5 12
268800 5 65
268800 9 44
268800 10 36
268800 12 56
268800 12 65
268800 12 36
268800 16 79
268800 20 70
268800 23 88
268800 23 78
268800 23 94
268800 25 38
268800 29 81
268800 36 43
268800 36 70
268800 36 97
268800 36 120
268800 36 65
268800 36 38
268800 36 78
268800 36 94
268800 38 106
268800 38 41
268800 38 120
268800 38 114
268800 38 94
268800 41 78
268800 41 102
268800 41 65
268800 41 117
268800 43 70
268800 43 97
268800 48 94
268800 48 65
268800 65 111
268800 65 72
268800 65 94
268800 67 78
268800 70 96
268800 70 72
268800 71 120
268800 73 94
268800 74 92
268800 74 94
268800 74 120
268800 78 97
268800 78 79
268800 85 102
268800 94 117
269100 5 38
269100 9 44
269100 10 36
269100 10 70
269100 10 72
269100 12 56
269100 12 74
269100 12 79
269100 12 72
269100 16 23
269100 23 85
269100 23 94
269100 23 49
269100 25 38
269100 26 112
269100 29 81
269100 36 70
269100 36 94
269100 36 120
269100 36 43
269100 36 65
269100 36 38
269100 36 108
269100 36 55
269100 36 48
269100 38 114
269100 41 56
269100 43 70
269100 47 75
269100 48 65
269100 48 94
269100 48 66
269100 49 119
269100 55 83
269100 56 119
269100 65 94
269100 67 78
269100 70 96
269100 72 79
269100 73 94
269100 74 120
269100 78 97
269100 79 97
269100 80 94
269100 94 117
269100 94 119
269400 7 11
269400 7 77
269400 7 13
269400 9 44
269400 12 79
269400 12 72
269400 13 107
269400 13 72
269400 13 57
269400 13 73
269400 16 23
269400 21 23
269400 23 88
269400 25 38
269400 26 112
269400 29 81
269400 36 97
269400 36 38
269400 36 48
269400 36 43
269400 36 55
269400 38 114
269400 43 97
269400 43 70
269400 48 94
269400 48 57
269400 49 119
269400 55 83
269400 55 107
269400 56 119
269400 57 78
269400 57 73
269400 57 107
269400 57 83
269400 67 78
269400 70 96
269400 73 94
269400 73 97
269400 74 120
269400 77 107
269400 78 97
269700 5 38
269700 7 11
269700 7 83
269700 7 87
269700 7 73
269700 9 44
269700 10 70
269700 13 73
269700 20 97
269700 21 23
269700 21 77
269700 29 81
269700 30 114
269700 32 44
269700 36 83
269700 36 86
269700 38 114
269700 38 88
269700 38 72
269700 38 56
269700 38 86
269700 41 83
269700 43 70
269700 44 114
269700 44 56
269700 48 94
269700 56 119
269700 57 73
269700 57 116
269700 57 86
269700 62 116
269700 67 78
269700 69 83
269700 72 73
269700 77 88
269700 78 97
269700 82 116
269700 83 93
269700 83 86
269700 86 97
269700 94 119
270000 1 99
270000 7 87
270000 7 77
270000 7 13
270000 7 73
270000 7 89
270000 7 56
270000 7 111
270000 7 97
270000 7 99
270000 7 35
270000 9 44
270000 16 99
270000 20 97
270000 20 112
270000 22 69
270000 22 78
270000 32 44
270000 35 36
270000 35 82
270000 36 55
270000 36 38
270000 36 48
270000 36 111
270000 36 78
270000 38 86
270000 38 93
270000 38 70
270000 41 83
270000 44 109
270000 57 86
270000 57 116
270000 67 78
270000 69 83
270000 69 88
270000 69 70
270000 77 107
270000 77 88
270000 78 97
270000 82 116
270000 83 86
270000 83 93
270000 86 97
270000 86 111
270000 86 93
270000 97 99
270300 0 20
270300 0 51
270300 0 38
270300 7 111
270300 7 56
270300 7 99
270300 9 44
270300 15 111
270300 15 115
270300 15 69
270300 16 22
270300 17 22
270300 17 99
270300 17 118
270300 17 56
270300 17 115
270300 20 22
270300 22 69
270300 22 56
270300 22 115
270300 22 50
270300 22 112
270300 35 36
270300 35 82
270300 36 38
270300 36 111
270300 36 55
270300 36 48
270300 41 83
270300 44 109
270300 50 99
270300 50 79
270300 56 116
270300 56 69
270300 57 116
270300 57 86
270300 67 78
270300 77 88
270300 78 97
270300 78 112
270300 83 93
270300 97 99
270600 0 51
270600 0 50
270600 4 15
270600 7 97
270600 9 44
270600 15 115
270600 17 118
270600 17 56
270600 20 118
270600 22 112
270600 22 50
270600 22 56
270600 30 113
270600 35 36
270600 36 55
270600 36 48
270600 41 83
270600 50 79
270600 50 99
270600 50 98
270600 57 116
270600 77 88
270600 78 112
270600 78 97
270600 82 116
270600 86 97
270600 97 99
270600 115 116
270900 0 20
270900 0 51
270900 0 48
270900 4 15
270900 7 56
270900 15 30
270900 17 118
270900 17 56
270900 20 22
270900 20 118
270900 20 59
270900 27 116
270900 30 113
270900 30 70
270900 34 116
270900 35 36
270900 36 48
270900 36 38
270900 41 99
270900 56 116
270900 57 86
270900 57 116
270900 72 115
270900 77 88
270900 115 116
271200 0 51
271200 0 20
271200 4 15
271200 15 48
271200 17 56
271200 17 118
271200 20 22
271200 20 115
271200 22 112
271200 27 116
271200 30 70
271200 31 86
271200 34 116
271200 48 56
271200 48 115
271200 51 58
271200 56 116
271200 56 99
271200 57 116
271200 77 88
271200 78 112
271200 106 120
271200 115 116
271500 4 115
271500 4 121
271500 4 118
271500 14 34
271500 15 17
271500 17 118
271500 17 56
271500 17 115
271500 27 116
271500 30 70
271500 30 113
271500 31 46
271500 48 115
271500 48 56
271500 51 56
271500 56 99
271500 77 88
271500 78 112
271500 99 121
271500 106 120
271800 4 15
271800 4 118
271800 15 48
271800 15 17
271800 15 99
271800 17 96
271800 27 116
271800 30 70
271800 34 116
271800 38 99
271800 77 88
271800 96 115
271800 106 120
272100 4 15
272100 4 118
272100 4 26
272100 15 48
272100 15 21
272100 27 48
272100 30 70
272100 48 56
272100 68 99
272100 68 120
272100 77 88
272100 99 121
272400 4 15
272400 4 118
272400 26 99
272400 27 48
272400 68 99
272400 77 88
