0 4 97
0 6 110
0 6 35
0 10 95
0 19 89
0 25 81
0 26 79
0 27 93
0 42 81
0 46 76
0 50 82
0 51 94
0 52 78
0 56 66
0 56 123
0 58 103
0 83 109
0 102 119
300 25 81
300 26 79
300 27 93
300 35 98
300 42 81
300 42 97
300 50 82
300 52 78
300 52 56
300 56 66
300 58 103
300 83 109
300 94 121
300 102 119
600 2 92
600 4 35
600 4 65
600 25 81
600 27 35
600 28 35
600 28 44
600 28 40
600 35 98
600 42 81
600 44 56
600 44 97
600 52 78
600 56 123
600 58 103
600 83 109
900 7 56
900 16 17
900 17 48
900 17 119
900 17 27
900 17 40
900 21 123
900 25 81
900 25 59
900 27 81
900 27 66
900 29 100
900 29 35
900 32 35
900 35 98
900 52 78
900 52 56
900 56 66
900 58 103
900 61 66
900 66 123
900 66 100
900 74 92
900 82 92
900 92 93
900 102 119
1200 7 56
1200 15 67
1200 16 102
1200 17 119
1200 17 43
1200 18 36
1200 18 100
1200 20 119
1200 22 82
1200 25 59
1200 29 100
1200 29 40
1200 29 43
1200 35 98
1200 35 42
1200 35 56
1200 36 56
1200 36 40
1200 40 123
1200 48 119
1200 52 56
1200 56 61
1200 58 103
1200 63 67
1200 66 100
1200 74 92
1200 74 100
1200 92 93
1500 4 12
1500 4 110
1500 4 56
1500 4 82
1500 4 119
1500 16 102
1500 17 119
1500 20 119
1500 25 59
1500 28 29
1500 29 119
1500 29 96
1500 29 102
1500 52 56
1500 56 61
1500 56 102
1500 56 67
1500 56 119
1500 58 103
1500 61 78
1500 61 92
1500 61 76
1500 66 100
1500 74 92
1500 82 87
1500 92 93
1500 102 119
1800 4 82
1800 4 12
1800 4 56
1800 4 87
1800 4 110
1800 13 87
1800 21 102
1800 29 102
1800 29 43
1800 38 84
1800 50 52
1800 56 102
1800 56 67
1800 56 119
1800 56 89
1800 56 110
1800 56 71
1800 58 103
1800 61 92
1800 61 110
1800 71 110
1800 73 110
1800 82 87
1800 92 93
2100 4 110
2100 19 110
2100 19 101
2100 20 119
2100 25 59
2100 29 43
2100 29 102
2100 29 38
2100 38 103
2100 38 64
2100 51 52
2100 52 108
2100 54 108
2100 56 67
2100 58 103
2100 61 110
2100 71 110
2100 73 110
2100 89 110
2100 92 93
2400 4 110
2400 13 87
2400 28 91
2400 28 34
2400 52 119
2400 52 91
2400 61 92
2400 61 110
2400 71 110
2400 73 110
2400 89 110
2400 103 109
2700 4 110
2700 4 83
2700 7 75
2700 12 24
2700 12 83
2700 24 28
2700 24 83
2700 24 82
2700 24 55
2700 24 73
2700 28 91
2700 28 34
2700 32 119
2700 32 83
2700 51 52
2700 52 108
2700 52 91
2700 55 83
2700 56 83
2700 56 94
2700 59 76
2700 61 110
2700 61 92
2700 83 108
2700 83 119
2700 91 119
2700 92 93
3000 4 83
3000 7 119
3000 12 24
3000 12 83
3000 19 80
3000 19 91
3000 24 28
3000 24 82
3000 24 64
3000 24 94
3000 25 74
3000 28 34
3000 28 91
3000 31 57
3000 34 119
3000 36 52
3000 51 52
3000 52 94
3000 56 83
3000 56 94
3000 61 110
3000 79 91
3000 79 114
3000 79 94
3000 83 119
3000 94 119
3000 101 119
3300 12 83
3300 12 24
3300 16 71
3300 19 91
3300 24 82
3300 24 83
3300 24 55
3300 24 94
3300 25 71
3300 25 57
3300 30 68
3300 31 57
3300 41 64
3300 52 108
3300 55 64
3300 56 83
3300 63 68
3300 64 71
3300 72 119
3300 83 108
3300 101 119
3600 10 65
3600 12 83
3600 12 24
3600 16 71
3600 24 55
3600 24 73
3600 25 71
3600 25 57
3600 25 82
3600 27 84
3600 29 93
3600 30 68
3600 30 65
3600 33 52
3600 42 48
3600 52 108
3600 55 64
3600 56 94
3600 63 84
3600 64 71
3600 65 112
3600 65 84
3600 65 83
3600 69 94
3600 76 109
3600 82 103
3600 83 119
3600 83 84
3600 101 119
3900 0 65
3900 0 84
3900 0 61
3900 0 24
3900 0 27
3900 6 82
3900 12 83
3900 12 24
3900 16 71
3900 16 82
3900 24 82
3900 24 55
3900 24 71
3900 24 65
3900 24 25
3900 25 73
3900 27 84
3900 27 30
3900 29 93
3900 33 52
3900 33 119
3900 33 65
3900 33 61
3900 52 108
3900 56 94
3900 60 65
3900 61 84
3900 65 112
3900 65 84
3900 69 94
3900 72 119
3900 76 109
3900 78 80
3900 83 119
3900 83 108
3900 84 103
3900 101 119
4200 9 19
4200 12 24
4200 25 73
4200 27 84
4200 27 30
4200 33 119
4200 44 60
4200 52 108
4200 56 94
4200 65 112
4200 72 119
4200 76 109
4200 82 103
4200 83 119
4200 84 103
4200 98 102
4200 108 113
4500 0 84
4500 0 65
4500 12 83
4500 24 65
4500 24 55
4500 27 84
4500 33 119
4500 33 61
4500 52 108
4500 60 65
4500 61 84
4500 65 84
4500 65 112
4500 69 94
4500 76 109
4500 82 103
4500 83 119
4800 9 31
4800 12 83
4800 12 24
4800 27 30
4800 27 84
4800 33 119
4800 45 83
4800 47 78
4800 52 108
4800 56 94
4800 65 112
5100 0 84
5100 12 24
5100 13 64
5100 26 81
5100 26 103
5100 33 61
5100 45 83
5100 52 108
5100 57 93
5100 61 84
5100 65 84
5100 69 94
5400 12 83
5400 12 24
5400 26 103
5400 26 81
5400 29 73
5400 45 83
5400 73 104
5400 73 110
5400 73 96
5400 78 122
5700 0 84
5700 6 74
5700 13 97
5700 23 58
5700 26 103
5700 45 83
5700 61 84
5700 65 84
5700 69 94
5700 93 124
5700 96 101
5700 101 108
6000 0 84
6000 2 3
6000 15 23
6000 16 86
6000 23 58
6000 23 108
6000 26 103
6000 45 83
6000 60 86
6000 71 92
6000 101 108
6300 23 58
6300 23 108
6300 26 103
6300 65 84
6300 69 94
6300 71 92
6300 93 124
6300 101 108
6600 2 3
6600 25 44
6600 65 84
6600 71 92
6600 101 108
6900 9 15
6900 9 68
6900 25 44
6900 40 61
6900 65 84
6900 71 92
6900 93 124
7200 7 56
7200 25 44
7200 40 61
7200 51 103
7200 65 84
7200 71 92
7500 14 68
7500 25 44
7500 65 84
7500 68 73
7500 68 101
7500 71 92
7800 1 80
7800 1 30
7800 1 112
7800 5 41
7800 7 56
7800 25 30
7800 30 93
7800 39 89
7800 39 53
7800 39 68
7800 39 84
7800 48 88
7800 55 88
7800 65 84
7800 70 88
7800 71 92
7800 80 96
7800 84 93
7800 88 112
7800 88 93
8100 1 80
8100 1 41
8100 1 36
8100 1 100
8100 1 88
8100 5 41
8100 5 58
8100 14 74
8100 14 95
8100 17 67
8100 28 67
8100 28 88
8100 28 58
8100 28 30
8100 30 93
8100 30 95
8100 30 58
8100 30 35
8100 30 88
8100 36 96
8100 39 89
8100 39 53
8100 41 84
8100 41 110
8100 41 68
8100 41 123
8100 41 101
8100 48 88
8100 55 88
8100 64 75
8100 67 104
8100 67 95
8100 68 73
8100 68 88
8100 68 101
8100 68 95
8100 71 92
8100 80 96
8100 80 88
8100 88 112
8100 88 93
8100 88 97
8100 95 101
8100 97 104
8400 1 80
8400 5 58
8400 6 8
8400 6 10
8400 14 95
8400 15 83
8400 18 95
8400 18 41
8400 30 93
8400 30 88
8400 30 95
8400 36 96
8400 39 84
8400 39 112
8400 39 90
8400 40 83
8400 41 123
8400 41 110
8400 41 84
8400 41 101
8400 41 88
8400 41 46
8400 43 84
8400 47 90
8400 47 95
8400 48 88
8400 53 115
8400 64 75
8400 65 84
8400 67 104
8400 67 95
8400 67 83
8400 68 101
8400 68 73
8400 68 88
8400 68 95
8400 68 112
8400 80 88
8400 81 123
8400 81 121
8400 83 88
8400 84 93
8400 84 112
8400 88 95
8400 88 116
8700 1 80
8700 3 117
8700 5 58
8700 10 67
8700 17 123
8700 17 67
8700 18 41
8700 18 95
8700 18 123
8700 18 24
8700 18 39
8700 18 67
8700 18 92
8700 30 95
8700 30 68
8700 39 112
8700 39 90
8700 39 67
8700 39 81
8700 39 40
8700 40 123
8700 40 81
8700 41 110
8700 41 46
8700 43 84
8700 47 95
8700 56 81
8700 63 82
8700 67 112
8700 68 88
8700 68 95
8700 68 101
8700 68 112
8700 80 88
8700 80 96
8700 81 123
8700 81 92
8700 81 82
8700 81 103
8700 82 92
8700 88 95
8700 114 123
9000 1 80
9000 3 117
9000 4 106
9000 4 103
9000 4 68
9000 4 92
9000 18 41
9000 28 40
9000 30 68
9000 30 95
9000 33 44
9000 39 81
9000 39 90
9000 40 92
9000 40 101
9000 41 46
9000 41 110
9000 42 82
9000 42 81
9000 42 44
9000 42 48
9000 42 46
9000 43 84
9000 44 98
9000 49 101
9000 49 81
9000 56 81
9000 68 73
9000 68 88
9000 78 103
9000 80 101
9000 81 92
9000 81 98
9000 82 101
9000 84 103
9000 88 116
9000 92 124
9000 114 123
9300 1 80
9300 3 117
9300 3 37
9300 4 106
9300 4 27
9300 7 99
9300 7 40
9300 7 68
9300 7 92
9300 14 22
9300 14 80
9300 14 42
9300 14 30
9300 14 106
9300 18 92
9300 22 42
9300 22 78
9300 30 95
9300 30 92
9300 37 115
9300 37 68
9300 37 82
9300 37 88
9300 37 69
9300 39 81
9300 39 90
9300 39 42
9300 40 92
9300 40 56
9300 41 46
9300 42 82
9300 42 48
9300 42 46
9300 42 81
9300 42 65
9300 42 44
9300 42 114
9300 48 101
9300 48 114
9300 48 102
9300 49 101
9300 54 114
9300 56 110
9300 56 92
9300 56 68
9300 65 92
9300 66 107
9300 68 75
9300 68 115
9300 78 92
9300 80 114
9300 81 98
9300 81 92
9300 82 92
9300 92 115
9300 93 110
9300 93 115
9600 1 80
9600 2 66
9600 3 37
9600 4 106
9600 4 47
9600 7 99
9600 7 92
9600 7 40
9600 7 66
9600 7 118
9600 10 89
9600 10 66
9600 10 95
9600 14 106
9600 14 30
9600 18 92
9600 18 88
9600 26 89
9600 26 78
9600 26 112
9600 26 110
9600 35 46
9600 37 115
9600 37 68
9600 37 69
9600 37 65
9600 37 88
9600 39 90
9600 40 56
9600 41 46
9600 41 96
9600 41 88
9600 42 65
9600 42 46
9600 44 110
9600 48 102
9600 48 101
9600 48 114
9600 48 88
9600 48 118
9600 48 110
9600 49 101
9600 56 110
9600 56 91
9600 65 88
9600 66 107
9600 66 68
9600 68 88
9600 68 115
9600 88 116
9600 88 118
9600 88 95
9600 88 89
9600 89 112
9600 102 110
9900 1 80
9900 4 106
9900 4 30
9900 7 40
9900 7 118
9900 7 66
9900 7 99
9900 7 68
9900 7 15
9900 7 89
9900 8 68
9900 8 73
9900 8 56
9900 8 89
9900 8 69
9900 8 87
9900 8 70
9900 8 94
9900 10 95
9900 10 106
9900 10 89
9900 10 34
9900 11 87
9900 14 106
9900 14 89
9900 26 89
9900 30 95
9900 30 68
9900 30 37
9900 30 94
9900 34 68
9900 37 88
9900 37 65
9900 41 46
9900 41 96
9900 42 65
9900 44 110
9900 44 106
9900 48 102
9900 48 101
9900 49 101
9900 49 94
9900 56 118
9900 65 88
9900 66 107
9900 68 88
9900 73 89
9900 87 110
9900 88 95
9900 88 94
9900 88 89
9900 89 112
9900 89 94
9900 94 113
9900 102 110
10200 1 80
10200 6 49
10200 6 13
10200 7 118
10200 7 15
10200 7 68
10200 8 89
10200 8 94
10200 8 70
10200 8 56
10200 8 18
10200 8 118
10200 8 47
10200 8 10
10200 9 118
10200 10 106
10200 10 34
10200 10 47
10200 10 114
10200 13 38
10200 18 88
10200 18 92
10200 18 101
10200 22 118
10200 23 106
10200 30 95
10200 30 68
10200 30 94
10200 30 37
10200 31 94
10200 34 68
10200 34 38
10200 34 94
10200 36 47
10200 37 88
10200 37 65
10200 38 64
10200 38 87
10200 41 88
10200 44 110
10200 45 77
10200 47 115
10200 48 102
10200 49 94
10200 49 62
10200 56 110
10200 56 118
10200 65 66
10200 68 102
10200 87 110
10200 88 94
10200 89 94
10200 94 114
10200 102 110
10200 106 118
10500 3 119
10500 4 106
10500 4 18
10500 4 65
10500 6 49
10500 6 37
10500 6 119
10500 7 118
10500 7 68
10500 8 47
10500 8 56
10500 8 94
10500 10 114
10500 10 47
10500 13 94
10500 14 93
10500 18 92
10500 18 101
10500 18 114
10500 28 30
10500 30 94
10500 30 37
10500 30 87
10500 30 102
10500 31 94
10500 34 68
10500 34 94
10500 34 38
10500 36 47
10500 38 64
10500 38 45
10500 42 65
10500 45 48
10500 45 93
10500 47 115
10500 56 118
10500 65 66
10500 68 88
10500 87 110
10500 87 94
10500 89 112
10500 93 97
10500 94 114
10500 102 110
10500 112 116
10500 119 122
10800 1 80
10800 3 61
10800 4 106
10800 4 65
10800 4 68
10800 4 101
10800 6 119
10800 7 15
10800 7 68
10800 8 18
10800 8 56
10800 10 106
10800 10 68
10800 13 38
10800 13 49
10800 14 88
10800 14 101
10800 14 49
10800 15 64
10800 15 104
10800 15 68
10800 18 101
10800 21 106
10800 23 106
10800 24 75
10800 30 37
10800 30 87
10800 31 94
10800 33 64
10800 34 68
10800 34 104
10800 37 104
10800 38 64
10800 40 68
10800 45 77
10800 56 118
10800 56 59
10800 56 75
10800 59 102
10800 59 104
10800 61 75
10800 64 83
10800 68 89
10800 68 88
10800 75 80
10800 89 112
10800 93 97
10800 102 110
10800 106 118
10800 106 115
10800 119 122
11100 0 118
11100 0 59
11100 0 46
11100 0 89
11100 0 99
11100 0 30
11100 1 80
11100 4 101
11100 4 13
11100 4 99
11100 6 49
11100 6 118
11100 7 118
11100 7 15
11100 7 89
11100 8 18
11100 8 56
11100 8 93
11100 10 47
11100 12 59
11100 13 49
11100 13 75
11100 13 86
11100 13 42
11100 14 49
11100 15 64
11100 15 59
11100 24 75
11100 28 42
11100 33 64
11100 34 38
11100 34 104
11100 35 118
11100 37 104
11100 38 45
11100 40 68
11100 42 45
11100 42 89
11100 42 64
11100 45 60
11100 49 56
11100 52 75
11100 56 118
11100 59 102
11100 59 89
11100 75 80
11100 89 118
11100 102 110
11100 106 118
11100 113 118
11400 0 30
11400 1 80
11400 2 47
11400 3 104
11400 5 11
11400 6 49
11400 6 119
11400 7 89
11400 8 56
11400 10 47
11400 13 49
11400 14 88
11400 18 101
11400 26 28
11400 28 42
11400 28 101
11400 33 64
11400 34 104
11400 34 38
11400 35 118
11400 38 40
11400 40 68
11400 40 113
11400 45 60
11400 75 80
11400 119 122
11700 0 30
11700 1 80
11700 5 110
11700 6 49
11700 7 89
11700 8 18
11700 8 113
11700 10 47
11700 13 49
11700 14 88
11700 22 61
11700 22 75
11700 26 113
11700 33 64
11700 45 60
11700 47 84
11700 75 80
11700 75 90
11700 102 110
11700 119 122
12000 0 30
12000 3 104
12000 5 11
12000 6 49
12000 7 45
12000 10 47
12000 13 49
12000 22 61
12000 26 80
12000 28 42
12000 35 118
12000 40 68
12000 45 47
12000 45 118
12000 45 102
12000 75 80
12000 75 90
12000 102 110
12300 0 30
12300 5 11
12300 5 118
12300 6 49
12300 7 89
12300 7 45
12300 13 49
12300 26 113
12300 26 94
12300 33 64
12300 35 69
12300 40 71
12300 45 102
12300 75 80
12600 1 89
12600 2 22
12600 6 49
12600 7 89
12600 11 110
12600 26 113
12600 35 69
12600 40 68
12600 40 77
12600 45 102
12600 45 64
12600 89 111
12900 1 118
12900 5 118
12900 6 47
12900 11 110
12900 13 49
12900 33 89
12900 34 82
12900 40 68
12900 40 77
12900 45 102
12900 45 64
12900 77 118
12900 89 111
12900 89 121
13200 1 118
13200 1 59
13200 6 118
13200 33 89
13200 34 82
13200 38 59
13200 40 68
13200 40 77
13200 45 102
13200 59 89
13200 59 118
13200 89 111
13500 1 59
13500 22 118
13500 34 82
13500 77 118
13500 100 104
13800 1 59
13800 2 109
13800 22 118
13800 30 118
14100 2 109
14100 13 111
14100 22 118
14100 54 56
14100 59 109
14100 95 118
14100 102 110
14400 1 59
14400 13 111
14400 26 59
14400 26 109
14400 29 109
14400 73 109
14400 81 106
14700 13 111
14700 29 109
14700 73 109
14700 91 103
15000 36 41
15000 73 109
15000 91 103
15000 122 124
15300 13 94
15300 27 41
15300 27 103
15300 27 94
15300 31 43
15300 31 97
15300 31 41
15300 73 109
15300 91 103
15300 94 116
15600 13 94
15600 15 27
15600 27 41
15600 27 103
15600 27 46
15600 46 71
15600 46 97
15600 50 94
15600 58 94
15600 91 103
15900 13 94
15900 15 27
15900 15 71
15900 15 93
15900 19 24
15900 22 24
15900 26 71
15900 48 71
15900 52 97
15900 71 93
15900 91 103
16200 15 71
16200 19 87
16200 22 24
16200 26 71
16200 36 56
16200 91 103
16200 93 113
16200 94 109
16200 94 114
16200 113 114
16500 22 24
16500 26 71
16500 36 56
16500 56 67
16500 71 114
16500 71 91
16500 78 94
16500 91 103
16500 91 97
16500 94 114
16800 2 88
16800 2 41
16800 6 55
16800 29 97
16800 29 110
16800 41 112
16800 41 91
16800 41 82
16800 78 94
16800 91 97
16800 91 103
16800 97 107
16800 110 122
16800 113 114
17100 2 41
17100 16 120
17100 16 29
17100 29 55
17100 35 102
17100 35 119
17100 35 41
17100 41 91
17100 41 112
17100 61 107
17100 113 114
17400 29 110
17400 33 76
17400 47 55
17400 53 73
17400 113 114
17700 3 35
17700 3 100
17700 26 105
17700 33 76
17700 53 73
17700 73 105
17700 100 112
18000 1 78
18000 3 100
18000 3 95
18000 37 41
18000 41 95
18000 73 105
18000 76 96
18000 95 96
18000 95 101
18000 100 112
18000 105 118
18000 113 114
18300 3 35
18300 10 122
18300 10 16
18300 10 35
18300 10 34
18300 37 41
18300 41 98
18300 52 76
18300 59 95
18300 64 70
18300 64 71
18300 68 98
18300 76 96
18300 95 101
18300 100 112
18300 105 118
18300 114 122
18300 117 122
18600 3 100
18600 3 95
18600 3 103
18600 4 71
18600 4 96
18600 10 34
18600 10 16
18600 10 117
18600 10 71
18600 23 108
18600 23 117
18600 34 71
18600 35 71
18600 37 41
18600 41 59
18600 51 122
18600 64 101
18600 69 117
18600 71 108
18600 96 117
18600 98 122
18600 113 114
18600 114 122
18600 117 122
18900 3 103
18900 3 100
18900 3 67
18900 3 93
18900 10 16
18900 10 122
18900 10 71
18900 20 100
18900 20 113
18900 34 71
18900 35 71
18900 37 41
18900 41 98
18900 41 59
18900 43 122
18900 51 122
18900 52 76
18900 64 71
18900 64 96
18900 67 95
18900 67 98
18900 68 98
18900 69 117
18900 71 108
18900 76 96
18900 80 95
18900 87 113
18900 95 117
18900 96 117
18900 100 103
18900 113 114
19200 3 67
19200 3 103
19200 3 93
19200 3 96
19200 10 117
19200 10 16
19200 10 118
19200 10 89
19200 15 100
19200 17 77
19200 17 100
19200 20 113
19200 20 100
19200 34 71
19200 35 71
19200 37 77
19200 37 117
19200 43 122
19200 45 80
19200 45 96
19200 45 98
19200 52 76
19200 52 89
19200 64 96
19200 64 109
19200 67 95
19200 68 98
19200 71 108
19200 76 96
19200 77 95
19200 78 96
19200 89 100
19200 96 100
19200 98 100
19200 100 117
19200 109 118
19200 113 114
19500 3 93
19500 3 96
19500 3 67
19500 4 124
19500 4 35
19500 4 45
19500 4 22
19500 4 114
19500 10 89
19500 10 45
19500 10 124
19500 15 98
19500 15 45
19500 17 77
19500 17 100
19500 20 100
19500 20 113
19500 20 25
19500 35 71
19500 35 124
19500 35 93
19500 45 80
19500 64 96
19500 64 110
19500 67 95
19500 68 98
19500 68 110
19500 68 124
19500 71 108
19500 76 96
19500 78 96
19500 93 113
19500 96 100
19500 100 117
19500 113 114
19800 3 96
19800 3 67
19800 3 93
19800 4 35
19800 4 45
19800 4 124
19800 4 114
19800 4 50
19800 4 71
19800 4 73
19800 4 19
19800 4 117
19800 4 22
19800 10 45
19800 10 124
19800 17 77
19800 18 68
19800 35 93
19800 35 71
19800 45 80
19800 57 78
19800 60 80
19800 64 96
19800 64 110
19800 64 109
19800 68 110
19800 71 108
19800 71 82
19800 77 82
19800 95 124
19800 100 117
20100 3 93
20100 4 45
20100 4 124
20100 10 45
20100 15 45
20100 24 57
20100 35 71
20100 35 93
20100 35 124
20100 45 80
20100 45 68
20100 45 124
20100 45 109
20100 60 80
20100 64 96
20100 64 110
20100 68 110
20100 68 100
20100 71 82
20100 71 108
20100 89 100
20100 100 109
20100 100 124
20100 113 114
20400 4 45
20400 4 35
20400 15 71
20400 15 87
20400 18 80
20400 35 71
20400 35 124
20400 37 110
20400 45 68
20400 45 80
20400 45 124
20400 45 116
20400 45 71
20400 49 116
20400 54 120
20400 57 100
20400 59 93
20400 60 80
20400 64 96
20400 68 100
20400 68 110
20400 100 109
20400 102 124
20400 113 114
20700 4 45
20700 4 35
20700 8 118
20700 8 100
20700 18 80
20700 18 89
20700 29 71
20700 30 57
20700 35 93
20700 35 71
20700 43 100
20700 45 80
20700 49 116
20700 57 60
20700 58 80
20700 59 80
20700 60 80
20700 64 96
20700 64 69
20700 68 100
20700 69 80
20700 71 118
20700 87 105
20700 87 120
20700 89 100
20700 100 124
20700 110 120
21000 4 35
21000 4 45
21000 4 8
21000 4 80
21000 6 89
21000 6 80
21000 8 118
21000 8 106
21000 8 49
21000 8 80
21000 8 78
21000 18 80
21000 30 89
21000 30 35
21000 34 69
21000 35 93
21000 49 116
21000 49 80
21000 57 60
21000 58 80
21000 60 80
21000 64 96
21000 69 80
21000 71 100
21000 71 89
21000 78 85
21000 80 118
21000 89 100
21000 96 100
21000 110 120
21300 4 8
21300 4 35
21300 6 116
21300 6 27
21300 8 78
21300 8 80
21300 8 106
21300 8 49
21300 8 69
21300 8 89
21300 9 49
21300 9 27
21300 15 89
21300 18 27
21300 27 106
21300 30 89
21300 34 69
21300 35 71
21300 49 116
21300 49 58
21300 49 118
21300 49 61
21300 57 60
21300 58 93
21300 71 89
21300 78 85
21300 96 100
21600 4 45
21600 4 30
21600 6 116
21600 6 89
21600 8 106
21600 9 49
21600 9 108
21600 9 60
21600 9 34
21600 9 61
21600 15 27
21600 18 27
21600 27 106
21600 27 118
21600 28 122
21600 34 55
21600 36 69
21600 49 116
21600 49 61
21600 49 118
21600 55 89
21600 58 93
21600 60 80
21600 66 89
21600 66 100
21600 66 71
21600 66 98
21600 69 98
21600 71 100
21600 71 89
21600 92 106
21900 2 15
21900 4 35
21900 4 8
21900 4 45
21900 6 89
21900 6 116
21900 9 61
21900 9 34
21900 15 27
21900 15 71
21900 15 106
21900 15 122
21900 18 27
21900 18 98
21900 22 98
21900 26 124
21900 27 106
21900 27 118
21900 30 98
21900 34 55
21900 36 69
21900 49 58
21900 49 61
21900 49 98
21900 55 89
21900 59 71
21900 59 75
21900 60 100
21900 66 98
21900 66 89
21900 71 98
21900 75 98
21900 92 106
22200 2 15
22200 4 45
22200 6 116
22200 9 60
22200 9 34
22200 15 106
22200 15 27
22200 15 43
22200 15 36
22200 15 61
22200 15 19
22200 18 27
22200 26 124
22200 27 106
22200 28 75
22200 28 43
22200 28 124
22200 30 116
22200 30 61
22200 34 55
22200 43 108
22200 43 100
22200 49 58
22200 49 124
22200 55 89
22200 59 71
22200 59 75
22200 60 61
22200 92 106
22200 113 124
22500 2 15
22500 4 8
22500 4 45
22500 6 116
22500 9 34
22500 15 71
22500 15 43
22500 15 36
22500 18 27
22500 19 50
22500 27 106
22500 28 124
22500 28 43
22500 28 39
22500 44 55
22500 44 61
22500 44 49
22500 49 58
22500 49 124
22500 49 122
22500 49 55
22500 55 89
22500 55 85
22500 56 61
22500 60 61
22800 4 45
22800 6 58
22800 18 27
22800 19 50
22800 26 124
22800 27 106
22800 30 116
22800 40 122
22800 40 119
22800 44 65
22800 45 50
22800 49 124
22800 50 58
22800 50 61
22800 58 85
22800 58 106
22800 61 122
22800 65 99
22800 65 110
22800 65 124
23100 4 45
23100 6 58
23100 15 50
23100 19 50
23100 26 124
23100 26 55
23100 26 115
23100 26 99
23100 27 106
23100 28 124
23100 28 39
23100 30 116
23100 31 58
23100 40 122
23100 40 100
23100 40 99
23100 44 65
23100 50 122
23100 50 61
23100 54 85
23100 58 106
23100 58 85
23100 65 124
23100 65 68
23400 4 68
23400 6 58
23400 10 58
23400 15 78
23400 15 58
23400 18 27
23400 26 115
23400 30 116
23400 40 100
23400 44 65
23400 50 61
23400 59 106
23400 65 68
23400 65 106
23700 6 18
23700 6 25
23700 6 116
23700 6 122
23700 6 55
23700 15 58
23700 18 27
23700 19 50
23700 26 124
23700 26 99
23700 30 116
23700 39 58
23700 39 64
23700 44 65
23700 44 116
23700 50 122
23700 55 59
23700 59 106
23700 64 85
23700 64 78
23700 65 106
23700 78 92
24000 6 92
24000 10 58
24000 18 27
24000 18 106
24000 19 50
24000 26 99
24000 27 112
24000 30 116
24000 39 64
24000 44 116
24000 44 65
24000 50 112
24000 55 59
24000 55 92
24000 55 64
24000 58 82
24000 59 106
24000 78 106
24300 6 116
24300 6 92
24300 6 18
24300 10 58
24300 19 50
24300 25 99
24300 26 99
24300 27 112
24300 30 116
24300 34 99
24300 39 112
24300 55 92
24300 55 64
24300 58 82
24300 64 78
24300 99 120
24600 18 106
24600 18 27
24600 25 99
24600 26 99
24600 30 116
24600 33 55
24600 39 55
24600 55 92
24600 115 120
24900 26 99
24900 34 99
24900 39 112
24900 48 75
24900 48 112
24900 48 91
24900 55 92
24900 67 99
24900 90 106
25200 22 35
25200 26 99
25200 28 75
25200 34 99
25200 36 63
25200 43 91
25200 48 91
25200 48 72
25200 48 112
25200 55 91
25200 72 124
25200 72 112
25200 90 106
25500 3 67
25500 11 103
25500 11 108
25500 17 55
25500 22 35
25500 24 99
25500 26 99
25500 34 99
25500 34 52
25500 48 91
25500 52 94
25500 52 99
25500 52 55
25500 55 94
25500 55 89
25500 66 72
25500 72 91
25500 90 106
25800 3 67
25800 11 108
25800 19 103
25800 22 35
25800 24 45
25800 26 99
25800 34 99
25800 44 94
25800 52 99
25800 66 103
25800 72 124
25800 89 98
25800 90 106
26100 9 112
26100 22 35
26100 26 99
26100 29 97
26100 34 99
26100 48 91
26100 72 124
26100 73 77
26100 90 106
26400 3 67
26400 3 27
26400 11 108
26400 26 99
26400 29 97
26400 29 112
26400 34 99
26400 66 73
26400 73 77
26400 89 98
26400 90 106
26700 3 27
26700 3 67
26700 5 66
26700 11 108
26700 26 99
26700 48 91
26700 66 73
26700 82 118
26700 90 106
26700 97 98
27000 3 27
27000 5 66
27000 5 48
27000 11 108
27000 66 73
27000 90 106
27000 97 98
27300 1 106
27300 5 66
27300 5 48
27300 6 93
27300 11 108
27300 67 108
27300 90 106
27600 5 66
27600 5 48
27600 6 93
27600 6 52
27600 11 108
27600 44 102
27600 57 93
27600 66 73
27900 5 48
27900 5 73
27900 6 93
27900 11 108
27900 15 70
27900 32 57
27900 57 93
27900 96 115
27900 96 124
28200 6 52
28200 6 93
28200 31 106
28200 57 93
28200 93 96
28200 96 115
28200 96 108
28500 6 52
28500 6 93
28500 7 103
28500 52 106
28500 54 63
28500 57 93
28500 96 115
28800 6 93
28800 6 31
28800 8 25
28800 96 115
29100 6 93
29100 29 115
29100 32 109
29100 54 63
29100 57 93
29100 82 110
29400 4 67
29400 24 32
29400 24 111
29400 56 93
29400 57 93
29700 3 56
29700 10 25
29700 24 32
29700 25 111
29700 29 46
29700 41 45
29700 46 111
29700 54 63
29700 76 80
29700 81 111
29700 81 104
30000 14 104
30000 21 54
30000 24 32
30000 24 33
30000 25 111
30000 38 45
30000 38 39
30000 54 63
30000 56 93
30300 3 56
30300 14 104
30300 14 24
30300 14 54
30300 14 45
30300 24 32
30300 24 70
30300 24 54
30300 38 39
30300 38 45
30300 41 45
30300 54 69
30300 54 81
30300 55 93
30600 14 54
30600 24 54
30600 24 32
30600 24 70
30600 27 58
30600 37 90
30600 38 39
30600 38 90
30600 54 69
30600 54 81
30600 64 81
30600 81 110
30600 81 117
30600 90 117
30900 11 110
30900 24 70
30900 38 39
30900 73 76
30900 81 114
30900 105 114
30900 110 114
31200 3 86
31200 11 110
31200 60 99
31200 73 99
31200 81 110
31200 99 114
31500 7 109
31500 51 109
31500 103 109
31800 24 109
31800 24 107
31800 24 37
31800 51 109
31800 64 81
32100 24 37
32100 24 64
32100 35 114
32100 51 109
32100 51 64
32100 52 83
32400 12 85
32400 24 64
32400 36 92
32400 37 90
32400 44 102
32400 51 64
32400 52 85
32400 85 92
32700 12 85
32700 17 114
32700 17 124
32700 17 64
32700 21 64
32700 24 64
32700 51 64
32700 51 85
32700 64 124
33000 5 52
33000 24 64
33000 37 90
33000 44 77
33000 51 85
33000 51 64
33000 77 117
33000 90 117
33300 11 81
33300 24 64
33300 31 114
33300 51 64
33600 24 64
33600 51 64
33900 24 64
33900 64 114
34500 2 66
34800 17 78
34800 33 78
35100 2 75
35100 33 78
35100 66 78
35400 33 78
35400 43 66
36000 43 116
36300 84 124
38100 2 100
38400 50 97
39000 28 42
39600 32 109
79800 103 120
80100 67 124
80400 2 92
80400 46 92
80400 103 120
80700 2 92
81000 18 90
81600 15 74
81600 15 68
81600 31 74
81900 7 100
81900 7 15
81900 7 74
81900 15 68
82200 7 15
82200 15 68
82500 15 68
84600 3 29
84600 88 116
84900 20 39
84900 88 116
85200 88 116
85800 24 122
85800 74 81
86400 59 91
86700 58 88
87000 9 71
87000 25 44
87000 28 93
87000 44 71
87000 70 105
87000 71 102
87000 71 94
87000 71 108
87300 7 18
87300 7 93
87300 7 71
87300 9 71
87300 25 101
87300 29 59
87300 43 103
87300 43 104
87300 44 71
87300 59 77
87300 70 105
87300 71 102
87300 71 93
87300 72 93
87300 77 123
87600 7 30
87600 7 115
87600 8 93
87600 9 71
87600 15 101
87600 24 68
87600 25 101
87600 25 30
87600 25 78
87600 25 81
87600 25 93
87600 29 59
87600 30 72
87600 30 93
87600 30 115
87600 44 71
87600 57 101
87600 59 77
87600 71 93
87600 71 94
87600 71 72
87600 81 93
87900 6 93
87900 7 71
87900 7 115
87900 7 30
87900 8 49
87900 8 30
87900 8 68
87900 16 24
87900 16 49
87900 24 68
87900 25 30
87900 30 115
87900 30 116
87900 30 73
87900 30 81
87900 49 90
87900 49 71
87900 57 101
87900 59 77
87900 61 90
87900 70 105
87900 71 94
87900 71 102
87900 71 93
87900 71 72
87900 73 109
88200 3 71
88200 7 71
88200 7 115
88200 7 109
88200 8 68
88200 13 111
88200 16 24
88200 16 49
88200 17 111
88200 21 109
88200 30 116
88200 30 81
88200 49 90
88200 49 102
88200 49 105
88200 57 101
88200 59 77
88200 66 103
88200 68 105
88200 71 72
88200 71 94
88200 71 103
88200 73 109
88200 88 104
88200 99 111
88500 3 71
88500 3 106
88500 4 42
88500 7 71
88500 8 68
88500 16 24
88500 16 49
88500 42 107
88500 42 66
88500 47 94
88500 48 107
88500 49 102
88500 49 71
88500 49 107
88500 49 113
88500 58 107
88500 61 90
88500 71 102
88500 71 72
88500 71 94
88500 78 107
88500 103 107
88500 104 107
88800 1 66
88800 1 106
88800 1 70
88800 3 71
88800 3 106
88800 7 71
88800 16 24
88800 16 66
88800 17 111
88800 21 109
88800 30 81
88800 32 66
88800 32 82
88800 32 94
88800 42 66
88800 42 107
88800 47 110
88800 49 113
88800 49 71
88800 49 106
88800 58 66
88800 58 97
88800 66 103
88800 70 82
88800 72 78
88800 78 107
88800 82 124
88800 97 106
88800 103 107
88800 104 107
88800 106 110
89100 1 106
89100 4 49
89100 7 71
89100 8 70
89100 12 66
89100 12 102
89100 23 58
89100 30 81
89100 32 82
89100 32 56
89100 32 49
89100 42 67
89100 49 106
89100 49 113
89100 49 50
89100 49 70
89100 49 66
89100 58 97
89100 58 67
89100 66 103
89100 66 94
89100 70 82
89100 70 110
89100 70 85
89100 72 78
89100 97 106
89400 3 106
89400 6 58
89400 17 35
89400 23 58
89400 27 93
89400 29 115
89400 32 56
89400 32 82
89400 32 94
89400 35 115
89400 35 58
89400 35 70
89400 35 84
89400 42 67
89400 47 110
89400 49 113
89400 52 58
89400 52 67
89400 54 115
89400 58 67
89400 58 97
89400 67 85
89400 72 78
89700 3 106
89700 7 100
89700 17 115
89700 23 58
89700 27 56
89700 27 45
89700 29 115
89700 45 76
89700 45 74
89700 54 115
89700 58 97
89700 72 78
89700 74 115
89700 97 106
89700 109 115
89700 109 116
90000 3 106
90000 6 60
90000 9 56
90000 17 115
90000 19 60
90000 23 58
90000 29 116
90000 36 63
90000 42 100
90000 45 76
90000 45 74
90000 45 90
90000 47 110
90000 54 115
90000 56 76
90000 56 60
90000 60 97
90000 64 76
90000 109 119
90300 6 60
90300 19 60
90300 21 31
90300 34 74
90300 34 92
90300 34 84
90300 36 46
90300 46 119
90300 51 78
90300 54 115
90300 56 60
90300 56 76
90300 60 97
90300 68 84
90300 72 78
90300 74 115
90300 78 92
90300 84 116
90300 84 122
90300 97 116
90600 3 106
90600 6 60
90600 9 54
90600 19 60
90600 22 72
90600 25 50
90600 36 46
90600 45 76
90600 45 90
90600 45 74
90600 46 119
90600 47 48
90600 47 68
90600 50 110
90600 54 115
90600 56 60
90600 84 122
90900 6 60
90900 9 54
90900 19 60
90900 19 33
90900 19 72
90900 34 92
90900 36 46
90900 36 86
90900 45 76
90900 45 74
90900 46 119
90900 50 110
90900 54 115
90900 68 84
91200 19 33
91200 27 82
91200 36 46
91200 36 86
91200 37 87
91200 45 76
91200 45 74
91200 47 48
91200 50 110
91200 54 115
91500 6 60
91500 27 82
91500 36 46
91500 36 86
91500 44 67
91500 45 74
91500 45 76
91500 48 96
91500 50 110
91800 6 60
91800 26 100
91800 27 82
91800 45 76
91800 50 110
91800 77 105
92100 2 113
92100 23 49
92100 26 100
92100 27 82
92100 36 46
92100 63 112
92100 63 89
92100 68 124
92100 89 108
92100 89 99
92400 20 30
92400 23 49
92400 27 82
92400 36 46
92400 38 50
92400 45 76
92400 63 89
92700 20 30
92700 36 46
92700 38 42
92700 42 122
92700 43 115
92700 85 106
92700 89 108
92700 89 99
93000 4 58
93000 16 117
93000 20 41
93000 43 115
93000 43 109
93000 45 76
93000 72 109
93000 89 99
93000 89 108
93000 109 116
93300 17 46
93300 20 30
93300 43 109
93300 43 115
93300 67 117
93300 85 106
93300 109 116
93600 4 58
93600 8 81
93600 16 117
93600 33 43
93600 75 81
93600 81 121
93600 88 91
93900 8 90
93900 14 37
93900 33 43
93900 39 90
93900 46 49
93900 75 81
94200 8 90
94200 8 11
94200 11 65
94200 11 14
94200 11 60
94200 11 63
94200 11 69
94200 11 118
94200 11 73
94200 11 54
94200 14 59
94200 14 73
94200 25 59
94200 33 43
94200 37 73
94200 37 118
94200 59 73
94200 69 117
94200 75 81
94200 83 118
94500 8 11
94500 11 73
94500 11 118
94500 11 69
94500 11 60
94500 11 14
94500 11 83
94500 14 59
94500 14 58
94500 25 117
94500 25 47
94500 27 92
94500 33 43
94500 33 118
94500 33 78
94500 37 73
94500 37 118
94500 40 83
94500 40 59
94500 47 83
94500 58 118
94500 58 65
94500 59 60
94500 59 65
94500 73 83
94500 78 122
94500 82 83
94500 83 118
94500 83 122
94800 2 100
94800 8 11
94800 8 78
94800 25 59
94800 27 92
94800 27 113
94800 33 78
94800 33 43
94800 34 83
94800 34 105
94800 34 59
94800 37 118
94800 37 78
94800 40 59
94800 40 83
94800 44 97
94800 58 83
94800 66 78
94800 68 78
94800 71 78
94800 72 115
94800 78 122
94800 78 113
94800 78 83
94800 80 91
94800 82 83
94800 83 122
94800 100 113
95100 2 100
95100 2 80
95100 6 58
95100 8 74
95100 11 14
95100 13 113
95100 13 66
95100 13 111
95100 13 58
95100 14 58
95100 14 59
95100 14 99
95100 14 44
95100 14 105
95100 14 40
95100 25 59
95100 27 92
95100 27 50
95100 27 58
95100 34 105
95100 35 50
95100 50 120
95100 58 83
95100 58 80
95100 66 80
95100 71 78
95100 72 115
95100 74 78
95100 74 113
95100 78 83
95100 78 122
95100 78 113
95100 80 113
95400 3 34
95400 3 113
95400 9 113
95400 13 66
95400 13 113
95400 13 14
95400 13 38
95400 14 99
95400 14 59
95400 25 59
95400 27 58
95400 33 50
95400 33 59
95400 34 35
95400 34 83
95400 34 105
95400 34 77
95400 34 66
95400 35 113
95400 35 66
95400 38 74
95400 40 59
95400 40 83
95400 50 94
95400 50 69
95400 58 83
95400 61 108
95400 62 75
95400 62 108
95400 62 80
95400 62 66
95400 71 78
95400 74 113
95400 89 105
95400 89 113
95400 93 102
95400 100 113
95400 112 113
95700 4 101
95700 4 33
95700 4 66
95700 4 49
95700 9 104
95700 11 14
95700 13 66
95700 13 38
95700 13 113
95700 13 49
95700 13 58
95700 14 58
95700 14 59
95700 14 105
95700 14 40
95700 14 44
95700 20 40
95700 20 59
95700 20 66
95700 33 86
95700 34 105
95700 35 66
95700 38 74
95700 40 59
95700 40 104
95700 40 94
95700 40 73
95700 49 66
95700 50 94
95700 61 73
95700 61 66
95700 62 66
95700 62 108
95700 62 75
95700 62 80
95700 66 80
95700 66 86
95700 66 104
95700 71 78
95700 71 73
95700 93 102
96000 0 91
96000 1 59
96000 1 104
96000 3 34
96000 4 49
96000 4 101
96000 4 33
96000 4 104
96000 4 91
96000 4 87
96000 4 55
96000 4 13
96000 5 91
96000 11 14
96000 12 40
96000 13 58
96000 13 21
96000 13 91
96000 14 105
96000 14 44
96000 14 59
96000 14 58
96000 14 99
96000 14 91
96000 14 104
96000 20 40
96000 20 59
96000 20 91
96000 20 73
96000 33 86
96000 33 59
96000 35 77
96000 38 74
96000 38 67
96000 40 104
96000 49 66
96000 55 91
96000 58 73
96000 62 75
96000 63 91
96000 66 104
96000 71 78
96000 73 104
96000 77 104
96000 81 86
96000 89 104
96000 91 93
96000 91 122
96000 112 113
96300 0 91
96300 1 59
96300 1 32
96300 4 9
96300 5 91
96300 9 104
96300 11 14
96300 11 119
96300 11 73
96300 11 86
96300 12 40
96300 12 59
96300 12 29
96300 12 73
96300 13 91
96300 14 44
96300 14 104
96300 14 59
96300 14 119
96300 14 29
96300 20 73
96300 20 40
96300 20 91
96300 20 29
96300 20 105
96300 21 22
96300 21 119
96300 21 73
96300 22 29
96300 29 80
96300 29 119
96300 29 87
96300 29 84
96300 29 38
96300 33 86
96300 38 59
96300 62 108
96300 63 91
96300 71 78
96300 73 104
96300 75 91
96300 79 115
96300 81 86
96300 85 118
96300 89 104
96300 91 122
96300 105 122
96300 112 113
96600 1 104
96600 1 59
96600 3 38
96600 4 104
96600 4 9
96600 4 39
96600 4 22
96600 4 62
96600 5 91
96600 5 21
96600 5 9
96600 6 85
96600 9 62
96600 9 40
96600 10 75
96600 10 88
96600 10 21
96600 10 59
96600 10 102
96600 11 14
96600 12 59
96600 14 59
96600 14 44
96600 14 122
96600 14 78
96600 14 102
96600 20 40
96600 20 29
96600 20 73
96600 20 33
96600 20 62
96600 21 73
96600 21 22
96600 21 62
96600 21 78
96600 22 59
96600 22 38
96600 22 58
96600 22 62
96600 29 119
96600 29 84
96600 29 38
96600 29 80
96600 29 58
96600 33 62
96600 38 59
96600 38 75
96600 39 57
96600 40 104
96600 58 59
96600 58 78
96600 58 75
96600 62 108
96600 62 122
96600 62 75
96600 63 91
96600 66 104
96600 77 104
96600 85 118
96600 89 104
96900 3 38
96900 4 104
96900 4 22
96900 4 62
96900 4 39
96900 4 117
96900 4 5
96900 4 40
96900 4 53
96900 4 100
96900 5 91
96900 5 17
96900 5 104
96900 6 85
96900 9 62
96900 9 104
96900 9 53
96900 9 40
96900 9 17
96900 9 117
96900 9 10
96900 9 38
96900 10 88
96900 10 75
96900 10 53
96900 10 73
96900 14 44
96900 14 59
96900 14 122
96900 17 117
96900 20 62
96900 20 91
96900 20 29
96900 21 62
96900 21 100
96900 22 59
96900 22 100
96900 24 40
96900 29 84
96900 29 38
96900 29 101
96900 32 59
96900 33 86
96900 37 117
96900 38 75
96900 40 117
96900 53 117
96900 53 122
96900 53 100
96900 58 75
96900 58 59
96900 62 75
96900 62 122
96900 63 100
96900 77 104
96900 79 100
96900 85 118
96900 89 104
96900 100 118
96900 100 104
96900 112 113
96900 117 118
97200 3 38
97200 4 100
97200 4 39
97200 4 5
97200 5 9
97200 5 21
97200 5 17
97200 5 104
97200 5 44
97200 5 89
97200 5 40
97200 5 93
97200 5 112
97200 5 100
97200 6 85
97200 9 17
97200 9 62
97200 9 10
97200 10 21
97200 10 59
97200 10 88
97200 10 40
97200 10 112
97200 10 117
97200 11 13
97200 13 58
97200 13 72
97200 14 59
97200 14 40
97200 20 33
97200 20 40
97200 20 73
97200 22 59
97200 22 98
97200 22 72
97200 32 59
97200 39 57
97200 40 104
97200 40 117
97200 40 45
97200 40 89
97200 45 72
97200 48 60
97200 49 100
97200 53 100
97200 63 100
97200 66 104
97200 66 89
97200 72 100
97200 79 100
97200 100 118
97200 100 104
97200 117 118
97500 1 39
97500 1 34
97500 1 63
97500 1 113
97500 1 119
97500 1 79
97500 1 66
97500 4 100
97500 4 117
97500 4 5
97500 5 93
97500 5 21
97500 5 112
97500 5 100
97500 5 17
97500 5 44
97500 9 62
97500 10 21
97500 10 88
97500 10 13
97500 11 13
97500 11 66
97500 13 72
97500 13 48
97500 13 114
97500 13 36
97500 13 39
97500 13 59
97500 13 119
97500 13 25
97500 13 22
97500 13 20
97500 17 117
97500 20 33
97500 20 29
97500 20 21
97500 22 59
97500 22 72
97500 29 84
97500 36 66
97500 37 117
97500 39 79
97500 39 66
97500 40 117
97500 48 60
97500 48 91
97500 49 100
97500 49 93
97500 53 117
97500 55 66
97500 58 87
97500 59 79
97500 63 113
97500 66 104
97500 66 111
97500 72 100
97500 76 119
97500 77 104
97500 79 100
97500 89 104
97500 100 118
97500 100 104
97800 1 79
97800 1 63
97800 5 44
97800 5 93
97800 9 17
97800 13 48
97800 17 117
97800 20 29
97800 20 33
97800 25 101
97800 37 117
97800 39 79
97800 48 60
97800 49 93
97800 53 119
97800 62 99
97800 62 102
97800 63 113
97800 76 119
97800 79 116
98100 0 119
98100 5 93
98100 17 117
98100 20 29
98100 20 33
98100 25 101
98100 36 66
98100 37 117
98100 39 85
98100 39 99
98100 40 117
98100 48 60
98100 49 100
98100 53 119
98100 53 73
98100 76 119
98400 0 66
98400 1 63
98400 1 79
98400 16 97
98400 17 117
98400 20 33
98400 39 99
98400 48 60
98400 49 100
98400 53 73
98400 53 119
98400 79 116
98700 0 66
98700 0 67
98700 5 116
98700 10 39
98700 17 117
98700 48 60
98700 49 63
98700 53 117
98700 76 119
99000 1 63
99000 5 116
99000 6 38
99000 39 99
99000 39 116
99000 48 60
99000 53 117
99000 63 91
99000 79 116
99300 0 66
99300 0 67
99300 5 116
99300 10 116
99300 18 20
99300 20 71
99300 20 116
99300 28 68
99300 39 116
99300 76 119
99300 79 116
99300 84 112
99600 1 63
99600 5 116
99600 18 20
99600 20 122
99600 28 68
99600 41 71
99600 76 119
99600 79 116
99900 10 116
99900 19 26
99900 20 122
99900 20 62
99900 28 68
99900 36 41
99900 39 116
99900 76 119
100200 1 63
100200 19 26
100200 20 62
100200 20 39
100200 28 68
100200 35 69
100200 62 116
100200 79 116
100500 19 26
100500 20 39
100500 20 116
100500 28 68
100500 48 62
100500 62 116
100500 101 108
100800 17 20
100800 19 26
100800 28 68
100800 51 62
100800 62 116
101100 8 63
101100 17 20
101100 19 26
101100 20 39
101100 20 53
101100 28 68
101100 62 98
101100 62 81
101400 0 53
101400 6 78
101400 8 63
101400 11 103
101400 18 78
101400 19 26
101400 20 120
101400 20 78
101400 28 61
101400 51 59
101700 1 11
101700 17 20
101700 19 26
101700 20 53
101700 20 120
101700 28 61
101700 28 83
101700 35 83
101700 44 118
101700 51 59
101700 62 81
101700 66 83
101700 71 83
102000 1 11
102000 1 57
102000 6 21
102000 6 57
102000 6 113
102000 6 20
102000 18 121
102000 18 57
102000 18 83
102000 19 26
102000 28 61
102000 35 62
102000 51 59
102000 62 81
102300 1 11
102300 18 57
102300 18 83
102300 18 121
102300 21 117
102300 27 117
102300 28 100
102300 51 59
102300 70 99
102300 99 117
102600 1 11
102600 12 37
102600 22 108
102600 23 108
102600 28 100
102600 37 48
102600 37 110
102600 48 108
102600 48 123
102600 68 99
102600 70 99
102600 99 123
102900 1 48
102900 7 22
102900 20 63
102900 23 108
102900 26 90
102900 27 43
102900 28 100
102900 31 108
102900 31 45
102900 48 57
102900 48 111
102900 70 99
102900 83 108
102900 90 124
103200 1 11
103200 1 48
103200 1 2
103200 1 110
103200 1 69
103200 2 58
103200 2 88
103200 23 108
103200 28 100
103200 31 45
103200 57 89
103200 62 88
103500 1 11
103500 9 11
103500 11 20
103500 28 100
103500 29 40
103500 31 45
103500 82 103
103500 99 114
103500 105 114
103500 110 115
103500 113 114
103800 1 48
103800 9 11
103800 12 30
103800 14 114
103800 15 29
103800 20 115
103800 28 100
103800 30 105
103800 31 45
103800 45 110
103800 45 103
103800 65 110
103800 71 114
103800 103 110
103800 105 114
103800 105 124
104100 1 106
104100 3 66
104100 14 106
104100 15 29
104100 15 71
104100 21 23
104100 22 103
104100 23 29
104100 28 100
104100 50 71
104100 61 124
104100 71 114
104100 103 110
104100 105 114
104100 105 124
104400 1 106
104400 8 67
104400 9 11
104400 15 29
104400 23 29
104400 28 100
104400 71 114
104400 72 99
104400 76 104
104400 93 99
104400 105 114
104400 105 124
104700 1 106
104700 3 66
104700 4 8
104700 8 67
104700 8 99
104700 15 71
104700 15 111
104700 28 100
104700 38 118
104700 38 111
104700 46 76
104700 46 71
104700 47 73
104700 50 71
104700 71 114
104700 76 104
104700 99 124
104700 111 118
105000 1 106
105000 4 8
105000 8 99
105000 15 111
105000 17 39
105000 22 71
105000 22 47
105000 28 100
105000 28 67
105000 28 50
105000 38 118
105000 38 111
105000 47 73
105000 47 111
105000 47 84
105000 73 105
105000 105 124
105300 3 111
105300 4 102
105300 8 111
105300 8 71
105300 15 111
105300 15 55
105300 22 71
105300 22 47
105300 28 100
105300 38 111
105300 39 55
105300 39 76
105300 39 104
105300 47 73
105300 68 76
105300 73 105
105300 76 104
105600 3 111
105600 3 67
105600 7 78
105600 8 99
105600 8 111
105600 8 71
105600 15 111
105600 15 88
105600 17 78
105600 17 24
105600 22 71
105600 22 47
105600 24 76
105600 28 100
105600 35 76
105600 38 100
105600 38 47
105600 39 55
105600 55 76
105600 59 105
105600 61 102
105600 68 76
105600 76 104
105600 76 82
105600 98 102
105900 6 98
105900 7 99
105900 8 71
105900 8 111
105900 8 36
105900 8 99
105900 8 98
105900 15 111
105900 15 55
105900 17 98
105900 17 92
105900 22 47
105900 24 99
105900 24 30
105900 24 67
105900 28 100
105900 35 76
105900 50 99
105900 55 76
105900 76 82
105900 78 98
105900 98 102
105900 99 102
105900 99 113
106200 4 15
106200 6 98
106200 6 94
106200 7 99
106200 8 71
106200 8 65
106200 16 99
106200 17 68
106200 21 50
106200 22 121
106200 31 109
106200 35 76
106200 39 55
106200 50 99
106200 50 121
106200 55 76
106200 55 123
106200 68 76
106200 68 93
106200 76 82
106200 99 102
106500 8 71
106500 8 65
106500 8 36
106500 8 98
106500 8 44
106500 8 79
106500 8 99
106500 15 69
106500 16 99
106500 17 98
106500 17 68
106500 21 50
106500 22 67
106500 22 36
106500 22 43
106500 22 44
106500 22 123
106500 22 24
106500 24 67
106500 24 30
106500 30 78
106500 31 109
106500 31 99
106500 35 76
106500 39 55
106500 50 121
106500 50 99
106500 55 123
106500 68 82
106800 3 76
106800 4 15
106800 8 79
106800 8 71
106800 8 99
106800 8 65
106800 8 36
106800 8 76
106800 8 61
106800 8 93
106800 8 22
106800 10 76
106800 16 99
106800 16 22
106800 17 68
106800 22 36
106800 22 123
106800 22 92
106800 24 30
106800 31 109
106800 32 99
106800 32 93
106800 68 93
106800 76 93
106800 99 102
107100 3 47
107100 3 92
107100 4 15
107100 4 115
107100 8 36
107100 8 79
107100 8 99
107100 16 99
107100 22 123
107100 22 36
107100 31 109
107100 32 99
107100 41 76
107100 47 76
107100 76 123
107100 76 79
107100 99 102
107400 3 99
107400 4 15
107400 6 71
107400 8 99
107400 9 99
107400 9 55
107400 22 36
107400 26 49
107400 31 109
107400 31 41
107400 31 55
107400 32 99
107400 36 44
107400 45 124
107400 47 76
107400 49 55
107400 55 71
107400 55 99
107400 76 93
107400 99 102
107400 99 115
107700 4 15
107700 6 71
107700 9 99
107700 23 36
107700 31 55
107700 31 109
107700 31 49
107700 36 46
107700 37 90
107700 41 46
107700 55 71
107700 55 102
107700 55 75
107700 102 109
108000 5 6
108000 6 71
108000 23 36
108000 23 73
108000 23 26
108000 24 37
108000 24 73
108000 24 31
108000 31 55
108000 31 109
108000 31 41
108000 36 46
108000 41 46
108000 44 73
108000 55 102
108300 5 6
108300 6 71
108300 6 23
108300 7 23
108300 7 24
108300 9 44
108300 16 52
108300 23 73
108300 23 28
108300 23 31
108300 24 73
108300 24 31
108300 24 105
108300 24 44
108300 28 47
108300 31 55
108300 36 97
108300 44 73
108300 44 50
108300 55 102
108300 102 109
108300 103 109
108300 103 123
108300 103 111
108600 5 6
108600 5 13
108600 7 24
108600 7 23
108600 7 76
108600 7 97
108600 17 24
108600 24 31
108600 24 73
108600 24 105
108600 28 47
108600 31 55
108600 31 97
108600 55 102
108600 88 106
108900 0 24
108900 0 82
108900 5 6
108900 5 82
108900 7 97
108900 7 23
108900 7 24
108900 13 65
108900 24 105
108900 24 54
108900 55 102
108900 103 111
109200 0 24
109200 5 82
109200 5 6
109200 5 106
109200 6 44
109200 7 24
109200 7 76
109200 13 84
109200 15 52
109200 23 26
109200 24 54
109200 24 26
109200 26 57
109200 26 124
109200 26 52
109200 54 99
109200 82 99
109200 87 124
109200 103 111
109500 0 24
109500 5 106
109500 5 7
109500 7 76
109500 15 52
109500 21 62
109500 23 26
109500 24 88
109500 24 76
109500 26 57
109500 26 52
109500 65 76
109500 83 88
109500 87 124
109500 88 96
109500 100 124
109800 0 24
109800 7 76
109800 15 52
109800 21 62
109800 23 26
109800 24 114
109800 24 42
109800 33 105
109800 42 44
109800 42 114
109800 42 99
109800 44 88
109800 65 76
109800 88 96
110100 0 24
110100 2 117
110100 2 3
110100 3 114
110100 3 11
110100 7 76
110100 11 117
110100 11 65
110100 11 33
110100 23 26
110100 24 76
110100 65 76
110400 2 117
110400 2 3
110400 3 11
110400 3 114
110400 3 26
110400 3 70
110400 4 19
110400 11 65
110400 11 21
110400 11 56
110400 21 62
110400 21 56
110400 23 26
110400 30 117
110400 56 109
110400 57 65
110400 65 113
110400 65 96
110400 69 96
110700 2 117
110700 2 3
110700 3 11
110700 3 26
110700 3 24
110700 3 56
110700 11 65
110700 23 26
110700 24 56
110700 26 114
110700 30 59
110700 57 65
110700 65 113
110700 69 96
110700 90 114
110700 101 122
111000 2 3
111000 2 117
111000 3 24
111000 3 56
111000 3 11
111000 11 65
111000 11 13
111000 24 56
111000 30 117
111000 33 118
111000 57 60
111300 2 3
111300 3 56
111300 11 65
111300 13 53
111300 24 56
111300 33 118
111300 33 95
111300 33 53
111300 33 52
111600 3 56
111600 3 31
111600 5 38
111600 13 53
111600 30 65
111600 31 61
111600 33 53
111600 33 118
111600 57 60
111600 84 117
111600 89 90
111900 5 38
111900 30 65
111900 33 53
111900 50 56
111900 123 124
112200 5 38
112200 17 97
112200 31 61
112200 62 93
112500 17 97
112500 22 70
112500 22 77
112500 30 65
112500 56 80
112500 65 70
112800 14 72
112800 19 66
112800 19 56
112800 31 61
112800 56 80
112800 105 112
113100 19 56
113100 19 66
113100 29 60
113100 31 61
113100 50 77
113100 56 80
113400 19 56
113400 19 66
113400 22 96
113400 22 77
113400 31 61
113400 97 98
113700 19 66
113700 29 60
113700 31 61
113700 34 60
113700 92 97
113700 97 98
114000 16 96
114000 31 61
114000 34 60
114300 16 96
114300 34 60
114300 74 120
114600 18 82
114600 31 61
114900 18 82
114900 27 60
114900 65 78
115200 13 15
115200 27 60
115200 34 78
115200 63 86
115500 15 31
115500 27 60
115500 31 112
115500 67 80
115500 80 99
115800 7 65
115800 7 18
115800 7 78
115800 7 54
115800 7 80
115800 15 31
115800 18 108
115800 31 112
115800 65 116
116100 7 78
116100 7 80
116100 7 54
116100 7 65
116100 7 112
116100 14 54
116100 15 31
116100 18 54
116100 54 90
116100 54 60
116400 0 113
116400 2 93
116400 7 54
116400 14 54
116400 15 31
116400 28 109
116400 54 60
116400 54 90
116400 90 93
116400 93 109
116400 93 94
116700 2 93
116700 15 93
116700 42 93
116700 54 60
116700 90 93
116700 93 109
117000 4 42
117000 15 93
117000 20 42
117000 25 40
117000 42 93
117000 42 96
117000 66 96
117000 90 93
117000 93 109
117300 15 107
117300 15 119
117300 15 96
117300 18 79
117300 20 42
117300 42 96
117300 43 112
117300 43 96
117600 15 119
117600 15 107
117600 20 42
117600 20 119
117600 42 107
117600 43 112
117600 61 119
117600 91 119
117900 1 87
117900 1 112
117900 1 20
117900 5 87
117900 6 20
117900 12 20
117900 15 107
117900 15 119
117900 20 119
117900 20 91
117900 43 112
117900 87 112
118200 1 13
118200 6 13
118200 6 76
118200 12 20
118200 13 44
118200 42 107
118200 44 92
118200 44 77
118500 1 13
118500 6 76
118500 6 121
118500 13 44
118500 44 77
118500 44 105
118500 88 92
118800 1 13
118800 58 121
118800 58 98
118800 97 117
118800 97 121
118800 97 98
118800 98 115
118800 105 121
119100 34 91
119100 88 92
119100 89 109
119100 89 91
119100 91 92
119100 97 117
119100 105 121
119400 91 92
119400 97 117
119400 105 115
119700 89 109
120000 91 92
120000 92 109
120300 10 91
120300 31 43
120300 53 91
120600 10 91
120600 51 54
120600 92 109
120900 9 43
120900 10 91
120900 31 43
120900 53 69
121200 9 43
121200 15 32
121200 32 111
121500 27 43
121500 31 69
121500 43 106
121500 53 69
121800 27 43
121800 81 116
122100 27 43
122400 27 43
122400 53 104
122700 39 78
124200 4 19
124200 24 67
125700 15 116
166200 27 48
166200 27 121
166500 32 44
169200 42 47
169500 23 93
169800 50 93
170400 10 117
170400 101 117
171000 74 114
171300 22 45
171300 59 73
172200 8 95
172800 56 106
173100 8 72
173100 58 86
173400 3 67
173400 6 116
173400 6 31
173400 6 34
173400 22 116
173400 31 98
173400 31 48
173400 31 116
173400 31 44
173400 34 109
173400 38 44
173400 44 116
173400 44 122
173400 58 86
173400 58 116
173400 59 118
173400 76 98
173400 80 116
173700 3 6
173700 3 21
173700 6 31
173700 6 55
173700 7 31
173700 20 119
173700 21 53
173700 21 105
173700 21 120
173700 29 109
173700 31 48
173700 31 44
173700 31 116
173700 32 87
173700 34 44
173700 44 122
173700 44 116
173700 49 120
173700 76 98
174000 3 78
174000 6 55
174000 8 32
174000 9 120
174000 20 119
174000 21 105
174000 21 120
174000 21 79
174000 21 90
174000 21 56
174000 32 87
174000 32 90
174000 47 74
174000 49 120
174000 58 116
174000 62 87
174000 76 98
174000 79 87
174000 79 105
174000 79 90
174000 89 120
174300 12 47
174300 12 61
174300 18 66
174300 18 47
174300 20 119
174300 21 105
174300 21 90
174300 29 85
174300 32 90
174300 32 87
174300 47 87
174300 58 116
174300 62 87
174300 76 98
174300 79 105
174600 4 82
174600 12 61
174600 12 94
174600 18 66
174600 20 119
174600 21 90
174600 21 105
174600 24 85
174600 32 87
174600 32 100
174600 47 74
174600 63 94
174600 70 85
174600 79 105
174600 79 94
174600 83 85
174600 85 94
174900 9 74
174900 11 95
174900 15 85
174900 15 74
174900 18 66
174900 24 85
174900 32 87
174900 47 74
174900 47 101
174900 58 116
174900 58 74
174900 59 85
174900 62 87
174900 63 94
174900 74 121
174900 74 83
174900 79 94
174900 83 85
174900 85 94
174900 85 95
174900 92 101
175200 1 85
175200 1 67
175200 1 88
175200 9 74
175200 9 59
175200 11 43
175200 12 94
175200 15 85
175200 15 74
175200 32 87
175200 34 90
175200 34 74
175200 43 106
175200 58 74
175200 74 83
175200 74 121
175200 74 104
175200 74 103
175200 74 88
175200 85 94
175200 85 95
175200 87 103
175200 122 124
175500 1 85
175500 1 88
175500 1 67
175500 5 85
175500 5 59
175500 9 59
175500 9 67
175500 15 85
175500 15 74
175500 17 114
175500 18 87
175500 21 51
175500 48 87
175500 51 58
175500 51 106
175500 56 85
175500 58 116
175500 58 74
175500 59 85
175500 74 83
175500 85 94
175500 85 122
175500 87 103
175800 0 99
175800 1 88
175800 1 85
175800 1 67
175800 5 85
175800 12 94
175800 15 74
175800 16 99
175800 16 106
175800 18 116
175800 28 99
175800 28 106
175800 28 119
175800 34 60
175800 41 119
175800 42 119
175800 43 106
175800 51 106
175800 58 116
175800 58 106
175800 59 85
175800 67 99
175800 74 83
175800 74 103
175800 83 106
175800 85 94
175800 99 119
175800 100 106
176100 1 85
176100 9 59
176100 9 67
176100 14 103
176100 16 106
176100 16 99
176100 18 116
176100 28 99
176100 28 106
176100 30 39
176100 43 100
176100 43 63
176100 50 67
176100 58 116
176100 59 85
176100 63 82
176100 67 99
176100 67 119
176100 74 83
176100 99 119
176100 111 119
176100 119 123
176400 1 88
176400 1 85
176400 5 85
176400 9 59
176400 9 14
176400 9 68
176400 9 85
176400 10 28
176400 10 111
176400 10 85
176400 12 94
176400 14 68
176400 14 85
176400 15 76
176400 16 99
176400 18 116
176400 25 85
176400 28 99
176400 28 106
176400 34 75
176400 43 63
176400 43 100
176400 50 85
176400 58 116
176400 63 82
176400 74 108
176700 1 74
176700 5 85
176700 5 78
176700 9 68
176700 10 85
176700 10 28
176700 10 111
176700 10 74
176700 10 58
176700 10 91
176700 11 85
176700 12 116
176700 14 85
176700 16 106
176700 18 116
176700 25 78
176700 28 106
176700 30 39
176700 34 75
176700 37 116
176700 43 63
176700 43 100
176700 63 82
176700 74 78
176700 78 90
176700 99 116
177000 1 74
177000 5 78
177000 6 94
177000 9 85
177000 9 68
177000 9 14
177000 9 59
177000 10 91
177000 10 58
177000 10 111
177000 18 116
177000 28 106
177000 30 59
177000 59 86
177000 59 111
177000 63 82
177000 74 78
177000 78 90
177300 1 74
177300 6 94
177300 9 14
177300 10 91
177300 10 28
177300 30 39
177300 30 59
177300 37 116
177300 38 54
177300 46 109
177300 59 86
177300 63 82
177300 78 90
177600 1 74
177600 6 94
177600 9 85
177600 9 59
177600 10 28
177600 18 116
177600 35 37
177600 35 48
177600 35 96
177600 37 116
177600 46 109
177600 63 82
177600 66 110
177600 78 90
177600 103 105
177900 1 74
177900 6 94
177900 9 85
177900 9 14
177900 24 102
177900 37 116
177900 46 109
177900 56 88
177900 57 80
177900 62 116
177900 63 82
177900 86 119
177900 87 104
177900 87 121
178200 9 85
178200 22 36
178200 28 102
178200 35 37
178200 35 96
178200 46 109
178200 49 99
178200 57 80
178200 63 82
178200 87 121
178200 87 104
178500 3 15
178500 9 85
178500 9 14
178500 22 36
178500 23 51
178500 43 109
178500 43 79
178500 43 74
178500 57 80
178500 63 82
178800 9 14
178800 21 96
178800 22 36
178800 23 51
178800 28 102
178800 38 89
178800 43 79
178800 63 82
178800 68 115
178800 68 76
179100 0 87
179100 9 14
179100 19 42
179100 23 51
179100 31 95
179100 38 89
179100 63 82
179100 68 115
179100 102 119
179400 0 87
179400 5 82
179400 9 17
179400 19 42
179400 23 51
179400 28 32
179400 38 89
179400 42 44
179400 45 110
179400 102 119
179700 0 87
179700 9 17
179700 19 42
179700 33 108
179700 46 119
179700 66 68
179700 68 78
179700 68 114
179700 102 119
179700 104 109
180000 28 32
180000 33 108
180000 68 114
180000 68 78
180000 97 121
180000 113 120
180300 10 32
180300 33 108
180300 38 80
180300 71 80
180300 80 118
180300 97 121
180300 104 109
180300 113 120
180600 8 58
180600 23 77
180600 33 108
180600 38 80
180600 49 100
180600 50 72
180600 58 93
180600 77 115
180600 80 87
180600 83 115
180600 83 93
180600 104 109
180600 113 120
180900 8 58
180900 8 49
180900 8 29
180900 8 48
180900 10 32
180900 11 83
180900 11 29
180900 11 110
180900 19 39
180900 21 110
180900 29 80
180900 29 83
180900 29 110
180900 30 40
180900 33 108
180900 40 77
180900 40 83
180900 47 49
180900 49 100
180900 49 94
180900 49 98
180900 49 110
180900 49 81
180900 58 93
180900 80 87
180900 83 93
180900 90 98
180900 99 110
180900 104 109
181200 3 61
181200 3 99
181200 3 40
181200 3 77
181200 3 58
181200 8 48
181200 10 32
181200 11 110
181200 11 29
181200 11 40
181200 11 94
181200 11 68
181200 29 110
181200 40 83
181200 40 58
181200 40 68
181200 40 43
181200 40 94
181200 49 98
181200 49 110
181200 49 100
181200 50 61
181200 50 99
181200 58 75
181200 59 94
181200 59 75
181200 61 88
181200 68 99
181200 77 115
181200 80 87
181200 90 98
181200 99 110
181500 2 106
181500 2 110
181500 2 48
181500 3 58
181500 3 61
181500 3 77
181500 3 59
181500 3 10
181500 3 29
181500 3 68
181500 5 59
181500 8 58
181500 8 48
181500 10 59
181500 10 61
181500 11 68
181500 29 110
181500 40 77
181500 46 86
181500 46 63
181500 48 59
181500 49 100
181500 49 59
181500 50 61
181500 52 58
181500 58 75
181500 59 75
181500 59 94
181500 59 89
181500 59 110
181500 61 69
181500 68 99
181500 68 85
181500 71 85
181500 77 115
181500 90 98
181500 99 110
181500 110 121
181800 3 29
181800 3 59
181800 3 61
181800 3 10
181800 3 58
181800 3 37
181800 3 75
181800 3 105
181800 21 115
181800 29 110
181800 29 67
181800 46 86
181800 46 63
181800 46 79
181800 49 67
181800 50 99
181800 52 58
181800 52 118
181800 52 59
181800 53 75
181800 58 75
181800 58 105
181800 58 61
181800 58 118
181800 61 69
181800 61 67
181800 61 71
181800 63 75
181800 67 99
181800 67 68
181800 68 85
181800 68 122
181800 68 93
181800 71 85
181800 71 84
181800 75 118
181800 75 79
181800 75 85
181800 77 115
181800 79 118
181800 89 118
181800 99 109
181800 110 121
182100 3 105
182100 3 59
182100 3 37
182100 3 10
182100 3 29
182100 3 75
182100 20 75
182100 21 115
182100 26 29
182100 29 67
182100 30 84
182100 30 89
182100 43 118
182100 43 69
182100 43 84
182100 49 67
182100 50 67
182100 52 118
182100 53 67
182100 58 118
182100 61 69
182100 61 67
182100 63 75
182100 67 99
182100 67 105
182100 69 118
182100 69 109
182100 74 117
182100 75 79
182100 75 85
182100 75 84
182100 75 89
182100 79 118
182100 89 118
182100 89 117
182100 99 109
182100 110 113
182100 117 118
182400 3 75
182400 3 10
182400 3 105
182400 7 31
182400 8 61
182400 8 68
182400 8 89
182400 20 75
182400 21 115
182400 25 103
182400 26 27
182400 27 81
182400 27 105
182400 30 89
182400 43 118
182400 46 115
182400 50 67
182400 52 118
182400 52 69
182400 58 105
182400 62 99
182400 63 75
182400 67 99
182400 67 105
182400 68 93
182400 68 69
182400 68 99
182400 68 81
182400 69 109
182400 69 103
182400 70 117
182400 74 117
182400 74 115
182400 74 81
182400 75 85
182400 88 96
182400 89 118
182400 96 103
182400 96 115
182400 99 109
182400 113 117
182700 3 10
182700 3 68
182700 7 31
182700 7 74
182700 7 46
182700 8 89
182700 8 23
182700 10 99
182700 10 105
182700 10 102
182700 17 79
182700 21 115
182700 27 99
182700 30 89
182700 46 102
182700 50 67
182700 52 99
182700 55 102
182700 67 99
182700 67 105
182700 68 99
182700 68 69
182700 68 83
182700 69 109
182700 69 103
182700 70 89
182700 71 83
182700 74 111
182700 75 85
182700 83 111
182700 89 118
182700 89 109
182700 96 103
182700 99 102
182700 103 111
182700 105 111
182700 110 113
183000 1 19
183000 2 68
183000 3 68
183000 7 74
183000 7 111
183000 8 61
183000 8 68
183000 8 21
183000 10 102
183000 10 99
183000 10 105
183000 10 60
183000 10 104
183000 12 27
183000 17 79
183000 17 19
183000 19 63
183000 27 99
183000 27 68
183000 27 111
183000 50 67
183000 51 117
183000 60 104
183000 67 99
183000 68 83
183000 68 93
183000 68 69
183000 75 85
183000 83 111
183000 83 109
183000 96 103
183000 99 109
183000 103 111
183000 104 109
183000 105 111
183000 110 113
183300 7 111
183300 8 21
183300 10 105
183300 10 104
183300 12 27
183300 16 104
183300 16 121
183300 16 25
183300 16 21
183300 17 79
183300 19 63
183300 19 84
183300 21 84
183300 21 50
183300 21 111
183300 21 98
183300 21 68
183300 25 84
183300 27 68
183300 27 111
183300 27 60
183300 29 50
183300 32 68
183300 45 111
183300 45 109
183300 45 98
183300 45 104
183300 46 119
183300 50 84
183300 51 117
183300 69 109
183300 74 109
183300 75 85
183300 84 111
183300 84 109
183300 84 122
183300 89 109
183300 96 103
183300 104 109
183300 105 111
183300 109 121
183300 110 113
183600 2 68
183600 2 14
183600 6 88
183600 7 111
183600 10 105
183600 10 25
183600 12 27
183600 12 84
183600 16 21
183600 16 25
183600 16 32
183600 17 79
183600 17 19
183600 19 84
183600 19 63
183600 19 21
183600 21 68
183600 21 98
183600 21 84
183600 21 105
183600 21 37
183600 25 52
183600 27 111
183600 27 68
183600 27 90
183600 27 82
183600 32 68
183600 33 61
183600 33 49
183600 46 77
183600 50 87
183600 50 84
183600 50 88
183600 50 89
183600 51 117
183600 52 115
183600 52 112
183600 52 89
183600 52 61
183600 68 93
183600 68 77
183600 68 88
183600 68 103
183600 71 90
183600 74 109
183600 75 85
183600 77 112
183600 84 109
183600 84 111
183600 84 122
183600 84 88
183600 88 89
183600 104 109
183600 105 111
183600 110 113
183900 2 14
183900 6 88
183900 9 67
183900 10 105
183900 16 25
183900 16 21
183900 16 61
183900 16 48
183900 16 57
183900 16 67
183900 16 19
183900 16 38
183900 17 19
183900 19 63
183900 21 50
183900 21 98
183900 21 84
183900 21 68
183900 25 52
183900 25 57
183900 25 67
183900 25 89
183900 25 88
183900 27 82
183900 27 121
183900 27 61
183900 27 67
183900 32 68
183900 33 61
183900 38 84
183900 48 106
183900 50 89
183900 50 87
183900 50 106
183900 52 89
183900 52 112
183900 52 110
183900 52 106
183900 52 57
183900 61 88
183900 61 89
183900 61 109
183900 61 92
183900 67 74
183900 67 115
183900 68 88
183900 74 89
183900 75 85
183900 84 111
183900 84 88
183900 84 122
183900 88 89
183900 110 113
183900 112 117
184200 2 14
184200 2 68
184200 9 67
184200 10 105
184200 11 111
184200 16 57
184200 17 19
184200 17 120
184200 19 63
184200 25 57
184200 27 82
184200 52 112
184200 57 111
184200 106 117
184200 112 117
184500 1 92
184500 9 67
184500 10 105
184500 11 111
184500 14 87
184500 17 97
184500 52 112
184500 112 117
184800 2 68
184800 13 17
184800 17 97
184800 17 19
184800 52 112
184800 112 117
185100 17 19
185100 17 36
185100 19 34
185100 68 119
185100 105 112
185100 112 117
185400 14 114
185400 17 19
185400 17 68
185400 112 117
185400 117 119
185700 4 117
185700 14 114
185700 19 34
185700 26 123
186000 4 36
186000 6 94
186000 14 114
186000 26 110
186000 44 110
186300 4 36
186300 8 119
186300 18 26
186300 18 44
186300 18 50
186300 26 110
186300 102 124
186600 8 110
186600 14 114
186600 18 50
186600 18 44
186600 18 101
186600 53 72
186600 120 124
186900 4 39
186900 8 110
186900 18 50
186900 32 36
186900 54 99
186900 60 72
186900 99 114
186900 110 123
186900 119 124
187200 18 72
187200 23 124
187200 32 124
187200 60 72
187200 77 114
187200 119 124
187500 4 39
187500 33 72
187500 107 114
187500 119 124
187800 55 68
187800 68 114
187800 68 100
187800 100 106
187800 107 114
187800 119 124
188100 5 89
188100 46 66
188100 57 113
188100 78 113
188100 119 124
188400 5 89
188400 17 78
188400 26 87
188400 27 81
188400 46 49
188400 69 97
188700 23 41
188700 23 116
188700 26 41
188700 38 109
188700 39 116
188700 46 49
188700 69 97
189000 1 116
189000 1 60
189000 1 23
189000 1 93
189000 1 11
189000 23 41
189000 26 41
189000 39 116
189000 116 121
189300 1 60
189300 1 93
189300 1 11
189300 1 37
189300 1 109
189300 1 100
189300 2 32
189300 8 15
189300 25 51
189300 32 75
189300 35 37
189300 39 116
189300 50 94
189300 51 93
189600 1 60
189600 2 116
189600 9 79
189600 32 75
189600 32 49
189600 32 92
189600 35 92
189600 39 116
189600 50 94
189600 116 118
189900 0 55
189900 0 32
189900 0 10
189900 2 32
189900 9 79
189900 26 110
189900 32 55
189900 35 92
189900 50 94
189900 55 72
189900 68 91
189900 91 110
190200 9 79
190200 30 55
190200 55 99
190500 9 30
190500 15 72
190500 37 74
190800 9 30
190800 9 37
190800 19 113
190800 72 113
191100 1 78
191100 28 79
191100 38 113
191100 38 102
191100 72 113
191400 8 121
191400 12 62
191400 28 79
191400 28 40
191400 40 75
191400 49 62
191400 51 99
191400 59 75
191400 62 113
191400 62 102
191400 72 113
191700 5 86
191700 8 45
191700 12 62
191700 14 57
191700 14 86
191700 33 62
191700 33 109
191700 49 62
191700 49 95
191700 51 99
191700 62 113
191700 72 113
191700 78 99
192000 5 33
192000 12 62
192000 14 31
192000 25 27
192000 27 39
192000 33 109
192000 33 62
192000 33 86
192000 51 99
192000 67 79
192300 0 71
192300 5 86
192300 5 39
192300 5 31
192300 5 22
192300 5 66
192300 11 31
192300 12 62
192300 15 97
192300 17 39
192300 25 86
192300 26 59
192300 26 95
192300 33 62
192300 33 109
192300 39 59
192300 39 51
192300 51 99
192600 0 71
192600 3 33
192600 3 29
192600 3 94
192600 5 31
192600 5 39
192600 5 66
192600 12 92
192600 12 26
192600 15 97
192600 17 39
192600 26 95
192600 26 109
192600 33 109
192600 33 62
192600 95 113
192600 95 109
192900 3 94
192900 3 62
192900 4 26
192900 5 31
192900 5 39
192900 5 66
192900 6 62
192900 6 97
192900 6 42
192900 6 112
192900 11 42
192900 11 92
192900 12 39
192900 21 118
192900 26 109
192900 26 94
192900 26 62
192900 33 109
192900 42 62
192900 42 106
192900 62 92
192900 95 109
192900 95 113
193200 3 62
193200 3 73
193200 3 65
193200 5 31
193200 6 42
193200 6 62
193200 6 97
193200 6 48
193200 11 48
193200 26 95
193200 26 94
193200 26 78
193200 26 66
193200 33 109
193200 39 78
193200 39 50
193200 42 62
193200 43 66
193200 47 109
193200 48 66
193200 50 70
193200 62 92
193200 65 78
193200 66 85
193200 95 109
193200 95 113
193500 3 66
193500 3 92
193500 3 43
193500 3 87
193500 3 5
193500 6 42
193500 6 97
193500 6 62
193500 11 87
193500 26 66
193500 31 78
193500 39 50
193500 39 78
193500 39 113
193500 42 62
193500 42 92
193500 43 66
193500 47 109
193500 62 92
193500 65 78
193500 65 87
193500 78 112
193500 95 113
193500 95 109
193500 106 109
193500 113 124
193800 1 26
193800 3 62
193800 5 31
193800 6 62
193800 6 48
193800 6 97
193800 6 42
193800 6 108
193800 11 87
193800 26 66
193800 26 78
193800 26 113
193800 26 52
193800 26 42
193800 39 109
193800 40 65
193800 42 50
193800 47 109
193800 50 63
193800 62 92
193800 65 78
193800 65 87
193800 65 109
193800 65 108
193800 78 97
193800 95 109
193800 95 113
193800 106 109
193800 108 113
193800 109 112
193800 112 113
194100 3 87
194100 3 121
194100 6 108
194100 6 42
194100 6 97
194100 6 65
194100 11 108
194100 17 26
194100 26 113
194100 26 52
194100 26 78
194100 26 66
194100 26 42
194100 40 65
194100 40 109
194100 42 50
194100 42 95
194100 50 63
194100 52 109
194100 62 92
194100 65 108
194100 65 109
194100 78 97
194100 83 103
194100 92 102
194100 95 109
194100 95 102
194100 103 109
194100 108 113
194100 108 109
194100 109 112
194100 109 124
194400 1 5
194400 3 117
194400 5 87
194400 6 42
194400 6 65
194400 6 31
194400 11 108
194400 26 42
194400 26 66
194400 26 78
194400 30 113
194400 34 87
194400 40 65
194400 41 87
194400 42 95
194400 42 50
194400 47 87
194400 48 65
194400 62 92
194400 63 68
194400 63 108
194400 65 109
194400 66 117
194400 68 109
194400 78 97
194400 87 109
194400 95 109
194400 108 113
194400 109 112
194700 1 5
194700 3 117
194700 3 52
194700 5 87
194700 6 42
194700 6 65
194700 11 108
194700 22 42
194700 26 52
194700 26 42
194700 26 66
194700 26 78
194700 30 113
194700 31 55
194700 31 78
194700 31 57
194700 40 65
194700 41 87
194700 42 87
194700 42 113
194700 42 60
194700 47 60
194700 47 100
194700 50 63
194700 50 120
194700 52 109
194700 55 90
194700 55 100
194700 60 113
194700 78 97
194700 85 108
194700 87 109
194700 100 108
194700 108 113
194700 109 112
195000 1 5
195000 3 117
195000 6 42
195000 6 31
195000 6 57
195000 11 108
195000 11 63
195000 12 103
195000 19 84
195000 22 42
195000 22 117
195000 22 103
195000 22 112
195000 22 47
195000 26 52
195000 30 113
195000 30 103
195000 31 55
195000 41 52
195000 42 87
195000 42 113
195000 47 87
195000 50 87
195000 52 109
195000 52 78
195000 55 90
195000 78 97
195000 109 112
195300 1 5
195300 3 52
195300 6 42
195300 12 103
195300 19 84
195300 19 42
195300 19 114
195300 19 78
195300 22 117
195300 22 42
195300 22 103
195300 22 47
195300 22 55
195300 22 87
195300 22 44
195300 22 109
195300 31 109
195300 50 87
195300 52 109
195300 55 90
195300 78 97
195300 87 94
195300 103 114
195600 2 51
195600 6 114
195600 16 55
195600 19 114
195600 19 42
195600 19 78
195600 22 109
195600 22 47
195600 31 109
195600 34 88
195600 34 114
195600 42 68
195600 50 87
195600 52 109
195600 52 68
195600 52 114
195600 78 97
195600 78 114
195600 109 112
195900 2 51
195900 2 34
195900 2 117
195900 19 78
195900 19 114
195900 22 47
195900 22 55
195900 34 39
195900 52 109
195900 52 114
195900 54 118
195900 54 103
195900 55 90
195900 55 78
195900 78 97
195900 78 114
196200 2 34
196200 2 31
196200 2 19
196200 13 52
196200 19 114
196200 22 47
196200 22 31
196200 25 90
196200 34 39
196200 52 109
196200 54 103
196200 54 118
196200 90 117
196200 99 112
196500 2 19
196500 2 31
196500 2 117
196500 13 52
196500 22 31
196500 22 47
196500 25 65
196500 28 34
196500 52 63
196500 54 118
196500 63 65
196500 65 92
196500 65 85
196800 2 19
196800 13 52
196800 19 85
196800 25 65
196800 27 85
196800 28 34
196800 31 65
196800 34 84
196800 40 104
196800 48 98
196800 52 63
196800 54 118
196800 64 124
196800 65 92
196800 65 107
197100 13 52
197100 25 65
197100 25 117
197100 31 65
197100 34 84
197100 34 124
197100 34 109
197100 40 118
197100 53 92
197100 56 74
197100 56 118
197100 61 118
197100 65 92
197100 71 92
197100 92 109
197400 4 13
197400 4 78
197400 4 114
197400 25 117
197400 31 65
197400 34 109
197400 34 84
197400 40 118
197400 40 84
197400 48 53
197400 61 118
197400 65 92
197400 71 92
197400 92 109
197700 1 114
197700 1 48
197700 2 48
197700 4 78
197700 4 40
197700 6 13
197700 6 40
197700 6 45
197700 12 29
197700 12 65
197700 18 48
197700 18 114
197700 34 109
197700 40 118
197700 48 53
197700 71 92
197700 92 109
198000 4 53
198000 12 29
198000 12 65
198000 13 118
198000 13 37
198000 16 61
198000 18 84
198000 18 116
198000 34 109
198000 34 44
198000 44 92
198000 71 92
198000 92 109
198300 1 114
198300 4 53
198300 4 62
198300 12 65
198300 13 37
198300 13 44
198300 14 44
198300 16 61
198300 16 44
198300 18 84
198300 47 85
198300 62 84
198300 67 116
198300 67 114
198300 71 92
198600 1 67
198600 4 53
198600 12 65
198600 13 37
198600 18 84
198600 52 75
198600 62 84
198600 67 114
198600 71 92
198900 12 65
198900 29 55
198900 62 84
198900 67 114
198900 71 92
199200 0 79
199200 1 67
199200 29 55
199200 38 119
199200 50 124
199200 71 92
199500 12 65
199500 29 55
199500 49 121
199500 67 114
199500 79 103
199800 12 65
199800 25 37
199800 49 77
199800 67 114
199800 71 92
199800 94 119
200100 12 65
200100 22 119
200100 25 37
200100 55 94
200100 59 77
200100 79 103
200100 94 119
200400 25 37
200400 28 67
200400 59 77
200400 65 93
200400 76 121
200400 79 116
200700 25 37
200700 49 107
200700 59 77
200700 76 121
200700 94 119
201000 28 67
201000 42 52
201000 42 74
201000 52 94
201000 76 91
201000 94 119
201300 42 74
201300 42 64
201300 52 94
201300 76 91
201300 94 119
201600 42 74
201600 50 90
201600 90 118
201600 94 119
201900 8 97
201900 50 90
201900 94 119
202200 8 97
202200 31 60
202200 35 100
202500 8 97
202500 26 100
202500 31 60
202500 54 100
202500 58 100
202500 97 100
202800 19 119
202800 21 56
202800 26 100
202800 31 56
202800 56 70
203100 0 60
203100 19 119
203100 56 86
203100 88 100
203400 0 7
203400 7 29
203400 7 92
203400 7 34
203400 19 119
203400 88 100
203700 7 92
203700 18 99
203700 18 34
203700 34 88
203700 34 69
203700 69 124
204000 7 92
204000 18 99
204000 18 77
204000 18 51
204000 18 62
204000 19 119
204300 7 92
204300 18 99
204300 51 62
204300 59 101
204600 7 92
204600 42 98
204600 92 108
204900 4 92
204900 6 67
204900 7 92
204900 7 88
204900 78 92
205200 4 92
205200 15 76
205200 16 88
205200 16 103
205200 67 88
205200 67 93
205500 6 15
205500 32 120
205500 47 88
205500 67 88
205500 67 93
205500 120 123
205800 4 92
205800 4 93
205800 6 15
205800 67 93
206100 4 93
206100 6 15
206100 15 32
206100 67 123
206100 67 109
206400 4 32
206400 23 54
206400 67 123
206700 6 93
206700 20 114
206700 67 123
207000 10 94
208200 14 110
208800 10 30
208800 10 86
208800 30 44
209100 10 86
211200 20 49
211200 20 108
212700 63 121
253200 23 70
253500 23 91
254100 27 60
254100 60 101
254400 53 101
254400 53 78
254400 60 101
255000 62 101
256500 111 119
257700 1 103
258000 16 40
258300 31 94
258300 66 74
258600 31 94
258600 74 120
259200 77 83
259500 17 39
259800 6 96
259800 6 45
259800 7 48
259800 40 80
259800 45 95
260100 6 96
260100 7 96
260100 7 61
260100 16 102
260100 16 95
260100 16 22
260100 21 95
260100 28 37
260100 40 80
260100 61 89
260400 5 35
260400 5 86
260400 6 45
260400 6 96
260400 6 24
260400 7 61
260400 7 49
260400 24 54
260400 24 49
260400 49 80
260400 49 82
260400 61 107
260400 82 86
260400 95 96
260700 0 49
260700 5 86
260700 16 102
260700 24 49
260700 28 79
260700 35 82
260700 35 61
260700 35 36
260700 42 61
260700 49 80
260700 49 82
260700 49 61
260700 61 107
260700 61 82
260700 61 123
260700 61 87
260700 82 86
261000 0 69
261000 2 91
261000 8 46
261000 8 74
261000 8 67
261000 12 84
261000 12 18
261000 12 77
261000 16 102
261000 24 49
261000 24 47
261000 27 91
261000 30 53
261000 30 74
261000 44 104
261000 49 80
261000 49 82
261000 49 118
261000 49 91
261000 49 61
261000 49 86
261000 61 123
261000 61 82
261000 72 77
261000 74 86
261000 77 84
261000 77 83
261000 79 103
261000 86 103
261300 8 27
261300 12 84
261300 12 77
261300 12 16
261300 12 85
261300 27 49
261300 30 53
261300 30 74
261300 44 104
261300 49 80
261300 49 118
261300 49 61
261300 49 82
261300 49 77
261300 49 63
261300 51 77
261300 51 82
261300 61 107
261300 64 82
261300 72 77
261300 74 86
261300 77 84
261300 78 82
261300 79 103
261300 82 86
261300 82 102
261300 82 92
261300 84 118
261300 85 107
261300 86 103
261600 0 69
261600 1 92
261600 8 92
261600 13 102
261600 26 89
261600 30 53
261600 30 74
261600 37 92
261600 49 63
261600 49 77
261600 49 80
261600 51 77
261600 53 92
261600 58 118
261600 64 82
261600 64 77
261600 77 78
261600 78 82
261600 79 103
261600 82 102
261600 82 86
261600 82 92
261600 85 118
261600 86 103
261900 0 69
261900 3 67
261900 8 92
261900 12 77
261900 26 89
261900 49 61
261900 49 80
261900 49 77
261900 51 77
261900 52 68
261900 52 67
261900 53 92
261900 61 92
261900 61 122
261900 65 92
261900 65 118
261900 67 68
261900 67 92
261900 67 117
261900 69 89
261900 72 77
261900 73 103
261900 74 86
261900 77 78
261900 78 82
261900 86 103
261900 89 97
261900 95 103
262200 6 40
262200 8 92
262200 12 77
262200 13 102
262200 37 92
262200 37 40
262200 40 73
262200 40 56
262200 40 77
262200 40 50
262200 46 86
262200 49 77
262200 51 77
262200 52 68
262200 65 92
262200 65 118
262200 67 68
262200 69 89
262200 82 102
262200 86 103
262200 89 97
262500 8 92
262500 13 102
262500 14 82
262500 22 40
262500 22 43
262500 34 92
262500 37 92
262500 37 105
262500 40 73
262500 40 77
262500 40 50
262500 40 56
262500 40 82
262500 43 50
262500 43 92
262500 44 46
262500 44 92
262500 44 89
262500 46 82
262500 50 86
262500 51 77
262500 55 110
262500 60 120
262500 65 92
262500 65 118
262500 67 68
262500 86 103
262500 89 97
262500 92 104
262500 110 119
262800 11 106
262800 14 82
262800 23 122
262800 34 92
262800 34 106
262800 34 60
262800 37 105
262800 37 92
262800 38 106
262800 38 92
262800 38 122
262800 40 50
262800 40 53
262800 42 106
262800 43 50
262800 43 92
262800 44 89
262800 44 92
262800 46 82
262800 55 110
262800 60 77
262800 65 118
262800 65 92
262800 65 106
262800 86 103
262800 89 97
262800 92 104
262800 92 106
263100 1 61
263100 4 60
263100 14 82
263100 22 40
263100 26 106
263100 34 106
263100 34 42
263100 37 105
263100 38 106
263100 40 50
263100 44 89
263100 46 82
263100 50 73
263100 55 110
263100 60 77
263100 65 92
263100 65 118
263100 82 106
263100 89 97
263100 105 122
263100 110 119
263400 14 82
263400 26 106
263400 26 69
263400 35 53
263400 43 52
263400 44 89
263400 44 92
263400 46 82
263400 60 77
263400 62 111
263400 65 92
263400 86 103
263400 105 122
263400 110 119
263700 22 40
263700 26 106
263700 34 106
263700 38 106
263700 44 92
263700 44 89
263700 44 117
263700 46 82
263700 62 111
263700 82 106
263700 110 119
264000 43 52
264000 44 92
264000 44 89
264000 62 111
264300 43 52
264300 44 92
264300 62 111
264300 86 91
264600 16 28
264600 28 79
264600 28 73
264600 28 33
264600 61 78
264600 62 111
264900 16 28
264900 16 70
264900 21 80
264900 25 50
264900 28 79
264900 62 111
264900 109 116
265200 2 122
265200 11 110
265200 11 51
265200 16 70
265200 21 51
265200 22 113
265200 51 116
265200 51 95
265200 62 111
265500 0 41
265500 8 62
265500 16 70
265500 21 51
265500 43 121
265500 51 95
265500 62 111
265500 72 100
265500 94 100
265500 116 117
265800 22 42
265800 43 121
265800 44 97
265800 51 116
265800 53 114
265800 62 111
265800 91 103
265800 116 117
266100 22 42
266100 28 71
266100 30 55
266100 44 97
266100 53 114
266100 58 71
266100 62 111
266100 87 106
266100 116 117
266400 9 95
266400 22 42
266400 27 40
266400 36 43
266400 48 67
266400 53 114
266400 62 111
266400 116 117
266700 0 4
266700 22 42
266700 27 40
266700 30 45
266700 36 43
266700 44 97
266700 48 67
267000 18 81
267000 27 40
267000 29 99
267000 29 37
267000 30 45
267000 31 44
267000 31 81
267000 37 49
267000 44 97
267000 44 45
267000 45 49
267000 45 81
267000 48 67
267000 49 81
267000 58 81
267000 81 103
267000 81 84
267000 81 86
267000 81 119
267000 84 115
267000 84 91
267000 116 117
267300 8 49
267300 10 48
267300 10 45
267300 10 29
267300 13 59
267300 18 81
267300 29 99
267300 29 31
267300 29 66
267300 29 59
267300 29 86
267300 29 50
267300 36 43
267300 37 49
267300 37 86
267300 44 45
267300 44 107
267300 45 81
267300 48 67
267300 48 66
267300 50 81
267300 81 103
267300 81 84
267300 81 86
267300 116 117
267600 8 49
267600 10 29
267600 10 14
267600 13 59
267600 13 71
267600 13 14
267600 14 89
267600 14 39
267600 14 40
267600 14 61
267600 18 43
267600 18 55
267600 28 45
267600 29 31
267600 29 59
267600 29 86
267600 29 50
267600 29 45
267600 36 43
267600 41 89
267600 44 97
267600 44 107
267600 44 45
267600 44 89
267600 45 49
267600 50 81
267600 69 81
267600 71 89
267600 81 86
267600 87 122
267900 8 57
267900 10 29
267900 10 88
267900 10 97
267900 13 71
267900 13 14
267900 13 57
267900 13 50
267900 14 40
267900 14 39
267900 14 89
267900 14 18
267900 14 79
267900 14 97
267900 15 50
267900 18 44
267900 18 26
267900 28 45
267900 29 86
267900 29 31
267900 29 45
267900 29 59
267900 35 61
267900 35 50
267900 35 97
267900 41 89
267900 41 68
267900 44 89
267900 44 45
267900 45 81
267900 45 67
267900 49 72
267900 49 81
267900 50 123
267900 50 87
267900 57 88
267900 57 119
267900 57 104
267900 61 88
267900 61 104
267900 66 88
267900 68 123
267900 79 97
267900 79 123
267900 81 88
267900 82 88
267900 87 122
267900 87 88
267900 88 97
267900 97 123
267900 97 104
268200 2 59
268200 6 114
268200 8 49
268200 8 44
268200 9 44
268200 10 97
268200 10 88
268200 10 29
268200 13 57
268200 13 71
268200 13 50
268200 14 39
268200 14 97
268200 14 61
268200 14 40
268200 15 44
268200 15 122
268200 16 26
268200 18 44
268200 18 43
268200 18 115
268200 25 104
268200 25 115
268200 25 97
268200 26 97
268200 26 87
268200 28 45
268200 29 31
268200 29 86
268200 29 45
268200 29 104
268200 29 97
268200 29 50
268200 35 61
268200 35 97
268200 41 89
268200 44 97
268200 44 104
268200 44 50
268200 45 49
268200 49 81
268200 49 72
268200 50 87
268200 50 97
268200 50 61
268200 57 88
268200 59 122
268200 59 123
268200 61 88
268200 61 87
268200 66 97
268200 68 123
268200 73 83
268200 77 115
268200 77 87
268200 79 97
268200 81 88
268200 85 86
268200 87 122
268200 88 97
268200 97 123
268200 97 104
268200 104 115
268500 8 57
268500 8 44
268500 8 19
268500 9 44
268500 10 118
268500 13 71
268500 13 57
268500 14 61
268500 15 19
268500 16 26
268500 16 96
268500 18 44
268500 18 115
268500 18 26
268500 18 43
268500 19 94
268500 19 76
268500 19 65
268500 24 25
268500 25 104
268500 25 115
268500 25 105
268500 26 87
268500 26 93
268500 26 94
268500 28 45
268500 29 97
268500 29 31
268500 34 77
268500 35 61
268500 35 97
268500 44 50
268500 44 45
268500 45 67
268500 49 81
268500 49 82
268500 50 61
268500 50 115
268500 57 96
268500 59 122
268500 77 87
268500 77 115
268500 79 97
268500 81 96
268500 85 86
268500 94 106
268500 96 118
268500 97 123
268500 104 115
268800 0 19
268800 6 118
268800 6 10
268800 8 24
268800 8 57
268800 8 43
268800 8 10
268800 10 97
268800 10 88
268800 13 26
268800 16 26
268800 18 115
268800 18 43
268800 19 94
268800 19 76
268800 19 57
268800 19 124
268800 24 25
268800 24 118
268800 24 34
268800 25 118
268800 25 43
268800 25 81
268800 29 86
268800 33 81
268800 34 51
268800 35 61
268800 40 118
268800 43 56
268800 44 50
268800 44 45
268800 45 67
268800 49 82
268800 49 81
268800 49 118
268800 50 61
268800 50 115
268800 57 102
268800 57 118
268800 77 115
268800 79 97
268800 81 96
268800 81 118
268800 85 86
268800 85 124
268800 85 89
268800 87 124
268800 94 106
268800 96 118
268800 102 104
268800 112 124
269100 6 118
269100 8 43
269100 8 10
269100 8 24
269100 8 118
269100 8 55
269100 8 48
269100 8 81
269100 8 57
269100 8 77
269100 10 83
269100 12 50
269100 13 26
269100 13 57
269100 15 19
269100 18 43
269100 19 65
269100 19 57
269100 19 83
269100 19 55
269100 24 81
269100 25 118
269100 25 43
269100 29 86
269100 34 73
269100 36 77
269100 43 56
269100 43 77
269100 44 45
269100 44 83
269100 45 67
269100 49 118
269100 55 77
269100 55 68
269100 57 118
269100 57 102
269100 67 77
269100 73 82
269100 73 121
269100 77 118
269100 79 97
269100 81 118
269100 81 124
269100 82 121
269100 82 83
269100 85 89
269100 87 118
269100 105 124
269100 118 124
269400 1 17
269400 1 79
269400 1 76
269400 1 47
269400 1 45
269400 10 83
269400 10 88
269400 12 89
269400 15 19
269400 17 83
269400 17 36
269400 17 89
269400 17 52
269400 17 121
269400 18 115
269400 18 43
269400 19 83
269400 19 65
269400 24 81
269400 25 43
269400 27 121
269400 29 86
269400 38 119
269400 43 56
269400 43 77
269400 44 45
269400 44 67
269400 44 51
269400 45 67
269400 47 79
269400 52 74
269400 57 102
269400 67 119
269400 67 83
269400 67 103
269400 67 74
269400 73 121
269400 73 74
269400 77 121
269400 77 100
269400 79 97
269400 81 118
269400 81 124
269400 82 83
269400 82 121
269400 100 121
269400 118 124
269700 1 17
269700 1 45
269700 1 79
269700 1 76
269700 1 31
269700 1 115
269700 1 43
269700 3 31
269700 3 110
269700 8 81
269700 10 83
269700 15 19
269700 17 121
269700 17 83
269700 17 89
269700 17 103
269700 17 37
269700 18 43
269700 19 65
269700 24 81
269700 27 121
269700 29 86
269700 31 47
269700 31 81
269700 31 64
269700 31 52
269700 38 119
269700 43 81
269700 43 124
269700 44 51
269700 44 67
269700 44 45
269700 45 47
269700 47 79
269700 47 74
269700 47 105
269700 47 63
269700 52 83
269700 63 64
269700 63 81
269700 64 115
269700 67 110
269700 73 121
269700 77 100
269700 79 97
269700 81 124
269700 83 97
269700 83 100
269700 88 115
269700 88 119
269700 88 105
269700 100 121
269700 100 119
269700 100 105
269700 104 115
269700 105 115
269700 118 124
270000 1 79
270000 1 17
270000 1 115
270000 1 76
270000 3 63
270000 3 83
270000 8 81
270000 15 78
270000 17 121
270000 17 89
270000 17 83
270000 27 121
270000 31 86
270000 31 58
270000 31 64
270000 38 119
270000 43 81
270000 43 124
270000 44 45
270000 44 51
270000 44 67
270000 47 105
270000 47 119
270000 49 78
270000 51 58
270000 51 89
270000 52 83
270000 56 78
270000 57 102
270000 58 61
270000 58 86
270000 58 64
270000 63 81
270000 63 64
270000 63 86
270000 64 111
270000 64 89
270000 64 78
270000 73 121
270000 78 90
270000 78 111
270000 78 83
270000 78 100
270000 78 124
270000 81 124
270000 81 105
270000 83 97
270000 83 100
270000 83 119
270000 88 105
270000 88 115
270000 89 110
270000 89 119
270000 100 119
270000 100 121
270000 111 119
270000 118 124
270300 1 79
270300 3 63
270300 4 58
270300 4 61
270300 8 81
270300 15 78
270300 17 83
270300 17 121
270300 21 119
270300 27 121
270300 29 86
270300 31 52
270300 38 119
270300 38 40
270300 38 58
270300 38 60
270300 38 52
270300 40 105
270300 40 118
270300 40 43
270300 43 51
270300 43 58
270300 47 74
270300 47 105
270300 51 58
270300 51 89
270300 51 113
270300 52 83
270300 52 63
270300 52 118
270300 52 84
270300 56 78
270300 57 102
270300 57 61
270300 58 61
270300 58 85
270300 58 88
270300 61 63
270300 61 87
270300 61 108
270300 63 86
270300 64 78
270300 64 89
270300 64 108
270300 78 100
270300 78 90
270300 78 89
270300 79 97
270300 81 124
270300 83 97
270300 83 100
270300 85 92
270300 85 86
270300 85 105
270300 86 118
270300 89 119
270300 92 118
270300 100 119
270300 102 108
270300 108 115
270600 1 79
270600 1 76
270600 3 63
270600 4 58
270600 8 81
270600 15 78
270600 17 121
270600 27 51
270600 29 105
270600 38 60
270600 38 58
270600 40 43
270600 40 105
270600 43 51
270600 47 119
270600 48 76
270600 51 58
270600 51 113
270600 57 102
270600 58 88
270600 76 88
270600 78 90
270600 81 105
270600 81 124
270600 85 105
270600 85 86
270600 88 115
270600 91 121
270900 1 76
270900 4 58
270900 15 78
270900 17 121
270900 27 76
270900 29 63
270900 38 60
270900 38 40
270900 38 119
270900 40 63
270900 47 119
270900 56 78
270900 57 85
270900 71 115
270900 78 90
270900 85 86
270900 88 115
270900 88 102
270900 91 121
271200 9 40
271200 15 78
271200 17 121
271200 27 51
271200 27 76
271200 29 63
271200 30 60
271200 36 60
271200 38 40
271200 38 60
271200 38 119
271200 38 89
271200 38 76
271200 40 43
271200 40 63
271200 47 119
271200 57 102
271200 60 73
271200 60 88
271200 71 115
271200 80 113
271200 91 121
271500 6 47
271500 17 121
271500 27 76
271500 27 51
271500 30 60
271500 30 57
271500 40 43
271500 40 63
271500 44 51
271500 47 119
271500 71 102
271500 78 118
271500 85 86
271500 88 115
271500 88 102
271500 88 121
271500 91 121
271800 6 47
271800 6 85
271800 19 63
271800 30 60
271800 36 115
271800 47 119
271800 57 102
271800 70 71
271800 71 102
271800 78 118
271800 85 86
271800 88 121
271800 88 115
271800 91 121
272100 14 36
272100 19 89
272100 20 47
272100 36 115
272100 40 43
272100 47 119
272100 70 71
272100 71 102
272100 85 86
272400 3 47
272400 6 47
272400 6 85
272400 11 40
272400 14 36
272400 19 89
272400 19 47
272400 70 71
272400 71 102
272400 88 121
272400 91 121
