0 5 71
0 10 34
0 16 72
0 17 82
0 21 35
0 37 49
0 50 70
0 51 55
0 65 124
0 65 77
0 74 123
0 88 89
0 99 115
0 107 111
300 5 71
300 17 89
300 37 49
300 50 70
300 56 124
300 59 82
300 107 111
600 17 89
600 26 79
600 26 118
600 26 52
600 26 97
600 47 93
600 50 70
600 53 118
600 56 124
600 67 106
600 67 118
600 88 89
600 111 118
900 1 93
900 1 45
900 2 83
900 3 93
900 14 33
900 17 89
900 26 79
900 26 96
900 26 83
900 45 113
900 45 65
900 54 97
900 56 124
900 65 114
900 66 72
900 67 106
900 67 118
900 93 113
1200 1 45
1200 2 83
1200 2 93
1200 3 93
1200 3 24
1200 6 24
1200 6 45
1200 12 118
1200 25 45
1200 26 83
1200 26 67
1200 26 45
1200 31 93
1200 45 113
1200 45 93
1200 47 93
1200 56 124
1200 56 77
1200 66 72
1200 67 106
1200 67 118
1500 2 83
1500 2 40
1500 24 45
1500 26 83
1500 26 45
1500 26 67
1500 39 40
1500 40 76
1500 40 115
1500 40 85
1500 45 93
1500 56 124
1500 65 108
1500 66 72
1500 67 106
1500 67 109
1500 70 109
1500 70 124
1500 70 115
1500 76 109
1500 93 104
1500 108 118
1800 2 40
1800 2 60
1800 26 45
1800 26 67
1800 26 83
1800 36 112
1800 36 107
1800 36 40
1800 36 116
1800 38 112
1800 39 40
1800 39 60
1800 40 76
1800 40 112
1800 40 124
1800 40 107
1800 43 95
1800 56 77
1800 60 107
1800 60 116
1800 66 72
1800 76 109
1800 81 107
1800 96 112
1800 96 109
1800 104 109
1800 104 118
1800 108 118
1800 112 121
2100 2 83
2100 2 40
2100 2 60
2100 2 53
2100 2 112
2100 2 119
2100 2 107
2100 2 12
2100 2 97
2100 7 112
2100 12 13
2100 12 15
2100 13 112
2100 15 124
2100 17 67
2100 17 104
2100 22 43
2100 23 43
2100 26 83
2100 26 45
2100 26 67
2100 36 112
2100 36 40
2100 36 116
2100 40 124
2100 43 107
2100 45 62
2100 53 112
2100 53 62
2100 53 96
2100 53 119
2100 56 77
2100 60 116
2100 62 96
2100 70 124
2100 96 112
2100 96 97
2100 97 107
2100 97 118
2100 104 109
2100 104 118
2100 107 112
2100 108 118
2100 112 121
2400 2 112
2400 2 97
2400 2 12
2400 2 60
2400 2 53
2400 2 107
2400 2 83
2400 2 62
2400 5 60
2400 5 12
2400 7 112
2400 12 15
2400 12 60
2400 12 33
2400 12 48
2400 13 112
2400 15 124
2400 17 67
2400 39 60
2400 40 124
2400 48 65
2400 49 62
2400 53 62
2400 53 112
2400 53 99
2400 60 119
2400 60 113
2400 70 124
2400 83 104
2400 92 109
2400 96 97
2400 97 107
2400 104 118
2400 107 112
2400 112 121
2700 2 12
2700 2 53
2700 2 107
2700 2 60
2700 2 55
2700 2 65
2700 5 109
2700 7 112
2700 12 48
2700 12 33
2700 12 60
2700 12 15
2700 12 116
2700 15 124
2700 40 124
2700 48 65
2700 49 62
2700 60 116
2700 63 109
2700 70 124
2700 92 95
2700 99 107
2700 104 118
2700 109 116
2700 112 121
3000 2 12
3000 2 62
3000 2 112
3000 2 97
3000 2 83
3000 2 60
3000 2 28
3000 12 33
3000 16 100
3000 34 63
3000 35 101
3000 39 60
3000 48 65
3000 60 116
3000 70 124
3000 74 76
3000 92 95
3000 109 116
3300 2 83
3300 4 41
3300 5 109
3300 9 15
3300 12 15
3300 15 35
3300 16 100
3300 31 101
3300 34 63
3300 35 54
3300 35 37
3300 37 41
3300 37 101
3300 41 111
3300 48 65
3300 55 70
3300 70 124
3300 74 97
3300 92 95
3300 99 107
3300 109 116
3600 2 62
3600 9 15
3600 9 35
3600 9 31
3600 12 15
3600 15 37
3600 15 21
3600 15 82
3600 17 62
3600 17 21
3600 23 25
3600 23 35
3600 24 37
3600 31 101
3600 31 35
3600 31 112
3600 31 48
3600 35 37
3600 37 101
3600 37 111
3600 41 111
3600 41 58
3600 46 83
3600 48 65
3600 55 70
3600 70 124
3600 74 97
3600 108 109
3600 109 116
3900 3 101
3900 9 15
3900 9 31
3900 10 42
3900 11 42
3900 12 15
3900 15 21
3900 15 37
3900 15 92
3900 16 100
3900 17 39
3900 23 35
3900 24 37
3900 31 112
3900 35 101
3900 37 41
3900 37 38
3900 38 42
3900 41 58
3900 42 70
3900 42 62
3900 42 92
3900 42 108
3900 42 56
3900 42 86
3900 42 111
3900 46 83
3900 48 65
3900 58 92
3900 62 70
3900 65 108
3900 70 124
3900 74 97
3900 83 101
3900 92 95
3900 92 107
3900 109 116
4200 6 50
4200 11 42
4200 16 100
4200 17 39
4200 23 35
4200 31 101
4200 31 112
4200 31 48
4200 38 42
4200 41 58
4200 46 83
4200 46 112
4200 48 65
4200 51 72
4200 65 108
4200 109 116
4500 7 117
4500 9 15
4500 10 117
4500 11 42
4500 15 92
4500 15 21
4500 17 39
4500 23 35
4500 24 37
4500 31 101
4500 31 112
4500 42 62
4500 42 111
4500 48 65
4500 58 92
4500 62 70
4500 65 108
4500 109 116
4800 2 107
4800 11 42
4800 15 21
4800 17 39
4800 31 112
4800 50 104
4800 58 92
4800 62 70
4800 65 108
4800 93 107
4800 109 116
5100 11 42
5100 17 39
5100 18 96
5100 18 64
5100 24 37
5100 31 101
5100 31 112
5100 58 92
5100 65 108
5400 1 24
5400 31 112
5400 58 92
5400 109 116
5700 11 103
5700 20 29
5700 21 46
5700 24 37
5700 29 112
5700 31 112
5700 41 119
5700 58 92
5700 86 91
5700 103 119
6000 17 97
6000 21 46
6000 31 112
6000 35 112
6000 35 99
6000 41 119
6000 66 122
6000 103 119
6300 21 46
6300 31 112
6300 66 122
6300 90 100
6300 103 119
6600 14 80
6600 17 97
6600 19 92
6600 22 106
6600 28 55
6600 31 112
6600 35 112
6600 46 116
6600 54 62
6600 87 88
6600 103 119
6900 17 97
6900 17 45
6900 21 46
6900 31 112
6900 43 45
6900 70 85
6900 87 88
6900 96 102
7200 17 97
7200 21 46
7200 46 116
7200 47 121
7200 48 106
7200 70 85
7200 87 88
7500 21 46
7500 47 121
7500 52 121
7500 84 123
7500 85 113
7500 96 102
7800 4 106
7800 5 33
7800 5 11
7800 11 35
7800 11 20
7800 13 85
7800 13 51
7800 13 59
7800 33 85
7800 33 56
7800 41 85
7800 51 56
7800 52 121
7800 70 85
7800 102 105
8100 1 11
8100 4 106
8100 11 20
8100 11 68
8100 11 40
8100 11 38
8100 11 13
8100 13 51
8100 13 59
8100 24 40
8100 27 47
8100 28 57
8100 33 85
8100 40 47
8100 40 68
8100 40 77
8100 40 83
8100 46 99
8100 46 121
8100 51 56
8100 52 121
8100 102 105
8400 11 20
8400 11 40
8400 11 38
8400 13 59
8400 27 47
8400 31 90
8400 33 85
8400 33 40
8400 38 115
8400 38 47
8400 40 47
8400 40 77
8400 40 58
8400 43 90
8400 45 70
8400 46 99
8400 47 57
8400 47 68
8400 51 56
8400 57 102
8400 58 102
8400 90 101
8400 95 101
8400 102 105
8700 11 38
8700 11 13
8700 14 93
8700 14 101
8700 14 57
8700 14 40
8700 14 69
8700 33 85
8700 38 115
8700 38 47
8700 38 57
8700 38 93
8700 40 58
8700 40 93
8700 40 101
8700 40 77
8700 40 84
8700 43 90
8700 45 70
8700 47 68
8700 52 82
8700 57 102
8700 57 118
8700 57 63
8700 63 106
8700 63 102
8700 63 95
8700 63 93
8700 63 108
8700 84 108
8700 90 101
8700 95 101
8700 101 118
8700 108 118
9000 3 103
9000 11 38
9000 11 13
9000 11 103
9000 11 95
9000 11 63
9000 13 59
9000 14 101
9000 14 93
9000 14 40
9000 14 57
9000 14 69
9000 14 62
9000 14 103
9000 18 95
9000 25 103
9000 40 93
9000 40 84
9000 40 101
9000 40 95
9000 45 93
9000 45 95
9000 47 95
9000 52 82
9000 52 77
9000 52 95
9000 57 102
9000 57 63
9000 57 60
9000 62 103
9000 63 93
9000 63 102
9000 63 108
9000 63 95
9000 69 95
9000 77 95
9000 77 93
9000 95 102
9000 95 103
9000 108 118
9300 3 103
9300 5 116
9300 10 116
9300 11 95
9300 11 13
9300 11 93
9300 11 120
9300 13 15
9300 13 101
9300 13 114
9300 13 14
9300 13 116
9300 14 93
9300 14 62
9300 14 101
9300 14 82
9300 14 83
9300 15 103
9300 15 116
9300 15 114
9300 18 95
9300 25 103
9300 36 69
9300 40 93
9300 40 101
9300 45 93
9300 47 95
9300 47 68
9300 52 82
9300 52 95
9300 52 69
9300 52 116
9300 57 118
9300 57 63
9300 57 102
9300 57 60
9300 57 103
9300 63 95
9300 63 93
9300 63 83
9300 69 95
9300 69 114
9300 69 103
9300 77 93
9300 77 95
9300 85 116
9300 93 116
9300 95 102
9300 103 116
9600 2 13
9600 2 114
9600 2 14
9600 2 35
9600 3 103
9600 9 97
9600 10 116
9600 11 93
9600 11 97
9600 11 80
9600 11 14
9600 11 57
9600 13 15
9600 13 116
9600 14 69
9600 14 93
9600 14 103
9600 14 102
9600 14 84
9600 14 36
9600 15 103
9600 15 116
9600 15 40
9600 18 95
9600 36 114
9600 40 93
9600 52 95
9600 52 77
9600 52 116
9600 52 82
9600 52 72
9600 52 60
9600 57 103
9600 57 58
9600 57 114
9600 58 114
9600 63 93
9600 77 93
9600 93 116
9600 103 116
9900 2 13
9900 2 14
9900 2 35
9900 2 11
9900 2 114
9900 2 34
9900 2 56
9900 11 80
9900 11 93
9900 11 14
9900 14 69
9900 15 103
9900 15 43
9900 15 114
9900 17 22
9900 17 119
9900 17 41
9900 17 47
9900 25 114
9900 31 41
9900 34 107
9900 34 93
9900 34 114
9900 36 114
9900 47 55
9900 52 95
9900 57 103
9900 57 58
9900 57 114
9900 58 114
9900 77 93
9900 93 116
9900 93 114
9900 93 101
9900 103 116
10200 2 114
10200 4 18
10200 4 57
10200 4 88
10200 4 113
10200 9 89
10200 11 57
10200 14 69
10200 15 103
10200 15 43
10200 15 27
10200 15 57
10200 17 119
10200 17 22
10200 17 18
10200 18 95
10200 18 73
10200 18 57
10200 22 84
10200 23 64
10200 25 114
10200 34 114
10200 36 114
10200 42 74
10200 43 113
10200 44 113
10200 52 95
10200 55 113
10200 57 103
10200 57 58
10200 57 113
10200 58 114
10200 58 113
10200 64 101
10200 74 113
10200 83 89
10200 89 113
10200 93 114
10500 4 88
10500 4 113
10500 4 57
10500 4 38
10500 4 119
10500 9 89
10500 14 69
10500 15 57
10500 15 27
10500 15 103
10500 15 17
10500 15 21
10500 16 73
10500 16 33
10500 16 27
10500 17 22
10500 17 21
10500 18 67
10500 18 21
10500 18 33
10500 20 21
10500 21 45
10500 21 64
10500 21 35
10500 25 114
10500 32 55
10500 33 64
10500 35 57
10500 36 114
10500 45 113
10500 46 113
10500 53 89
10500 53 113
10500 53 55
10500 55 73
10500 57 113
10500 57 103
10500 74 113
10500 83 89
10500 89 113
10500 89 119
10800 0 29
10800 0 111
10800 0 37
10800 2 114
10800 4 57
10800 4 113
10800 4 37
10800 4 21
10800 15 21
10800 15 17
10800 15 57
10800 15 103
10800 15 37
10800 15 64
10800 17 21
10800 18 95
10800 18 21
10800 18 33
10800 18 103
10800 18 119
10800 20 21
10800 21 64
10800 21 35
10800 21 96
10800 25 114
10800 29 102
10800 29 75
10800 33 64
10800 34 113
10800 35 37
10800 35 75
10800 35 113
10800 35 52
10800 35 47
10800 36 114
10800 37 113
10800 37 75
10800 44 113
10800 47 69
10800 49 116
10800 52 116
10800 53 55
10800 53 102
10800 53 113
10800 55 113
10800 55 119
10800 57 113
10800 58 113
10800 64 101
10800 67 119
10800 74 113
10800 75 96
10800 84 96
10800 89 119
10800 96 111
10800 113 119
11100 0 37
11100 0 29
11100 0 75
11100 0 64
11100 2 114
11100 4 37
11100 4 75
11100 4 64
11100 4 74
11100 15 103
11100 15 21
11100 15 64
11100 15 17
11100 17 21
11100 18 21
11100 18 103
11100 20 29
11100 21 45
11100 21 37
11100 23 95
11100 25 114
11100 27 95
11100 28 95
11100 29 102
11100 29 95
11100 29 75
11100 29 103
11100 29 35
11100 35 75
11100 37 40
11100 37 95
11100 37 64
11100 37 75
11100 40 75
11100 42 64
11100 48 74
11100 52 116
11100 52 102
11100 57 103
11100 64 101
11100 64 75
11100 75 96
11100 84 109
11400 1 101
11400 2 114
11400 15 17
11400 18 119
11400 18 103
11400 27 95
11400 28 95
11400 44 113
11400 45 52
11400 48 74
11400 52 116
11400 52 102
11400 53 102
11400 63 117
11400 64 101
11700 2 114
11700 4 74
11700 15 101
11700 15 103
11700 18 103
11700 20 29
11700 23 95
11700 27 95
11700 37 40
11700 37 95
11700 44 113
11700 45 52
11700 45 107
11700 49 103
11700 63 117
11700 84 109
12000 1 101
12000 5 11
12000 15 103
12000 15 101
12000 27 95
12000 34 45
12000 44 113
12000 45 107
12000 45 52
12000 52 116
12000 63 117
12000 74 95
12000 95 107
12300 2 114
12300 2 58
12300 5 11
12300 9 63
12300 10 11
12300 15 101
12300 15 39
12300 20 29
12300 27 95
12300 34 45
12300 37 40
12300 41 51
12300 52 116
12300 87 95
12600 2 58
12600 2 114
12600 2 91
12600 2 45
12600 15 101
12600 27 95
12600 41 51
12600 80 95
12900 2 58
12900 2 45
12900 2 91
12900 2 34
12900 9 63
12900 22 39
12900 45 78
12900 80 95
13200 2 45
13200 27 95
13200 34 102
13200 34 58
13500 17 58
13500 22 39
13500 27 95
13500 95 114
13800 1 117
13800 2 110
13800 83 95
14100 1 117
14100 15 119
14100 25 31
14100 69 95
14100 95 114
14400 71 119
14400 72 77
14400 80 119
14400 83 95
14700 7 118
14700 25 29
14700 71 119
15000 21 22
15000 22 87
15000 25 29
15000 33 105
15000 33 87
15000 33 122
15000 63 87
15000 63 122
15000 105 121
15000 105 123
15300 10 71
15300 21 22
15300 21 119
15300 25 29
15300 28 33
15300 33 51
15300 33 114
15300 51 107
15600 1 44
15600 8 71
15600 10 71
15600 19 116
15600 28 33
15600 33 51
15600 40 71
15600 51 107
15600 107 116
15600 114 116
15900 1 73
15900 19 116
15900 25 29
15900 30 42
15900 31 116
15900 31 32
15900 51 107
15900 71 116
15900 103 120
15900 114 116
16200 6 27
16200 11 41
16200 41 105
16200 51 107
16200 103 120
16200 108 123
16500 0 2
16500 0 32
16500 2 88
16500 2 62
16500 6 27
16500 11 32
16500 19 32
16500 32 71
16500 32 41
16500 32 55
16500 32 96
16500 44 114
16500 82 88
16500 91 113
16500 108 123
16800 0 90
16800 6 27
16800 11 32
16800 32 96
16800 32 71
16800 32 41
16800 38 90
16800 44 82
16800 44 75
16800 51 90
16800 65 90
16800 75 90
16800 91 113
16800 108 123
17100 0 90
17100 3 75
17100 16 90
17100 16 106
17100 16 107
17100 27 93
17100 31 93
17100 32 71
17100 32 41
17100 38 90
17100 48 75
17100 50 61
17100 55 90
17100 61 82
17100 90 123
17100 91 113
17100 108 123
17400 3 75
17400 3 66
17400 3 6
17400 3 31
17400 3 86
17400 6 66
17400 10 34
17400 32 71
17400 38 90
17400 91 113
17400 93 96
17700 0 52
17700 2 7
17700 11 65
17700 12 100
17700 29 71
17700 29 45
17700 29 82
17700 31 110
17700 32 71
17700 38 90
17700 90 106
17700 91 113
18000 11 18
18000 12 100
18000 18 111
18000 31 110
18000 32 71
18000 34 111
18000 34 82
18000 82 111
18000 83 94
18000 91 113
18000 111 124
18300 2 7
18300 2 88
18300 2 82
18300 2 75
18300 2 116
18300 2 24
18300 2 93
18300 2 71
18300 11 18
18300 12 100
18300 18 109
18300 28 116
18300 34 82
18300 90 106
18300 111 124
18600 11 18
18600 11 71
18600 12 100
18600 12 53
18600 17 98
18600 18 100
18600 28 116
18600 28 71
18600 28 53
18600 28 109
18600 31 71
18600 34 89
18600 34 71
18600 53 71
18600 53 85
18600 71 116
18600 71 98
18600 82 111
18600 85 89
18600 89 116
18600 90 106
18600 111 124
18900 2 88
18900 8 53
18900 12 111
18900 12 53
18900 18 109
18900 18 100
18900 18 72
18900 18 98
18900 21 53
18900 29 124
18900 34 82
18900 34 71
18900 34 109
18900 49 101
18900 53 85
18900 53 89
18900 53 98
18900 53 72
18900 71 116
18900 71 98
18900 72 89
18900 82 111
18900 83 124
18900 85 89
18900 89 116
18900 89 124
18900 105 124
18900 111 124
19200 11 71
19200 11 21
19200 11 34
19200 12 61
19200 12 18
19200 15 98
19200 18 72
19200 18 100
19200 18 98
19200 18 34
19200 18 61
19200 18 21
19200 18 104
19200 29 124
19200 34 82
19200 34 109
19200 34 92
19200 49 101
19200 53 77
19200 61 105
19200 65 121
19200 71 98
19200 82 111
19200 83 124
19200 85 89
19200 89 116
19200 92 98
19200 103 105
19200 105 124
19200 111 124
19500 6 11
19500 6 77
19500 11 71
19500 11 21
19500 11 63
19500 11 116
19500 12 53
19500 12 18
19500 12 111
19500 15 98
19500 16 116
19500 16 108
19500 18 98
19500 25 101
19500 34 82
19500 34 109
19500 34 116
19500 34 92
19500 61 105
19500 63 103
19500 63 83
19500 65 121
19500 71 98
19500 77 101
19500 83 124
19500 83 103
19500 85 89
19500 89 116
19500 89 124
19500 92 98
19500 92 105
19500 92 101
19500 92 116
19500 101 116
19500 105 116
19800 6 89
19800 11 116
19800 11 71
19800 11 111
19800 11 47
19800 11 119
19800 15 83
19800 16 108
19800 16 98
19800 16 105
19800 18 98
19800 25 101
19800 34 116
19800 34 92
19800 34 101
19800 47 98
19800 49 101
19800 49 100
19800 57 105
19800 63 83
19800 63 103
19800 65 121
19800 83 103
19800 83 98
19800 85 89
19800 89 116
19800 92 116
19800 92 101
19800 98 116
19800 101 116
20100 11 47
20100 11 71
20100 13 74
20100 13 25
20100 16 98
20100 16 108
20100 25 101
20100 34 92
20100 34 116
20100 34 82
20100 34 49
20100 34 71
20100 47 98
20100 49 71
20100 63 103
20100 71 92
20100 71 108
20100 71 83
20100 71 100
20100 78 82
20100 78 98
20100 83 98
20100 92 116
20100 92 98
20100 101 116
20100 101 108
20400 0 103
20400 5 16
20400 11 71
20400 13 74
20400 13 25
20400 15 108
20400 16 108
20400 16 103
20400 28 49
20400 29 101
20400 29 82
20400 34 101
20400 34 71
20400 34 116
20400 34 92
20400 47 98
20400 49 71
20400 49 101
20400 58 103
20400 71 83
20400 71 92
20400 71 82
20400 78 82
20400 82 103
20400 86 101
20400 92 101
20400 92 116
20400 111 121
20700 0 49
20700 0 16
20700 5 16
20700 11 47
20700 13 25
20700 15 41
20700 15 49
20700 15 20
20700 15 111
20700 15 34
20700 16 27
20700 16 78
20700 16 106
20700 16 41
20700 19 111
20700 28 49
20700 29 82
20700 34 92
20700 34 63
20700 41 80
20700 41 78
20700 41 120
20700 47 98
20700 47 83
20700 63 86
20700 63 91
20700 71 92
20700 80 96
20700 90 111
20700 92 116
20700 103 120
21000 0 16
21000 0 49
21000 11 71
21000 13 80
21000 13 122
21000 15 41
21000 15 24
21000 16 41
21000 17 27
21000 19 29
21000 20 107
21000 24 78
21000 24 29
21000 28 49
21000 29 82
21000 29 41
21000 29 116
21000 29 47
21000 29 103
21000 34 92
21000 36 50
21000 41 120
21000 41 78
21000 47 83
21000 49 71
21000 71 92
21000 80 96
21000 90 111
21000 92 116
21300 0 49
21300 0 16
21300 0 47
21300 1 47
21300 11 71
21300 11 47
21300 13 122
21300 15 20
21300 15 49
21300 15 83
21300 15 77
21300 19 29
21300 29 103
21300 29 116
21300 29 47
21300 29 66
21300 36 50
21300 41 120
21300 41 78
21300 47 83
21300 47 69
21300 47 59
21300 47 82
21300 47 114
21300 49 71
21300 59 80
21300 71 92
21300 90 114
21600 0 16
21600 1 49
21600 1 111
21600 1 47
21600 13 80
21600 15 83
21600 15 41
21600 15 49
21600 15 77
21600 15 20
21600 24 78
21600 28 35
21600 29 116
21600 41 78
21600 47 59
21600 47 114
21600 49 71
21600 49 80
21600 49 120
21600 80 96
21600 80 111
21900 0 71
21900 1 47
21900 2 122
21900 15 20
21900 28 35
21900 29 116
21900 29 103
21900 31 111
21900 36 72
21900 41 78
21900 41 56
21900 47 83
21900 47 114
21900 49 71
21900 56 72
21900 80 95
21900 83 100
21900 95 103
21900 103 111
22200 1 47
22200 2 29
22200 17 72
22200 28 95
22200 29 103
22200 31 111
22200 36 72
22200 36 83
22200 41 56
22200 49 71
22200 56 72
22200 71 123
22200 71 86
22200 74 110
22200 80 95
22200 83 100
22200 103 111
22500 8 28
22500 17 52
22500 20 28
22500 29 103
22500 34 72
22500 49 71
22500 56 72
22500 71 86
22500 72 116
22500 72 108
22500 72 93
22500 74 110
22500 83 100
22500 93 110
22500 103 110
22800 16 56
22800 20 120
22800 20 110
22800 25 97
22800 29 103
22800 49 71
22800 52 110
22800 57 116
22800 71 86
22800 74 110
22800 74 93
22800 76 97
22800 93 110
22800 95 120
22800 100 111
22800 105 110
23100 16 49
23100 16 118
23100 16 76
23100 25 97
23100 29 103
23100 29 44
23100 29 71
23100 29 57
23100 29 76
23100 49 71
23100 56 76
23100 71 86
23100 76 97
23100 83 100
23100 105 110
23100 105 118
23400 16 118
23400 19 71
23400 20 110
23400 20 50
23400 20 29
23400 25 120
23400 29 71
23400 29 103
23400 29 76
23400 29 83
23400 29 33
23400 29 50
23400 33 99
23400 33 83
23400 49 71
23400 50 56
23400 50 99
23400 50 91
23400 53 99
23400 56 76
23400 57 116
23400 70 90
23400 83 99
23400 83 101
23400 99 105
23400 105 118
23400 105 110
23700 0 57
23700 14 56
23700 16 118
23700 16 49
23700 20 29
23700 20 50
23700 20 110
23700 20 56
23700 20 57
23700 25 87
23700 29 103
23700 33 83
23700 33 99
23700 50 91
23700 50 87
23700 51 59
23700 52 91
23700 56 76
23700 66 99
23700 83 101
23700 83 99
23700 83 116
23700 87 103
23700 87 123
23700 105 110
23700 105 118
24000 0 57
24000 15 49
24000 16 118
24000 20 56
24000 20 57
24000 20 50
24000 20 49
24000 20 83
24000 29 83
24000 29 33
24000 29 76
24000 33 99
24000 33 57
24000 33 83
24000 51 59
24000 52 91
24000 57 59
24000 57 95
24000 59 90
24000 66 99
24000 70 76
24000 70 123
24000 83 116
24000 83 123
24000 87 103
24000 96 110
24000 105 118
24000 105 110
24300 0 57
24300 8 40
24300 16 118
24300 20 56
24300 20 57
24300 20 83
24300 20 50
24300 25 87
24300 29 76
24300 29 86
24300 35 52
24300 35 83
24300 40 52
24300 40 110
24300 40 66
24300 57 95
24300 70 72
24300 72 96
24300 83 99
24300 105 118
24600 2 118
24600 4 118
24600 15 56
24600 16 118
24600 20 50
24600 20 56
24600 20 57
24600 20 83
24600 22 35
24600 23 40
24600 25 87
24600 29 86
24600 40 110
24600 40 87
24600 70 76
24600 70 72
24600 105 118
24900 4 103
24900 8 96
24900 16 118
24900 16 76
24900 22 35
24900 23 40
24900 25 87
24900 29 86
24900 40 87
24900 40 103
24900 105 118
25200 16 42
25200 16 96
25200 22 35
25200 23 40
25200 25 87
25200 29 86
25200 34 42
25200 90 103
25500 8 34
25500 8 42
25500 16 42
25500 16 96
25500 22 35
25500 22 81
25500 29 98
25500 29 91
25500 30 42
25500 34 42
25500 42 57
25500 56 103
25500 72 118
25800 8 42
25800 8 34
25800 22 35
25800 22 81
25800 23 40
25800 42 57
26100 8 42
26100 22 35
26100 22 81
26100 29 98
26100 84 119
26400 22 81
26400 23 84
26400 29 98
26400 57 98
26700 1 64
26700 8 42
26700 20 38
26700 29 98
26700 51 81
26700 64 80
27000 1 64
27000 23 59
27000 29 98
27000 96 118
27300 4 31
27300 8 42
27300 29 98
27300 43 80
27300 64 80
27600 4 31
27600 8 42
27600 40 64
27600 64 80
27600 80 116
27600 96 118
27900 8 42
27900 16 50
27900 43 80
27900 64 116
28200 8 42
28200 12 41
28200 16 50
28200 46 120
28200 46 75
28200 75 80
28200 90 94
28500 8 42
28500 31 100
28500 46 120
28500 64 106
28800 16 50
28800 16 28
28800 41 118
28800 46 120
28800 64 106
29100 9 32
29100 16 28
29100 41 118
29400 9 32
29400 23 28
29400 28 89
29400 28 85
29400 28 105
29400 39 68
29400 89 105
29400 89 107
29700 9 32
29700 15 32
29700 23 76
29700 32 67
29700 48 55
29700 55 122
29700 68 89
29700 76 105
30000 7 113
30000 55 122
30000 55 97
30000 55 113
30000 55 116
30000 89 107
30300 7 26
30300 7 71
30300 11 54
30300 11 66
30300 24 112
30300 26 65
30300 55 97
30300 55 113
30300 71 93
30300 91 108
30300 99 108
30300 108 116
30300 108 113
30600 7 26
30600 24 112
30600 24 108
30600 24 34
30600 24 69
30600 24 113
30600 26 34
30600 34 65
30600 34 110
30600 34 105
30600 34 108
30600 55 110
30600 89 107
30600 99 108
30900 24 112
30900 24 69
30900 34 105
30900 39 112
30900 102 112
30900 102 121
30900 105 112
31200 6 112
31200 7 26
31200 24 112
31200 24 69
31200 34 105
31200 39 49
31500 6 112
31500 6 72
31500 7 26
31500 34 105
31500 39 72
31500 49 72
31500 60 72
31500 105 112
31800 7 26
31800 19 96
31800 105 112
32100 4 28
32100 17 105
32100 19 96
32100 19 28
32400 4 56
32400 5 16
32400 5 31
32400 5 107
32400 19 96
32400 85 107
32400 107 124
32700 13 36
32700 19 96
32700 23 31
32700 31 33
32700 33 91
32700 33 82
32700 74 93
32700 82 88
32700 107 124
33000 23 31
33000 24 109
33000 74 93
33300 24 109
33300 31 74
33900 15 96
33900 74 96
34800 51 63
34800 51 112
35100 23 108
35100 51 112
35400 16 51
35700 2 63
35700 16 51
35700 93 108
36000 2 63
36300 93 108
38700 0 29
38700 4 29
38700 4 47
39900 43 59
80100 53 111
80400 53 74
80700 0 113
80700 51 113
81000 0 113
81000 51 113
81600 44 76
82500 47 61
82800 53 119
82800 89 119
82800 89 105
82800 105 119
83100 43 119
83100 53 119
83400 11 95
83700 8 50
83700 53 119
84000 8 50
84300 53 119
84300 107 110
84600 60 114
84600 60 119
84600 93 114
84600 114 119
84600 119 121
84900 60 119
84900 94 97
85200 60 119
85200 94 97
85200 101 119
85500 78 124
85500 94 97
85800 101 119
86400 45 97
87000 15 20
87000 15 21
87000 15 85
87000 18 102
87000 20 102
87000 20 21
87000 21 60
87000 21 109
87000 43 55
87000 43 101
87000 78 116
87000 79 101
87300 5 101
87300 9 20
87300 12 13
87300 14 101
87300 15 68
87300 18 102
87300 18 40
87300 18 41
87300 20 102
87300 20 21
87300 20 43
87300 21 109
87300 21 79
87300 28 41
87300 55 101
87300 79 101
87300 92 101
87300 96 101
87300 101 102
87600 5 101
87600 8 12
87600 9 20
87600 12 45
87600 15 85
87600 18 102
87600 20 102
87600 20 21
87600 20 43
87600 20 112
87600 21 60
87600 45 68
87600 45 112
87600 53 112
87600 53 78
87600 53 79
87600 55 102
87600 68 112
87600 79 101
87600 92 101
87600 101 112
87600 112 114
87900 5 111
87900 6 71
87900 6 79
87900 6 45
87900 6 13
87900 9 20
87900 12 45
87900 13 17
87900 13 83
87900 20 102
87900 20 43
87900 20 63
87900 21 60
87900 25 53
87900 25 27
87900 27 71
87900 28 41
87900 37 94
87900 41 83
87900 45 68
87900 53 79
87900 53 78
87900 55 102
87900 57 71
87900 68 112
87900 71 80
87900 79 101
87900 80 116
88200 2 69
88200 2 18
88200 3 59
88200 6 71
88200 6 122
88200 9 20
88200 12 45
88200 13 17
88200 13 14
88200 14 41
88200 20 63
88200 20 102
88200 20 112
88200 25 53
88200 25 27
88200 27 71
88200 37 59
88200 41 83
88200 41 71
88200 41 122
88200 42 61
88200 53 78
88200 53 79
88200 56 101
88200 57 71
88200 61 90
88200 68 112
88200 79 101
88500 2 117
88500 3 108
88500 3 45
88500 3 79
88500 3 124
88500 6 122
88500 7 59
88500 12 45
88500 13 17
88500 20 112
88500 25 27
88500 27 71
88500 29 109
88500 29 71
88500 37 94
88500 41 122
88500 42 71
88500 53 79
88500 57 71
88500 79 101
88500 101 112
88800 2 117
88800 3 124
88800 3 79
88800 7 59
88800 9 16
88800 12 45
88800 13 17
88800 20 71
88800 26 109
88800 27 71
88800 29 109
88800 29 101
88800 37 59
88800 41 112
88800 53 79
88800 53 94
88800 57 71
88800 71 94
88800 79 101
88800 79 81
88800 79 94
88800 94 122
88800 94 116
88800 95 116
88800 101 112
89100 1 39
89100 1 100
89100 1 50
89100 1 80
89100 1 3
89100 2 117
89100 3 124
89100 6 122
89100 9 16
89100 12 45
89100 13 17
89100 20 112
89100 29 109
89100 36 122
89100 42 71
89100 50 71
89100 50 80
89100 50 122
89100 53 54
89100 71 122
89100 79 81
89100 94 116
89100 112 118
89400 3 124
89400 6 79
89400 6 71
89400 6 54
89400 7 59
89400 12 45
89400 13 17
89400 19 54
89400 20 71
89400 27 71
89400 28 42
89400 36 122
89400 42 71
89400 42 50
89400 50 80
89400 50 71
89400 50 86
89400 50 64
89400 53 54
89400 53 116
89400 54 112
89400 54 68
89400 59 80
89400 64 99
89400 66 80
89400 66 83
89400 68 83
89400 71 94
89400 71 122
89400 71 91
89400 96 123
89400 107 123
89700 0 8
89700 2 117
89700 8 83
89700 8 37
89700 8 56
89700 8 101
89700 12 45
89700 13 17
89700 19 54
89700 25 100
89700 27 71
89700 31 101
89700 37 56
89700 37 53
89700 37 80
89700 43 83
89700 46 80
89700 46 54
89700 50 64
89700 50 86
89700 53 54
89700 54 68
89700 54 112
89700 54 66
89700 54 122
89700 55 101
89700 64 99
89700 65 101
89700 66 83
89700 68 83
89700 71 91
89700 71 94
89700 71 122
89700 80 101
90000 0 8
90000 0 114
90000 2 66
90000 2 37
90000 5 80
90000 8 56
90000 8 37
90000 8 83
90000 8 54
90000 8 104
90000 17 103
90000 19 54
90000 31 101
90000 37 80
90000 37 56
90000 44 66
90000 44 46
90000 46 80
90000 46 65
90000 50 86
90000 53 54
90000 54 122
90000 54 66
90000 54 112
90000 54 68
90000 54 107
90000 56 80
90000 56 101
90000 63 66
90000 65 101
90000 66 100
90000 68 83
90000 70 101
90000 80 101
90000 80 100
90300 0 8
90300 0 114
90300 0 72
90300 8 104
90300 8 101
90300 8 83
90300 13 26
90300 15 72
90300 17 103
90300 26 72
90300 28 103
90300 44 46
90300 46 65
90300 47 83
90300 54 112
90300 55 101
90300 56 101
90300 63 66
90300 65 101
90300 66 83
90300 66 72
90300 72 103
90300 72 83
90300 80 100
90300 80 101
90300 83 103
90300 83 101
90300 103 112
90600 0 8
90600 0 114
90600 8 104
90600 15 72
90600 44 46
90600 44 66
90600 54 122
90600 55 101
90600 56 101
90600 56 80
90900 8 104
90900 17 103
90900 44 46
90900 46 65
90900 54 122
90900 54 82
90900 55 101
90900 56 80
90900 56 101
90900 65 101
90900 83 103
91200 1 110
91200 17 103
91200 44 66
91200 46 65
91200 54 122
91200 54 82
91200 55 101
91200 56 110
91200 79 110
91200 92 110
91500 8 67
91500 15 42
91500 17 103
91500 44 66
91500 46 65
91500 54 122
91500 55 118
91500 56 80
91500 79 110
91500 92 110
91800 1 2
91800 11 14
91800 15 42
91800 17 103
91800 30 114
91800 44 66
91800 54 82
91800 54 122
91800 88 100
91800 92 110
92100 0 83
92100 6 116
92100 11 14
92100 15 42
92100 30 114
92100 34 116
92100 54 122
92100 54 82
92100 69 97
92100 88 100
92400 1 2
92400 6 116
92400 15 42
92400 17 103
92400 17 65
92400 54 122
92400 59 121
92400 59 100
92400 59 111
92400 88 100
92400 88 119
92700 0 65
92700 6 116
92700 23 55
92700 30 114
92700 34 116
92700 59 100
93000 0 65
93000 4 23
93000 6 116
93000 17 65
93000 18 86
93000 30 114
93000 34 116
93000 54 108
93000 86 96
93300 18 86
93300 23 55
93300 30 114
93300 34 116
93300 42 120
93300 100 107
93300 114 123
93600 6 116
93600 18 86
93600 19 84
93600 19 51
93600 19 67
93600 43 92
93900 6 116
93900 23 55
93900 23 121
93900 25 121
93900 34 116
93900 35 49
93900 43 92
93900 58 67
93900 118 123
94200 0 38
94200 0 95
94200 4 77
94200 6 116
94200 14 105
94200 14 16
94200 16 38
94200 16 69
94200 16 122
94200 22 77
94200 22 122
94200 22 37
94200 23 55
94200 23 121
94200 34 116
94200 51 122
94200 53 99
94200 53 69
94200 53 122
94500 4 77
94500 7 34
94500 14 16
94500 16 38
94500 16 122
94500 22 122
94500 22 77
94500 22 23
94500 22 60
94500 22 29
94500 22 38
94500 23 116
94500 23 95
94500 23 57
94500 23 38
94500 25 121
94500 29 122
94500 29 43
94500 29 65
94500 29 77
94500 34 116
94500 38 76
94500 38 57
94500 43 50
94500 53 99
94500 53 122
94500 60 118
94500 60 61
94500 60 95
94500 60 69
94500 65 118
94500 65 111
94500 77 110
94800 0 80
94800 1 122
94800 7 34
94800 8 57
94800 14 16
94800 16 69
94800 16 38
94800 22 77
94800 22 122
94800 22 60
94800 22 29
94800 23 121
94800 23 75
94800 23 43
94800 23 80
94800 23 116
94800 25 121
94800 29 65
94800 29 77
94800 29 116
94800 29 115
94800 34 116
94800 35 80
94800 38 62
94800 43 76
94800 43 62
94800 47 65
94800 53 99
94800 57 70
94800 57 116
94800 57 60
94800 57 80
94800 57 118
94800 60 61
94800 60 118
94800 60 69
94800 60 80
94800 60 65
94800 62 115
94800 62 80
94800 65 80
94800 69 96
94800 77 110
94800 80 100
94800 80 116
94800 99 116
94800 115 116
94800 116 122
95100 1 58
95100 7 34
95100 8 57
95100 11 115
95100 20 68
95100 22 38
95100 22 77
95100 22 29
95100 22 122
95100 22 60
95100 23 75
95100 23 80
95100 23 95
95100 23 38
95100 23 121
95100 25 121
95100 29 115
95100 29 38
95100 32 122
95100 32 99
95100 33 108
95100 35 80
95100 38 62
95100 43 76
95100 43 62
95100 45 70
95100 49 99
95100 56 62
95100 56 115
95100 56 122
95100 57 118
95100 57 80
95100 57 115
95100 60 95
95100 60 80
95100 60 69
95100 60 61
95100 60 118
95100 62 115
95100 62 68
95100 65 80
95100 65 111
95100 65 70
95100 68 99
95100 68 69
95100 68 115
95100 69 99
95100 71 99
95100 76 99
95100 77 110
95100 80 115
95100 95 99
95100 99 116
95100 99 118
95100 99 112
95100 99 122
95100 99 115
95100 116 122
95400 1 58
95400 1 98
95400 8 57
95400 11 115
95400 14 62
95400 14 68
95400 14 65
95400 14 38
95400 14 56
95400 16 38
95400 20 68
95400 22 60
95400 22 38
95400 23 121
95400 23 80
95400 23 95
95400 23 38
95400 29 65
95400 29 115
95400 29 38
95400 38 62
95400 38 95
95400 38 111
95400 38 122
95400 38 86
95400 56 62
95400 56 122
95400 56 106
95400 57 115
95400 57 80
95400 60 80
95400 62 115
95400 62 98
95400 64 71
95400 65 111
95400 65 95
95400 65 68
95400 68 115
95400 68 69
95400 68 99
95400 68 112
95400 68 98
95400 69 99
95400 77 110
95400 80 98
95400 95 99
95400 95 121
95400 98 115
95400 99 115
95400 99 112
95400 116 122
95700 1 68
95700 7 34
95700 7 21
95700 7 98
95700 7 49
95700 7 58
95700 8 57
95700 11 115
95700 13 56
95700 14 68
95700 14 38
95700 14 42
95700 14 121
95700 16 38
95700 17 21
95700 21 46
95700 21 68
95700 21 23
95700 22 77
95700 22 60
95700 22 57
95700 23 121
95700 23 38
95700 23 95
95700 23 41
95700 33 108
95700 38 86
95700 41 98
95700 42 56
95700 43 62
95700 45 70
95700 56 98
95700 57 115
95700 57 80
95700 57 118
95700 60 83
95700 62 115
95700 65 111
95700 65 70
95700 68 115
95700 68 99
95700 68 69
95700 80 98
95700 80 115
95700 87 103
95700 95 121
95700 98 115
95700 98 119
95700 99 122
95700 116 122
96000 5 23
96000 7 49
96000 7 34
96000 7 21
96000 7 58
96000 7 65
96000 7 14
96000 9 70
96000 13 56
96000 14 42
96000 14 65
96000 14 23
96000 14 122
96000 14 76
96000 16 38
96000 17 21
96000 20 80
96000 21 46
96000 21 23
96000 21 80
96000 21 70
96000 21 66
96000 22 77
96000 23 41
96000 23 121
96000 29 65
96000 33 70
96000 33 98
96000 38 86
96000 41 98
96000 42 56
96000 42 68
96000 42 70
96000 45 70
96000 56 98
96000 59 80
96000 59 93
96000 65 68
96000 65 95
96000 66 70
96000 68 69
96000 68 112
96000 68 76
96000 68 80
96000 70 75
96000 70 76
96000 70 95
96000 76 112
96000 80 112
96000 80 119
96000 87 103
96000 116 122
96300 1 68
96300 1 97
96300 1 107
96300 5 23
96300 5 66
96300 5 19
96300 5 59
96300 5 119
96300 5 106
96300 5 14
96300 5 20
96300 7 21
96300 9 70
96300 13 42
96300 13 117
96300 14 122
96300 14 23
96300 14 107
96300 16 38
96300 20 80
96300 20 47
96300 21 80
96300 21 70
96300 21 46
96300 22 77
96300 23 121
96300 23 119
96300 33 70
96300 38 86
96300 41 105
96300 41 68
96300 42 56
96300 42 70
96300 42 68
96300 45 70
96300 48 105
96300 48 52
96300 52 68
96300 56 98
96300 56 75
96300 59 80
96300 59 93
96300 59 68
96300 59 65
96300 59 106
96300 59 95
96300 59 117
96300 59 97
96300 59 71
96300 62 115
96300 65 70
96300 65 95
96300 65 76
96300 65 107
96300 65 106
96300 66 70
96300 68 99
96300 68 112
96300 68 115
96300 68 107
96300 68 106
96300 71 107
96300 71 97
96300 76 112
96300 80 112
96300 80 119
96300 87 103
96300 97 121
96300 97 105
96300 97 119
96300 99 122
96300 103 122
96300 106 122
96300 116 122
96600 1 107
96600 1 20
96600 3 107
96600 5 119
96600 5 106
96600 5 23
96600 5 19
96600 7 14
96600 11 72
96600 13 117
96600 13 79
96600 13 42
96600 13 41
96600 14 65
96600 14 23
96600 16 38
96600 20 80
96600 20 124
96600 21 23
96600 22 77
96600 22 52
96600 23 41
96600 23 121
96600 23 119
96600 30 97
96600 32 95
96600 37 105
96600 37 109
96600 38 86
96600 41 105
96600 41 114
96600 42 68
96600 42 56
96600 42 97
96600 42 122
96600 45 117
96600 48 107
96600 48 122
96600 48 124
96600 52 117
96600 59 117
96600 59 106
96600 59 93
96600 65 106
96600 65 107
96600 68 107
96600 71 107
96600 72 105
96600 72 80
96600 72 119
96600 80 119
96600 80 112
96600 95 117
96600 99 122
96600 103 106
96600 105 117
96600 106 117
96600 117 122
96900 0 77
96900 0 119
96900 1 97
96900 1 20
96900 1 68
96900 5 119
96900 7 14
96900 9 112
96900 10 119
96900 13 41
96900 13 42
96900 13 72
96900 13 119
96900 14 23
96900 14 65
96900 14 122
96900 14 21
96900 14 97
96900 18 122
96900 18 97
96900 18 41
96900 21 97
96900 21 65
96900 22 52
96900 23 41
96900 23 119
96900 23 93
96900 23 122
96900 24 118
96900 24 72
96900 24 75
96900 30 97
96900 32 95
96900 37 109
96900 41 114
96900 42 56
96900 42 97
96900 42 122
96900 48 105
96900 48 118
96900 48 72
96900 50 112
96900 56 98
96900 59 65
96900 65 95
96900 65 107
96900 67 118
96900 72 119
96900 72 105
96900 72 80
96900 72 112
96900 79 112
96900 80 119
96900 80 112
96900 97 118
96900 99 122
96900 103 122
96900 105 117
96900 112 118
96900 116 122
96900 117 122
97200 13 41
97200 14 21
97200 14 122
97200 14 65
97200 14 97
97200 14 23
97200 14 18
97200 16 75
97200 18 97
97200 18 23
97200 18 28
97200 18 67
97200 18 77
97200 21 65
97200 21 97
97200 23 41
97200 23 118
97200 23 72
97200 23 46
97200 24 75
97200 24 41
97200 24 45
97200 24 47
97200 28 67
97200 28 56
97200 28 120
97200 28 42
97200 28 124
97200 30 97
97200 32 95
97200 35 67
97200 35 77
97200 37 109
97200 38 86
97200 41 67
97200 42 56
97200 42 77
97200 42 67
97200 47 48
97200 48 105
97200 48 91
97200 48 56
97200 52 105
97200 52 56
97200 56 98
97200 56 67
97200 56 80
97200 66 77
97200 67 118
97200 72 119
97200 72 80
97200 72 105
97200 72 115
97200 75 98
97200 77 120
97200 77 80
97200 77 122
97200 77 105
97200 78 80
97200 80 119
97200 80 118
97200 98 118
97200 105 117
97200 109 118
97200 116 122
97200 117 122
97500 6 77
97500 6 16
97500 6 30
97500 7 36
97500 9 112
97500 11 48
97500 11 82
97500 11 36
97500 14 65
97500 14 18
97500 14 122
97500 14 87
97500 17 75
97500 18 122
97500 18 28
97500 18 77
97500 18 70
97500 18 24
97500 21 81
97500 23 118
97500 23 46
97500 23 72
97500 23 70
97500 24 47
97500 24 45
97500 28 56
97500 28 124
97500 28 120
97500 28 67
97500 28 113
97500 28 98
97500 30 97
97500 30 113
97500 32 70
97500 34 36
97500 35 67
97500 35 77
97500 36 38
97500 37 109
97500 38 77
97500 38 75
97500 42 122
97500 42 67
97500 42 77
97500 48 118
97500 48 72
97500 50 112
97500 52 105
97500 52 56
97500 52 123
97500 56 67
97500 65 70
97500 66 77
97500 67 77
97500 67 123
97500 67 121
97500 70 82
97500 77 120
97500 77 105
97500 77 122
97500 81 98
97500 82 121
97500 98 118
97500 103 122
97500 109 118
97500 116 122
97800 6 16
97800 6 75
97800 7 36
97800 7 37
97800 11 82
97800 11 48
97800 11 95
97800 14 87
97800 14 122
97800 14 65
97800 24 45
97800 28 98
97800 28 124
97800 37 109
97800 37 52
97800 37 82
97800 37 120
97800 38 75
97800 42 122
97800 48 105
97800 50 112
97800 52 56
97800 52 123
97800 52 105
97800 66 77
97800 77 120
97800 77 122
97800 81 98
97800 97 112
97800 97 98
97800 103 122
97800 109 118
97800 116 122
98100 6 16
98100 6 56
98100 7 36
98100 7 37
98100 14 87
98100 21 88
98100 24 120
98100 36 105
98100 36 48
98100 37 52
98100 37 82
98100 38 62
98100 42 122
98100 51 94
98100 52 105
98100 52 56
98100 52 82
98100 66 77
98100 75 95
98100 77 120
98100 81 98
98100 97 112
98100 103 122
98100 109 118
98100 116 122
98400 1 24
98400 6 16
98400 6 51
98400 7 36
98400 8 90
98400 14 87
98400 14 90
98400 36 105
98400 36 76
98400 36 98
98400 37 82
98400 42 95
98400 48 105
98400 48 120
98400 75 95
98400 81 98
98400 97 112
98400 109 118
98400 116 122
98700 7 36
98700 8 90
98700 14 87
98700 24 36
98700 36 76
98700 36 105
98700 37 95
98700 38 62
98700 48 105
98700 50 74
98700 75 95
98700 81 98
98700 81 103
98700 82 124
98700 109 118
98700 109 122
99000 7 36
99000 37 95
99000 38 62
99000 50 74
99000 57 77
99000 60 69
99000 67 82
99000 75 95
99000 81 98
99000 81 103
99000 82 124
99000 109 118
99300 4 98
99300 8 90
99300 50 74
99300 60 69
99300 67 74
99300 74 87
99300 74 77
99300 74 81
99300 75 95
99300 81 98
99300 81 109
99300 82 124
99300 109 118
99600 7 109
99600 8 90
99600 8 98
99600 50 74
99600 58 117
99600 65 117
99600 74 81
99600 75 95
99600 77 121
99600 81 109
99600 82 124
99600 90 95
99600 109 118
99900 8 90
99900 38 42
99900 50 74
99900 58 117
99900 74 77
99900 81 109
99900 82 124
99900 90 95
100200 7 109
100200 16 91
100200 38 42
100200 50 74
100200 58 117
100200 64 95
100200 72 102
100200 82 124
100200 90 95
100200 98 109
100500 12 32
100500 16 91
100500 16 110
100500 33 90
100500 50 74
100500 58 117
100500 64 95
100500 98 109
100800 12 32
100800 23 93
100800 23 32
100800 38 89
100800 50 74
100800 58 117
100800 64 95
100800 91 101
101100 1 83
101100 12 32
101100 16 110
101100 37 101
101100 38 89
101100 53 85
101100 91 101
101400 1 83
101400 1 16
101400 6 124
101400 12 32
101400 16 46
101400 16 35
101400 16 102
101400 16 106
101400 37 101
101400 68 102
101400 82 102
101400 91 102
101400 93 101
101400 101 102
101700 1 16
101700 6 124
101700 12 32
101700 12 56
101700 12 107
101700 16 106
101700 16 102
101700 16 99
101700 16 56
101700 23 56
101700 30 32
101700 30 120
101700 56 120
101700 82 102
101700 101 102
102000 1 16
102000 2 55
102000 12 107
102000 18 96
102000 21 28
102000 28 38
102000 33 113
102000 35 113
102000 70 120
102000 80 113
102300 1 16
102300 10 39
102300 16 33
102300 18 96
102300 19 94
102300 19 123
102300 28 38
102300 28 106
102300 33 113
102300 33 60
102600 1 16
102600 2 86
102600 16 33
102600 18 96
102600 19 37
102600 19 33
102600 28 106
102600 31 98
102600 37 52
102900 1 16
102900 16 33
102900 18 56
102900 18 80
102900 86 93
102900 93 97
102900 93 95
103200 2 115
103200 2 93
103200 2 84
103200 2 55
103200 2 32
103200 2 9
103200 2 36
103200 9 33
103200 18 80
103200 18 56
103200 18 93
103200 19 33
103200 21 32
103200 32 99
103200 42 115
103200 48 111
103200 48 115
103200 76 115
103200 84 115
103200 93 95
103200 97 115
103500 2 32
103500 2 9
103500 2 55
103500 9 19
103500 12 116
103500 18 80
103500 19 33
103500 19 32
103500 21 32
103500 21 42
103500 32 111
103500 42 115
103500 42 48
103500 48 111
103500 76 115
103500 84 115
103500 93 95
103500 97 115
103800 2 55
103800 9 19
103800 10 36
103800 18 110
103800 18 36
103800 36 93
103800 36 42
103800 36 117
103800 36 85
103800 42 115
103800 85 93
103800 92 117
103800 93 95
103800 97 115
104100 2 55
104100 9 19
104100 9 10
104100 9 80
104100 10 36
104100 18 110
104100 36 42
104100 48 111
104100 55 117
104100 55 73
104100 59 63
104100 92 117
104100 97 115
104100 108 116
104100 108 117
104400 0 9
104400 9 66
104400 10 36
104400 36 42
104400 59 63
104400 63 121
104400 97 115
104700 0 104
104700 0 60
104700 6 40
104700 6 96
104700 6 44
104700 6 33
104700 10 36
104700 28 87
104700 33 87
104700 36 42
104700 63 121
104700 70 110
104700 79 104
104700 91 118
105000 6 40
105000 6 124
105000 6 24
105000 10 36
105000 10 60
105000 10 80
105000 29 37
105000 36 42
105000 57 63
105000 60 61
105000 63 121
105000 63 80
105000 63 100
105000 70 110
105000 91 118
105000 97 115
105300 0 6
105300 0 57
105300 6 96
105300 6 44
105300 6 33
105300 10 80
105300 24 115
105300 24 60
105300 24 110
105300 25 47
105300 25 57
105300 27 110
105300 27 57
105300 36 42
105300 57 89
105300 57 124
105300 57 97
105300 60 61
105300 63 80
105300 70 110
105300 97 115
105600 6 96
105600 6 19
105600 10 80
105600 19 21
105600 19 60
105600 19 96
105600 24 110
105600 25 57
105600 25 63
105600 30 60
105600 60 61
105600 60 106
105600 60 96
105600 63 121
105600 63 80
105600 63 98
105600 63 96
105600 63 89
105600 70 110
105600 70 80
105600 91 118
105600 97 115
105900 6 19
105900 19 96
105900 19 66
105900 21 97
105900 25 47
105900 25 63
105900 25 43
105900 30 60
105900 36 42
105900 36 63
105900 36 70
105900 44 97
105900 60 96
105900 63 121
105900 63 98
105900 63 96
105900 63 97
105900 63 84
105900 84 111
105900 91 118
106200 2 37
106200 6 19
106200 16 63
106200 19 96
106200 21 105
106200 25 63
106200 25 96
106200 25 37
106200 26 107
106200 30 60
106200 36 70
106200 40 96
106200 42 63
106200 44 105
106200 44 63
106200 47 91
106200 63 121
106200 63 98
106200 84 111
106200 96 105
106200 98 113
106200 105 112
106500 14 105
106500 25 37
106500 25 118
106500 25 98
106500 26 75
106500 30 60
106500 36 70
106500 43 105
106500 44 63
106500 44 105
106500 47 91
106500 47 107
106500 60 96
106500 60 107
106500 84 111
106500 96 105
106500 98 112
106500 105 112
106500 106 107
106800 1 111
106800 16 26
106800 18 118
106800 18 110
106800 21 105
106800 25 98
106800 25 37
106800 25 44
106800 25 84
106800 30 60
106800 30 75
106800 32 75
106800 37 100
106800 41 84
106800 41 111
106800 41 118
106800 43 105
106800 44 105
106800 44 63
106800 63 121
106800 84 111
106800 98 113
106800 100 105
106800 105 112
107100 16 59
107100 18 118
107100 18 113
107100 18 60
107100 21 105
107100 25 84
107100 25 37
107100 25 118
107100 25 44
107100 26 84
107100 30 75
107100 30 60
107100 32 75
107100 32 87
107100 32 105
107100 34 84
107100 37 100
107100 41 118
107100 41 59
107100 41 87
107100 44 105
107100 44 63
107100 44 84
107100 47 107
107100 62 105
107100 84 108
107100 97 111
107100 98 113
107400 9 47
107400 16 59
107400 16 64
107400 18 118
107400 18 113
107400 25 44
107400 30 75
107400 30 60
107400 32 105
107400 32 98
107400 32 76
107400 32 59
107400 32 117
107400 37 100
107400 41 118
107400 41 87
107400 41 81
107400 47 107
107400 47 79
107400 62 105
107400 64 107
107400 66 88
107400 98 113
107700 9 47
107700 16 59
107700 18 60
107700 18 32
107700 25 44
107700 30 75
107700 30 60
107700 32 59
107700 32 105
107700 32 87
107700 32 76
107700 32 92
107700 34 111
107700 37 100
107700 41 118
107700 41 59
107700 41 81
107700 44 60
107700 44 64
107700 47 79
107700 62 113
107700 64 107
107700 66 79
107700 71 92
107700 71 113
107700 75 107
107700 79 100
108000 9 47
108000 16 59
108000 18 118
108000 18 32
108000 18 60
108000 25 44
108000 27 59
108000 27 87
108000 27 64
108000 27 41
108000 30 60
108000 30 75
108000 31 79
108000 32 76
108000 36 41
108000 41 90
108000 44 60
108000 44 64
108000 47 79
108000 47 102
108000 62 113
108000 62 76
108000 71 111
108000 75 118
108000 75 79
108000 79 100
108000 79 89
108000 89 107
108000 90 116
108000 90 111
108300 9 102
108300 15 100
108300 18 32
108300 25 44
108300 27 59
108300 27 41
108300 27 64
108300 27 89
108300 30 60
108300 30 75
108300 32 76
108300 32 92
108300 34 75
108300 36 41
108300 44 64
108300 47 102
108300 47 79
108300 59 72
108300 60 108
108300 62 113
108300 71 111
108300 72 121
108300 75 118
108300 75 107
108300 75 87
108300 75 92
108300 75 110
108300 79 100
108300 87 110
108300 87 102
108300 87 118
108300 104 110
108600 9 102
108600 15 100
108600 18 32
108600 25 60
108600 27 64
108600 27 41
108600 27 107
108600 27 108
108600 27 72
108600 30 32
108600 30 87
108600 32 76
108600 34 75
108600 36 41
108600 36 44
108600 38 113
108600 41 113
108600 41 68
108600 44 64
108600 44 113
108600 47 110
108600 48 110
108600 60 108
108600 62 76
108600 71 111
108600 72 121
108600 72 108
108600 75 92
108600 75 110
108600 75 118
108600 87 102
108600 87 110
108600 89 113
108600 104 110
108600 108 110
108600 113 116
108900 9 121
108900 15 100
108900 15 68
108900 18 32
108900 18 68
108900 27 59
108900 27 41
108900 41 68
108900 41 75
108900 41 76
108900 44 64
108900 60 108
108900 60 87
108900 68 113
108900 71 111
108900 72 121
108900 75 92
108900 75 110
108900 80 110
108900 87 102
108900 87 110
108900 102 118
108900 104 110
108900 113 116
109200 9 111
109200 15 68
109200 15 100
109200 18 32
109200 32 39
109200 41 76
109200 48 103
109200 48 76
109200 48 59
109200 62 76
109200 71 111
109200 75 110
109200 75 91
109200 87 102
109200 87 110
109200 104 110
109500 15 100
109500 15 105
109500 15 52
109500 23 52
109500 41 48
109500 48 59
109500 48 76
109500 48 103
109500 48 84
109500 71 111
109500 72 78
109500 75 110
109500 85 116
109500 104 110
109800 15 100
109800 23 52
109800 26 48
109800 46 116
109800 47 87
109800 48 103
109800 48 76
109800 48 72
109800 52 76
109800 62 86
109800 62 88
109800 63 87
109800 75 88
109800 76 86
109800 84 88
109800 84 86
109800 86 116
109800 87 102
109800 88 94
109800 89 94
109800 104 110
109800 110 116
110100 23 52
110100 33 75
110100 33 48
110100 37 86
110100 46 116
110100 48 104
110100 48 76
110100 51 111
110100 51 86
110100 76 86
110100 84 86
110100 84 88
110100 86 116
110100 87 111
110100 88 94
110100 89 94
110100 90 104
110400 8 106
110400 23 52
110400 26 48
110400 30 123
110400 33 75
110400 47 87
110400 48 116
110400 48 111
110400 51 111
110400 76 86
110400 76 104
110400 76 88
110400 86 116
110400 87 111
110400 87 102
110400 89 94
110700 8 73
110700 17 73
110700 23 88
110700 47 87
110700 51 73
110700 52 123
110700 70 84
110700 76 88
110700 76 104
110700 87 102
111000 8 73
111000 8 88
111000 8 56
111000 8 102
111000 8 76
111000 43 72
111000 47 87
111000 51 73
111000 52 123
111000 56 63
111000 56 104
111000 60 92
111000 60 87
111000 60 73
111000 60 98
111000 72 88
111000 73 85
111000 76 88
111000 76 85
111000 85 120
111000 85 86
111000 88 92
111000 106 113
111300 8 76
111300 8 88
111300 17 70
111300 17 51
111300 25 87
111300 25 121
111300 28 51
111300 41 72
111300 43 72
111300 51 60
111300 51 121
111300 51 93
111300 52 123
111300 56 72
111300 60 87
111300 60 98
111300 60 121
111300 72 88
111300 73 85
111300 76 85
111300 85 120
111300 106 113
111300 109 121
111600 8 102
111600 8 88
111600 17 109
111600 17 25
111600 25 28
111600 28 51
111600 33 87
111600 33 121
111600 41 72
111600 51 121
111600 56 72
111600 60 98
111600 60 121
111600 60 87
111600 70 88
111600 72 76
111600 73 85
111600 73 121
111600 76 85
111600 76 121
111600 85 120
111600 106 113
111600 109 121
111900 11 71
111900 13 42
111900 17 25
111900 17 109
111900 25 28
111900 33 121
111900 37 85
111900 56 72
111900 60 98
111900 60 121
111900 69 85
111900 69 91
111900 71 101
111900 73 85
111900 73 121
111900 76 85
111900 85 102
111900 91 102
111900 102 120
111900 106 113
112200 11 71
112200 13 42
112200 17 25
112200 23 101
112200 25 28
112200 25 108
112200 60 98
112200 69 85
112200 69 73
112200 71 101
112200 73 121
112200 76 85
112200 106 113
112500 8 9
112500 13 42
112500 37 85
112500 41 89
112500 56 72
112500 60 98
112500 71 101
112500 73 121
112500 76 85
112500 85 102
112500 91 102
112800 4 49
112800 4 104
112800 11 71
112800 37 85
112800 65 66
112800 69 73
112800 73 121
112800 76 85
113100 4 49
113100 5 32
113100 49 73
113100 73 121
113100 76 85
113400 4 49
113400 27 91
113400 39 71
113400 76 85
113700 5 32
113700 46 68
113700 68 110
113700 76 85
114000 5 76
114000 27 91
114000 27 68
114000 29 88
114000 30 100
114000 32 68
114000 39 71
114000 46 68
114000 72 88
114300 10 100
114300 27 68
114300 32 68
114300 33 46
114300 41 108
114300 68 110
114300 72 88
114300 76 85
114600 10 100
114600 27 91
114600 29 88
114600 32 68
114600 103 108
114900 15 63
114900 29 88
114900 32 68
114900 43 112
114900 72 88
114900 94 101
114900 99 103
115200 17 63
115200 29 94
115200 32 68
115200 43 112
115200 64 121
115200 94 101
115500 15 101
115500 18 19
115500 72 88
115500 94 101
115800 6 110
115800 10 101
115800 15 101
115800 18 71
115800 43 101
115800 44 47
115800 68 97
115800 72 88
115800 80 86
116100 44 47
116100 62 68
116100 68 97
116100 72 88
116400 18 71
116400 44 47
116400 44 97
116400 47 62
116400 47 53
116400 47 67
116700 8 67
116700 18 47
116700 44 47
116700 47 62
116700 67 71
116700 71 92
116700 116 120
116700 120 121
117000 19 67
117000 44 47
117000 44 62
117000 58 62
117000 60 62
117000 67 71
117000 71 124
117300 19 66
117300 29 52
117300 58 62
117300 66 78
117300 89 124
117300 116 120
117300 120 124
117600 10 30
117600 10 66
117600 10 78
117600 29 30
117600 30 101
117600 51 77
117600 58 78
117600 66 78
117600 78 91
117600 89 124
117600 116 120
117900 7 59
117900 10 30
117900 26 66
117900 26 59
117900 26 52
117900 29 30
117900 29 52
117900 58 78
117900 59 120
117900 59 96
117900 116 120
118200 10 30
118200 10 39
118200 11 120
118200 11 28
118200 11 80
118200 12 47
118200 26 120
118200 28 120
118200 29 55
118200 29 39
118200 39 93
118200 96 120
118200 116 120
118500 10 30
118500 10 38
118500 10 39
118500 12 47
118500 16 101
118500 16 34
118500 16 55
118500 16 80
118500 26 120
118500 29 39
118500 29 30
118500 39 93
118500 39 91
118500 51 80
118500 59 96
118500 77 98
118500 91 122
118500 91 101
118800 10 39
118800 12 47
118800 21 30
118800 26 122
118800 28 30
118800 29 30
118800 29 38
118800 30 90
118800 30 80
118800 30 122
118800 39 91
118800 51 80
118800 77 98
118800 90 122
118800 91 122
119100 10 39
119100 26 122
119100 33 39
119100 51 80
119100 90 122
119400 21 30
119400 21 90
119400 26 122
119400 33 90
119400 90 122
119700 33 90
119700 79 121
119700 90 122
119700 90 121
120000 22 94
120000 26 94
120300 16 122
120900 65 102
121200 10 65
121500 22 75
121800 56 120
122100 22 36
122100 35 36
122100 43 95
122100 56 120
122700 14 43
123300 43 52
166500 59 100
166800 15 29
167100 25 44
167400 44 73
167700 44 84
167700 47 84
167700 47 52
168000 44 84
168000 52 103
168300 3 17
168600 3 17
168900 17 53
168900 53 92
169200 17 53
169200 53 100
169200 72 74
169200 72 100
169200 74 100
169500 53 92
169500 74 100
169500 74 76
169800 6 100
169800 53 92
170100 5 30
170100 53 92
170400 53 92
170700 53 92
171300 38 63
171600 35 63
171600 63 86
171600 85 94
171900 71 112
171900 85 94
172200 35 63
172200 69 110
172200 71 112
172500 19 69
172500 33 69
172500 33 63
172500 63 97
172500 63 111
172500 63 69
172500 71 112
172800 33 63
172800 63 111
172800 63 97
172800 69 110
173100 33 63
173100 63 111
173400 5 113
173400 5 63
173400 17 113
173400 29 113
173400 69 110
173400 74 92
173400 88 113
173400 92 106
173400 92 113
173400 94 120
173400 113 122
173400 118 120
173700 5 113
173700 5 63
173700 13 118
173700 13 95
173700 13 14
173700 13 33
173700 14 81
173700 17 113
173700 29 56
173700 47 56
173700 52 106
173700 81 112
174000 5 63
174000 7 107
174000 7 64
174000 13 58
174000 14 56
174000 22 70
174000 22 78
174000 29 56
174000 29 110
174000 47 56
174000 52 106
174000 58 112
174000 63 110
174000 67 110
174000 88 113
174000 95 107
174300 7 64
174300 7 43
174300 13 58
174300 17 95
174300 22 70
174300 29 56
174300 29 110
174300 29 95
174300 30 43
174300 42 95
174300 43 106
174300 43 95
174300 43 89
174300 43 98
174300 47 56
174300 58 112
174300 95 107
174600 2 40
174600 2 88
174600 10 70
174600 11 57
174600 14 56
174600 17 95
174600 29 110
174600 29 95
174600 30 43
174600 36 89
174600 39 71
174600 40 42
174600 40 57
174600 40 82
174600 47 56
174600 56 58
174600 57 123
174600 58 112
174600 65 82
174600 74 82
174600 82 89
174600 88 113
174900 10 56
174900 11 57
174900 13 58
174900 28 113
174900 29 110
174900 29 57
174900 30 43
174900 40 42
174900 40 56
174900 40 85
174900 40 84
174900 40 61
174900 57 96
174900 57 84
174900 57 65
174900 58 112
174900 65 82
174900 74 82
174900 88 113
174900 101 113
175200 0 82
175200 11 57
175200 13 58
175200 13 111
175200 29 73
175200 30 43
175200 52 111
175200 52 85
175200 52 91
175200 52 117
175200 52 57
175200 52 84
175200 52 56
175200 52 73
175200 52 114
175200 52 82
175200 57 96
175200 57 84
175200 63 93
175200 65 82
175200 73 117
175200 82 89
175200 82 111
175200 84 91
175200 88 113
175200 104 117
175500 6 111
175500 6 39
175500 6 100
175500 6 54
175500 6 46
175500 6 28
175500 7 39
175500 7 111
175500 10 56
175500 13 111
175500 13 58
175500 30 43
175500 39 100
175500 39 82
175500 39 90
175500 39 111
175500 39 91
175500 39 73
175500 41 111
175500 52 56
175500 52 111
175500 58 112
175500 73 117
175500 82 111
175500 93 100
175800 5 29
175800 5 112
175800 6 100
175800 6 88
175800 6 50
175800 6 90
175800 7 111
175800 7 39
175800 10 56
175800 10 60
175800 10 50
175800 13 111
175800 29 73
175800 34 91
175800 34 123
175800 39 91
175800 39 82
175800 39 100
175800 39 73
175800 39 111
175800 41 111
175800 50 111
175800 50 69
175800 50 112
175800 50 53
175800 52 91
175800 52 111
175800 54 123
175800 65 88
175800 82 111
175800 84 91
176100 6 50
176100 6 88
176100 6 100
176100 10 50
176100 10 60
176100 10 56
176100 33 50
176100 34 123
176100 39 100
176100 47 100
176100 47 123
176100 47 84
176100 50 69
176100 50 53
176100 50 65
176100 50 91
176100 54 123
176100 60 91
176100 61 123
176100 65 88
176100 65 123
176100 73 117
176100 82 111
176100 99 109
176400 6 100
176400 6 20
176400 10 56
176400 10 60
176400 20 109
176400 20 41
176400 20 64
176400 34 123
176400 39 91
176400 39 100
176400 41 64
176400 41 84
176400 47 123
176400 47 100
176400 47 75
176400 47 84
176400 50 112
176400 50 69
176400 50 64
176400 57 109
176400 60 91
176400 61 123
176400 64 109
176400 65 88
176400 73 117
176400 75 98
176400 84 91
176400 84 104
176400 99 109
176700 6 20
176700 9 41
176700 20 64
176700 20 47
176700 21 70
176700 21 98
176700 28 83
176700 33 86
176700 34 123
176700 34 40
176700 39 100
176700 40 41
176700 40 50
176700 40 117
176700 40 86
176700 40 91
176700 41 64
176700 47 123
176700 47 100
176700 47 84
176700 48 64
176700 50 64
176700 50 99
176700 57 109
176700 62 83
176700 62 105
176700 64 109
176700 64 98
176700 64 91
176700 73 117
177000 1 72
177000 1 28
177000 10 60
177000 34 123
177000 39 100
177000 40 117
177000 41 84
177000 47 123
177000 47 84
177000 50 99
177000 50 112
177000 57 109
177000 60 91
177000 62 83
177000 64 98
177000 72 77
177000 73 117
177000 84 104
177000 94 124
177300 21 70
177300 21 98
177300 28 83
177300 34 123
177300 40 117
177300 47 84
177300 47 123
177300 48 103
177300 50 99
177300 50 112
177300 57 109
177300 62 83
177300 84 104
177300 103 113
177600 10 60
177600 14 58
177600 14 120
177600 14 108
177600 21 98
177600 34 123
177600 47 123
177600 47 84
177600 48 103
177600 50 112
177600 57 109
177600 72 77
177600 84 104
177900 14 58
177900 14 108
177900 21 70
177900 28 83
177900 34 123
177900 50 112
177900 57 109
177900 72 77
177900 79 120
178200 4 85
178200 13 59
178200 14 58
178200 14 108
178200 21 70
178200 47 84
178200 47 123
178200 48 103
178200 57 109
178200 70 83
178200 79 120
178500 4 85
178500 4 50
178500 13 59
178500 14 58
178500 21 70
178500 29 95
178500 33 50
178500 34 123
178500 47 84
178500 50 82
178500 70 83
178500 88 95
178500 93 95
178800 4 50
178800 13 81
178800 14 58
178800 21 70
178800 29 95
178800 34 123
178800 42 83
178800 46 88
178800 46 48
178800 47 84
178800 70 83
178800 87 113
178800 93 95
179100 7 114
179100 7 68
179100 7 66
179100 13 81
179100 14 58
179100 21 70
179100 29 95
179100 34 123
179100 42 105
179100 44 105
179100 46 48
179100 47 84
179100 58 114
179100 83 105
179100 93 95
179100 97 105
179400 7 68
179400 11 57
179400 13 81
179400 14 58
179400 29 95
179400 34 123
179400 46 88
179400 46 48
179400 57 60
179400 57 78
179400 58 114
179400 72 110
179400 83 105
179400 93 95
179700 7 66
179700 7 68
179700 13 81
179700 21 39
179700 29 95
179700 34 123
179700 43 52
179700 44 105
179700 46 48
179700 57 60
179700 58 114
179700 63 73
179700 97 105
180000 11 57
180000 13 81
180000 29 95
180000 29 67
180000 34 123
180000 36 59
180000 57 60
180000 58 114
180000 67 108
180000 72 110
180300 13 81
180300 29 67
180300 29 95
180300 34 123
180300 57 60
180300 69 96
180300 73 96
180600 6 49
180600 6 110
180600 8 61
180600 8 26
180600 15 72
180600 18 45
180600 22 74
180600 29 95
180600 29 67
180600 29 119
180600 34 123
180600 57 60
180600 61 73
180600 61 74
180600 61 72
180600 68 73
180900 6 43
180900 6 97
180900 6 50
180900 6 69
180900 6 61
180900 6 101
180900 8 61
180900 15 72
180900 15 58
180900 18 45
180900 24 110
180900 24 84
180900 25 43
180900 29 119
180900 29 95
180900 34 123
180900 38 43
180900 43 54
180900 43 61
180900 50 84
180900 57 60
180900 58 69
180900 61 72
180900 61 101
180900 61 84
180900 97 101
180900 97 114
181200 4 25
181200 5 96
181200 5 116
181200 5 105
181200 5 36
181200 5 11
181200 6 97
181200 6 43
181200 6 101
181200 6 57
181200 8 55
181200 8 56
181200 8 116
181200 8 43
181200 11 56
181200 15 24
181200 17 76
181200 17 105
181200 18 45
181200 18 24
181200 18 69
181200 18 36
181200 23 116
181200 24 71
181200 24 43
181200 24 69
181200 29 95
181200 29 119
181200 34 123
181200 35 105
181200 36 43
181200 36 50
181200 38 43
181200 50 84
181200 50 57
181200 50 87
181200 50 56
181200 56 76
181200 57 60
181200 57 69
181200 58 69
181200 97 101
181200 97 114
181500 5 116
181500 5 105
181500 5 11
181500 5 36
181500 5 96
181500 5 76
181500 5 97
181500 6 43
181500 8 56
181500 8 45
181500 15 24
181500 17 105
181500 18 69
181500 18 36
181500 18 60
181500 19 69
181500 20 64
181500 24 84
181500 24 55
181500 24 96
181500 24 69
181500 24 122
181500 25 43
181500 29 119
181500 29 95
181500 29 71
181500 34 123
181500 35 105
181500 35 69
181500 35 53
181500 36 50
181500 36 43
181500 36 69
181500 36 64
181500 36 45
181500 36 55
181500 38 43
181500 43 54
181500 43 45
181500 43 76
181500 43 71
181500 45 69
181500 50 55
181500 55 64
181500 55 69
181500 56 95
181500 57 69
181500 57 73
181500 57 72
181500 57 95
181500 58 69
181500 64 95
181500 64 109
181500 71 96
181500 76 116
181800 5 11
181800 5 116
181800 5 97
181800 5 105
181800 5 36
181800 5 76
181800 5 64
181800 5 24
181800 5 95
181800 11 56
181800 17 105
181800 17 34
181800 17 52
181800 20 64
181800 20 122
181800 20 95
181800 20 89
181800 21 52
181800 24 96
181800 25 43
181800 25 34
181800 26 86
181800 33 96
181800 34 95
181800 35 105
181800 35 53
181800 36 55
181800 36 69
181800 36 43
181800 41 54
181800 43 76
181800 45 64
181800 49 96
181800 50 55
181800 52 95
181800 55 86
181800 56 95
181800 57 95
181800 71 96
181800 74 96
181800 76 116
182100 3 15
182100 5 116
182100 5 64
182100 5 76
182100 5 97
182100 5 65
182100 11 56
182100 17 70
182100 20 89
182100 21 52
182100 25 43
182100 26 84
182100 26 65
182100 32 56
182100 34 123
182100 35 105
182100 35 65
182100 35 70
182100 36 64
182100 36 69
182100 36 55
182100 41 54
182100 45 123
182100 45 65
182100 45 116
182100 52 54
182100 54 113
182100 54 96
182100 55 64
182100 55 69
182100 56 65
182100 57 72
182100 64 109
182100 65 76
182100 65 71
182100 74 96
182100 74 84
182100 74 116
182100 76 116
182100 113 116
182400 5 97
182400 17 34
182400 17 65
182400 17 54
182400 17 121
182400 20 64
182400 22 108
182400 23 64
182400 23 107
182400 23 59
182400 23 86
182400 23 74
182400 23 65
182400 23 108
182400 25 45
182400 26 65
182400 34 95
182400 34 65
182400 35 65
182400 35 70
182400 36 69
182400 36 55
182400 36 116
182400 45 65
182400 45 116
182400 45 64
182400 52 54
182400 54 96
182400 54 113
182400 54 116
182400 55 69
182400 55 105
182400 55 108
182400 56 65
182400 57 108
182400 64 109
182400 65 71
182400 65 74
182400 74 116
182400 74 96
182400 79 85
182400 106 116
182400 113 116
182700 0 78
182700 8 46
182700 8 54
182700 13 23
182700 13 69
182700 13 85
182700 13 74
182700 17 54
182700 17 65
182700 17 99
182700 23 108
182700 23 86
182700 23 74
182700 23 107
182700 23 45
182700 23 25
182700 23 56
182700 24 87
182700 24 54
182700 24 69
182700 24 102
182700 26 84
182700 26 65
182700 34 65
182700 35 65
182700 35 70
182700 35 61
182700 35 87
182700 36 116
182700 45 65
182700 45 54
182700 52 54
182700 54 113
182700 54 116
182700 55 69
182700 55 105
182700 56 65
182700 57 108
182700 74 116
182700 74 84
182700 79 85
182700 106 116
182700 113 116
183000 6 116
183000 6 26
183000 6 64
183000 6 124
183000 6 8
183000 6 87
183000 8 46
183000 13 23
183000 13 85
183000 13 74
183000 13 89
183000 17 65
183000 17 99
183000 23 59
183000 23 64
183000 23 107
183000 23 86
183000 24 87
183000 26 101
183000 35 70
183000 35 87
183000 35 61
183000 35 64
183000 45 54
183000 51 101
183000 51 124
183000 51 108
183000 51 89
183000 54 116
183000 55 69
183000 55 105
183000 57 108
183000 58 111
183000 64 87
183000 64 116
183000 64 101
183000 65 71
183000 68 104
183000 70 101
183000 74 84
183000 74 116
183000 87 108
183000 90 101
183000 97 108
183000 97 116
183000 97 102
183000 101 102
183000 102 124
183000 113 116
183300 2 13
183300 6 26
183300 6 105
183300 6 55
183300 8 46
183300 8 26
183300 13 23
183300 13 85
183300 13 74
183300 13 89
183300 13 27
183300 17 65
183300 19 35
183300 23 107
183300 24 102
183300 26 101
183300 26 59
183300 27 89
183300 27 97
183300 27 44
183300 32 61
183300 35 87
183300 35 64
183300 35 44
183300 43 89
183300 43 44
183300 44 61
183300 44 89
183300 45 54
183300 45 124
183300 45 64
183300 51 108
183300 51 124
183300 51 101
183300 54 116
183300 57 108
183300 61 105
183300 64 116
183300 64 101
183300 64 90
183300 64 109
183300 68 104
183300 74 84
183300 74 101
183300 87 108
183300 89 94
183300 89 102
183300 89 118
183300 90 101
183300 97 102
183300 101 102
183300 102 124
183600 0 52
183600 2 13
183600 8 46
183600 8 44
183600 13 27
183600 13 89
183600 17 65
183600 20 110
183600 20 108
183600 20 44
183600 22 26
183600 23 86
183600 23 107
183600 23 113
183600 24 102
183600 26 101
183600 26 89
183600 27 97
183600 27 89
183600 27 44
183600 35 70
183600 35 64
183600 35 44
183600 35 61
183600 43 44
183600 44 110
183600 44 84
183600 44 89
183600 44 52
183600 45 64
183600 51 108
183600 52 114
183600 52 113
183600 52 110
183600 54 116
183600 64 101
183600 67 105
183600 70 101
183600 74 101
183600 84 110
183600 87 108
183600 87 90
183600 88 113
183600 89 94
183600 89 118
183600 89 101
183600 90 101
183600 90 110
183600 101 102
183600 110 114
183600 110 113
183900 1 2
183900 1 72
183900 2 13
183900 2 56
183900 8 46
183900 8 26
183900 8 98
183900 8 45
183900 13 89
183900 17 65
183900 20 44
183900 20 108
183900 20 106
183900 20 84
183900 23 86
183900 23 113
183900 26 101
183900 27 89
183900 43 113
183900 45 120
183900 49 87
183900 51 113
183900 51 109
183900 52 113
183900 63 113
183900 64 101
183900 64 72
183900 68 104
183900 68 84
183900 68 114
183900 72 101
183900 74 101
183900 84 118
183900 87 113
183900 89 94
183900 90 101
183900 90 110
183900 102 107
183900 105 113
183900 110 114
183900 110 124
183900 120 124
184200 1 2
184200 2 13
184200 8 26
184200 12 120
184200 14 21
184200 20 108
184200 20 106
184200 20 68
184200 20 120
184200 21 109
184200 24 102
184200 26 87
184200 43 113
184200 45 120
184200 64 72
184200 64 105
184200 68 104
184200 68 84
184200 68 114
184200 68 107
184200 72 102
184200 74 101
184200 101 102
184200 105 113
184200 110 124
184200 118 120
184500 1 2
184500 8 26
184500 20 108
184500 20 106
184500 26 87
184500 27 72
184500 31 110
184500 45 120
184500 64 72
184500 64 105
184500 68 84
184500 72 102
184500 101 102
184500 110 124
184500 118 120
184800 1 2
184800 8 26
184800 20 108
184800 20 121
184800 21 109
184800 26 87
184800 26 72
184800 27 72
184800 64 105
184800 64 72
184800 68 84
184800 72 102
184800 74 101
184800 105 113
185100 8 26
185100 20 106
185100 26 72
185100 26 87
185100 27 72
185100 37 73
185100 54 113
185100 64 105
185100 70 105
185100 74 101
185100 81 101
185100 101 102
185100 105 109
185400 1 105
185400 1 32
185400 8 26
185400 8 72
185400 20 106
185400 26 72
185400 26 87
185400 26 108
185400 27 72
185400 31 37
185400 33 105
185400 35 101
185400 54 79
185400 70 105
185400 70 106
185400 74 101
185400 101 102
185700 2 106
185700 8 26
185700 8 106
185700 26 72
185700 27 72
185700 31 37
185700 33 105
185700 35 101
185700 39 105
185700 64 105
185700 70 105
185700 72 106
186000 2 106
186000 26 87
186000 26 86
186000 27 72
186000 33 105
186000 43 86
186000 64 105
186000 72 106
186000 97 118
186000 105 115
186300 26 33
186300 33 66
186300 33 119
186300 64 105
186600 26 86
186600 26 33
186600 26 94
186600 33 119
186600 92 111
186600 105 115
186900 2 64
186900 26 94
186900 26 33
186900 39 92
187200 2 15
187200 26 33
187200 67 116
187500 2 64
187500 40 112
187500 110 112
187800 14 103
187800 14 81
187800 31 123
187800 38 70
187800 38 49
187800 40 112
187800 40 118
187800 49 103
187800 49 123
187800 112 123
188100 1 49
188100 14 81
188100 14 119
188100 31 99
188100 32 72
188100 34 122
188100 40 112
188100 49 106
188100 106 119
188400 15 16
188400 15 32
188400 16 43
188400 23 108
188400 31 99
188400 32 72
188400 32 43
188400 34 122
188400 40 112
188400 42 122
188400 49 103
188700 15 16
188700 23 108
188700 23 39
188700 25 54
188700 31 99
188700 32 72
188700 33 59
188700 33 43
188700 39 43
188700 39 88
188700 39 59
188700 42 122
188700 59 66
189000 4 31
189000 25 54
189000 31 99
189000 39 88
189000 42 122
189000 48 105
189000 69 105
189000 69 88
189000 95 117
189300 7 58
189300 7 87
189300 16 63
189300 25 54
189300 42 61
189300 48 105
189300 48 96
189300 49 105
189300 56 105
189300 63 67
189300 67 96
189300 69 88
189300 69 105
189600 7 58
189600 7 73
189600 7 106
189600 25 54
189600 25 48
189600 25 49
189600 48 109
189600 61 106
189600 69 105
189600 69 88
189600 90 96
189600 96 105
189900 7 73
189900 8 95
189900 8 109
189900 25 48
189900 35 52
189900 48 109
189900 51 90
189900 51 81
189900 51 95
189900 61 106
189900 81 109
189900 90 95
189900 95 109
189900 96 105
190200 8 95
190200 19 106
190200 19 85
190200 20 80
190200 25 106
190200 25 80
190200 35 52
190200 51 81
190200 52 95
190200 58 113
190200 60 81
190200 61 106
190200 65 113
190200 81 109
190200 95 109
190200 96 105
190500 7 73
190500 19 106
190500 20 80
190500 52 95
190500 52 106
190500 55 63
190500 58 63
190500 63 119
190500 63 98
190500 65 113
190500 65 80
190500 79 119
190500 80 108
190500 94 106
190800 19 85
190800 19 58
190800 19 95
190800 24 35
190800 29 88
190800 55 63
190800 63 98
190800 63 119
190800 63 95
190800 65 80
190800 65 113
190800 80 108
191100 28 42
191100 42 68
191100 42 48
191100 48 82
191100 55 63
191100 63 98
191100 65 80
191100 80 108
191100 106 110
191400 9 85
191400 19 85
191400 19 21
191400 21 80
191400 28 85
191400 28 97
191400 28 33
191400 28 47
191400 28 108
191400 29 88
191400 29 37
191400 33 101
191400 33 55
191400 39 81
191400 47 58
191400 55 63
191400 63 98
191400 80 108
191400 80 82
191400 82 85
191400 88 101
191400 98 110
191700 7 58
191700 7 91
191700 11 37
191700 11 19
191700 11 47
191700 14 24
191700 19 40
191700 19 97
191700 21 40
191700 28 33
191700 28 97
191700 28 101
191700 33 55
191700 47 58
191700 55 63
191700 63 98
191700 80 108
191700 98 110
192000 7 91
192000 11 47
192000 11 37
192000 14 101
192000 21 81
192000 24 101
192000 28 97
192000 28 85
192000 28 33
192000 28 108
192000 28 101
192000 28 47
192000 28 31
192000 28 39
192000 30 47
192000 31 33
192000 31 101
192000 33 55
192000 33 101
192000 39 81
192000 42 81
192000 47 118
192000 51 85
192000 55 63
192000 62 63
192000 80 82
192000 81 101
192000 88 101
192000 97 101
192300 8 51
192300 14 22
192300 21 81
192300 22 80
192300 22 96
192300 22 81
192300 28 33
192300 28 108
192300 28 85
192300 28 101
192300 28 31
192300 28 112
192300 28 47
192300 28 91
192300 30 47
192300 33 55
192300 34 55
192300 39 81
192300 42 81
192300 63 80
192300 80 82
192300 80 108
192300 81 101
192300 85 96
192600 7 102
192600 7 62
192600 7 8
192600 8 51
192600 8 115
192600 9 102
192600 9 47
192600 21 81
192600 22 96
192600 28 112
192600 30 47
192600 34 55
192600 34 54
192600 39 81
192600 51 85
192600 80 82
192600 85 96
192600 98 102
192900 7 102
192900 8 51
192900 9 102
192900 21 81
192900 22 96
192900 22 102
192900 22 55
192900 22 44
192900 22 47
192900 28 112
192900 30 80
192900 30 85
192900 34 55
192900 39 81
192900 40 82
192900 42 80
192900 47 80
192900 47 62
192900 47 54
192900 76 96
192900 80 82
192900 85 96
193200 6 39
193200 6 9
193200 6 30
193200 6 21
193200 8 60
193200 9 47
193200 9 102
193200 9 48
193200 21 81
193200 21 41
193200 22 55
193200 30 85
193200 30 47
193200 30 60
193200 39 81
193200 39 84
193200 42 80
193200 47 80
193200 47 54
193200 47 62
193200 63 118
193200 76 96
193200 80 81
193200 85 96
193500 6 39
193500 6 21
193500 9 47
193500 9 48
193500 13 81
193500 13 17
193500 16 42
193500 21 41
193500 21 81
193500 21 85
193500 39 84
193500 39 81
193500 42 84
193500 45 118
193500 47 54
193500 47 62
193500 47 80
193500 48 85
193500 49 116
193500 62 84
193500 85 96
193800 6 21
193800 8 60
193800 8 70
193800 9 47
193800 9 66
193800 16 42
193800 17 85
193800 22 55
193800 42 84
193800 47 54
193800 48 85
193800 49 116
193800 49 68
193800 60 90
193800 62 84
193800 63 85
193800 80 111
193800 85 96
194100 6 39
194100 6 38
194100 6 16
194100 7 68
194100 7 8
194100 8 60
194100 8 9
194100 9 47
194100 9 68
194100 16 42
194100 16 60
194100 17 42
194100 21 47
194100 38 66
194100 39 81
194100 41 66
194100 42 84
194100 43 68
194100 47 62
194100 47 80
194100 48 85
194100 49 116
194100 49 68
194100 62 68
194100 68 112
194100 80 111
194400 6 38
194400 6 39
194400 8 9
194400 9 68
194400 11 85
194400 16 42
194400 16 60
194400 16 101
194400 17 42
194400 19 116
194400 30 59
194400 36 66
194400 36 96
194400 42 84
194400 48 85
194400 53 116
194400 62 84
194400 66 81
194400 66 105
194400 68 112
194400 80 111
194700 6 39
194700 8 9
194700 9 47
194700 11 85
194700 16 101
194700 16 96
194700 16 38
194700 16 100
194700 17 59
194700 19 116
194700 21 60
194700 22 36
194700 30 59
194700 36 66
194700 36 41
194700 38 86
194700 38 101
194700 38 46
194700 38 70
194700 38 40
194700 41 86
194700 42 84
194700 45 60
194700 46 86
194700 46 93
194700 48 85
194700 62 84
195000 6 39
195000 6 66
195000 8 9
195000 9 47
195000 16 60
195000 16 42
195000 17 59
195000 21 60
195000 21 68
195000 36 41
195000 38 70
195000 38 40
195000 38 86
195000 38 96
195000 39 122
195000 41 86
195000 41 93
195000 43 46
195000 45 60
195000 46 93
195000 62 84
195000 66 81
195000 68 124
195300 11 68
195300 16 84
195300 21 60
195300 21 42
195300 30 59
195300 34 86
195300 38 86
195300 38 40
195300 38 96
195300 41 86
195300 42 68
195300 43 81
195300 43 68
195300 45 68
195300 45 81
195300 46 93
195300 66 81
195300 68 85
195600 16 84
195600 19 89
195600 19 67
195600 21 42
195600 21 33
195600 38 96
195600 38 86
195600 38 40
195600 40 89
195600 42 68
195600 45 60
195600 47 89
195600 47 59
195600 66 81
195600 67 97
195900 9 87
195900 16 84
195900 19 89
195900 21 42
195900 37 89
195900 38 96
195900 40 89
195900 42 68
195900 43 47
195900 45 56
195900 47 89
195900 66 81
195900 84 109
196200 0 77
196200 16 84
196200 16 96
196200 19 89
196200 25 109
196200 25 36
196200 36 68
196200 37 89
196200 38 86
196200 40 89
196200 43 47
196200 47 89
196200 48 109
196200 66 81
196500 10 114
196500 10 96
196500 18 58
196500 25 36
196500 36 68
196500 40 89
196500 43 47
196500 56 75
196500 66 81
196500 84 114
196500 107 124
196800 18 58
196800 25 36
196800 40 89
196800 66 81
196800 68 88
196800 78 112
196800 107 124
196800 114 124
197100 15 70
197100 15 40
197100 15 38
197100 18 58
197100 40 68
197100 51 78
197100 51 68
197100 61 68
197100 68 78
197100 78 112
197400 1 122
197400 15 40
197400 15 38
197400 15 70
197400 15 44
197400 15 28
197400 18 91
197400 28 70
197400 28 123
197400 51 78
197400 68 78
197400 68 70
197400 70 103
197400 70 78
197400 118 122
197700 15 70
197700 15 44
197700 15 28
197700 15 24
197700 17 77
197700 18 73
197700 20 68
197700 21 28
197700 21 47
197700 28 70
197700 42 77
197700 51 78
197700 64 118
197700 68 78
197700 68 112
197700 70 103
197700 77 96
198000 15 24
198000 15 70
198000 15 64
198000 17 77
198000 17 21
198000 17 61
198000 17 100
198000 18 73
198000 23 90
198000 23 92
198000 51 78
198000 51 87
198000 64 71
198000 68 78
198000 72 77
198000 77 87
198000 77 96
198000 84 96
198300 12 24
198300 14 61
198300 15 24
198300 15 20
198300 17 100
198300 17 47
198300 17 115
198300 17 68
198300 18 73
198300 18 93
198300 20 55
198300 23 55
198300 47 100
198300 51 87
198300 52 93
198300 55 70
198300 55 100
198300 59 79
198300 64 71
198300 68 78
198300 77 96
198300 77 87
198300 96 115
198600 11 74
198600 12 24
198600 13 93
198600 15 70
198600 18 73
198600 20 111
198600 23 90
198600 23 38
198600 47 100
198600 51 87
198600 55 100
198600 77 96
198600 77 87
198600 84 96
198900 4 89
198900 11 74
198900 17 47
198900 20 111
198900 20 28
198900 23 38
198900 23 90
198900 64 71
198900 77 96
199200 1 23
199200 4 89
199200 12 24
199200 20 28
199200 20 111
199200 23 38
199200 64 71
199200 77 96
199200 97 107
199500 1 23
199500 11 74
199500 12 107
199500 17 47
199500 20 111
199500 28 107
199800 1 23
199800 11 74
199800 12 24
199800 17 47
199800 39 75
199800 70 115
199800 97 107
199800 111 121
200100 11 74
200100 12 107
200100 39 75
200100 70 78
200400 11 74
200400 12 107
200400 40 74
200400 40 41
200400 63 121
200400 70 78
200400 111 121
200700 11 74
200700 40 74
200700 40 63
200700 47 58
200700 63 121
200700 105 115
200700 111 121
201000 11 74
201000 19 81
201000 32 58
201000 63 121
201000 70 78
201000 111 121
201300 16 47
201300 19 81
201300 50 104
201300 78 122
201300 111 121
201600 5 106
201600 9 14
201600 20 119
201600 20 106
201600 63 121
201600 111 121
201900 9 106
201900 16 47
201900 45 61
201900 68 107
201900 111 121
202200 2 51
202200 2 73
202200 26 68
202200 42 51
202200 51 118
202200 51 60
202200 111 121
202500 2 118
202500 33 102
202500 111 121
202800 2 73
202800 33 37
202800 44 50
203100 33 97
203100 41 92
203100 44 50
203100 44 74
203100 62 111
203100 73 92
203100 78 111
203100 111 121
203400 2 73
203400 41 92
203400 44 53
203400 44 75
203400 44 92
203400 56 97
203400 58 78
203400 75 97
203400 78 97
203400 92 97
203400 92 111
203700 0 33
203700 4 49
203700 4 86
203700 41 92
203700 44 92
203700 56 97
203700 58 78
203700 73 106
203700 78 97
203700 83 106
204000 0 32
204000 31 92
204000 41 92
204000 56 97
204000 73 106
204000 83 106
204000 83 86
204000 113 119
204300 40 44
204300 44 92
204300 56 97
204300 58 78
204300 72 83
204300 73 106
204300 83 106
204300 83 119
204300 113 119
204600 1 117
204600 17 51
204600 17 78
204600 17 106
204600 17 71
204600 24 122
204600 51 71
204600 56 97
204600 71 120
204600 83 106
204600 106 119
204900 3 113
204900 9 117
204900 26 111
204900 56 97
204900 58 78
205200 7 69
205200 9 117
205200 9 69
205200 56 97
205200 56 69
205500 1 56
205500 9 85
205500 9 118
205500 13 100
205500 13 74
205500 26 111
205500 40 56
205500 56 96
205800 9 118
205800 39 52
205800 52 100
205800 52 71
206100 39 52
206100 45 74
206100 52 71
206100 52 100
206100 69 97
206400 39 52
206400 52 100
206700 42 53
206700 42 86
206700 52 100
206700 71 86
207000 52 115
207300 48 61
207300 71 86
207600 52 76
208200 65 97
208500 55 97
208800 27 110
209100 43 87
211200 36 111
211200 45 111
211800 0 55
212100 88 97
253200 9 119
253200 9 40
253800 43 54
254100 1 89
254400 93 124
254700 9 93
255000 26 31
255000 31 86
255300 75 77
255600 40 55
255900 10 121
255900 64 87
255900 87 121
255900 109 121
256200 10 121
256500 87 121
256800 10 121
257100 0 122
257400 3 51
258000 102 116
258300 109 124
258600 109 124
259200 27 72
259500 80 117
259800 3 46
259800 38 63
259800 41 66
259800 41 76
259800 46 84
259800 63 111
259800 63 80
259800 63 70
259800 66 76
259800 80 111
260100 0 80
260100 27 35
260100 28 68
260100 38 63
260100 46 84
260100 54 68
260100 63 80
260100 63 111
260100 63 68
260100 68 99
260100 68 69
260100 68 110
260100 69 76
260100 80 111
260100 80 117
260100 80 94
260400 0 95
260400 4 28
260400 12 41
260400 28 68
260400 30 95
260400 41 100
260400 46 84
260400 63 111
260400 66 76
260400 68 110
260400 68 99
260400 68 86
260400 68 100
260400 68 94
260400 80 94
260400 80 117
260400 94 95
260400 95 100
260700 4 28
260700 4 101
260700 4 47
260700 10 111
260700 12 41
260700 14 95
260700 28 68
260700 28 109
260700 36 86
260700 41 100
260700 58 95
260700 58 112
260700 60 95
260700 86 111
260700 86 112
260700 91 95
260700 91 112
260700 91 109
260700 95 100
260700 95 101
260700 95 112
260700 96 112
261000 4 47
261000 4 28
261000 12 41
261000 22 57
261000 22 58
261000 22 108
261000 28 109
261000 28 91
261000 28 112
261000 34 110
261000 34 108
261000 42 113
261000 58 91
261000 80 117
261000 80 94
261000 86 111
261000 86 112
261000 91 108
261000 96 112
261300 1 112
261300 4 28
261300 4 47
261300 10 89
261300 12 41
261300 16 108
261300 16 86
261300 16 114
261300 16 91
261300 16 104
261300 17 48
261300 20 42
261300 28 89
261300 28 55
261300 28 94
261300 34 110
261300 34 112
261300 42 113
261300 42 48
261300 47 94
261300 47 112
261300 55 112
261300 58 91
261300 58 94
261300 62 108
261300 80 117
261300 86 112
261300 86 111
261300 91 108
261300 91 114
261300 91 112
261600 1 89
261600 1 72
261600 1 91
261600 3 79
261600 5 12
261600 10 89
261600 16 91
261600 16 114
261600 28 89
261600 28 91
261600 28 114
261600 31 111
261600 34 110
261600 34 77
261600 42 113
261600 55 72
261600 58 91
261600 58 99
261600 72 117
261600 72 77
261600 80 117
261600 86 111
261600 86 112
261600 91 114
261600 91 108
261900 1 72
261900 10 89
261900 12 41
261900 16 91
261900 16 114
261900 16 97
261900 28 89
261900 28 40
261900 31 111
261900 40 90
261900 40 62
261900 40 51
261900 40 72
261900 41 90
261900 42 113
261900 46 89
261900 58 99
261900 58 91
261900 63 65
261900 63 72
261900 63 120
261900 64 72
261900 65 73
261900 65 86
261900 65 117
261900 65 72
261900 72 77
261900 72 90
261900 72 113
261900 72 97
261900 86 112
261900 89 117
261900 91 108
261900 97 113
262200 5 65
262200 7 49
262200 10 89
262200 16 97
262200 16 114
262200 16 105
262200 21 57
262200 34 77
262200 34 110
262200 37 123
262200 41 57
262200 49 105
262200 58 99
262200 60 70
262200 63 65
262200 63 120
262200 63 72
262200 63 64
262200 63 105
262200 63 114
262200 65 86
262200 65 105
262200 68 69
262200 72 117
262200 72 97
262200 82 114
262200 82 113
262200 86 111
262200 91 108
262200 105 114
262500 5 65
262500 7 49
262500 9 54
262500 16 105
262500 31 111
262500 34 110
262500 34 77
262500 36 123
262500 37 123
262500 37 70
262500 40 70
262500 49 105
262500 51 70
262500 54 70
262500 54 57
262500 64 122
262500 65 86
262500 65 72
262500 65 117
262500 65 105
262500 70 114
262500 70 97
262500 70 123
262500 72 97
262500 82 113
262500 82 114
262500 91 108
262500 99 117
262500 105 110
262800 0 55
262800 0 22
262800 5 65
262800 7 49
262800 9 54
262800 16 105
262800 22 97
262800 22 37
262800 22 77
262800 22 48
262800 22 33
262800 36 48
262800 38 55
262800 48 55
262800 48 122
262800 51 70
262800 52 118
262800 52 55
262800 52 97
262800 54 70
262800 54 57
262800 54 55
262800 54 122
262800 54 97
262800 54 64
262800 55 114
262800 55 65
262800 63 105
262800 65 86
262800 65 117
262800 65 105
262800 65 72
262800 65 97
262800 70 97
262800 82 114
262800 91 108
262800 93 97
262800 99 117
262800 105 110
263100 5 65
263100 5 30
263100 8 81
263100 8 22
263100 8 49
263100 22 97
263100 22 33
263100 22 77
263100 22 37
263100 22 48
263100 22 64
263100 30 49
263100 30 54
263100 31 111
263100 34 110
263100 36 123
263100 38 55
263100 46 48
263100 48 55
263100 48 122
263100 51 70
263100 52 118
263100 52 55
263100 53 114
263100 53 65
263100 54 55
263100 54 97
263100 54 70
263100 54 57
263100 54 81
263100 54 65
263100 55 65
263100 63 105
263100 64 65
263100 64 81
263100 65 105
263100 65 72
263100 65 106
263100 65 96
263100 69 111
263100 70 114
263100 90 124
263100 91 108
263100 106 117
263400 4 58
263400 4 7
263400 5 65
263400 7 31
263400 8 49
263400 8 22
263400 9 54
263400 22 33
263400 22 77
263400 36 123
263400 38 55
263400 46 48
263400 48 122
263400 52 118
263400 58 82
263400 63 105
263400 69 111
263400 76 88
263400 89 123
263400 91 108
263400 106 117
263700 4 58
263700 5 65
263700 8 81
263700 8 49
263700 11 41
263700 17 76
263700 20 23
263700 22 77
263700 22 64
263700 26 41
263700 30 54
263700 36 123
263700 38 55
263700 46 48
263700 52 118
263700 53 114
263700 58 82
263700 64 65
263700 76 88
263700 82 104
263700 89 123
263700 91 108
263700 106 117
264000 4 58
264000 4 7
264000 11 41
264000 29 82
264000 29 39
264000 29 112
264000 36 123
264000 38 55
264000 46 48
264000 52 118
264000 62 108
264000 62 85
264000 64 65
264000 69 111
264000 76 88
264000 89 123
264300 4 7
264300 4 58
264300 4 31
264300 5 75
264300 29 112
264300 29 39
264300 29 82
264300 31 75
264300 46 48
264300 62 108
264300 62 85
264300 76 88
264300 79 85
264300 91 108
264300 106 117
264600 4 58
264600 4 31
264600 16 118
264600 29 112
264600 44 118
264600 46 48
264600 52 118
264600 55 63
264600 62 108
264600 62 85
264900 4 58
264900 4 7
264900 22 84
264900 46 48
264900 48 61
264900 55 63
264900 62 108
264900 70 76
264900 79 85
264900 91 108
264900 106 117
265200 4 31
265200 4 7
265200 18 114
265200 44 56
265200 52 118
265200 55 63
265200 62 85
265200 84 114
265500 7 28
265500 30 93
265500 46 48
265500 48 61
265500 55 63
265500 62 108
265500 84 114
265500 84 90
265800 4 7
265800 7 28
265800 10 36
265800 34 40
265800 48 61
265800 55 63
265800 62 85
265800 73 105
265800 75 87
266100 2 34
266100 7 28
266100 10 36
266100 29 72
266100 48 61
266100 55 63
266100 84 114
266400 2 34
266400 5 51
266400 7 28
266400 10 36
266400 17 57
266400 29 72
266400 38 57
266400 56 72
266400 57 92
266700 2 34
266700 5 51
266700 7 28
266700 13 52
266700 17 57
266700 22 78
266700 32 106
266700 53 117
266700 57 92
267000 7 28
267000 11 87
267000 17 57
267000 25 52
267000 25 99
267000 31 52
267000 32 106
267000 34 94
267000 52 113
267000 53 117
267300 7 88
267300 11 42
267300 11 32
267300 22 71
267300 25 52
267300 31 52
267300 32 106
267300 32 109
267300 32 60
267300 32 70
267300 34 70
267300 35 71
267300 52 113
267300 60 109
267300 60 98
267300 71 110
267600 5 101
267600 8 120
267600 8 102
267600 11 42
267600 19 109
267600 22 71
267600 22 48
267600 22 65
267600 23 110
267600 25 99
267600 32 106
267600 32 70
267600 35 71
267600 35 65
267600 48 110
267600 48 65
267600 52 113
267600 60 98
267600 60 109
267600 72 110
267600 75 109
267600 87 113
267600 110 124
267900 6 45
267900 6 17
267900 7 88
267900 8 102
267900 8 120
267900 11 17
267900 11 82
267900 16 17
267900 22 48
267900 22 40
267900 22 82
267900 25 99
267900 32 91
267900 48 110
267900 52 83
267900 55 119
267900 55 88
267900 60 98
267900 66 88
267900 70 91
267900 72 110
267900 75 109
267900 91 119
267900 91 124
268200 6 17
268200 7 88
268200 8 102
268200 10 82
268200 10 111
268200 11 17
268200 11 82
268200 13 59
268200 13 67
268200 16 17
268200 21 123
268200 22 82
268200 32 70
268200 32 106
268200 32 91
268200 48 104
268200 55 111
268200 60 98
268200 62 67
268200 70 91
268200 70 111
268200 72 110
268200 75 109
268200 82 96
268200 82 123
268200 87 113
268200 91 114
268200 110 124
268500 6 17
268500 8 102
268500 8 9
268500 8 41
268500 8 13
268500 9 20
268500 9 42
268500 10 111
268500 10 82
268500 11 82
268500 13 67
268500 13 65
268500 16 17
268500 20 123
268500 20 22
268500 20 95
268500 20 39
268500 22 70
268500 25 67
268500 30 67
268500 32 91
268500 34 67
268500 37 67
268500 39 98
268500 39 41
268500 39 93
268500 39 109
268500 42 118
268500 58 65
268500 59 67
268500 60 98
268500 67 93
268500 67 118
268500 75 109
268500 82 123
268500 91 114
268500 93 119
268500 97 98
268800 2 75
268800 2 42
268800 2 67
268800 2 83
268800 6 17
268800 8 13
268800 8 9
268800 9 20
268800 9 42
268800 9 67
268800 9 75
268800 9 30
268800 9 83
268800 10 82
268800 11 109
268800 13 67
268800 20 123
268800 20 39
268800 20 30
268800 20 56
268800 20 42
268800 20 83
268800 22 70
268800 22 83
268800 32 70
268800 32 91
268800 39 41
268800 39 93
268800 39 98
268800 39 42
268800 42 118
268800 42 70
268800 42 83
268800 42 110
268800 42 93
268800 56 76
268800 56 120
268800 58 65
268800 59 67
268800 67 93
268800 67 118
268800 67 109
268800 67 99
268800 70 111
268800 70 83
268800 75 109
268800 83 123
268800 93 119
268800 93 98
268800 93 120
269100 2 83
269100 7 121
269100 7 25
269100 8 41
269100 8 9
269100 8 102
269100 9 20
269100 9 67
269100 9 83
269100 10 82
269100 11 109
269100 15 93
269100 20 83
269100 20 123
269100 20 56
269100 20 30
269100 20 120
269100 20 122
269100 30 31
269100 30 120
269100 31 64
269100 32 91
269100 36 70
269100 39 93
269100 39 98
269100 39 71
269100 42 83
269100 42 70
269100 56 76
269100 67 109
269100 67 93
269100 67 99
269100 69 70
269100 70 83
269100 70 118
269100 70 120
269100 71 83
269100 75 109
269100 83 121
269100 93 119
269100 93 98
269100 98 120
269400 1 48
269400 1 119
269400 1 4
269400 4 15
269400 4 71
269400 4 111
269400 4 100
269400 7 121
269400 7 25
269400 8 41
269400 8 9
269400 9 83
269400 9 20
269400 9 67
269400 15 93
269400 15 124
269400 18 31
269400 18 118
269400 18 110
269400 18 48
269400 18 111
269400 18 100
269400 18 34
269400 20 120
269400 20 122
269400 24 48
269400 30 120
269400 30 31
269400 32 80
269400 33 71
269400 33 111
269400 36 70
269400 39 42
269400 39 41
269400 39 98
269400 39 71
269400 39 93
269400 42 83
269400 48 80
269400 48 111
269400 48 100
269400 48 98
269400 53 61
269400 61 71
269400 61 80
269400 61 100
269400 67 99
269400 67 93
269400 69 70
269400 70 78
269400 71 83
269400 83 121
269400 93 119
269400 109 111
269700 0 33
269700 0 19
269700 0 62
269700 1 48
269700 1 4
269700 2 83
269700 2 18
269700 4 100
269700 4 28
269700 4 7
269700 4 98
269700 7 25
269700 8 41
269700 8 9
269700 8 119
269700 9 67
269700 9 20
269700 10 100
269700 18 100
269700 18 34
269700 18 31
269700 18 110
269700 18 111
269700 18 119
269700 19 93
269700 20 120
269700 20 122
269700 23 119
269700 28 67
269700 28 119
269700 28 111
269700 28 100
269700 30 120
269700 31 119
269700 32 80
269700 33 71
269700 33 119
269700 36 70
269700 39 93
269700 48 98
269700 48 111
269700 48 80
269700 48 100
269700 53 93
269700 53 119
269700 54 100
269700 60 71
269700 61 100
269700 69 70
269700 70 78
269700 75 119
269700 83 121
269700 90 100
269700 93 119
269700 93 117
269700 100 111
269700 111 119
270000 0 62
270000 0 33
270000 0 19
270000 0 104
270000 0 4
270000 0 31
270000 1 48
270000 2 18
270000 2 80
270000 2 45
270000 4 111
270000 4 98
270000 4 28
270000 4 15
270000 4 100
270000 4 42
270000 4 88
270000 7 25
270000 18 31
270000 18 100
270000 19 93
270000 20 120
270000 23 119
270000 23 111
270000 23 75
270000 28 111
270000 28 67
270000 28 98
270000 28 31
270000 28 95
270000 31 118
270000 31 88
270000 31 95
270000 31 98
270000 33 71
270000 33 111
270000 33 88
270000 39 98
270000 39 93
270000 48 80
270000 50 75
270000 53 93
270000 54 100
270000 60 71
270000 67 117
270000 69 70
270000 70 78
270000 75 119
270000 80 120
270000 88 118
270000 90 100
270000 109 111
270300 0 31
270300 0 19
270300 1 48
270300 1 4
270300 2 18
270300 2 80
270300 2 50
270300 2 9
270300 2 88
270300 7 25
270300 7 9
270300 8 9
270300 9 67
270300 9 59
270300 9 39
270300 18 100
270300 18 31
270300 23 111
270300 23 75
270300 23 50
270300 24 39
270300 28 67
270300 28 98
270300 31 119
270300 31 98
270300 31 88
270300 31 89
270300 31 87
270300 33 111
270300 33 71
270300 39 98
270300 39 76
270300 39 123
270300 39 59
270300 39 120
270300 39 54
270300 39 69
270300 39 87
270300 48 87
270300 54 100
270300 54 115
270300 54 59
270300 54 76
270300 59 110
270300 76 98
270300 88 118
270300 109 111
270600 0 19
270600 1 4
270600 2 50
270600 2 18
270600 2 80
270600 7 110
270600 8 9
270600 18 100
270600 18 87
270600 18 48
270600 19 93
270600 23 50
270600 23 75
270600 28 67
270600 31 119
270600 33 111
270600 39 54
270600 39 120
270600 39 69
270600 54 76
270600 54 100
270600 55 114
270600 59 110
270600 67 76
270600 80 118
270900 1 48
270900 1 4
270900 2 50
270900 2 80
270900 7 110
270900 18 100
270900 18 59
270900 23 50
270900 38 48
270900 39 120
270900 45 58
270900 55 76
270900 59 110
270900 59 73
270900 67 76
270900 80 118
271200 0 19
271200 2 50
271200 18 100
271200 19 93
271200 39 120
271200 54 76
271200 55 76
271200 55 67
271200 59 73
271200 69 94
271500 0 19
271500 1 48
271500 5 23
271500 18 100
271500 24 32
271500 39 120
271500 55 67
271500 59 73
271800 1 48
271800 5 23
271800 6 26
271800 6 40
271800 18 100
271800 40 99
271800 59 73
271800 65 100
272100 5 23
272100 6 40
272100 6 21
272100 6 87
272100 40 99
272100 59 73
272100 67 112
272100 87 124
272400 0 6
272400 5 23
272400 6 124
272400 40 99
272400 47 112
272400 56 67
272400 59 73
272400 67 112
