0 0 97
0 8 104
0 9 124
0 10 37
0 18 30
0 30 53
0 32 102
0 35 50
0 38 88
0 42 97
0 47 119
0 59 78
0 78 95
0 92 121
300 0 97
300 30 53
300 46 60
300 47 119
300 59 78
300 78 95
300 78 97
300 82 88
300 92 121
600 0 97
600 0 22
600 11 109
600 11 119
600 11 110
600 11 77
600 21 38
600 28 53
600 28 77
600 30 53
600 38 88
600 38 89
600 47 119
600 49 110
600 53 71
600 55 57
600 78 89
600 78 102
600 89 110
600 92 121
600 96 103
900 10 103
900 10 11
900 11 110
900 11 38
900 11 48
900 11 33
900 11 102
900 11 109
900 20 86
900 20 109
900 30 53
900 33 38
900 34 109
900 38 88
900 38 89
900 38 50
900 38 86
900 47 119
900 50 102
900 55 57
900 55 83
900 78 102
900 78 89
900 78 109
900 78 103
900 78 86
900 83 86
900 87 118
900 89 110
900 92 121
900 96 103
900 102 109
1200 0 22
1200 10 103
1200 10 25
1200 10 79
1200 11 102
1200 11 38
1200 11 33
1200 15 102
1200 16 81
1200 34 109
1200 34 90
1200 34 83
1200 34 79
1200 34 50
1200 34 118
1200 38 86
1200 38 89
1200 38 79
1200 47 119
1200 50 102
1200 50 92
1200 53 71
1200 55 83
1200 55 57
1200 79 110
1200 79 103
1200 81 90
1200 82 118
1200 83 86
1200 87 118
1200 89 110
1200 90 109
1200 94 109
1200 94 118
1200 96 103
1500 0 22
1500 2 9
1500 9 110
1500 9 97
1500 9 89
1500 9 102
1500 10 25
1500 10 79
1500 11 38
1500 11 102
1500 13 90
1500 34 79
1500 34 83
1500 34 38
1500 34 94
1500 34 86
1500 34 59
1500 38 89
1500 38 102
1500 38 86
1500 38 110
1500 38 87
1500 47 119
1500 50 102
1500 53 71
1500 55 57
1500 55 83
1500 63 82
1500 64 90
1500 69 102
1500 74 86
1500 78 89
1500 78 102
1500 79 103
1500 79 110
1500 79 90
1500 81 90
1500 86 101
1500 86 98
1500 90 110
1500 94 118
1500 98 110
1500 98 118
1500 102 110
1800 0 22
1800 9 97
1800 11 102
1800 11 69
1800 13 90
1800 17 95
1800 17 115
1800 25 32
1800 32 120
1800 32 83
1800 32 71
1800 34 83
1800 34 38
1800 34 59
1800 38 102
1800 38 69
1800 42 44
1800 44 95
1800 50 102
1800 53 71
1800 53 69
1800 55 57
1800 64 86
1800 66 69
1800 69 102
1800 69 72
1800 69 86
1800 70 90
1800 72 118
1800 74 86
1800 79 103
1800 82 118
1800 86 101
1800 94 118
1800 118 123
2100 2 9
2100 4 42
2100 10 25
2100 11 102
2100 11 64
2100 15 67
2100 31 42
2100 31 54
2100 31 112
2100 31 44
2100 32 71
2100 32 120
2100 32 64
2100 38 86
2100 38 87
2100 42 44
2100 42 114
2100 44 95
2100 44 121
2100 44 92
2100 44 53
2100 47 69
2100 50 102
2100 53 71
2100 53 69
2100 55 57
2100 55 83
2100 63 82
2100 66 69
2100 69 72
2100 69 86
2100 69 121
2100 69 112
2100 72 118
2100 86 101
2100 86 98
2100 94 118
2100 118 123
2400 2 9
2400 2 122
2400 4 42
2400 4 15
2400 4 44
2400 9 94
2400 9 44
2400 11 64
2400 17 95
2400 24 43
2400 25 32
2400 31 42
2400 31 44
2400 31 84
2400 31 86
2400 32 64
2400 38 102
2400 38 68
2400 42 114
2400 43 102
2400 44 121
2400 44 84
2400 47 83
2400 50 102
2400 50 118
2400 53 69
2400 53 71
2400 54 86
2400 55 57
2400 55 83
2400 55 68
2400 64 86
2400 68 84
2400 68 106
2400 69 112
2400 69 72
2400 72 118
2400 84 106
2400 84 98
2400 94 118
2400 102 122
2400 109 114
2400 118 123
2700 2 122
2700 4 15
2700 4 42
2700 4 22
2700 9 25
2700 10 25
2700 10 64
2700 10 15
2700 10 86
2700 10 84
2700 14 80
2700 14 61
2700 15 84
2700 15 25
2700 15 80
2700 15 31
2700 17 95
2700 17 80
2700 17 68
2700 22 117
2700 23 64
2700 26 78
2700 31 54
2700 31 86
2700 32 64
2700 38 86
2700 47 69
2700 53 71
2700 54 86
2700 55 57
2700 55 94
2700 69 72
2700 72 118
2700 77 118
2700 79 83
2700 79 106
2700 86 98
2700 86 101
2700 86 95
2700 94 118
3000 1 83
3000 9 109
3000 10 25
3000 10 84
3000 10 80
3000 10 15
3000 11 64
3000 14 80
3000 14 61
3000 15 84
3000 15 31
3000 15 25
3000 15 79
3000 15 53
3000 15 80
3000 17 68
3000 17 80
3000 18 38
3000 22 117
3000 22 83
3000 26 78
3000 31 61
3000 31 79
3000 38 83
3000 38 79
3000 38 80
3000 44 88
3000 44 80
3000 50 79
3000 53 69
3000 54 86
3000 54 79
3000 55 57
3000 55 94
3000 72 118
3000 72 116
3000 79 106
3000 79 88
3000 79 83
3000 80 95
3000 95 109
3300 1 83
3300 9 109
3300 10 80
3300 11 64
3300 11 48
3300 14 61
3300 15 31
3300 15 84
3300 15 25
3300 17 68
3300 17 80
3300 22 83
3300 30 80
3300 30 33
3300 31 61
3300 33 114
3300 36 69
3300 38 83
3300 38 79
3300 38 80
3300 38 116
3300 38 69
3300 45 114
3300 45 99
3300 53 80
3300 54 99
3300 54 72
3300 61 84
3300 64 69
3300 69 116
3300 72 116
3300 72 118
3300 80 95
3300 83 117
3300 95 109
3600 7 66
3600 8 72
3600 10 78
3600 11 64
3600 12 84
3600 14 61
3600 17 43
3600 17 83
3600 17 36
3600 22 83
3600 22 117
3600 26 78
3600 30 80
3600 31 61
3600 36 69
3600 36 120
3600 38 116
3600 38 69
3600 38 80
3600 38 83
3600 38 79
3600 38 53
3600 38 45
3600 44 80
3600 45 99
3600 53 80
3600 54 58
3600 55 94
3600 55 57
3600 64 69
3600 66 72
3600 69 116
3600 78 83
3600 79 106
3600 119 120
3900 1 39
3900 7 66
3900 11 64
3900 14 61
3900 17 83
3900 17 43
3900 17 36
3900 18 80
3900 22 117
3900 26 39
3900 30 80
3900 36 38
3900 38 79
3900 38 116
3900 38 69
3900 38 80
3900 38 114
3900 38 55
3900 38 52
3900 45 99
3900 52 93
3900 52 80
3900 52 75
3900 52 119
3900 53 80
3900 55 57
3900 64 106
3900 66 72
3900 79 106
3900 80 116
3900 80 85
3900 83 84
3900 83 85
3900 85 93
3900 94 106
4200 7 66
4200 11 64
4200 14 61
4200 17 83
4200 26 78
4200 26 39
4200 36 69
4200 36 38
4200 44 99
4200 48 91
4200 50 104
4200 53 80
4200 64 69
4200 64 106
4200 69 116
4200 79 106
4200 94 106
4500 1 39
4500 7 66
4500 11 64
4500 17 43
4500 18 102
4500 22 101
4500 38 52
4500 52 119
4500 52 93
4500 52 75
4500 53 80
4500 60 111
4500 66 72
4500 69 116
4500 79 106
4500 80 85
4800 1 39
4800 1 103
4800 7 66
4800 14 55
4800 22 101
4800 26 39
4800 40 68
4800 46 82
4800 50 104
4800 52 93
4800 52 119
4800 55 73
4800 64 69
4800 79 106
5100 0 20
5100 0 14
5100 1 103
5100 1 116
5100 14 55
5100 15 27
5100 22 101
5100 26 39
5100 31 121
5100 52 93
5100 55 73
5100 79 106
5400 1 116
5400 13 107
5400 14 55
5400 15 27
5400 22 101
5400 47 89
5400 48 89
5400 52 93
5400 65 96
5400 79 106
5400 89 91
5400 89 110
5700 1 116
5700 2 17
5700 6 76
5700 13 107
5700 14 55
5700 15 27
5700 15 78
5700 22 101
5700 40 104
5700 52 93
5700 79 106
6000 1 116
6000 2 17
6000 13 107
6000 14 55
6000 14 77
6000 15 27
6000 47 100
6300 1 116
6300 13 107
6300 13 104
6300 33 37
6300 43 62
6300 47 100
6300 48 75
6300 60 103
6300 79 106
6300 80 106
6600 6 109
6600 6 43
6600 6 104
6600 13 107
6600 47 100
6600 79 106
6600 80 106
6900 1 11
6900 11 109
6900 14 87
6900 33 37
6900 47 100
6900 53 62
6900 67 89
6900 79 106
6900 80 106
6900 86 113
7200 3 38
7200 6 43
7200 6 104
7200 9 101
7200 11 109
7200 14 87
7200 17 106
7200 33 37
7200 53 62
7200 86 113
7500 2 73
7500 6 104
7500 9 101
7500 11 109
7500 16 50
7500 50 113
7500 53 62
7500 86 113
7800 3 6
7800 4 6
7800 4 50
7800 6 104
7800 6 25
7800 6 69
7800 24 72
7800 25 67
7800 25 50
7800 25 124
7800 29 64
7800 29 39
7800 39 67
7800 50 113
7800 50 120
7800 52 87
7800 53 62
7800 67 90
7800 67 109
7800 72 124
7800 72 87
7800 72 109
7800 86 113
8100 3 16
8100 4 50
8100 16 50
8100 16 34
8100 20 25
8100 24 72
8100 25 67
8100 25 50
8100 25 84
8100 29 39
8100 29 105
8100 34 50
8100 34 120
8100 37 120
8100 39 67
8100 50 98
8100 50 86
8100 50 114
8100 50 121
8100 53 62
8100 67 90
8100 67 87
8100 72 109
8100 72 87
8100 72 124
8100 75 121
8100 86 113
8400 3 16
8400 4 50
8400 16 34
8400 16 50
8400 16 95
8400 16 42
8400 16 67
8400 18 92
8400 23 95
8400 25 84
8400 28 95
8400 28 42
8400 28 67
8400 28 76
8400 29 39
8400 31 89
8400 34 50
8400 37 120
8400 39 89
8400 42 69
8400 42 76
8400 44 67
8400 50 86
8400 53 62
8400 67 90
8400 75 120
8400 76 89
8400 80 95
8400 80 115
8400 87 121
8400 89 95
8700 3 16
8700 3 28
8700 4 50
8700 8 17
8700 10 51
8700 16 34
8700 16 42
8700 16 67
8700 16 50
8700 16 21
8700 21 62
8700 21 75
8700 21 63
8700 23 95
8700 28 42
8700 28 92
8700 28 62
8700 34 50
8700 39 89
8700 39 51
8700 39 76
8700 42 76
8700 50 86
8700 53 62
8700 62 115
8700 67 90
8700 75 92
8700 76 89
8700 76 95
8700 80 115
8700 92 95
9000 0 111
9000 0 31
9000 3 28
9000 3 16
9000 3 39
9000 3 111
9000 10 51
9000 16 95
9000 16 21
9000 16 34
9000 19 39
9000 19 45
9000 19 77
9000 28 95
9000 34 50
9000 39 51
9000 39 75
9000 42 76
9000 50 86
9000 51 113
9000 62 113
9000 66 89
9000 67 90
9000 75 111
9000 76 95
9000 77 111
9000 89 112
9000 89 121
9000 92 120
9300 0 111
9300 0 31
9300 0 32
9300 3 16
9300 3 28
9300 3 51
9300 4 50
9300 10 51
9300 13 103
9300 19 77
9300 19 39
9300 19 121
9300 19 75
9300 19 66
9300 28 95
9300 30 103
9300 34 41
9300 39 76
9300 39 89
9300 39 51
9300 39 116
9300 39 108
9300 39 95
9300 41 95
9300 50 86
9300 66 89
9300 75 111
9300 76 95
9300 89 121
9300 102 103
9600 3 16
9600 10 51
9600 12 106
9600 13 103
9600 16 34
9600 19 45
9600 19 75
9600 19 66
9600 19 47
9600 28 95
9600 28 106
9600 28 103
9600 32 104
9600 32 106
9600 32 105
9600 32 116
9600 34 50
9600 39 95
9600 39 108
9600 41 95
9600 43 111
9600 44 75
9600 47 66
9600 48 66
9600 50 86
9600 63 95
9600 66 106
9600 66 95
9600 75 103
9600 76 95
9600 78 111
9600 103 116
9600 111 116
9900 0 111
9900 0 31
9900 6 19
9900 8 45
9900 8 76
9900 8 19
9900 19 47
9900 19 82
9900 19 94
9900 28 95
9900 28 103
9900 32 106
9900 39 108
9900 39 95
9900 45 121
9900 45 103
9900 45 97
9900 47 66
9900 48 66
9900 51 103
9900 52 103
9900 66 95
9900 66 94
9900 70 103
9900 75 111
9900 75 103
9900 76 95
9900 79 111
9900 79 106
9900 86 102
9900 89 121
9900 89 94
9900 94 103
9900 98 102
9900 98 106
9900 102 103
9900 111 116
10200 0 111
10200 0 100
10200 0 96
10200 4 96
10200 6 19
10200 7 111
10200 19 94
10200 19 82
10200 19 75
10200 20 53
10200 20 64
10200 28 103
10200 28 106
10200 31 64
10200 34 50
10200 39 95
10200 39 108
10200 41 95
10200 41 111
10200 43 111
10200 45 121
10200 45 111
10200 47 66
10200 47 64
10200 49 100
10200 50 86
10200 64 98
10200 64 103
10200 64 102
10200 64 96
10200 66 95
10200 75 103
10200 75 96
10200 89 94
10200 94 103
10200 94 111
10200 100 111
10200 102 103
10500 0 96
10500 4 96
10500 8 19
10500 11 96
10500 19 94
10500 19 47
10500 19 74
10500 20 98
10500 20 41
10500 20 78
10500 20 22
10500 22 74
10500 22 78
10500 31 64
10500 38 114
10500 39 108
10500 39 95
10500 41 64
10500 41 94
10500 41 98
10500 41 74
10500 43 111
10500 43 64
10500 45 121
10500 45 98
10500 49 100
10500 50 86
10500 52 103
10500 64 96
10500 64 102
10500 64 98
10500 73 98
10500 74 98
10500 75 103
10500 78 103
10500 78 100
10500 79 111
10500 86 102
10500 89 94
10500 94 103
10500 94 100
10500 96 114
10500 98 102
10500 98 100
10500 100 111
10500 109 114
10800 0 96
10800 0 23
10800 0 88
10800 4 17
10800 7 111
10800 11 96
10800 17 41
10800 17 78
10800 17 95
10800 17 94
10800 19 94
10800 19 47
10800 19 74
10800 20 98
10800 20 22
10800 20 78
10800 22 78
10800 22 74
10800 25 41
10800 25 103
10800 25 94
10800 25 31
10800 39 108
10800 41 103
10800 43 64
10800 45 95
10800 45 78
10800 50 86
10800 74 98
10800 74 103
10800 74 107
10800 89 94
10800 94 100
10800 94 103
10800 96 114
10800 98 102
10800 98 103
10800 103 107
11100 0 23
11100 0 20
11100 4 17
11100 6 19
11100 6 50
11100 6 24
11100 6 89
11100 7 111
11100 7 53
11100 7 122
11100 15 109
11100 17 41
11100 17 78
11100 17 94
11100 17 95
11100 19 47
11100 19 94
11100 19 74
11100 19 29
11100 19 50
11100 19 53
11100 20 98
11100 20 78
11100 20 71
11100 20 48
11100 20 41
11100 22 29
11100 24 29
11100 24 56
11100 25 41
11100 25 94
11100 25 31
11100 29 111
11100 37 74
11100 39 108
11100 41 103
11100 45 98
11100 45 78
11100 50 86
11100 53 71
11100 71 74
11100 73 98
11100 74 103
11100 74 107
11100 74 89
11100 86 102
11100 89 111
11100 92 111
11100 98 102
11100 98 100
11100 103 107
11100 103 122
11100 111 122
11400 0 23
11400 0 20
11400 0 45
11400 6 89
11400 6 24
11400 8 41
11400 17 94
11400 17 41
11400 19 50
11400 19 53
11400 20 41
11400 24 56
11400 24 29
11400 24 50
11400 25 94
11400 29 111
11400 41 103
11400 44 53
11400 45 109
11400 53 71
11400 53 109
11400 56 63
11400 71 76
11400 81 122
11400 86 102
11400 89 111
11400 89 94
11400 92 111
11400 94 100
11400 94 103
11400 111 122
11700 0 20
11700 0 124
11700 6 60
11700 17 95
11700 17 41
11700 19 94
11700 22 29
11700 24 29
11700 25 94
11700 29 111
11700 36 50
11700 39 108
11700 44 53
11700 44 105
11700 50 86
11700 53 122
11700 56 63
11700 71 90
11700 72 105
11700 81 122
11700 86 102
11700 94 103
12000 0 124
12000 6 60
12000 11 108
12000 17 95
12000 17 39
12000 19 94
12000 24 29
12000 29 111
12000 39 41
12000 41 122
12000 44 105
12000 50 86
12000 50 55
12000 56 63
12000 72 105
12000 81 122
12000 86 102
12300 6 60
12300 7 83
12300 17 95
12300 19 124
12300 29 111
12300 34 94
12300 50 55
12300 67 83
12300 72 105
12300 81 122
12300 83 86
12300 86 102
12600 6 60
12600 17 95
12600 34 64
12600 55 106
12600 65 83
12600 67 83
12600 70 94
12600 72 105
12600 83 86
12600 83 93
12900 4 52
12900 6 60
12900 17 95
12900 34 64
12900 50 55
12900 59 85
12900 67 83
12900 72 83
12900 83 92
13200 5 36
13200 6 60
13200 34 64
13200 48 59
13200 55 72
13200 68 101
13200 83 93
13500 34 64
13500 36 72
13500 37 68
13500 48 59
13500 48 85
13500 55 72
13500 55 92
13500 59 62
13500 68 101
13500 91 115
13500 95 122
13500 101 124
13800 34 64
13800 55 72
13800 55 62
13800 59 62
13800 67 115
13800 68 101
13800 68 91
13800 70 82
13800 72 85
14100 11 72
14100 16 30
14100 34 64
14100 55 72
14100 67 115
14100 70 82
14100 72 93
14400 11 72
14400 30 34
14400 34 64
14400 55 72
14400 59 62
14400 68 101
14700 1 34
14700 30 34
14700 34 69
14700 70 82
15000 1 22
15000 22 104
15000 24 71
15000 30 34
15300 22 104
15300 41 49
15300 77 84
15300 91 117
15600 22 104
15600 37 77
15600 49 111
15600 55 85
15600 55 116
15600 61 111
15600 64 115
15900 0 11
15900 6 36
15900 11 64
15900 11 28
15900 11 19
15900 19 55
15900 19 28
15900 22 104
15900 36 120
15900 55 85
16200 11 28
16200 11 19
16200 11 64
16200 11 92
16200 21 24
16200 22 104
16200 42 67
16200 42 56
16200 42 120
16200 42 47
16200 56 104
16200 67 92
16500 8 97
16500 11 28
16500 11 92
16500 17 99
16500 17 24
16500 42 67
16500 42 120
16500 67 92
16800 11 92
16800 17 99
16800 20 96
16800 25 37
16800 61 103
16800 67 92
17100 2 83
17100 8 97
17100 11 97
17100 11 66
17100 17 99
17100 17 30
17100 20 96
17100 30 118
17100 30 59
17100 59 67
17100 59 106
17100 59 96
17100 61 103
17100 61 67
17100 62 96
17400 2 83
17400 7 20
17400 8 97
17400 11 97
17400 45 76
17400 45 97
17400 50 76
17400 61 103
17400 62 104
17400 62 115
17400 66 75
17400 66 76
17400 76 86
17400 81 112
17700 2 83
17700 2 27
17700 7 20
17700 11 97
17700 17 99
17700 20 122
17700 45 76
17700 61 103
17700 76 108
17700 81 112
18000 7 20
18000 14 110
18000 34 50
18000 61 103
18000 76 108
18000 81 112
18300 4 5
18300 4 103
18300 11 14
18300 16 114
18300 20 49
18300 20 103
18300 34 116
18300 44 120
18300 61 103
18300 81 112
18300 111 114
18600 4 103
18600 4 5
18600 4 76
18600 4 13
18600 5 88
18600 13 76
18600 13 97
18600 13 19
18600 13 14
18600 20 49
18600 37 61
18600 40 49
18600 49 61
18600 61 103
18900 2 40
18900 2 113
18900 4 76
18900 4 103
18900 4 13
18900 13 97
18900 13 19
18900 13 14
18900 13 49
18900 13 82
18900 13 40
18900 16 114
18900 19 103
18900 37 61
18900 40 49
18900 40 61
18900 61 103
18900 70 103
18900 81 113
19200 2 113
19200 2 40
19200 4 76
19200 4 103
19200 4 13
19200 4 49
19200 4 94
19200 4 64
19200 6 94
19200 13 19
19200 13 110
19200 19 110
19200 20 123
19200 22 97
19200 22 64
19200 29 59
19200 37 97
19200 39 49
19200 40 61
19200 40 59
19200 59 61
19200 59 64
19200 64 110
19200 70 103
19500 2 113
19500 2 40
19500 2 4
19500 2 37
19500 4 94
19500 4 103
19500 4 76
19500 4 59
19500 4 112
19500 4 66
19500 4 61
19500 6 40
19500 6 59
19500 6 49
19500 13 110
19500 13 19
19500 14 40
19500 14 16
19500 16 112
19500 16 59
19500 22 97
19500 29 59
19500 40 59
19500 40 49
19500 40 61
19500 59 61
19500 59 76
19500 59 81
19500 59 67
19500 66 112
19500 68 113
19500 70 112
19800 2 37
19800 4 103
19800 4 94
19800 4 66
19800 4 40
19800 4 59
19800 6 59
19800 6 40
19800 6 94
19800 6 22
19800 13 40
19800 14 16
19800 14 40
19800 14 59
19800 16 59
19800 22 105
19800 37 97
19800 38 67
19800 40 61
19800 40 59
19800 40 49
19800 40 53
19800 40 103
19800 40 70
19800 40 66
19800 40 94
19800 49 53
19800 53 70
19800 59 76
19800 59 61
19800 59 97
19800 59 88
19800 66 112
19800 70 112
19800 70 103
20100 2 4
20100 2 40
20100 6 59
20100 6 40
20100 6 88
20100 14 40
20100 14 16
20100 14 34
20100 16 59
20100 24 27
20100 29 105
20100 34 103
20100 37 97
20100 40 103
20100 40 61
20100 40 94
20100 66 112
20100 70 112
20100 70 103
20100 76 88
20100 76 94
20400 2 4
20400 4 96
20400 9 74
20400 9 94
20400 14 16
20400 14 40
20400 14 29
20400 14 96
20400 16 96
20400 22 105
20400 24 68
20400 29 96
20400 29 67
20400 33 96
20400 37 97
20400 38 67
20400 40 66
20400 55 112
20400 66 112
20400 67 94
20400 70 112
20400 76 94
20700 2 4
20700 4 96
20700 5 44
20700 9 94
20700 14 16
20700 16 59
20700 16 96
20700 16 24
20700 16 102
20700 16 79
20700 16 117
20700 26 114
20700 27 96
20700 28 94
20700 29 96
20700 29 67
20700 33 96
20700 34 103
20700 37 97
20700 38 117
20700 38 74
20700 55 112
20700 56 101
20700 67 95
20700 70 103
20700 94 112
21000 2 4
21000 4 105
21000 9 74
21000 11 103
21000 11 16
21000 14 16
21000 16 102
21000 16 24
21000 16 117
21000 16 59
21000 16 105
21000 16 20
21000 16 115
21000 19 94
21000 20 112
21000 20 115
21000 20 67
21000 20 105
21000 26 114
21000 27 55
21000 28 94
21000 33 96
21000 34 103
21000 34 114
21000 38 117
21000 59 79
21000 67 95
21000 70 103
21000 74 115
21000 94 112
21000 112 114
21300 4 105
21300 5 44
21300 11 121
21300 16 115
21300 16 117
21300 16 102
21300 19 94
21300 20 105
21300 20 112
21300 20 67
21300 24 114
21300 26 105
21300 26 83
21300 28 94
21300 34 103
21300 34 83
21300 34 59
21300 37 105
21300 38 117
21300 38 74
21300 53 59
21300 70 103
21300 73 120
21300 74 115
21300 94 114
21300 94 95
21300 105 107
21300 112 114
21600 4 105
21600 5 44
21600 7 83
21600 11 121
21600 16 24
21600 16 117
21600 19 94
21600 19 77
21600 19 97
21600 20 67
21600 26 114
21600 26 83
21600 26 96
21600 32 94
21600 34 59
21600 34 103
21600 37 77
21600 59 79
21600 70 103
21600 70 97
21600 71 120
21600 73 120
21600 83 121
21600 83 109
21600 94 114
21600 96 120
21600 105 107
21600 112 114
21900 4 105
21900 5 44
21900 7 83
21900 7 19
21900 8 83
21900 8 79
21900 16 117
21900 19 97
21900 19 98
21900 19 73
21900 19 109
21900 20 112
21900 20 105
21900 26 96
21900 34 103
21900 37 77
21900 44 97
21900 66 121
21900 66 114
21900 70 97
21900 73 120
21900 73 83
21900 77 114
21900 83 121
21900 83 97
21900 94 114
21900 96 120
22200 4 105
22200 5 44
22200 7 83
22200 8 79
22200 19 73
22200 26 114
22200 37 77
22200 44 66
22200 59 79
22200 66 94
22200 66 99
22200 66 98
22200 68 69
22200 70 103
22200 73 120
22200 76 94
22200 83 121
22200 94 98
22200 96 120
22200 112 114
22500 1 79
22500 5 44
22500 8 74
22500 20 105
22500 26 50
22500 44 66
22500 59 79
22500 61 103
22500 66 98
22500 66 99
22500 66 94
22500 68 99
22500 70 79
22500 83 121
22500 97 98
22800 5 44
22800 8 74
22800 16 73
22800 16 67
22800 19 73
22800 19 61
22800 19 44
22800 26 114
22800 44 66
22800 44 116
22800 59 79
22800 61 116
22800 61 67
22800 66 99
22800 67 81
22800 72 96
22800 73 120
22800 96 120
23100 5 44
23100 16 67
23100 19 73
23100 19 61
23100 19 26
23100 19 94
23100 26 114
23100 26 81
23100 44 66
23100 44 120
23100 44 67
23100 61 67
23100 61 116
23100 67 81
23100 83 121
23400 8 20
23400 19 26
23400 19 73
23400 20 71
23400 20 26
23400 20 94
23400 26 81
23400 60 92
23400 61 67
23400 67 81
23400 71 120
23400 73 120
23400 79 96
23400 83 121
23700 8 20
23700 14 96
23700 19 26
23700 19 73
23700 19 50
23700 20 94
23700 20 71
23700 20 97
23700 20 37
23700 26 81
23700 67 81
23700 71 120
23700 83 121
23700 92 112
24000 8 20
24000 19 26
24000 19 50
24000 20 94
24000 26 67
24000 26 74
24000 36 37
24000 37 73
24000 37 50
24000 49 69
24000 71 120
24000 83 121
24300 19 50
24300 19 84
24300 31 42
24300 36 99
24300 42 107
24300 42 97
24300 71 121
24300 73 93
24300 81 84
24300 92 112
24600 10 99
24600 26 74
24600 36 99
24600 42 107
24600 42 64
24600 46 112
24600 46 81
24600 50 95
24600 52 64
24600 71 121
24600 92 112
24900 19 84
24900 19 50
24900 26 74
24900 26 79
24900 26 50
24900 31 42
24900 42 97
24900 46 120
24900 46 99
24900 50 95
24900 54 110
24900 71 75
24900 75 109
24900 79 117
25200 24 26
25200 26 50
25200 26 117
25200 26 120
25200 27 68
25200 31 42
25200 36 99
25200 36 120
25200 46 120
25200 46 99
25200 50 62
25200 54 109
25200 62 88
25200 71 75
25200 75 109
25200 99 109
25200 101 106
25200 109 120
25500 24 53
25500 26 74
25500 26 79
25500 26 120
25500 27 68
25500 36 99
25500 36 45
25500 42 97
25500 45 106
25500 54 109
25500 81 104
25500 88 104
25500 99 124
25500 109 120
25800 1 99
25800 24 53
25800 27 68
25800 36 45
25800 36 99
25800 54 109
25800 74 124
25800 84 106
25800 99 124
25800 101 106
25800 109 120
26100 15 23
26100 24 53
26100 26 120
26100 26 79
26100 26 74
26100 27 68
26100 36 96
26100 62 109
26100 81 104
26100 88 104
26400 1 99
26400 24 36
26400 26 120
26400 26 79
26400 36 45
26400 48 109
26400 49 111
26400 62 109
26400 88 104
26700 1 99
26700 12 123
26700 26 120
26700 48 109
26700 49 111
26700 88 104
26700 119 123
27000 1 99
27000 22 61
27000 36 45
27000 49 111
27300 1 99
27300 1 41
27300 22 61
27300 22 83
27300 32 91
27300 54 83
27300 88 104
27600 2 100
27600 22 61
27600 27 36
27600 44 51
27600 91 104
27900 2 100
27900 22 61
27900 31 53
27900 31 54
27900 32 91
27900 38 100
27900 91 104
27900 104 117
28200 2 100
28200 27 36
28200 31 53
28200 31 68
28200 44 51
28200 53 76
28200 83 115
28200 100 104
28200 101 120
28500 9 70
28500 22 101
28500 27 36
28500 27 76
28500 27 83
28500 31 53
28500 32 104
28500 101 120
28800 2 100
28800 22 101
28800 27 36
28800 42 113
28800 53 76
28800 90 108
28800 101 120
29100 2 100
29100 22 101
29100 27 36
29100 32 104
29100 45 93
29100 57 101
29100 90 108
29100 101 120
29400 13 95
29400 22 36
29400 27 36
29400 53 76
29400 57 101
29400 75 95
29400 76 95
29400 90 108
29700 3 13
29700 3 36
29700 3 96
29700 36 53
29700 90 108
29700 101 120
30000 3 96
30000 3 7
30000 13 95
30000 51 108
30000 54 106
30000 104 108
30000 108 116
30300 7 92
30300 15 54
30300 42 51
30300 51 108
30300 54 106
30300 101 120
30600 3 55
30600 23 108
30900 28 99
30900 51 108
30900 59 70
31200 10 120
31200 117 124
31500 3 96
31500 7 96
31500 26 104
31500 59 70
31800 15 74
31800 24 84
31800 24 26
31800 44 84
31800 45 72
31800 49 74
31800 59 70
31800 60 124
31800 74 84
32100 4 81
32100 20 97
32100 24 84
32100 45 72
32100 59 70
32100 73 76
32100 74 84
32100 81 84
32400 4 81
32400 24 84
32400 24 26
32400 24 33
32400 25 106
32400 59 70
32700 4 81
32700 8 48
32700 24 45
32700 30 96
32700 48 84
32700 48 103
32700 51 74
32700 59 70
32700 74 84
33000 4 81
33000 25 106
33000 48 84
33000 48 103
33300 24 45
33600 43 45
33600 86 102
33900 46 103
33900 67 103
34200 46 103
34200 67 118
34500 26 72
34500 26 107
34500 103 107
34500 103 104
34500 104 107
35400 18 42
35700 29 84
36000 53 84
39300 22 56
79800 40 86
80400 38 103
80400 41 68
80400 68 103
80700 38 103
81000 9 89
81300 35 88
81600 35 78
81600 69 78
81600 78 93
81900 35 109
81900 71 109
81900 78 93
82200 26 109
82200 78 93
82500 26 99
82500 26 54
82800 26 54
82800 26 31
83700 3 88
84900 3 96
84900 53 109
85200 3 96
85800 111 116
86700 1 111
87000 16 61
87000 34 72
87000 43 119
87000 50 57
87000 54 109
87000 54 72
87000 87 119
87000 95 108
87300 14 33
87300 33 50
87300 38 63
87300 43 119
87300 50 109
87300 69 103
87300 79 119
87300 87 119
87300 108 119
87600 0 36
87600 0 37
87600 0 69
87600 8 28
87600 8 75
87600 21 52
87600 33 50
87600 34 69
87600 36 69
87600 40 52
87600 48 80
87600 50 109
87600 69 106
87600 79 119
87900 0 36
87900 0 112
87900 8 28
87900 8 66
87900 8 75
87900 8 112
87900 21 52
87900 27 32
87900 28 75
87900 28 112
87900 32 66
87900 34 69
87900 35 87
87900 36 112
87900 36 69
87900 36 87
87900 43 119
87900 50 109
87900 50 75
87900 66 69
87900 66 75
87900 69 119
87900 70 87
87900 75 82
87900 79 119
87900 87 119
87900 87 112
88200 8 66
88200 18 90
88200 27 119
88200 28 75
88200 32 66
88200 32 112
88200 32 69
88200 34 69
88200 35 87
88200 36 112
88200 36 87
88200 40 52
88200 43 119
88200 47 112
88200 47 87
88200 66 100
88200 69 119
88200 69 87
88200 70 87
88200 75 82
88200 87 119
88200 87 112
88500 0 36
88500 8 66
88500 18 90
88500 28 112
88500 28 75
88500 32 66
88500 32 69
88500 32 100
88500 32 87
88500 34 69
88500 35 87
88500 36 69
88500 36 112
88500 36 87
88500 43 119
88500 47 112
88500 50 109
88500 53 87
88500 57 87
88500 59 66
88500 61 99
88500 66 75
88500 66 70
88500 69 116
88500 70 87
88500 70 75
88500 75 82
88500 87 112
88800 0 100
88800 8 66
88800 9 97
88800 9 100
88800 18 90
88800 19 32
88800 28 112
88800 32 87
88800 35 87
88800 44 97
88800 52 99
88800 53 87
88800 59 66
88800 59 69
88800 66 75
88800 66 70
88800 66 97
88800 69 119
88800 69 109
88800 75 82
88800 85 97
88800 88 97
89100 0 100
89100 5 75
89100 5 9
89100 9 97
89100 9 100
89100 17 32
89100 23 80
89100 23 34
89100 28 75
89100 29 69
89100 32 69
89100 32 113
89100 32 85
89100 32 64
89100 35 87
89100 36 69
89100 44 97
89100 50 109
89100 52 99
89100 59 101
89100 60 91
89100 66 75
89100 69 116
89100 69 119
89100 69 83
89100 75 82
89100 80 105
89100 85 113
89100 93 118
89400 9 100
89400 9 97
89400 18 90
89400 24 97
89400 25 65
89400 25 105
89400 25 42
89400 29 80
89400 29 60
89400 32 85
89400 32 69
89400 32 118
89400 32 50
89400 42 85
89400 44 97
89400 52 99
89400 59 91
89400 59 100
89400 60 91
89400 60 105
89400 66 75
89400 66 70
89400 69 83
89400 80 105
89400 80 109
89400 80 94
89400 80 118
89400 80 116
89400 85 109
89400 91 117
89400 105 109
89400 116 123
89700 5 75
89700 9 97
89700 9 63
89700 11 27
89700 17 32
89700 18 90
89700 18 91
89700 24 97
89700 27 61
89700 27 100
89700 28 93
89700 29 60
89700 29 80
89700 32 50
89700 32 85
89700 32 113
89700 35 116
89700 44 97
89700 45 68
89700 59 100
89700 64 118
89700 69 119
89700 75 87
89700 86 118
89700 90 91
89700 91 117
89700 97 116
89700 105 109
90000 5 75
90000 5 32
90000 5 11
90000 5 85
90000 5 45
90000 9 97
90000 11 27
90000 18 111
90000 18 116
90000 18 112
90000 27 61
90000 27 113
90000 29 60
90000 29 80
90000 32 118
90000 32 69
90000 32 113
90000 33 111
90000 33 52
90000 33 122
90000 44 97
90000 45 68
90000 59 100
90000 64 118
90000 69 119
90000 75 87
90000 97 113
90000 116 123
90300 0 82
90300 1 109
90300 3 79
90300 5 75
90300 21 33
90300 21 124
90300 21 110
90300 21 78
90300 27 100
90300 27 61
90300 29 80
90300 29 60
90300 32 113
90300 33 122
90300 33 111
90300 37 78
90300 37 124
90300 45 68
90300 64 118
90300 78 124
90300 78 92
90300 79 82
90300 86 116
90300 93 124
90300 121 124
90600 0 82
90600 5 32
90600 5 45
90600 10 81
90600 27 100
90600 29 60
90600 29 80
90600 32 118
90600 37 78
90600 44 97
90600 44 106
90600 44 48
90600 45 68
90600 51 69
90600 78 92
90900 5 32
90900 7 113
90900 10 81
90900 14 29
90900 21 124
90900 27 61
90900 27 100
90900 29 60
90900 29 80
90900 34 98
90900 44 48
90900 51 69
90900 74 97
90900 78 124
91200 7 113
91200 8 66
91200 10 81
91200 19 58
91200 27 100
91200 27 61
91200 29 60
91200 39 92
91200 44 48
91200 45 68
91200 51 69
91200 56 74
91200 74 97
91200 74 99
91200 99 100
91500 3 58
91500 6 47
91500 8 66
91500 10 81
91500 34 98
91500 43 114
91500 45 68
91500 51 69
91500 56 74
91500 74 97
91500 74 99
91500 92 122
91800 6 47
91800 6 31
91800 8 66
91800 10 81
91800 39 92
91800 39 107
91800 45 68
91800 51 69
91800 80 107
92100 0 33
92100 10 81
92100 39 92
92100 45 68
92100 51 69
92100 70 102
92100 80 107
92400 0 33
92400 3 56
92400 6 31
92400 6 47
92400 10 81
92400 15 56
92400 46 118
92400 46 72
92700 0 33
92700 6 31
92700 13 38
92700 17 36
92700 39 92
93000 3 47
93000 6 47
93000 6 31
93000 20 71
93000 47 104
93000 47 107
93000 104 124
93300 6 31
93300 20 71
93300 31 102
93300 37 44
93300 51 84
93300 104 124
93600 1 91
93600 4 113
93600 25 84
93600 29 91
93600 37 44
93600 39 43
93600 91 95
93600 104 124
93600 105 117
93900 1 91
93900 6 31
93900 15 28
93900 25 84
93900 27 107
93900 28 40
93900 28 35
93900 28 102
93900 29 91
93900 37 44
94200 1 91
94200 15 90
94200 15 115
94200 15 111
94200 15 49
94200 25 84
94200 27 69
94200 28 40
94200 29 91
94200 37 44
94200 47 98
94200 49 98
94200 98 115
94200 111 115
94500 8 89
94500 8 25
94500 15 49
94500 21 25
94500 21 71
94500 25 44
94500 25 117
94500 25 115
94500 28 40
94500 29 91
94500 35 115
94500 37 44
94500 41 115
94500 45 91
94500 47 98
94500 49 98
94500 49 117
94500 50 100
94500 50 117
94500 50 115
94500 71 91
94500 98 115
94500 98 117
94800 3 21
94800 8 117
94800 9 41
94800 9 60
94800 9 43
94800 13 67
94800 13 40
94800 13 121
94800 15 90
94800 21 67
94800 21 31
94800 21 90
94800 21 40
94800 21 43
94800 23 67
94800 28 40
94800 28 43
94800 28 31
94800 28 67
94800 29 91
94800 31 79
94800 31 115
94800 31 67
94800 31 41
94800 40 117
94800 41 117
94800 43 60
94800 49 117
94800 50 117
94800 57 121
94800 59 121
94800 60 121
94800 98 117
94800 115 117
95100 1 79
95100 3 21
95100 9 41
95100 13 121
95100 13 20
95100 13 40
95100 13 78
95100 20 103
95100 20 110
95100 21 31
95100 21 90
95100 21 43
95100 23 31
95100 25 115
95100 29 91
95100 31 115
95100 31 67
95100 31 79
95100 31 41
95100 40 67
95100 40 69
95100 49 117
95100 50 117
95100 50 85
95100 57 121
95100 60 121
95100 67 117
95100 67 110
95100 85 111
95100 98 117
95100 115 117
95400 3 21
95400 5 20
95400 13 121
95400 13 20
95400 13 78
95400 13 40
95400 13 16
95400 15 60
95400 20 110
95400 20 79
95400 20 49
95400 20 56
95400 20 60
95400 20 121
95400 20 70
95400 20 50
95400 20 45
95400 20 113
95400 21 31
95400 21 90
95400 21 43
95400 29 91
95400 31 67
95400 31 79
95400 31 115
95400 31 41
95400 31 40
95400 40 69
95400 40 50
95400 50 60
95400 50 109
95400 52 79
95400 52 60
95400 60 109
95400 67 110
95700 3 21
95700 5 20
95700 8 121
95700 9 86
95700 13 121
95700 20 121
95700 20 60
95700 20 49
95700 20 56
95700 20 50
95700 20 110
95700 21 90
95700 28 75
95700 28 63
95700 28 38
95700 29 91
95700 31 67
95700 31 40
95700 31 115
95700 31 79
95700 31 80
95700 40 69
95700 40 55
95700 40 99
95700 50 109
95700 52 60
95700 52 55
95700 53 80
95700 57 121
95700 60 121
95700 60 63
95700 63 86
95700 63 70
95700 67 110
95700 70 99
95700 75 116
95700 85 111
95700 99 101
96000 0 108
96000 3 21
96000 3 26
96000 8 121
96000 20 49
96000 21 31
96000 23 89
96000 23 70
96000 24 90
96000 24 48
96000 26 60
96000 26 47
96000 26 48
96000 26 53
96000 28 75
96000 28 60
96000 28 111
96000 28 110
96000 31 115
96000 31 80
96000 31 40
96000 40 50
96000 40 69
96000 40 99
96000 48 63
96000 52 55
96000 52 116
96000 53 80
96000 55 102
96000 57 121
96000 58 75
96000 60 121
96000 60 70
96000 60 110
96000 63 70
96000 67 110
96000 67 70
96000 70 99
96000 75 116
96000 90 116
96300 2 28
96300 8 121
96300 16 111
96300 16 73
96300 16 52
96300 19 48
96300 20 49
96300 23 90
96300 23 111
96300 23 28
96300 23 60
96300 23 108
96300 23 52
96300 24 48
96300 26 53
96300 26 48
96300 26 40
96300 28 75
96300 28 60
96300 28 38
96300 28 111
96300 28 63
96300 28 102
96300 28 52
96300 31 40
96300 31 80
96300 31 115
96300 36 111
96300 40 99
96300 40 69
96300 40 111
96300 40 58
96300 44 86
96300 44 111
96300 48 63
96300 48 90
96300 52 116
96300 52 55
96300 52 96
96300 52 75
96300 52 111
96300 52 58
96300 53 80
96300 55 102
96300 57 121
96300 58 90
96300 60 70
96300 65 111
96300 67 70
96300 90 116
96300 90 102
96300 96 111
96600 2 28
96600 2 65
96600 3 26
96600 8 121
96600 16 111
96600 19 53
96600 20 44
96600 21 31
96600 23 28
96600 23 90
96600 23 52
96600 23 111
96600 24 48
96600 24 28
96600 26 47
96600 28 102
96600 28 60
96600 28 63
96600 28 80
96600 28 37
96600 28 81
96600 31 115
96600 31 69
96600 36 111
96600 36 99
96600 36 58
96600 37 69
96600 40 111
96600 40 99
96600 44 111
96600 45 75
96600 50 76
96600 52 116
96600 52 61
96600 53 65
96600 55 102
96600 58 90
96600 58 75
96600 58 70
96600 60 121
96600 60 70
96600 65 111
96600 69 80
96600 75 118
96600 81 84
96600 90 116
96600 96 111
96900 2 65
96900 3 91
96900 4 75
96900 4 19
96900 4 39
96900 5 19
96900 8 121
96900 12 44
96900 16 111
96900 19 53
96900 19 116
96900 19 37
96900 19 109
96900 19 65
96900 19 55
96900 21 31
96900 23 90
96900 23 111
96900 28 80
96900 31 115
96900 31 109
96900 31 55
96900 34 37
96900 36 99
96900 37 39
96900 37 111
96900 37 45
96900 37 69
96900 39 80
96900 40 99
96900 40 69
96900 44 111
96900 50 76
96900 52 61
96900 52 116
96900 52 58
96900 55 102
96900 55 58
96900 58 75
96900 60 70
96900 65 111
96900 69 109
96900 90 116
96900 91 94
96900 96 111
97200 5 45
97200 5 99
97200 5 112
97200 10 116
97200 16 58
97200 16 25
97200 19 109
97200 19 44
97200 23 111
97200 28 80
97200 31 115
97200 31 109
97200 31 55
97200 34 75
97200 34 45
97200 34 109
97200 37 69
97200 37 55
97200 39 80
97200 44 111
97200 45 60
97200 45 69
97200 45 70
97200 45 108
97200 45 85
97200 45 82
97200 52 58
97200 52 116
97200 55 58
97200 55 72
97200 55 113
97200 55 86
97200 58 75
97200 58 115
97200 60 70
97200 65 111
97200 69 109
97200 69 112
97200 75 118
97200 96 111
97500 17 32
97500 17 116
97500 17 75
97500 23 111
97500 26 32
97500 28 80
97500 31 55
97500 34 55
97500 34 85
97500 34 73
97500 37 55
97500 44 111
97500 44 116
97500 45 60
97500 45 108
97500 45 82
97500 45 85
97500 52 116
97500 55 86
97500 55 72
97500 55 73
97500 55 79
97500 55 101
97500 65 111
97500 69 109
97500 69 112
97500 69 75
97500 69 115
97500 72 93
97500 73 80
97500 73 75
97500 75 118
97500 75 112
97500 78 112
97800 17 75
97800 17 116
97800 17 104
97800 17 115
97800 26 32
97800 26 119
97800 28 80
97800 31 115
97800 32 53
97800 34 73
97800 34 85
97800 34 55
97800 35 44
97800 44 111
97800 44 116
97800 45 85
97800 45 60
97800 58 115
97800 65 111
97800 72 80
97800 75 118
97800 78 112
97800 78 109
97800 93 109
97800 98 108
98100 17 115
98100 17 75
98100 17 104
98100 28 80
98100 31 49
98100 34 73
98100 34 53
98100 35 79
98100 44 116
98100 44 124
98100 45 60
98100 55 79
98100 58 115
98100 58 78
98100 72 80
98100 73 80
98100 73 75
98100 75 112
98100 79 107
98100 98 108
98400 17 75
98400 17 116
98400 28 80
98400 31 115
98400 31 44
98400 34 55
98400 34 53
98400 34 118
98400 35 79
98400 44 116
98400 53 79
98400 55 79
98400 58 78
98400 58 93
98400 72 80
98400 79 107
98400 98 108
98700 14 18
98700 17 116
98700 17 106
98700 28 80
98700 31 115
98700 34 53
98700 34 55
98700 34 41
98700 34 75
98700 44 124
98700 53 79
98700 53 58
98700 58 78
98700 68 115
98700 79 107
98700 98 108
99000 14 37
99000 17 116
99000 18 53
99000 26 44
99000 28 80
99000 31 44
99000 44 116
99000 53 58
99000 58 78
99000 63 116
99000 65 124
99000 68 115
99000 98 108
99000 98 111
99300 14 37
99300 14 86
99300 18 53
99300 24 116
99300 26 44
99300 28 80
99300 28 63
99300 34 55
99300 38 124
99300 44 116
99300 53 62
99300 58 78
99300 63 116
99600 14 37
99600 14 86
99600 15 63
99600 18 53
99600 34 88
99600 53 62
99600 53 58
99600 58 78
99600 98 111
99900 13 20
99900 14 37
99900 14 86
99900 15 110
99900 20 110
99900 24 116
99900 53 62
99900 53 58
99900 92 112
99900 98 101
100200 14 37
100200 14 86
100200 15 18
100200 24 29
100200 68 116
100200 72 80
100200 98 110
100500 14 86
100500 20 110
100500 24 29
100500 31 112
100500 31 80
100500 53 58
100500 70 98
100500 72 80
100500 80 120
100500 110 111
100800 22 98
100800 31 112
100800 36 80
100800 58 122
100800 70 98
100800 72 80
100800 74 80
100800 80 120
101100 50 80
101100 53 58
101100 66 82
101100 70 98
101100 80 120
101400 6 66
101400 18 81
101400 53 58
101400 54 67
101400 58 67
101400 58 81
101400 62 81
101400 70 98
101700 0 37
101700 22 98
101700 24 26
101700 53 58
101700 54 117
101700 70 98
101700 90 105
102000 0 37
102000 24 26
102000 26 66
102000 29 66
102000 43 66
102000 54 117
102000 61 116
102000 66 93
102000 66 75
102000 70 98
102000 73 116
102000 90 105
102000 92 116
102300 13 22
102300 13 90
102300 13 51
102300 13 25
102300 13 14
102300 22 98
102300 26 66
102300 26 112
102300 29 66
102300 38 61
102300 43 66
102300 49 51
102300 50 61
102300 51 61
102300 51 90
102300 53 90
102300 61 91
102300 61 75
102300 66 93
102300 74 90
102300 92 116
102600 12 61
102600 12 98
102600 12 100
102600 13 51
102600 13 14
102600 24 26
102600 26 112
102600 43 66
102600 51 90
102600 51 61
102600 53 90
102600 61 91
102600 61 75
102600 61 98
102600 61 90
102600 61 100
102600 63 87
102600 71 112
102600 71 107
102600 71 98
102600 73 118
102600 74 90
102600 92 116
102900 13 25
102900 50 54
102900 51 61
102900 51 71
102900 53 90
102900 54 119
102900 54 71
102900 61 91
102900 71 112
102900 73 118
102900 74 90
102900 92 116
103200 28 110
103200 54 77
103200 54 95
103200 73 118
103200 74 90
103200 74 119
103500 15 115
103500 28 50
103500 54 95
103800 25 114
103800 28 50
103800 30 62
103800 31 114
103800 35 42
103800 35 62
103800 50 115
103800 53 85
103800 54 95
103800 60 93
103800 62 115
103800 62 119
103800 62 105
103800 85 108
104100 23 62
104100 27 52
104100 27 62
104100 30 62
104100 31 62
104100 35 62
104100 52 99
104100 52 62
104100 54 95
104100 62 119
104100 62 105
104100 92 119
104400 8 103
104400 23 103
104400 30 62
104400 34 36
104400 54 95
104400 90 121
104400 92 119
104400 92 118
104400 103 110
104400 110 118
104700 35 46
104700 55 81
104700 73 80
104700 90 121
105000 30 62
105000 32 50
105000 46 81
105000 50 56
105000 62 87
105000 89 104
105300 11 62
105300 13 62
105300 26 65
105300 29 86
105300 30 66
105300 32 50
105300 51 62
105300 62 87
105300 62 116
105300 62 91
105300 79 91
105300 79 103
105300 89 110
105300 89 104
105600 13 62
105600 13 104
105600 21 73
105600 26 33
105600 26 88
105600 26 101
105600 30 96
105600 51 62
105600 62 116
105600 62 91
105600 62 67
105600 62 119
105600 74 119
105600 79 91
105600 79 103
105600 89 104
105600 89 110
105900 1 79
105900 13 62
105900 21 73
105900 21 50
105900 26 62
105900 30 66
105900 33 74
105900 38 62
105900 50 66
105900 51 67
105900 62 91
105900 62 67
105900 62 119
105900 66 93
105900 66 89
105900 66 105
105900 67 74
105900 71 74
105900 74 119
105900 79 103
105900 79 91
105900 89 96
105900 104 119
106200 10 45
106200 21 73
106200 26 88
106200 26 62
106200 30 66
106200 38 62
106200 41 74
106200 41 101
106200 45 91
106200 45 62
106200 45 64
106200 46 62
106200 50 66
106200 62 67
106200 62 119
106200 62 105
106200 64 105
106200 64 99
106200 64 66
106200 66 93
106200 66 89
106200 66 104
106200 67 74
106200 71 74
106200 91 104
106200 104 105
106200 119 121
106500 0 89
106500 10 45
106500 24 89
106500 30 66
106500 30 76
106500 38 62
106500 38 89
106500 41 89
106500 45 91
106500 45 64
106500 45 89
106500 46 62
106500 49 101
106500 51 74
106500 55 74
106500 62 91
106500 62 119
106500 62 67
106500 62 89
106500 62 104
106500 62 101
106500 62 88
106500 64 105
106500 64 66
106500 64 89
106500 66 104
106500 66 89
106500 67 74
106500 67 73
106500 67 76
106500 71 74
106500 76 119
106500 79 91
106500 79 122
106500 80 101
106500 88 119
106500 88 89
106500 104 105
106800 10 45
106800 11 119
106800 11 105
106800 21 119
106800 30 66
106800 30 76
106800 39 74
106800 39 105
106800 43 76
106800 43 73
106800 45 64
106800 46 62
106800 49 119
106800 49 90
106800 55 74
106800 55 89
106800 64 105
106800 66 104
106800 66 89
106800 67 74
106800 71 74
106800 76 119
106800 79 119
106800 89 122
106800 89 119
106800 91 104
106800 104 105
107100 11 40
107100 11 43
107100 21 119
107100 24 50
107100 30 66
107100 38 89
107100 39 105
107100 39 74
107100 39 43
107100 43 73
107100 45 91
107100 45 113
107100 46 62
107100 49 101
107100 49 67
107100 53 90
107100 55 74
107100 66 104
107100 66 89
107100 67 73
107100 67 74
107100 67 113
107100 67 101
107100 67 121
107100 71 74
107100 71 76
107100 104 105
107400 10 45
107400 11 119
107400 11 105
107400 11 43
107400 24 50
107400 26 79
107400 30 38
107400 30 79
107400 38 74
107400 39 74
107400 39 105
107400 39 43
107400 39 79
107400 40 91
107400 40 74
107400 40 67
107400 45 64
107400 49 101
107400 49 67
107400 49 55
107400 53 90
107400 55 124
107400 67 74
107400 67 73
107400 67 101
107400 67 113
107400 74 88
107400 79 105
107400 91 104
107700 6 60
107700 6 79
107700 11 40
107700 29 64
107700 29 117
107700 29 79
107700 30 38
107700 30 79
107700 39 105
107700 39 79
107700 40 74
107700 40 91
107700 40 111
107700 40 79
107700 45 64
107700 49 101
107700 53 90
107700 53 79
107700 67 101
107700 74 88
107700 79 105
107700 91 104
108000 24 30
108000 25 42
108000 29 64
108000 29 79
108000 30 79
108000 30 38
108000 30 121
108000 32 40
108000 40 74
108000 40 91
108000 40 42
108000 40 45
108000 45 64
108000 46 60
108000 90 121
108000 91 104
108000 91 121
108300 5 26
108300 5 29
108300 29 64
108300 29 121
108300 30 121
108300 30 38
108300 32 40
108300 34 124
108300 34 91
108300 40 91
108300 45 64
108300 45 111
108300 45 60
108300 56 111
108300 57 91
108300 70 91
108300 91 104
108300 111 121
108600 1 114
108600 5 26
108600 5 70
108600 12 101
108600 29 121
108600 30 121
108600 32 40
108600 34 91
108600 45 64
108600 56 111
108600 57 91
108600 60 70
108600 70 91
108600 70 89
108600 91 121
108600 91 104
108600 91 111
108900 1 114
108900 1 5
108900 2 40
108900 5 26
108900 12 101
108900 29 121
108900 30 89
108900 32 40
108900 34 124
108900 75 87
108900 75 111
109200 2 78
109200 3 64
109200 5 26
109200 22 124
109200 29 121
109200 30 89
109200 34 124
109200 48 124
109200 75 111
109500 1 5
109500 1 114
109500 3 64
109500 17 28
109500 26 89
109500 26 104
109500 26 78
109500 26 41
109500 29 121
109500 30 89
109500 49 111
109500 78 87
109500 97 104
109800 1 17
109800 2 100
109800 3 64
109800 4 41
109800 5 48
109800 22 31
109800 26 41
109800 26 78
109800 29 121
109800 30 89
109800 49 111
109800 73 100
110100 0 101
110100 1 26
110100 2 100
110100 4 41
110100 26 78
110100 29 121
110100 30 89
110100 43 101
110100 43 58
110100 48 101
110100 93 116
110400 2 4
110400 3 64
110400 4 101
110400 4 65
110400 4 58
110400 23 93
110400 26 78
110400 29 121
110400 43 93
110400 65 75
110400 65 93
110400 66 75
110400 93 116
110700 3 64
110700 4 101
110700 4 64
110700 23 93
110700 23 69
110700 26 78
110700 43 93
110700 48 101
110700 58 66
110700 61 65
110700 64 69
110700 64 65
110700 65 93
111000 4 72
111000 23 93
111000 23 69
111000 26 78
111000 31 117
111000 43 93
111000 48 101
111000 58 98
111000 58 112
111000 64 69
111000 65 69
111000 65 112
111300 3 95
111300 4 72
111300 22 115
111300 26 78
111300 31 117
111300 34 95
111300 48 101
111300 60 93
111300 65 112
111300 80 112
111300 93 112
111600 4 84
111600 22 115
111600 31 117
111600 34 95
111600 35 104
111600 58 107
111600 60 93
111600 65 112
111600 72 87
111600 79 95
111600 80 115
111600 95 101
111900 3 115
111900 4 7
111900 4 70
111900 14 115
111900 22 87
111900 58 107
111900 60 93
111900 70 115
111900 72 87
111900 79 95
111900 95 101
111900 97 105
112200 4 7
112200 12 118
112200 14 115
112200 34 95
112200 58 107
112200 61 87
112200 79 95
112500 4 70
112500 14 115
112500 14 32
112500 58 107
112500 95 101
112800 14 115
112800 24 99
112800 48 66
112800 79 95
113100 3 84
113100 4 70
113100 24 115
113100 58 107
113400 4 70
113400 24 115
113400 48 66
113400 48 70
113400 78 115
113400 79 95
113700 4 70
113700 22 80
113700 24 115
113700 24 61
113700 59 105
113700 71 105
114000 22 59
114000 24 61
114000 24 115
114000 50 63
114000 63 107
114000 71 105
114000 78 115
114300 6 89
114300 21 36
114300 24 115
114300 47 81
114300 50 63
114300 58 68
114300 63 107
114300 78 115
114600 6 89
114600 6 117
114600 50 63
114600 63 107
114600 71 105
114900 21 36
114900 23 117
114900 50 63
114900 58 68
114900 63 107
115200 6 117
115200 9 66
115200 17 99
115200 23 117
115200 23 68
115200 35 120
115200 36 113
115200 58 68
115500 6 117
115500 9 66
115500 17 99
115500 23 117
115500 32 47
115800 6 73
115800 23 57
115800 32 47
115800 35 120
115800 57 73
115800 73 122
116100 6 73
116100 12 39
116100 12 58
116100 12 94
116100 12 43
116100 57 73
116100 61 76
116100 81 87
116400 6 73
116400 35 67
116400 61 76
116400 61 111
116400 61 94
116400 94 111
116700 19 56
116700 31 94
116700 35 67
116700 35 79
116700 75 111
116700 77 111
116700 89 108
117000 31 94
117000 75 109
117000 79 114
117000 89 110
117000 92 110
117300 2 77
117300 24 93
117300 54 109
117300 62 78
117300 75 111
117300 78 82
117300 79 114
117600 7 78
117600 8 54
117600 25 118
117600 56 78
117600 62 78
117600 75 109
117600 92 110
117900 47 72
117900 54 109
117900 61 100
117900 62 78
118200 1 124
118200 50 119
118200 54 109
118200 71 124
118200 77 124
118500 7 59
118500 7 109
118500 32 111
118500 39 71
118500 59 71
118500 77 124
118500 119 124
118800 3 91
118800 7 59
118800 13 39
118800 36 59
118800 59 85
118800 59 64
118800 59 91
118800 71 112
119100 7 59
119100 13 78
119100 13 91
119100 19 66
119100 27 109
119100 60 66
119100 61 109
119100 71 112
119100 76 78
119100 78 109
119100 78 95
119400 7 59
119400 36 59
119400 59 64
119400 64 96
119400 76 78
119400 96 111
119700 19 103
119700 27 60
119700 96 111
120000 7 96
120000 96 111
120300 7 96
120600 96 111
120900 44 110
121200 38 110
121200 44 110
121500 38 110
122100 5 17
122400 53 56
122400 56 66
126300 47 51
166500 8 89
166500 37 98
166500 89 98
166800 54 89
166800 89 98
167400 99 107
167700 47 99
168300 110 113
168600 59 99
169200 24 82
169200 82 93
169500 82 93
169800 19 22
169800 24 82
170100 82 93
170400 20 94
170400 24 82
171300 60 119
171600 55 110
172200 106 123
172800 66 121
173100 2 81
173100 21 41
173400 2 81
173400 9 88
173400 19 93
173400 27 93
173400 28 45
173400 49 93
173400 68 93
173400 93 98
173400 102 112
173700 28 45
173700 28 112
173700 34 58
173700 43 57
173700 45 58
173700 45 49
173700 45 109
173700 45 102
173700 45 57
173700 49 105
173700 93 98
174000 4 103
174000 9 88
174000 12 38
174000 12 85
174000 12 103
174000 14 54
174000 14 17
174000 16 95
174000 17 45
174000 19 49
174000 19 112
174000 23 34
174000 28 112
174000 29 94
174000 32 94
174000 43 57
174000 45 49
174000 45 64
174000 45 123
174000 45 103
174000 58 103
174000 59 112
174000 62 86
174000 93 98
174300 4 103
174300 7 103
174300 9 88
174300 9 90
174300 12 85
174300 12 38
174300 14 54
174300 14 17
174300 14 16
174300 16 95
174300 16 75
174300 17 45
174300 30 103
174300 32 103
174300 39 103
174300 39 73
174300 39 40
174300 43 57
174300 45 95
174300 45 60
174300 59 112
174300 59 73
174300 73 123
174300 82 85
174300 93 98
174300 112 114
174600 9 40
174600 9 32
174600 12 85
174600 12 38
174600 13 26
174600 14 16
174600 14 17
174600 14 95
174600 14 35
174600 16 75
174600 17 45
174600 18 99
174600 18 40
174600 29 94
174600 30 103
174600 30 95
174600 39 40
174600 39 73
174600 40 52
174600 40 49
174600 40 83
174600 45 60
174600 59 73
174600 73 123
174600 93 98
174600 112 114
174900 9 40
174900 10 40
174900 10 91
174900 12 85
174900 13 16
174900 14 16
174900 14 95
174900 16 75
174900 17 45
174900 18 40
174900 18 71
174900 22 98
174900 30 95
174900 32 98
174900 38 87
174900 40 49
174900 40 83
174900 40 97
174900 40 87
174900 45 60
174900 56 84
174900 59 73
174900 60 97
174900 75 93
174900 87 95
174900 112 114
175200 9 40
175200 10 40
175200 12 85
175200 13 16
175200 13 45
175200 14 16
175200 14 95
175200 14 75
175200 14 100
175200 17 45
175200 17 56
175200 17 52
175200 18 65
175200 18 66
175200 18 80
175200 26 111
175200 30 95
175200 34 95
175200 38 91
175200 38 66
175200 40 52
175200 40 66
175200 52 88
175200 52 91
175200 52 65
175200 54 65
175200 56 84
175200 59 73
175200 65 95
175200 65 98
175200 66 91
175200 66 111
175200 66 98
175200 81 84
175200 91 111
175200 112 114
175500 2 88
175500 6 88
175500 9 40
175500 10 91
175500 16 98
175500 18 66
175500 26 111
175500 30 95
175500 34 95
175500 34 84
175500 38 66
175500 40 52
175500 40 66
175500 48 86
175500 52 88
175500 52 65
175500 52 91
175500 52 106
175500 53 84
175500 56 84
175500 56 75
175500 59 73
175500 66 98
175500 66 91
175500 66 88
175500 75 93
175500 88 91
175500 106 111
175800 2 110
175800 2 78
175800 3 110
175800 6 88
175800 9 40
175800 12 85
175800 17 45
175800 26 111
175800 30 95
175800 32 86
175800 38 66
175800 38 91
175800 39 98
175800 39 71
175800 39 110
175800 39 80
175800 48 86
175800 52 65
175800 53 84
175800 56 84
175800 59 73
175800 59 80
175800 59 86
175800 65 98
175800 75 93
175800 78 80
175800 78 91
175800 80 86
175800 91 122
175800 95 108
176100 5 39
176100 5 90
176100 6 88
176100 10 91
176100 11 23
176100 12 85
176100 12 86
176100 12 101
176100 12 90
176100 12 91
176100 14 17
176100 15 109
176100 15 80
176100 15 38
176100 15 74
176100 16 98
176100 17 123
176100 18 66
176100 23 88
176100 30 95
176100 38 66
176100 39 98
176100 39 74
176100 39 99
176100 41 101
176100 52 91
176100 52 65
176100 53 84
176100 56 84
176100 65 80
176100 66 91
176100 71 101
176100 74 90
176100 74 101
176100 78 91
176100 78 80
176100 80 86
176100 80 101
176100 84 91
176100 91 122
176400 0 12
176400 2 78
176400 5 90
176400 5 39
176400 5 13
176400 5 107
176400 10 91
176400 11 23
176400 12 90
176400 12 91
176400 12 85
176400 12 86
176400 12 62
176400 13 72
176400 14 17
176400 15 74
176400 15 80
176400 15 121
176400 15 99
176400 17 123
176400 17 86
176400 17 108
176400 20 74
176400 23 88
176400 30 95
176400 38 74
176400 39 98
176400 39 88
176400 48 86
176400 59 86
176400 72 117
176400 74 90
176400 84 117
176400 84 103
176400 86 97
176400 86 117
176400 86 105
176400 90 92
176400 97 101
176700 0 12
176700 5 90
176700 12 86
176700 12 85
176700 12 90
176700 12 91
176700 14 17
176700 14 53
176700 15 109
176700 15 121
176700 15 117
176700 15 41
176700 17 123
176700 23 88
176700 30 95
176700 38 121
176700 39 74
176700 39 99
176700 41 101
176700 52 65
176700 59 86
176700 59 102
176700 72 74
176700 74 90
176700 74 92
176700 84 121
176700 86 105
176700 86 113
176700 88 90
176700 91 122
176700 92 101
176700 97 101
176700 97 103
177000 0 12
177000 2 78
177000 5 13
177000 5 39
177000 14 53
177000 15 41
177000 15 80
177000 15 99
177000 17 123
177000 20 74
177000 30 95
177000 39 99
177000 41 101
177000 46 76
177000 46 70
177000 52 65
177000 80 96
177000 92 101
177000 97 101
177300 0 12
177300 14 17
177300 14 53
177300 15 121
177300 17 123
177300 38 121
177300 41 101
177300 46 76
177300 46 70
177300 50 54
177300 61 83
177300 84 121
177300 86 113
177300 88 90
177300 97 101
177600 3 119
177600 3 67
177600 3 83
177600 15 121
177600 17 123
177600 38 121
177600 44 98
177600 46 70
177600 61 83
177600 71 72
177600 84 121
177600 88 90
177900 3 67
177900 14 17
177900 14 53
177900 17 123
177900 18 106
177900 37 93
177900 38 121
177900 84 121
177900 86 113
177900 116 119
178200 3 119
178200 3 83
178200 4 43
178200 4 104
178200 4 19
178200 4 106
178200 4 30
178200 14 17
178200 38 121
178200 71 72
178200 84 121
178200 86 113
178200 104 109
178500 4 104
178500 14 17
178500 15 53
178500 16 112
178500 16 36
178500 16 53
178500 38 121
178500 71 72
178500 104 109
178800 0 123
178800 3 83
178800 4 104
178800 4 106
178800 11 40
178800 14 17
178800 16 36
178800 16 53
178800 38 121
178800 49 60
178800 60 117
178800 81 103
179100 0 123
179100 0 99
179100 4 104
179100 11 40
179100 16 112
179100 16 36
179100 38 121
179100 46 96
179100 65 91
179100 70 112
179100 104 109
179400 0 123
179400 11 40
179400 24 63
179400 38 121
179400 65 91
179400 70 112
179700 0 99
179700 0 123
179700 4 43
179700 24 63
179700 70 112
179700 111 121
180000 0 99
180000 7 101
180000 28 101
180000 28 71
180000 29 77
180000 111 121
180300 0 123
180300 80 118
180300 111 121
180600 0 99
180600 0 39
180600 39 55
180600 39 63
180600 39 80
180600 111 121
180900 0 99
180900 3 25
180900 25 57
180900 27 74
180900 29 39
180900 29 97
180900 29 81
180900 37 116
180900 37 97
180900 39 55
180900 39 63
180900 39 61
180900 39 75
180900 39 80
180900 41 103
180900 43 56
180900 61 116
180900 74 97
180900 80 105
180900 98 105
181200 0 99
181200 0 94
181200 1 46
181200 3 25
181200 8 116
181200 8 98
181200 8 28
181200 27 74
181200 28 113
181200 28 116
181200 28 59
181200 28 41
181200 39 80
181200 39 55
181200 41 116
181200 41 76
181200 46 97
181200 61 116
181200 77 116
181200 80 105
181200 80 94
181200 80 98
181200 88 94
181200 94 118
181200 103 118
181200 108 116
181200 118 123
181500 0 94
181500 1 46
181500 8 28
181500 8 116
181500 8 80
181500 11 87
181500 23 118
181500 23 78
181500 28 59
181500 28 116
181500 28 41
181500 28 118
181500 28 54
181500 28 96
181500 29 81
181500 38 94
181500 39 93
181500 41 118
181500 41 76
181500 41 96
181500 43 56
181500 46 97
181500 54 118
181500 56 78
181500 76 118
181500 76 81
181500 78 118
181500 80 94
181500 80 84
181500 87 118
181500 94 118
181500 96 118
181500 103 118
181500 118 123
181800 0 94
181800 7 56
181800 8 28
181800 8 116
181800 11 87
181800 12 80
181800 12 68
181800 12 87
181800 23 78
181800 28 116
181800 28 41
181800 28 54
181800 28 96
181800 29 81
181800 30 118
181800 32 87
181800 32 68
181800 32 123
181800 32 118
181800 41 96
181800 41 118
181800 41 87
181800 41 46
181800 49 68
181800 52 118
181800 52 87
181800 54 118
181800 56 78
181800 56 68
181800 56 99
181800 68 94
181800 68 72
181800 68 87
181800 68 80
181800 68 102
181800 72 123
181800 76 81
181800 80 84
181800 80 94
181800 80 87
181800 87 118
181800 87 123
181800 94 102
181800 102 123
181800 102 118
181800 103 118
181800 118 123
182100 1 46
182100 7 56
182100 7 52
182100 8 28
182100 12 80
182100 12 87
182100 12 32
182100 12 54
182100 12 56
182100 12 22
182100 17 122
182100 22 56
182100 28 96
182100 29 81
182100 32 68
182100 32 87
182100 32 118
182100 32 56
182100 32 54
182100 32 72
182100 41 96
182100 41 46
182100 41 56
182100 41 76
182100 41 79
182100 46 97
182100 46 123
182100 49 68
182100 52 87
182100 52 80
182100 54 56
182100 56 79
182100 68 72
182100 68 94
182100 68 87
182100 68 80
182100 68 102
182100 76 81
182100 76 122
182100 80 87
182100 103 118
182400 1 77
182400 5 120
182400 5 122
182400 5 16
182400 5 21
182400 12 87
182400 12 80
182400 15 45
182400 15 123
182400 21 122
182400 28 41
182400 28 77
182400 30 122
182400 30 68
182400 32 68
182400 32 118
182400 32 77
182400 32 122
182400 41 87
182400 41 56
182400 41 118
182400 41 46
182400 41 80
182400 41 47
182400 41 122
182400 43 77
182400 43 52
182400 43 64
182400 45 78
182400 47 52
182400 51 55
182400 52 96
182400 54 123
182400 56 79
182400 68 94
182400 68 80
182400 68 87
182400 68 72
182400 68 122
182400 77 96
182400 80 94
182400 80 84
182400 80 87
182400 103 118
182700 1 77
182700 5 122
182700 6 107
182700 6 43
182700 6 123
182700 6 94
182700 8 28
182700 8 92
182700 12 80
182700 12 21
182700 15 123
182700 19 25
182700 21 122
182700 21 87
182700 21 107
182700 21 121
182700 28 41
182700 32 77
182700 41 87
182700 41 46
182700 41 118
182700 41 47
182700 41 45
182700 41 107
182700 43 77
182700 43 52
182700 43 107
182700 43 92
182700 45 78
182700 46 97
182700 47 121
182700 51 55
182700 52 87
182700 52 96
182700 52 77
182700 52 94
182700 52 92
182700 68 80
182700 68 94
182700 68 87
182700 68 72
182700 77 96
182700 77 94
182700 77 121
182700 80 94
182700 90 121
182700 94 115
183000 6 123
183000 6 94
183000 8 92
183000 12 21
183000 12 45
183000 12 92
183000 15 123
183000 21 121
183000 21 45
183000 28 89
183000 28 121
183000 35 115
183000 35 56
183000 35 43
183000 37 115
183000 39 45
183000 40 52
183000 41 45
183000 43 77
183000 43 92
183000 43 52
183000 45 78
183000 45 92
183000 45 100
183000 45 115
183000 47 121
183000 48 115
183000 50 80
183000 52 92
183000 52 96
183000 68 87
183000 77 96
183000 77 94
183000 77 121
183000 92 115
183300 6 107
183300 6 123
183300 6 43
183300 12 92
183300 12 45
183300 15 123
183300 19 25
183300 20 82
183300 21 121
183300 21 107
183300 21 122
183300 23 121
183300 35 56
183300 36 51
183300 37 115
183300 41 45
183300 43 92
183300 45 92
183300 47 121
183300 50 120
183300 63 83
183300 77 94
183300 77 121
183300 82 120
183300 82 92
183300 82 97
183300 92 115
183300 97 120
183300 115 120
183300 120 121
183600 3 120
183600 6 123
183600 10 32
183600 11 58
183600 15 123
183600 15 98
183600 21 107
183600 23 121
183600 32 72
183600 37 115
183600 39 45
183600 40 121
183600 40 123
183600 43 92
183600 45 115
183600 45 92
183600 50 120
183600 51 98
183600 51 97
183600 58 120
183600 59 121
183600 77 121
183600 82 97
183600 82 120
183600 87 97
183600 92 115
183600 97 120
183600 97 123
183600 97 121
183600 115 120
183600 120 121
183900 3 120
183900 6 123
183900 6 58
183900 6 120
183900 7 34
183900 10 32
183900 10 57
183900 11 58
183900 12 51
183900 20 45
183900 23 121
183900 30 120
183900 30 90
183900 30 57
183900 32 72
183900 32 123
183900 32 34
183900 32 58
183900 34 90
183900 34 60
183900 36 58
183900 36 120
183900 37 115
183900 39 45
183900 41 45
183900 45 51
183900 50 120
183900 51 98
183900 57 98
183900 59 121
183900 63 83
183900 77 121
183900 120 121
184200 3 120
184200 6 123
184200 6 20
184200 6 51
184200 10 57
184200 11 58
184200 12 51
184200 20 45
184200 27 98
184200 30 57
184200 30 67
184200 36 120
184200 37 115
184200 39 45
184200 45 51
184200 50 120
184200 51 98
184200 57 98
184200 57 87
184200 59 121
184200 63 83
184500 3 120
184500 4 57
184500 6 20
184500 6 51
184500 6 30
184500 10 32
184500 10 57
184500 11 58
184500 20 45
184500 22 24
184500 27 98
184500 27 67
184500 30 67
184500 30 120
184500 34 90
184500 50 120
184500 51 121
184500 57 98
184500 59 121
184500 63 83
184500 77 121
184500 80 121
184800 3 120
184800 4 64
184800 6 30
184800 6 20
184800 11 58
184800 20 45
184800 30 67
184800 34 90
184800 42 90
184800 45 93
184800 59 121
184800 62 67
184800 77 121
184800 80 121
185100 0 67
185100 4 64
185100 10 32
185100 11 58
185100 28 80
185100 34 90
185100 45 93
185100 57 98
185100 59 121
185100 62 67
185100 77 109
185100 80 121
185400 4 64
185400 6 30
185400 8 84
185400 10 32
185400 11 58
185400 34 90
185400 59 121
185400 62 67
185400 67 120
185700 1 6
185700 6 30
185700 6 36
185700 8 84
185700 10 32
185700 34 90
185700 57 98
185700 62 67
185700 67 120
186000 1 67
186000 6 36
186000 6 45
186000 8 84
186000 10 32
186000 42 67
186000 57 98
186000 68 90
186300 1 62
186300 6 45
186300 6 43
186300 8 84
186300 10 32
186300 13 33
186300 27 90
186300 27 32
186300 42 67
186300 43 67
186300 68 83
186600 1 62
186600 6 43
186600 6 33
186600 8 84
186600 13 33
186600 42 67
186600 57 98
186600 68 101
186600 69 84
186900 1 62
186900 1 6
186900 6 33
186900 21 58
186900 42 67
186900 68 69
186900 69 84
187200 1 6
187200 4 19
187200 6 33
187200 42 67
187200 68 101
187500 4 19
187500 4 39
187500 39 90
187500 68 101
187800 12 47
187800 19 91
187800 19 53
187800 22 90
187800 22 122
187800 29 38
187800 38 52
187800 42 67
187800 110 122
188100 4 39
188100 19 53
188100 19 57
188100 29 94
188100 61 64
188400 4 118
188400 19 53
188400 19 57
188400 21 64
188400 54 78
188400 54 111
188400 55 97
188400 62 118
188400 64 118
188400 86 118
188700 4 118
188700 16 121
188700 21 64
188700 29 54
188700 38 64
188700 48 121
188700 54 62
188700 62 118
188700 78 118
188700 86 118
189000 4 118
189000 4 115
189000 12 18
189000 12 29
189000 21 64
189000 29 115
189000 29 66
189000 29 33
189000 29 110
189300 4 118
189300 12 18
189300 12 33
189300 16 121
189300 25 48
189300 29 66
189300 29 33
189300 29 110
189300 38 64
189300 44 91
189300 60 112
189300 100 115
189600 1 26
189600 4 118
189600 12 33
189600 16 100
189600 20 111
189600 24 96
189600 26 59
189600 29 66
189600 44 91
189600 50 101
189600 63 105
189600 90 105
189900 4 118
189900 5 124
189900 12 27
189900 16 53
189900 24 96
189900 29 33
189900 29 66
189900 43 105
189900 50 101
189900 86 114
189900 101 124
190200 4 118
190200 20 111
190200 20 31
190200 29 66
190200 40 50
190200 50 54
190200 86 100
190500 11 86
190500 11 98
190500 11 38
190500 16 100
190500 29 66
190500 40 50
190500 43 98
190500 47 86
190500 50 86
190500 86 100
190500 98 119
190800 3 62
190800 4 118
190800 4 43
190800 4 10
190800 4 100
190800 4 73
190800 4 38
190800 4 45
190800 4 97
190800 16 97
190800 29 66
190800 33 34
190800 40 50
190800 43 98
190800 45 90
190800 47 86
190800 86 100
190800 92 97
191100 0 38
191100 0 47
191100 0 4
191100 3 62
191100 3 45
191100 4 100
191100 18 27
191100 24 117
191100 24 25
191100 33 34
191100 37 45
191100 39 73
191100 47 86
191400 0 38
191400 0 4
191400 0 47
191400 0 117
191400 3 62
191400 3 45
191400 4 100
191400 4 38
191400 4 45
191400 4 24
191400 4 67
191400 8 25
191400 24 25
191400 24 50
191400 27 117
191400 38 47
191400 51 117
191400 59 101
191400 92 112
191700 0 4
191700 4 45
191700 4 100
191700 4 24
191700 8 25
191700 16 24
191700 18 27
191700 24 50
191700 24 47
191700 24 35
191700 25 47
191700 25 34
191700 34 59
191700 35 66
191700 45 114
191700 45 101
191700 51 100
191700 59 114
191700 62 96
191700 62 98
191700 92 112
191700 105 123
192000 15 24
192000 21 25
192000 24 50
192000 24 62
192000 24 25
192000 25 68
192000 34 59
192000 35 66
192000 45 114
192000 47 69
192000 62 96
192000 66 112
192000 105 123
192300 1 106
192300 1 8
192300 21 25
192300 24 25
192300 24 66
192300 25 68
192300 34 59
192300 42 62
192300 42 52
192300 52 106
192300 59 60
192300 73 98
192300 74 106
192300 105 123
192300 106 124
192300 106 112
192600 0 112
192600 1 106
192600 17 73
192600 17 112
192600 19 73
192600 22 112
192600 33 112
192600 34 59
192600 42 62
192600 47 52
192600 52 112
192600 59 60
192600 73 98
192600 74 106
192600 105 123
192600 106 112
192900 0 112
192900 0 107
192900 4 34
192900 17 112
192900 18 21
192900 22 112
192900 33 112
192900 42 62
192900 42 52
192900 42 47
192900 47 52
192900 47 107
192900 52 112
193200 0 112
193200 3 17
193200 4 83
193200 17 112
193200 17 62
193200 17 54
193200 17 70
193200 17 56
193200 17 82
193200 42 62
193200 42 47
193200 47 52
193200 77 83
193500 0 112
193500 3 17
193500 4 83
193500 6 114
193500 6 42
193500 6 30
193500 11 114
193500 11 30
193500 17 82
193500 17 79
193500 17 30
193500 17 34
193500 22 90
193500 30 82
193500 30 70
193500 34 99
193500 34 82
193500 42 62
193500 42 106
193500 47 52
193500 56 114
193500 61 82
193500 61 73
193500 61 99
193500 72 82
193500 77 83
193500 79 101
193500 99 114
193800 0 112
193800 4 83
193800 4 118
193800 6 42
193800 6 30
193800 6 114
193800 7 30
193800 8 83
193800 11 30
193800 11 114
193800 17 30
193800 17 34
193800 22 72
193800 22 62
193800 22 79
193800 25 26
193800 26 42
193800 30 70
193800 30 82
193800 30 42
193800 30 37
193800 37 42
193800 46 122
193800 52 83
193800 54 72
193800 54 62
193800 61 99
193800 62 106
193800 62 72
193800 62 85
193800 72 90
193800 79 101
193800 79 82
193800 99 114
193800 101 114
194100 6 114
194100 6 30
194100 7 58
194100 11 30
194100 12 32
194100 17 34
194100 21 82
194100 25 72
194100 26 42
194100 30 37
194100 31 82
194100 32 56
194100 34 82
194100 34 88
194100 37 42
194100 42 71
194100 52 72
194100 54 62
194100 54 72
194100 56 62
194100 61 99
194100 61 82
194100 61 79
194100 62 72
194100 62 85
194100 71 79
194100 72 82
194100 72 79
194100 79 101
194100 99 114
194400 0 62
194400 0 20
194400 6 114
194400 6 88
194400 20 31
194400 20 99
194400 21 82
194400 31 82
194400 31 71
194400 31 85
194400 32 56
194400 34 82
194400 34 88
194400 34 61
194400 37 42
194400 52 72
194400 56 62
194400 61 79
194400 61 62
194400 61 82
194400 61 105
194400 62 72
194400 71 79
194400 71 72
194400 72 82
194400 99 114
194700 0 62
194700 0 82
194700 6 72
194700 11 30
194700 20 31
194700 21 82
194700 21 99
194700 31 85
194700 31 82
194700 32 56
194700 34 82
194700 34 61
194700 34 72
194700 35 101
194700 37 42
194700 39 74
194700 39 99
194700 42 61
194700 55 72
194700 56 64
194700 56 101
194700 61 62
194700 61 82
194700 61 72
194700 71 79
194700 79 116
194700 82 85
194700 82 95
194700 82 99
195000 6 72
195000 11 30
195000 14 62
195000 21 82
195000 21 99
195000 30 52
195000 31 82
195000 31 71
195000 31 85
195000 37 42
195000 39 74
195000 39 99
195000 42 61
195000 52 53
195000 56 64
195000 61 105
195000 82 99
195000 85 99
195000 92 107
195000 103 114
195000 122 124
195300 6 72
195300 15 27
195300 21 62
195300 21 53
195300 25 53
195300 25 72
195300 27 95
195300 27 88
195300 31 82
195300 31 85
195300 39 74
195300 42 61
195300 52 53
195300 53 95
195300 53 116
195300 61 105
195300 82 99
195600 6 72
195600 15 53
195600 21 99
195600 21 62
195600 25 53
195600 25 72
195600 27 95
195600 39 99
195600 39 65
195600 53 95
195600 53 116
195600 53 71
195600 53 72
195600 53 65
195600 65 72
195600 71 92
195600 71 88
195600 82 99
195600 85 99
195600 92 107
195900 6 65
195900 6 56
195900 6 27
195900 15 53
195900 25 72
195900 25 27
195900 27 29
195900 36 56
195900 39 65
195900 49 71
195900 53 65
195900 53 95
195900 53 71
195900 56 65
195900 65 72
195900 71 92
195900 87 116
196200 6 56
196200 15 53
196200 23 106
196200 25 72
196200 30 36
196200 36 56
196200 36 106
196200 36 87
196200 39 65
196200 53 65
196200 53 71
196200 53 69
196200 56 65
196200 56 106
196200 56 72
196200 67 87
196200 87 106
196500 6 53
196500 9 36
196500 15 53
196500 23 106
196500 24 67
196500 33 36
196500 36 106
196500 36 56
196500 36 68
196500 53 71
196500 53 109
196500 53 107
196500 56 106
196500 56 65
196500 68 69
196500 68 107
196500 82 107
196500 87 116
196500 97 106
196500 97 107
196800 6 53
196800 10 20
196800 10 42
196800 23 106
196800 37 49
196800 47 65
196800 49 53
196800 49 68
196800 49 70
196800 53 109
196800 53 107
196800 53 90
196800 56 72
196800 65 68
196800 65 97
196800 68 69
196800 68 106
196800 71 97
196800 82 107
196800 97 106
196800 97 107
197100 6 53
197100 10 20
197100 12 70
197100 13 122
197100 20 122
197100 22 33
197100 32 109
197100 32 37
197100 37 49
197100 46 47
197100 49 68
197100 49 70
197100 53 109
197100 56 72
197100 68 106
197100 68 107
197100 68 69
197100 82 107
197100 96 97
197100 97 106
197100 97 100
197400 12 70
197400 13 122
197400 20 122
197400 28 33
197400 32 109
197400 32 37
197400 33 68
197400 43 82
197400 43 97
197400 46 47
197400 49 70
197400 55 97
197400 56 72
197400 68 69
197400 68 112
197400 68 97
197400 72 100
197400 97 100
197400 97 107
197700 28 46
197700 28 38
197700 32 109
197700 55 97
197700 56 72
197700 73 90
197700 88 90
197700 97 107
198000 4 112
198000 6 68
198000 6 90
198000 10 12
198000 13 122
198000 28 33
198000 28 46
198000 31 108
198000 34 108
198000 73 90
198000 88 90
198000 90 108
198000 108 112
198300 6 68
198300 6 90
198300 10 12
198300 10 100
198300 10 122
198300 28 122
198300 31 108
198300 31 100
198300 32 100
198300 34 108
198300 108 112
198600 1 100
198600 6 68
198600 10 122
198600 28 122
198600 28 44
198600 31 108
198600 32 100
198600 44 83
198900 1 100
198900 6 68
198900 10 122
198900 28 122
198900 36 102
198900 36 83
198900 44 117
198900 61 102
199200 6 68
199200 28 122
199200 31 108
199200 36 83
199200 61 102
199200 102 116
199200 118 122
199500 28 122
199500 36 83
199500 38 88
199500 44 117
199500 51 95
199500 68 108
199500 76 104
199500 78 109
199800 4 30
199800 11 36
199800 18 109
199800 44 117
199800 61 102
199800 68 108
199800 76 104
199800 78 109
200100 18 109
200100 28 122
200100 51 95
200100 61 102
200100 68 104
200100 78 109
200400 2 7
200400 7 77
200400 18 109
200400 68 104
200400 74 76
200400 78 109
200400 97 123
200700 2 7
200700 6 78
200700 18 109
200700 68 104
200700 93 110
200700 97 123
201000 68 104
201000 75 92
201000 78 109
201000 84 88
201000 93 110
201000 95 122
201000 97 123
201300 7 57
201300 36 45
201300 93 110
201600 7 57
201600 10 122
201600 22 23
201600 41 60
201600 57 59
201600 59 60
201600 68 104
201600 75 92
201600 86 102
201900 6 11
201900 7 57
201900 7 22
201900 10 122
201900 11 80
201900 22 23
201900 34 102
201900 41 60
201900 41 100
201900 75 92
202200 0 73
202200 0 11
202200 3 41
202200 5 80
202200 5 73
202200 6 41
202200 7 11
202200 7 44
202200 10 122
202200 11 121
202200 16 73
202200 22 23
202200 41 52
202200 51 73
202200 57 80
202200 68 104
202200 75 92
202200 86 102
202500 0 23
202500 0 98
202500 0 100
202500 5 80
202500 6 11
202500 22 23
202500 22 104
202500 23 90
202500 23 91
202500 23 120
202500 34 102
202500 57 80
202800 5 80
202800 6 11
202800 14 27
202800 14 100
202800 22 23
202800 23 120
202800 23 90
202800 23 124
202800 34 51
202800 51 73
202800 68 104
202800 72 124
202800 86 102
203100 5 80
203100 5 27
203100 5 124
203100 6 11
203100 22 83
203100 68 104
203400 6 11
203400 7 69
203400 22 23
203400 51 73
203400 71 83
203400 71 73
203400 92 94
203700 6 11
203700 6 69
203700 27 75
203700 71 73
203700 71 116
203700 71 75
203700 73 98
203700 73 94
203700 73 84
203700 73 75
204000 16 95
204000 21 106
204000 27 75
204000 33 62
204000 35 96
204000 71 73
204000 95 122
204000 95 102
204300 16 57
204300 21 106
204300 32 88
204300 33 62
204300 33 66
204600 16 57
204600 33 56
204600 45 89
204600 59 62
204600 89 105
204600 105 114
204900 16 57
204900 50 103
204900 57 114
204900 66 101
204900 114 116
205200 16 57
205200 57 103
205200 57 99
205200 105 114
205200 108 117
205200 114 116
205500 21 104
205500 21 78
205500 33 68
205500 46 78
205500 55 99
205500 57 103
205500 78 99
205500 89 99
205800 57 103
205800 68 103
205800 68 116
206100 2 89
206100 89 99
206400 68 103
206700 2 62
206700 42 91
206700 62 91
206700 89 99
207000 2 62
207000 42 91
207000 68 69
207300 2 62
207300 62 72
207600 62 72
208200 37 89
208500 32 92
208500 32 83
208800 0 118
208800 11 118
208800 114 116
211800 27 68
211800 29 47
211800 68 81
212700 98 110
253500 116 118
253800 28 93
253800 28 98
253800 93 98
253800 98 124
254100 28 98
254100 28 93
254100 93 98
254700 27 119
254700 28 119
255000 17 82
255000 66 82
255300 17 82
255300 34 102
255600 34 102
255600 34 73
255900 48 73
256500 89 117
256500 95 115
256800 45 87
256800 66 114
256800 79 89
256800 95 115
257100 39 45
257100 79 89
257400 79 89
257700 11 103
257700 32 97
257700 79 89
258000 11 103
258300 10 51
258600 10 122
259500 14 38
259500 55 92
259500 55 79
259800 9 92
259800 21 92
259800 21 72
259800 55 92
259800 62 91
259800 66 91
259800 72 92
259800 92 108
260100 9 90
260100 9 108
260100 21 92
260100 21 72
260100 27 62
260100 55 92
260100 62 120
260100 72 122
260100 90 122
260100 109 122
260100 120 122
260100 122 123
260400 2 23
260400 2 83
260400 5 107
260400 7 56
260400 10 72
260400 21 72
260400 23 49
260400 23 43
260400 27 62
260400 29 83
260400 34 122
260400 34 110
260400 55 122
260400 56 91
260700 2 23
260700 2 83
260700 6 80
260700 9 108
260700 10 72
260700 11 95
260700 24 89
260700 24 55
260700 33 80
260700 34 110
260700 55 92
260700 55 120
260700 55 80
260700 61 80
260700 89 98
260700 95 120
260700 98 124
260700 107 124
260700 120 122
261000 2 120
261000 7 56
261000 8 98
261000 9 108
261000 10 72
261000 23 49
261000 24 55
261000 24 51
261000 26 31
261000 30 51
261000 30 76
261000 34 110
261000 51 120
261000 51 111
261000 55 120
261000 76 91
261000 80 111
261000 82 123
261000 89 98
261000 91 120
261000 102 111
261000 107 124
261300 0 9
261300 2 83
261300 11 102
261300 15 102
261300 16 98
261300 24 55
261300 24 51
261300 29 55
261300 34 110
261300 44 55
261300 55 80
261300 55 102
261300 55 98
261300 55 120
261300 62 90
261300 72 90
261300 74 90
261300 76 91
261300 80 111
261300 81 90
261300 82 123
261300 89 98
261300 90 112
261300 90 102
261300 102 111
261300 107 124
261600 0 9
261600 2 112
261600 2 64
261600 2 61
261600 11 102
261600 11 72
261600 15 102
261600 15 97
261600 16 98
261600 17 79
261600 29 55
261600 34 110
261600 34 61
261600 55 98
261600 59 105
261600 59 90
261600 63 113
261600 72 90
261600 81 90
261600 89 98
261600 90 112
261600 90 102
261600 90 105
261600 95 111
261600 102 111
261600 107 124
261900 2 111
261900 2 105
261900 2 65
261900 7 65
261900 11 72
261900 17 79
261900 21 71
261900 21 64
261900 27 111
261900 27 79
261900 34 110
261900 36 65
261900 40 98
261900 46 111
261900 55 98
261900 59 90
261900 62 79
261900 62 65
261900 64 111
261900 66 79
261900 67 79
261900 72 90
261900 79 111
261900 81 90
261900 89 98
261900 90 112
261900 95 111
261900 107 124
262200 2 105
262200 2 115
262200 2 79
262200 2 67
262200 4 105
262200 4 99
262200 17 79
262200 21 71
262200 21 40
262200 21 79
262200 27 79
262200 27 111
262200 27 40
262200 30 99
262200 66 79
262200 67 79
262200 67 99
262200 79 99
262200 80 99
262200 89 98
262200 90 112
262200 95 111
262200 107 124
262500 2 115
262500 2 97
262500 4 99
262500 4 105
262500 11 15
262500 13 15
262500 15 61
262500 15 19
262500 15 91
262500 15 95
262500 17 79
262500 21 71
262500 21 79
262500 27 79
262500 30 105
262500 30 95
262500 61 123
262500 71 97
262500 73 97
262500 89 98
262500 107 124
262800 2 115
262800 2 39
262800 4 105
262800 15 95
262800 22 121
262800 30 39
262800 30 60
262800 32 77
262800 61 123
262800 80 99
262800 89 98
263100 2 112
263100 2 4
263100 2 30
263100 2 63
263100 2 51
263100 7 123
263100 15 95
263100 15 91
263100 22 121
263100 27 44
263100 32 34
263100 51 111
263100 51 57
263100 51 101
263100 51 91
263100 57 63
263100 61 123
263100 63 87
263100 83 107
263100 89 98
263400 0 87
263400 2 30
263400 2 63
263400 15 91
263400 22 121
263400 32 77
263400 32 34
263400 51 101
263400 57 63
263400 63 87
263400 64 81
263400 69 104
263400 89 98
263400 107 122
263700 2 4
263700 2 30
263700 2 112
263700 2 63
263700 3 42
263700 7 123
263700 38 50
263700 42 64
263700 51 57
263700 57 63
263700 61 123
263700 69 104
263700 84 105
263700 89 98
264000 2 30
264000 2 4
264000 2 112
264000 7 123
264000 22 40
264000 26 28
264000 32 77
264000 57 63
264000 61 123
264000 64 81
264000 68 104
264300 2 30
264300 3 42
264300 7 123
264300 19 116
264300 23 37
264300 26 28
264300 32 77
264300 37 116
264300 44 119
264300 61 123
264300 64 81
264300 64 116
264300 111 119
264300 116 119
264600 0 35
264600 2 4
264600 3 42
264600 7 123
264600 12 99
264600 19 116
264600 26 28
264600 52 104
264600 64 81
264600 64 116
264600 69 110
264600 116 119
264900 10 95
264900 10 35
264900 12 99
264900 19 116
264900 23 37
264900 37 116
264900 64 116
264900 111 119
264900 116 119
265200 0 35
265200 19 116
265200 26 28
265200 53 77
265200 55 85
265200 64 81
265200 64 116
265200 70 89
265200 105 119
265500 2 88
265500 10 35
265500 19 89
265500 23 37
265500 37 116
265500 44 88
265500 44 114
265500 44 89
265500 51 82
265500 53 77
265500 76 77
265500 89 107
265500 105 119
265800 2 29
265800 19 116
265800 19 89
265800 29 94
265800 37 116
265800 44 114
265800 50 90
265800 51 82
265800 53 77
265800 58 94
265800 105 119
266100 1 66
266100 42 91
266100 44 89
266100 44 114
266100 50 90
266100 51 82
266100 52 90
266100 53 77
266100 76 77
266100 105 119
266400 42 91
266400 44 114
266400 51 82
266400 58 94
266400 77 88
266400 97 101
266400 105 119
266700 7 95
266700 7 48
266700 42 91
266700 44 114
266700 48 97
266700 50 90
266700 58 94
266700 77 88
266700 86 103
266700 112 116
267000 24 51
267000 36 82
267000 48 97
267000 49 70
267000 50 90
267000 51 70
267000 70 94
267000 79 82
267000 86 103
267000 94 114
267300 10 16
267300 11 76
267300 16 94
267300 16 109
267300 16 116
267300 16 27
267300 16 17
267300 16 62
267300 16 32
267300 17 69
267300 17 79
267300 24 49
267300 62 116
267300 63 94
267300 86 103
267600 3 117
267600 10 16
267600 10 17
267600 10 65
267600 16 32
267600 16 17
267600 16 62
267600 16 48
267600 16 120
267600 16 101
267600 17 62
267600 17 117
267600 17 73
267600 23 53
267600 23 94
267600 27 115
267600 27 73
267600 48 97
267600 48 69
267600 48 73
267600 48 65
267600 49 80
267600 49 117
267600 49 69
267600 51 117
267600 62 116
267600 65 69
267600 69 79
267600 69 80
267600 86 103
267600 94 114
267900 4 87
267900 7 73
267900 10 28
267900 10 73
267900 14 97
267900 16 120
267900 16 32
267900 16 62
267900 17 117
267900 17 76
267900 17 103
267900 23 94
267900 23 53
267900 23 48
267900 27 115
267900 48 73
267900 48 102
267900 48 117
267900 49 117
267900 49 69
267900 51 117
267900 63 89
267900 65 69
267900 73 77
267900 74 82
267900 76 99
267900 77 102
267900 82 102
267900 82 99
267900 86 103
267900 89 117
267900 94 114
267900 94 99
267900 97 99
267900 99 117
268200 3 82
268200 3 99
268200 4 87
268200 7 73
268200 10 28
268200 10 17
268200 10 73
268200 11 82
268200 16 120
268200 16 61
268200 17 62
268200 44 61
268200 48 102
268200 49 69
268200 49 77
268200 49 52
268200 52 93
268200 56 73
268200 58 69
268200 73 77
268200 73 99
268200 73 82
268200 73 123
268200 76 99
268200 77 102
268200 77 99
268200 77 105
268200 82 102
268200 86 103
268200 94 99
268200 99 117
268500 2 43
268500 3 82
268500 4 87
268500 4 51
268500 7 73
268500 10 73
268500 11 82
268500 11 45
268500 11 97
268500 11 28
268500 16 120
268500 16 94
268500 16 45
268500 24 82
268500 24 51
268500 24 89
268500 28 73
268500 28 45
268500 28 51
268500 44 61
268500 45 88
268500 45 97
268500 56 73
268500 61 77
268500 73 77
268500 73 123
268500 73 82
268500 73 88
268500 83 94
268800 2 43
268800 3 82
268800 4 51
268800 7 73
268800 10 36
268800 10 82
268800 11 97
268800 11 82
268800 11 45
268800 11 110
268800 11 59
268800 11 92
268800 11 111
268800 16 120
268800 17 63
268800 17 83
268800 24 51
268800 27 55
268800 28 45
268800 28 36
268800 44 61
268800 45 88
268800 45 97
268800 45 110
268800 45 111
268800 45 82
268800 51 97
268800 51 84
268800 55 87
268800 56 73
268800 58 69
268800 59 83
268800 73 82
268800 73 97
268800 82 94
268800 83 94
269100 2 43
269100 2 70
269100 3 26
269100 3 61
269100 3 23
269100 4 51
269100 4 87
269100 10 29
269100 11 97
269100 11 111
269100 11 92
269100 11 45
269100 11 69
269100 11 112
269100 15 119
269100 23 83
269100 23 61
269100 26 63
269100 26 75
269100 28 45
269100 28 73
269100 45 111
269100 45 82
269100 45 88
269100 51 97
269100 51 84
269100 51 76
269100 51 65
269100 51 60
269100 59 60
269100 60 61
269100 61 65
269100 65 97
269100 73 82
269100 73 88
269100 73 77
269100 79 97
269100 83 84
269400 2 70
269400 4 87
269400 9 123
269400 9 87
269400 9 72
269400 9 26
269400 9 23
269400 10 29
269400 11 97
269400 23 119
269400 23 99
269400 23 123
269400 25 26
269400 26 63
269400 26 96
269400 27 66
269400 28 45
269400 32 87
269400 38 66
269400 38 115
269400 45 111
269400 45 82
269400 61 72
269400 65 97
269400 66 105
269400 66 119
269400 72 87
269400 72 123
269400 73 82
269400 79 97
269700 0 19
269700 1 103
269700 1 24
269700 1 23
269700 3 26
269700 3 72
269700 4 87
269700 6 120
269700 9 85
269700 9 26
269700 9 24
269700 9 14
269700 10 29
269700 14 79
269700 19 23
269700 19 26
269700 19 102
269700 23 123
269700 23 119
269700 23 99
269700 23 103
269700 23 53
269700 23 25
269700 24 79
269700 26 96
269700 26 103
269700 26 86
269700 26 98
269700 26 106
269700 28 45
269700 38 115
269700 38 66
269700 38 105
269700 61 72
269700 65 97
269700 72 87
269700 73 82
269700 79 97
269700 79 98
269700 87 123
269700 98 103
269700 102 103
270000 1 23
270000 1 103
270000 1 59
270000 1 123
270000 1 24
270000 1 102
270000 9 26
270000 9 14
270000 9 24
270000 10 29
270000 19 23
270000 19 26
270000 19 30
270000 23 103
270000 23 119
270000 23 45
270000 24 79
270000 24 107
270000 24 102
270000 24 25
270000 24 120
270000 25 103
270000 26 96
270000 26 103
270000 27 66
270000 36 110
270000 43 59
270000 45 73
270000 51 79
270000 51 123
270000 51 61
270000 51 102
270000 59 110
270000 59 79
270000 59 82
270000 61 72
270000 72 87
270000 73 82
270000 73 87
270000 79 97
270000 87 110
270000 87 102
270000 87 123
270000 98 103
270000 102 103
270000 103 123
270300 1 123
270300 6 120
270300 9 14
270300 10 29
270300 14 79
270300 19 30
270300 19 26
270300 19 98
270300 19 32
270300 19 110
270300 19 123
270300 19 59
270300 19 55
270300 23 123
270300 23 103
270300 23 53
270300 23 45
270300 23 119
270300 24 79
270300 24 102
270300 25 103
270300 26 96
270300 26 103
270300 28 59
270300 28 98
270300 33 123
270300 33 45
270300 35 98
270300 35 51
270300 36 96
270300 38 40
270300 39 59
270300 39 120
270300 40 102
270300 45 73
270300 51 79
270300 51 123
270300 51 61
270300 59 79
270300 59 82
270300 59 110
270300 59 123
270300 59 98
270300 61 72
270300 73 82
270300 73 110
270300 79 97
270300 79 98
270300 96 103
270300 96 110
270300 98 123
270300 103 110
270300 110 123
270600 9 45
270600 10 29
270600 14 55
270600 19 30
270600 19 55
270600 23 119
270600 23 45
270600 27 66
270600 27 61
270600 28 59
270600 31 32
270600 35 51
270600 35 98
270600 36 96
270600 39 59
270600 46 96
270600 51 61
270600 53 96
270600 59 82
270600 61 72
270900 9 14
270900 9 45
270900 10 29
270900 14 45
270900 19 55
270900 23 119
270900 23 123
270900 23 45
270900 27 61
270900 27 66
270900 31 32
270900 32 90
270900 35 98
270900 36 96
270900 38 51
270900 51 61
270900 54 76
270900 61 100
271200 9 45
271200 9 23
271200 15 63
271200 23 119
271200 23 45
271200 32 90
271200 38 51
271200 41 62
271200 51 61
271200 51 58
271200 54 76
271200 76 96
271200 90 100
271500 9 45
271500 15 65
271500 32 90
271500 36 96
271500 38 51
271500 41 62
271500 51 61
271500 51 58
271500 55 90
271500 76 96
271800 15 65
271800 15 51
271800 32 90
271800 32 51
271800 32 96
271800 38 51
271800 39 45
271800 39 61
271800 51 58
271800 51 62
271800 76 96
272100 32 51
272100 36 96
272100 36 104
272100 36 66
272100 38 51
272100 39 61
272100 51 61
272100 51 62
272100 76 96
272400 10 36
272400 36 66
272400 36 96
272400 36 107
272400 37 48
272400 38 51
272400 51 58
