0 10 49
0 10 42
0 11 76
0 17 83
0 40 77
0 50 97
0 53 86
0 59 106
0 63 124
0 79 114
0 91 104
300 22 50
300 40 77
300 50 86
300 50 63
300 53 86
300 59 106
300 79 114
300 83 91
300 91 104
600 3 106
600 11 34
600 34 118
600 40 77
600 40 100
600 77 95
600 83 91
600 83 110
600 91 104
600 97 100
600 101 111
900 3 106
900 10 59
900 10 81
900 11 34
900 40 77
900 53 77
900 54 113
900 54 110
900 60 120
900 83 104
900 91 104
900 101 111
1200 3 106
1200 5 10
1200 9 122
1200 10 59
1200 10 77
1200 11 34
1200 40 100
1200 40 77
1200 53 77
1200 53 94
1200 54 109
1200 54 77
1200 54 122
1200 77 114
1200 77 116
1200 77 87
1200 81 116
1200 83 110
1200 94 122
1200 109 122
1500 3 106
1500 9 122
1500 15 33
1500 15 122
1500 35 91
1500 40 100
1500 43 122
1500 49 94
1500 52 115
1500 52 72
1500 54 110
1500 59 114
1500 77 114
1500 81 116
1500 83 104
1500 83 110
1500 91 104
1500 109 122
1500 113 115
1500 115 122
1500 115 116
1500 116 122
1800 0 114
1800 3 106
1800 4 57
1800 5 10
1800 7 105
1800 9 122
1800 11 34
1800 15 122
1800 19 72
1800 33 72
1800 34 39
1800 35 91
1800 37 65
1800 39 64
1800 39 115
1800 47 114
1800 52 115
1800 57 115
1800 65 96
1800 72 115
1800 83 110
1800 83 104
1800 91 115
1800 104 115
1800 109 122
1800 110 115
1800 116 122
2100 4 106
2100 7 105
2100 9 122
2100 11 34
2100 15 122
2100 19 31
2100 19 120
2100 19 63
2100 19 65
2100 19 27
2100 29 39
2100 35 91
2100 39 64
2100 39 114
2100 39 55
2100 39 120
2100 50 79
2100 63 105
2100 72 115
2100 77 114
2100 82 105
2100 83 110
2100 90 105
2100 91 105
2100 109 122
2100 116 122
2400 7 105
2400 9 36
2400 19 120
2400 19 27
2400 21 118
2400 25 77
2400 29 106
2400 33 72
2400 36 124
2400 39 120
2400 39 87
2400 45 55
2400 45 64
2400 50 55
2400 51 65
2400 54 92
2400 55 65
2400 55 60
2400 55 77
2400 65 114
2400 77 114
2400 83 110
2400 87 124
2400 90 105
2400 91 105
2400 109 122
2700 5 40
2700 9 40
2700 9 12
2700 9 91
2700 9 58
2700 12 92
2700 15 118
2700 15 59
2700 15 92
2700 19 120
2700 19 27
2700 19 54
2700 21 60
2700 25 77
2700 29 106
2700 29 54
2700 45 55
2700 50 55
2700 51 65
2700 53 92
2700 54 92
2700 83 110
2700 88 91
2700 90 105
2700 91 105
2700 92 122
2700 92 94
2700 109 122
3000 8 92
3000 9 58
3000 9 91
3000 15 92
3000 15 118
3000 15 59
3000 15 44
3000 15 90
3000 15 40
3000 19 54
3000 19 120
3000 19 27
3000 21 118
3000 22 122
3000 29 54
3000 29 91
3000 45 64
3000 50 55
3000 52 108
3000 66 72
3000 83 110
3000 88 91
3000 90 108
3000 91 92
3000 92 94
3000 95 113
3000 108 124
3000 109 122
3300 4 119
3300 8 9
3300 9 58
3300 9 91
3300 9 40
3300 9 46
3300 9 105
3300 9 22
3300 9 119
3300 15 59
3300 21 60
3300 21 90
3300 21 29
3300 22 122
3300 22 119
3300 29 54
3300 29 106
3300 45 64
3300 52 108
3300 83 110
3300 88 91
3300 90 108
3300 92 94
3300 104 124
3300 108 124
3300 108 119
3600 4 119
3600 9 119
3600 9 46
3600 19 54
3600 21 29
3600 22 119
3600 22 122
3600 26 91
3600 29 54
3600 29 119
3600 29 101
3600 29 60
3600 37 90
3600 45 64
3600 50 55
3600 52 108
3600 52 91
3600 60 90
3600 64 116
3600 67 72
3600 72 116
3600 90 108
3600 91 92
3600 93 108
3600 104 124
3900 4 119
3900 9 46
3900 9 58
3900 9 119
3900 15 59
3900 19 97
3900 19 108
3900 19 60
3900 21 29
3900 22 122
3900 22 108
3900 26 91
3900 26 98
3900 26 96
3900 28 90
3900 28 72
3900 29 60
3900 31 108
3900 37 90
3900 59 93
3900 59 110
3900 60 90
3900 63 119
3900 67 72
3900 72 116
3900 76 90
3900 76 109
3900 90 106
3900 91 92
3900 97 119
3900 108 119
3900 108 124
3900 108 109
4200 4 119
4200 9 46
4200 9 119
4200 12 49
4200 12 32
4200 15 59
4200 19 97
4200 21 29
4200 22 122
4200 26 98
4200 26 91
4200 29 60
4200 29 54
4200 37 90
4200 53 83
4200 59 110
4200 63 119
4200 67 72
4200 72 116
4200 91 92
4500 9 119
4500 15 59
4500 21 29
4500 26 91
4500 29 60
4500 31 108
4500 59 110
4500 60 90
4500 67 72
4500 72 116
4500 77 105
4500 82 103
4500 91 92
4800 6 40
4800 15 59
4800 19 97
4800 21 29
4800 29 60
4800 31 108
4800 35 116
4800 38 70
4800 43 96
4800 53 83
4800 53 96
4800 59 110
4800 72 116
4800 77 105
4800 82 103
4800 88 96
4800 96 97
5100 10 34
5100 15 59
5100 17 83
5100 21 29
5100 26 91
5100 38 70
5100 47 63
5100 59 110
5100 77 105
5100 82 103
5100 88 96
5100 91 92
5400 1 16
5400 10 34
5400 14 66
5400 15 59
5400 21 29
5400 31 108
5400 43 96
5400 66 83
5400 76 94
5400 77 105
5400 77 81
5400 82 103
5400 88 96
5400 96 97
5700 10 34
5700 18 60
5700 18 58
5700 26 91
5700 28 55
5700 59 110
5700 66 83
5700 76 94
5700 77 105
5700 82 103
5700 88 96
5700 99 103
6000 5 45
6000 10 34
6000 18 60
6000 21 29
6000 26 118
6000 28 55
6000 41 51
6000 51 74
6000 59 110
6000 76 94
6000 82 93
6000 99 103
6300 5 45
6300 10 34
6300 28 55
6300 36 109
6300 46 67
6300 67 78
6300 68 87
6300 82 93
6300 93 96
6600 28 55
6600 35 99
6600 36 109
6600 46 67
6600 46 66
6600 51 74
6600 64 115
6600 67 78
6600 76 94
6600 81 85
6600 82 93
6900 28 55
6900 29 63
6900 30 113
6900 46 67
6900 51 74
6900 61 74
6900 61 121
6900 67 78
7200 12 14
7200 28 55
7200 29 63
7200 46 66
7200 46 67
7200 48 56
7200 68 96
7500 10 80
7500 28 55
7500 46 67
7500 61 121
7500 64 117
7500 87 110
7500 113 123
7800 0 57
7800 0 30
7800 0 46
7800 0 10
7800 4 12
7800 4 10
7800 4 69
7800 8 110
7800 10 35
7800 10 46
7800 10 69
7800 10 92
7800 12 114
7800 36 92
7800 45 111
7800 45 76
7800 46 67
7800 61 121
7800 87 110
7800 92 110
7800 110 111
7800 111 121
8100 0 10
8100 0 30
8100 0 109
8100 4 69
8100 4 12
8100 4 109
8100 7 61
8100 8 109
8100 10 109
8100 10 67
8100 12 109
8100 28 55
8100 32 81
8100 32 45
8100 45 111
8100 45 76
8100 45 120
8100 45 61
8100 45 109
8100 61 109
8100 67 86
8100 67 109
8100 87 110
8100 92 109
8400 0 109
8400 0 30
8400 0 114
8400 0 41
8400 0 2
8400 0 33
8400 0 92
8400 0 37
8400 2 64
8400 4 12
8400 4 109
8400 8 109
8400 36 92
8400 37 92
8400 45 120
8400 45 61
8400 45 109
8400 45 76
8400 61 109
8400 72 112
8400 92 109
8700 0 30
8700 0 92
8700 36 92
8700 37 92
8700 42 119
8700 42 107
8700 42 44
8700 44 82
8700 44 107
8700 45 76
8700 46 107
8700 49 81
8700 61 109
8700 69 107
8700 74 82
8700 79 81
8700 82 92
8700 87 110
9000 0 92
9000 0 30
9000 2 64
9000 4 109
9000 4 121
9000 17 20
9000 20 38
9000 20 82
9000 20 121
9000 37 92
9000 40 82
9000 44 107
9000 44 82
9000 46 107
9000 49 81
9000 61 92
9000 69 107
9000 78 82
9000 79 82
9000 82 123
9000 82 92
9000 82 121
9000 82 110
9000 87 110
9000 92 107
9000 117 121
9300 0 92
9300 0 30
9300 2 64
9300 4 121
9300 20 38
9300 20 117
9300 20 107
9300 20 57
9300 20 106
9300 24 81
9300 35 107
9300 37 92
9300 40 82
9300 44 107
9300 46 107
9300 50 106
9300 57 92
9300 61 92
9300 65 122
9300 70 122
9300 82 92
9300 92 98
9300 92 106
9300 106 121
9300 106 107
9300 117 121
9600 0 30
9600 2 64
9600 3 20
9600 4 121
9600 14 70
9600 20 38
9600 20 106
9600 24 121
9600 26 87
9600 26 84
9600 33 65
9600 33 121
9600 35 107
9600 37 92
9600 38 106
9600 46 107
9600 50 106
9600 51 106
9600 57 92
9600 57 87
9600 57 113
9600 61 92
9600 65 84
9600 82 92
9600 92 98
9600 106 107
9600 117 121
9900 2 64
9900 3 20
9900 4 121
9900 14 70
9900 20 38
9900 20 117
9900 24 39
9900 26 84
9900 26 87
9900 33 121
9900 35 107
9900 37 92
9900 37 75
9900 42 65
9900 42 57
9900 45 60
9900 50 106
9900 51 106
9900 57 97
9900 57 121
9900 57 75
9900 65 84
9900 65 117
9900 65 75
9900 69 75
9900 71 100
9900 71 98
9900 75 100
9900 106 107
9900 106 121
10200 4 121
10200 13 45
10200 13 75
10200 14 70
10200 15 65
10200 26 87
10200 26 84
10200 33 121
10200 35 107
10200 37 92
10200 37 75
10200 38 106
10200 42 57
10200 43 88
10200 45 75
10200 45 124
10200 50 106
10200 51 106
10200 51 81
10200 51 75
10200 65 75
10200 65 117
10200 65 88
10200 75 81
10200 78 106
10500 2 64
10500 4 121
10500 11 27
10500 13 75
10500 13 45
10500 13 73
10500 13 47
10500 13 96
10500 13 65
10500 13 38
10500 14 70
10500 15 65
10500 20 124
10500 20 53
10500 26 84
10500 27 38
10500 35 107
10500 35 65
10500 38 106
10500 38 92
10500 38 75
10500 42 65
10500 45 75
10500 50 106
10500 51 106
10500 65 117
10500 65 88
10500 65 96
10500 71 98
10500 78 106
10500 84 96
10500 94 96
10800 4 121
10800 10 27
10800 10 98
10800 10 18
10800 10 37
10800 10 73
10800 10 46
10800 11 27
10800 13 38
10800 14 70
10800 15 65
10800 18 98
10800 18 75
10800 27 38
10800 27 96
10800 33 121
10800 37 75
10800 37 84
10800 38 92
10800 38 75
10800 45 75
10800 46 96
10800 46 98
10800 51 75
10800 65 117
10800 65 75
10800 65 98
10800 84 103
10800 92 98
11100 6 64
11100 6 92
11100 10 98
11100 10 27
11100 10 46
11100 10 37
11100 10 18
11100 11 64
11100 11 27
11100 13 38
11100 13 45
11100 15 65
11100 18 98
11100 27 96
11100 27 119
11100 27 111
11100 27 99
11100 27 28
11100 28 85
11100 28 46
11100 35 72
11100 37 75
11100 37 84
11100 38 108
11100 38 122
11100 38 92
11100 45 75
11100 46 98
11100 46 96
11100 46 64
11100 46 92
11100 52 53
11100 57 111
11100 63 66
11100 64 82
11100 64 92
11100 65 117
11100 91 112
11100 92 98
11100 92 108
11100 108 111
11100 112 122
11400 6 92
11400 6 64
11400 10 98
11400 10 27
11400 10 18
11400 13 38
11400 14 70
11400 14 63
11400 14 111
11400 15 28
11400 28 85
11400 28 46
11400 28 111
11400 35 72
11400 38 92
11400 38 108
11400 46 96
11400 57 111
11400 61 63
11400 63 66
11400 65 66
11400 92 98
11400 108 113
11700 6 92
11700 13 38
11700 14 63
11700 14 70
11700 14 111
11700 14 35
11700 15 65
11700 22 65
11700 35 98
11700 37 75
11700 38 92
11700 46 92
11700 57 111
11700 59 111
11700 61 63
11700 64 82
11700 65 66
11700 84 104
11700 92 108
11700 108 113
12000 1 22
12000 18 84
12000 22 98
12000 27 115
12000 35 98
12000 37 75
12000 46 92
12000 64 82
12000 65 66
12000 92 98
12000 108 113
12300 6 92
12300 22 98
12300 24 115
12300 46 57
12300 57 111
12300 57 115
12300 58 71
12300 58 83
12300 59 124
12300 64 82
12300 65 66
12600 1 22
12600 6 92
12600 22 98
12600 24 115
12600 24 71
12600 30 66
12600 57 83
12600 58 71
12600 58 83
12600 64 82
12600 65 66
12600 71 92
12600 83 93
12600 93 98
12900 21 118
12900 22 98
12900 22 105
12900 57 83
12900 58 71
12900 64 82
12900 66 120
12900 66 92
12900 66 83
12900 71 92
12900 93 98
13200 22 98
13200 35 122
13200 64 82
13200 65 122
13200 66 83
13200 71 92
13200 83 122
13200 92 101
13200 93 98
13200 100 114
13500 22 98
13500 53 98
13500 58 71
13500 64 83
13500 65 122
13500 65 114
13500 66 83
13500 66 92
13500 71 92
13500 93 98
13500 100 114
13500 100 122
13800 35 122
13800 42 114
13800 47 122
13800 53 98
13800 66 83
13800 66 71
13800 71 83
13800 93 98
13800 100 114
14100 9 66
14100 28 122
14100 47 122
14100 53 98
14100 66 83
14100 71 115
14100 100 114
14400 28 122
14400 42 78
14400 66 83
14400 66 71
14400 66 79
14400 71 115
14400 71 83
14400 100 114
14700 13 51
14700 13 80
14700 42 78
14700 47 122
14700 51 71
14700 66 71
14700 66 79
14700 78 120
14700 100 114
15000 1 25
15000 1 58
15000 1 6
15000 1 61
15000 6 15
15000 6 13
15000 6 40
15000 9 37
15000 13 80
15000 15 69
15000 37 115
15000 47 122
15000 61 69
15000 69 122
15000 78 120
15000 99 121
15300 1 25
15300 1 58
15300 1 10
15300 6 13
15300 9 10
15300 10 16
15300 10 121
15300 10 69
15300 10 75
15300 31 69
15300 37 115
15300 69 79
15300 78 120
15600 1 10
15600 1 58
15600 9 10
15600 10 121
15600 10 69
15600 13 112
15600 69 79
15600 78 120
15600 89 112
15900 1 10
15900 7 87
15900 9 10
15900 25 79
15900 28 52
15900 78 120
15900 78 111
15900 79 112
15900 89 112
16200 7 87
16200 9 10
16200 18 114
16200 21 62
16200 25 79
16200 44 82
16200 47 82
16200 58 108
16200 63 105
16200 78 120
16200 79 112
16200 82 88
16500 7 87
16500 7 28
16500 25 79
16500 58 108
16500 58 105
16500 64 88
16500 64 112
16500 64 78
16500 79 112
16800 7 31
16800 21 64
16800 24 95
16800 25 79
16800 31 74
16800 31 59
16800 31 105
16800 31 75
16800 31 117
16800 58 105
16800 58 108
16800 64 78
16800 64 112
16800 92 117
17100 4 96
17100 7 31
17100 12 75
17100 12 59
17100 12 96
17100 12 24
17100 20 67
17100 21 64
17100 28 93
17100 31 74
17100 31 59
17100 58 108
17100 58 105
17100 64 88
17100 75 90
17100 92 117
17400 0 59
17400 0 26
17400 6 82
17400 6 90
17400 6 72
17400 6 25
17400 6 122
17400 11 90
17400 11 26
17400 12 59
17400 26 118
17400 26 67
17400 26 90
17400 26 94
17400 31 74
17400 58 108
17400 58 105
17400 66 122
17400 75 90
17400 82 109
17400 90 122
17700 0 26
17700 0 61
17700 0 41
17700 6 82
17700 6 90
17700 6 122
17700 6 25
17700 11 26
17700 19 41
17700 25 41
17700 26 67
17700 28 112
17700 28 97
17700 28 41
17700 41 109
17700 41 61
17700 58 108
17700 66 122
17700 75 90
17700 82 109
17700 88 123
17700 88 97
18000 0 41
18000 6 25
18000 11 18
18000 25 41
18000 28 112
18000 28 41
18000 30 112
18000 31 74
18000 49 74
18000 58 108
18000 66 74
18000 68 73
18000 68 74
18000 68 112
18000 74 97
18000 74 99
18000 75 90
18000 82 109
18300 6 90
18300 6 122
18300 21 55
18300 30 112
18300 30 71
18300 31 71
18300 57 78
18300 58 108
18300 61 71
18300 68 74
18300 71 92
18300 71 109
18300 74 99
18300 82 109
18600 6 90
18600 7 99
18600 7 27
18600 7 92
18600 15 71
18600 16 71
18600 30 71
18600 61 122
18600 61 71
18600 71 109
18600 71 92
18600 71 82
18600 74 99
18600 75 90
18600 82 109
18600 97 99
18600 99 122
18900 7 27
18900 7 91
18900 7 19
18900 14 19
18900 16 53
18900 16 19
18900 19 63
18900 19 108
18900 30 71
18900 58 63
18900 61 122
18900 61 71
18900 71 92
18900 71 82
18900 71 108
18900 79 108
18900 82 109
18900 99 122
19200 7 92
19200 7 19
19200 7 14
19200 8 108
19200 14 19
19200 14 27
19200 16 19
19200 16 53
19200 19 108
19200 19 118
19200 19 27
19200 19 82
19200 46 91
19200 53 57
19200 53 118
19200 53 58
19200 61 122
19200 71 82
19200 82 118
19200 91 104
19200 91 118
19200 99 122
19500 0 7
19500 5 14
19500 7 27
19500 7 19
19500 7 92
19500 7 118
19500 7 59
19500 7 108
19500 14 27
19500 14 118
19500 16 53
19500 17 57
19500 19 118
19500 20 118
19500 36 118
19500 61 122
19500 68 122
19500 69 81
19500 81 118
19500 82 118
19500 91 118
19500 99 122
19500 116 122
19800 5 14
19800 7 108
19800 7 50
19800 7 99
19800 8 108
19800 12 100
19800 12 108
19800 14 19
19800 14 27
19800 14 118
19800 16 53
19800 17 99
19800 24 59
19800 38 97
19800 50 68
19800 53 57
19800 53 58
19800 68 122
19800 68 82
19800 99 122
20100 3 64
20100 5 14
20100 7 99
20100 7 19
20100 12 99
20100 14 19
20100 20 64
20100 24 78
20100 53 58
20100 53 123
20100 54 116
20100 64 119
20100 68 122
20100 68 82
20100 97 108
20100 99 122
20100 99 116
20100 99 123
20400 3 64
20400 5 100
20400 7 99
20400 7 20
20400 10 12
20400 10 74
20400 10 107
20400 12 100
20400 12 123
20400 12 16
20400 12 64
20400 12 74
20400 13 123
20400 14 19
20400 14 103
20400 16 103
20400 20 64
20400 20 54
20400 24 103
20400 38 83
20400 54 99
20400 54 123
20400 64 119
20400 66 123
20400 68 122
20400 74 107
20400 76 99
20400 99 123
20400 99 122
20400 99 116
20700 3 10
20700 5 14
20700 7 95
20700 9 25
20700 10 12
20700 10 107
20700 10 74
20700 10 11
20700 10 93
20700 10 103
20700 11 117
20700 12 100
20700 12 74
20700 12 123
20700 13 123
20700 14 103
20700 17 20
20700 20 64
20700 20 54
20700 20 35
20700 20 25
20700 20 51
20700 31 116
20700 41 103
20700 54 123
20700 66 123
20700 68 122
20700 74 107
20700 98 103
20700 99 122
21000 3 51
21000 5 51
21000 6 93
21000 6 98
21000 7 95
21000 10 11
21000 10 74
21000 10 12
21000 10 107
21000 10 64
21000 10 123
21000 11 117
21000 12 123
21000 13 123
21000 13 98
21000 20 54
21000 21 51
21000 64 119
21000 66 123
21000 68 93
21000 71 123
21000 74 107
21000 99 123
21000 99 122
21300 5 51
21300 10 107
21300 10 74
21300 10 12
21300 11 71
21300 20 64
21300 21 51
21300 62 79
21300 66 123
21300 71 98
21300 74 107
21300 74 84
21300 74 98
21300 79 98
21300 79 112
21300 99 122
21300 99 103
21600 5 51
21600 6 21
21600 10 107
21600 10 74
21600 10 12
21600 20 102
21600 21 51
21600 21 99
21600 21 107
21600 43 114
21600 51 71
21600 57 122
21600 66 95
21600 74 98
21600 74 84
21600 79 112
21900 5 51
21900 5 95
21900 6 21
21900 6 119
21900 10 107
21900 10 12
21900 11 119
21900 11 22
21900 20 102
21900 21 51
21900 21 32
21900 32 113
21900 32 58
21900 32 119
21900 32 84
21900 51 94
21900 58 61
21900 71 98
21900 98 119
21900 99 103
22200 2 95
22200 2 21
22200 5 51
22200 6 21
22200 10 12
22200 10 95
22200 10 74
22200 21 32
22200 32 84
22200 32 113
22200 38 95
22200 38 106
22200 43 114
22200 45 54
22200 61 94
22200 71 98
22200 73 94
22200 95 106
22200 98 119
22500 2 95
22500 2 15
22500 2 83
22500 2 49
22500 2 72
22500 10 12
22500 10 74
22500 21 32
22500 38 95
22500 38 106
22500 43 114
22500 45 54
22500 49 95
22500 49 61
22500 49 72
22500 52 113
22500 71 98
22500 98 119
22500 106 114
22800 2 49
22800 2 72
22800 2 83
22800 2 21
22800 2 15
22800 2 95
22800 7 95
22800 10 12
22800 10 54
22800 12 54
22800 15 103
22800 15 66
22800 15 83
22800 20 49
22800 26 55
22800 49 72
22800 49 61
22800 49 83
22800 52 53
22800 55 61
22800 98 119
23100 2 83
23100 7 83
23100 7 36
23100 26 103
23100 29 54
23100 33 53
23100 36 104
23100 36 124
23100 40 41
23100 49 61
23100 54 98
23100 95 104
23400 2 15
23400 2 72
23400 2 21
23400 2 49
23400 7 36
23400 19 43
23400 36 104
23400 36 124
23400 36 83
23400 49 61
23400 54 98
23400 83 107
23400 83 103
23400 95 104
23700 2 15
23700 2 49
23700 2 102
23700 7 36
23700 18 33
23700 36 124
23700 36 104
23700 49 61
23700 64 94
23700 64 105
23700 64 104
23700 64 98
23700 81 86
23700 83 102
23700 83 94
23700 95 104
23700 95 103
23700 102 121
24000 2 89
24000 7 36
24000 8 121
24000 18 72
24000 23 72
24000 33 113
24000 33 121
24000 33 86
24000 36 124
24000 39 111
24000 39 104
24000 45 86
24000 64 104
24000 64 105
24000 64 94
24000 64 98
24000 73 121
24000 83 94
24000 89 106
24000 102 121
24300 8 30
24300 23 72
24300 33 113
24300 36 124
24300 36 72
24300 39 104
24300 43 94
24300 45 86
24300 79 81
24300 81 94
24300 83 94
24300 89 106
24600 6 73
24600 33 113
24600 33 81
24600 33 56
24600 39 104
24600 39 64
24600 56 107
24600 56 83
24600 72 121
24600 89 98
24900 6 73
24900 29 39
24900 33 77
24900 33 81
24900 39 121
24900 39 77
24900 43 94
24900 56 83
24900 56 107
24900 77 89
24900 89 98
24900 107 121
25200 29 39
25200 33 81
25200 39 77
25200 39 57
25200 39 65
25200 40 81
25200 40 110
25200 43 70
25200 44 64
25200 47 77
25200 56 107
25200 76 107
25500 1 81
25500 30 113
25500 32 113
25500 40 100
25500 43 70
25500 48 113
25500 56 107
25500 57 81
25500 64 85
25500 72 74
25500 72 110
25500 72 93
25500 77 81
25500 98 113
25800 31 84
25800 40 100
25800 43 70
25800 48 113
25800 56 107
25800 72 74
26100 30 113
26100 32 113
26100 33 97
26100 43 63
26100 56 107
26100 72 74
26100 88 91
26100 91 97
26400 10 40
26400 20 91
26400 43 63
26400 56 107
26400 63 78
26400 67 87
26400 72 74
26400 91 97
26700 10 40
26700 43 63
26700 56 107
26700 91 97
27000 5 10
27000 72 74
27000 74 105
27000 91 97
27300 8 43
27300 40 91
27300 56 107
27300 72 105
27300 91 97
27600 8 86
27600 14 101
27600 19 50
27600 43 110
27600 48 56
27600 91 97
27900 2 19
27900 14 101
27900 40 91
27900 48 56
27900 48 67
28200 14 101
28200 48 56
28200 53 67
28200 88 101
28200 91 97
28500 14 101
28500 18 91
28500 48 56
28500 53 97
28500 53 66
28500 88 101
28800 7 92
28800 14 101
28800 18 110
28800 49 101
28800 88 101
29100 14 101
29100 49 101
29100 53 97
29400 14 101
29400 31 83
29400 42 111
29400 53 97
29400 86 116
29400 113 124
29700 22 83
29700 31 83
29700 36 63
29700 49 101
29700 53 83
29700 83 111
29700 86 116
30000 4 13
30000 13 31
30000 14 101
30000 31 83
30000 38 85
30000 43 76
30000 60 61
30000 61 81
30000 63 66
30000 83 111
30000 86 116
30300 4 49
30300 13 31
30300 13 95
30300 13 66
30300 13 83
30300 14 101
30300 36 63
30300 49 101
30300 51 107
30300 63 74
30300 83 111
30600 4 13
30600 4 95
30600 11 121
30600 13 95
30600 13 66
30600 36 63
30600 38 109
30600 51 107
30600 51 109
30600 53 89
30600 53 122
30600 63 74
30600 71 103
30600 83 111
30600 85 120
30900 4 49
30900 4 13
30900 9 98
30900 23 63
30900 36 63
30900 38 109
30900 44 63
30900 51 109
30900 53 63
30900 63 114
30900 71 95
30900 83 111
30900 83 114
30900 85 120
30900 95 107
30900 105 114
31200 20 32
31200 23 63
31200 23 30
31200 23 32
31200 26 71
31200 32 50
31200 32 117
31200 32 98
31200 32 38
31200 38 109
31200 51 109
31200 53 63
31200 55 109
31200 73 114
31200 85 120
31500 21 38
31500 23 63
31500 23 104
31500 36 63
31500 38 104
31500 51 109
31500 53 63
31500 55 109
31500 78 104
31500 85 120
31800 28 88
31800 34 88
31800 36 116
31800 55 109
31800 77 82
31800 77 88
31800 78 104
31800 78 110
31800 82 88
31800 85 120
32100 0 115
32100 0 69
32100 0 28
32100 20 116
32100 26 44
32100 43 115
32100 55 109
32100 69 115
32100 77 88
32100 78 104
32100 85 120
32100 88 116
32100 88 92
32400 24 29
32400 26 55
32400 52 92
32400 55 109
32400 68 92
32400 76 92
32400 77 92
32400 78 104
32400 85 116
32700 3 41
32700 3 76
32700 26 55
32700 78 104
32700 85 116
33000 16 26
33000 26 55
33300 26 55
33300 26 78
33300 85 116
33600 15 61
33600 16 61
33600 26 78
33600 28 99
33900 15 18
33900 15 119
33900 18 103
33900 27 119
33900 28 99
33900 85 103
34200 26 78
34200 28 110
34500 27 108
34800 12 40
34800 27 108
34800 40 115
34800 78 110
35100 10 98
35100 27 108
35400 3 12
35400 3 110
35400 30 78
35400 78 110
35700 3 110
36000 3 30
36300 6 110
36600 6 110
38400 47 112
80400 3 92
80400 25 92
80700 2 40
80700 2 38
80700 2 71
80700 2 92
80700 3 92
80700 38 40
81000 2 40
81000 3 110
81000 3 40
81000 38 40
81000 38 110
81300 3 40
81300 3 110
82500 50 74
82500 50 90
82800 2 117
82800 77 117
83100 2 117
83100 21 77
83400 77 117
83700 62 66
83700 62 90
84000 54 82
84000 62 66
84300 62 66
84900 49 99
85800 39 59
86100 14 27
87000 12 85
87000 15 45
87000 20 108
87000 27 62
87000 62 108
87000 108 116
87300 14 76
87300 15 45
87300 20 108
87300 20 27
87300 26 47
87300 27 85
87300 27 79
87300 57 101
87300 85 101
87300 85 123
87300 101 115
87300 108 116
87600 12 85
87600 14 76
87600 26 47
87600 27 62
87600 41 43
87600 47 101
87600 47 98
87600 53 108
87600 62 108
87600 101 124
87600 108 116
87900 12 85
87900 13 87
87900 14 76
87900 23 100
87900 37 43
87900 73 79
87900 85 87
87900 95 100
87900 100 101
87900 101 124
88200 12 85
88200 13 25
88200 13 19
88200 13 95
88200 17 40
88200 17 24
88200 18 38
88200 18 40
88200 23 100
88200 24 95
88200 24 63
88200 31 85
88200 40 104
88200 40 107
88200 45 73
88200 47 101
88200 63 86
88200 95 100
88200 95 107
88200 101 118
88500 2 85
88500 4 45
88500 4 40
88500 12 85
88500 13 19
88500 13 25
88500 13 95
88500 18 38
88500 18 49
88500 18 93
88500 19 95
88500 21 93
88500 23 100
88500 24 95
88500 26 104
88500 26 93
88500 30 45
88500 30 47
88500 31 85
88500 40 101
88500 44 95
88500 49 104
88500 56 93
88500 57 92
88500 57 100
88500 93 94
88500 95 100
88500 100 101
88800 4 56
88800 17 24
88800 17 40
88800 18 49
88800 18 93
88800 18 40
88800 19 95
88800 23 100
88800 24 95
88800 26 104
88800 30 47
88800 30 93
88800 40 104
88800 40 107
88800 44 95
88800 49 104
88800 49 95
88800 56 93
88800 56 101
88800 69 95
88800 92 117
88800 93 94
88800 95 100
89100 3 35
89100 4 56
89100 10 114
89100 10 78
89100 10 91
89100 17 24
89100 17 34
89100 17 72
89100 18 49
89100 19 95
89100 23 100
89100 24 95
89100 30 47
89100 34 75
89100 34 38
89100 40 104
89100 47 97
89100 49 95
89100 49 90
89100 49 119
89100 54 63
89100 59 119
89100 69 95
89100 70 113
89100 74 97
89100 75 114
89100 90 114
89100 95 100
89100 97 100
89400 3 35
89400 3 38
89400 4 118
89400 7 74
89400 13 85
89400 16 66
89400 17 34
89400 19 95
89400 23 100
89400 24 29
89400 24 46
89400 24 85
89400 27 85
89400 27 90
89400 29 91
89400 34 38
89400 38 63
89400 38 83
89400 38 85
89400 38 49
89400 40 104
89400 43 91
89400 49 119
89400 49 90
89400 59 119
89400 63 114
89400 71 85
89400 75 114
89400 90 114
89400 114 115
89700 3 35
89700 3 38
89700 7 89
89700 8 24
89700 8 39
89700 9 24
89700 10 78
89700 10 114
89700 13 70
89700 14 83
89700 16 66
89700 24 46
89700 24 85
89700 24 29
89700 24 106
89700 27 85
89700 34 106
89700 38 85
89700 38 63
89700 38 91
89700 38 39
89700 38 83
89700 40 104
89700 49 119
89700 49 90
89700 56 95
89700 70 87
89700 75 114
89700 77 106
89700 83 121
89700 83 91
89700 90 114
89700 90 106
89700 110 112
90000 3 38
90000 3 112
90000 3 54
90000 3 123
90000 7 89
90000 8 39
90000 9 24
90000 10 80
90000 10 123
90000 10 36
90000 13 70
90000 14 83
90000 15 40
90000 16 66
90000 18 123
90000 19 95
90000 24 106
90000 27 85
90000 36 123
90000 36 54
90000 36 37
90000 38 85
90000 38 39
90000 38 63
90000 38 49
90000 38 89
90000 40 104
90000 43 91
90000 49 90
90000 49 119
90000 49 123
90000 55 123
90000 63 114
90000 73 77
90000 79 83
90000 79 123
90000 83 89
90300 3 38
90300 6 58
90300 7 40
90300 8 39
90300 8 24
90300 9 24
90300 15 18
90300 15 63
90300 16 66
90300 18 123
90300 19 95
90300 34 106
90300 34 36
90300 34 43
90300 36 54
90300 36 37
90300 36 88
90300 36 63
90300 38 91
90300 38 63
90300 38 85
90300 38 104
90300 40 104
90300 43 91
90300 43 63
90300 48 77
90300 49 119
90300 49 123
90300 55 123
90300 71 83
90300 73 77
90300 77 85
90300 83 89
90300 83 118
90600 3 112
90600 3 38
90600 9 24
90600 10 80
90600 10 36
90600 13 70
90600 15 18
90600 24 106
90600 34 106
90600 34 43
90600 36 37
90600 36 54
90600 43 91
90600 55 123
90600 61 92
90600 73 77
90600 77 85
90600 92 100
90900 3 38
90900 8 24
90900 8 39
90900 10 80
90900 15 18
90900 18 123
90900 24 106
90900 34 106
90900 43 91
90900 49 55
90900 54 64
90900 73 77
90900 77 85
91200 10 36
91200 10 80
91200 15 18
91200 17 66
91200 18 123
91200 24 106
91200 34 106
91200 36 54
91200 55 123
91500 3 10
91500 10 80
91500 15 18
91500 17 66
91500 18 123
91500 24 106
91500 73 77
91500 79 109
91500 79 114
91800 7 110
91800 17 66
91800 24 106
91800 29 57
91800 34 106
91800 79 114
92100 7 110
92100 24 106
92100 29 57
92100 40 103
92100 53 103
92100 103 117
92100 108 122
92400 7 110
92400 17 119
92400 24 61
92400 29 57
92400 40 103
92400 68 113
92700 24 61
92700 25 40
92700 29 57
92700 40 53
92700 53 103
92700 62 94
92700 103 117
93000 19 62
93000 22 64
93000 24 61
93000 28 96
93000 29 57
93000 37 122
93000 40 53
93300 3 6
93300 22 64
93300 24 61
93300 25 94
93300 29 57
93300 30 96
93300 40 53
93300 42 68
93300 63 99
93600 3 6
93600 3 15
93600 21 82
93600 22 64
93600 26 51
93600 27 101
93600 28 96
93600 29 57
93600 30 96
93600 37 122
93600 65 84
93900 3 6
93900 22 64
93900 25 94
93900 27 101
93900 28 80
93900 111 115
94200 3 6
94200 22 124
94200 28 80
94200 30 96
94200 46 66
94200 46 124
94200 66 89
94200 66 79
94200 66 124
94200 66 122
94200 66 100
94200 66 120
94200 66 90
94200 66 117
94200 70 124
94200 90 103
94200 90 101
94200 90 124
94200 101 124
94200 111 115
94500 3 6
94500 3 108
94500 6 124
94500 9 68
94500 10 108
94500 17 117
94500 17 89
94500 17 23
94500 22 124
94500 23 108
94500 46 124
94500 66 124
94500 66 89
94500 66 100
94500 66 79
94500 70 124
94500 70 108
94500 76 124
94500 89 103
94500 89 122
94500 90 124
94500 90 101
94500 90 108
94500 101 124
94500 114 124
94500 119 124
94800 3 7
94800 7 67
94800 9 68
94800 10 108
94800 17 23
94800 22 124
94800 23 108
94800 45 67
94800 51 99
94800 63 81
94800 66 79
94800 67 70
94800 67 99
94800 67 101
94800 68 122
94800 70 124
94800 70 119
94800 76 124
94800 78 97
94800 81 112
94800 81 108
94800 81 92
94800 90 124
94800 90 101
94800 99 108
95100 2 81
95100 2 101
95100 2 95
95100 2 92
95100 3 81
95100 17 23
95100 23 108
95100 27 69
95100 37 119
95100 39 119
95100 45 112
95100 57 104
95100 62 100
95100 62 92
95100 62 108
95100 63 81
95100 66 79
95100 67 101
95100 67 119
95100 67 108
95100 68 119
95100 69 81
95100 70 124
95100 70 119
95100 71 119
95100 76 124
95100 81 112
95100 81 108
95100 81 92
95100 90 101
95100 92 108
95100 92 119
95100 99 108
95100 99 101
95100 99 100
95100 99 119
95100 108 119
95400 2 92
95400 2 101
95400 10 74
95400 23 41
95400 27 69
95400 28 99
95400 28 100
95400 33 69
95400 41 100
95400 41 69
95400 47 69
95400 47 108
95400 47 99
95400 57 104
95400 62 108
95400 62 92
95400 62 100
95400 62 74
95400 62 69
95400 62 98
95400 63 81
95400 67 99
95400 67 119
95400 68 119
95400 68 122
95400 69 81
95400 69 99
95400 69 74
95400 69 98
95400 70 124
95400 70 119
95400 71 119
95400 74 97
95400 78 97
95400 86 98
95400 86 87
95400 97 99
95400 98 99
95400 98 100
95400 99 100
95400 99 101
95400 99 108
95400 100 118
95700 1 10
95700 5 98
95700 24 74
95700 27 85
95700 27 41
95700 28 100
95700 32 90
95700 37 57
95700 39 41
95700 40 59
95700 40 97
95700 40 47
95700 41 100
95700 41 101
95700 41 59
95700 41 83
95700 47 99
95700 47 81
95700 51 98
95700 57 104
95700 57 99
95700 57 102
95700 59 99
95700 62 108
95700 62 74
95700 62 92
95700 62 69
95700 62 86
95700 63 81
95700 67 108
95700 68 104
95700 68 121
95700 69 104
95700 70 124
95700 71 119
95700 74 86
95700 78 97
95700 79 86
95700 79 101
95700 83 99
95700 85 99
95700 86 87
95700 90 101
95700 92 99
95700 97 99
95700 97 98
95700 97 105
95700 98 99
95700 99 104
95700 99 122
96000 2 101
96000 4 85
96000 5 98
96000 17 108
96000 27 85
96000 37 57
96000 40 59
96000 40 104
96000 40 115
96000 40 76
96000 40 85
96000 40 100
96000 41 100
96000 41 76
96000 41 67
96000 52 85
96000 52 58
96000 57 99
96000 57 84
96000 57 101
96000 57 85
96000 58 92
96000 58 61
96000 59 83
96000 61 84
96000 62 108
96000 62 92
96000 62 69
96000 62 74
96000 63 81
96000 70 124
96000 76 108
96000 76 86
96000 78 108
96000 84 92
96000 84 85
96000 85 99
96000 85 115
96000 86 87
96000 86 116
96000 90 101
96000 92 99
96000 97 105
96000 99 101
96000 99 122
96000 99 104
96000 108 121
96300 3 114
96300 5 98
96300 25 101
96300 32 83
96300 32 86
96300 38 83
96300 38 101
96300 40 122
96300 40 101
96300 41 76
96300 41 83
96300 47 81
96300 48 88
96300 48 61
96300 48 104
96300 49 66
96300 58 61
96300 58 68
96300 58 92
96300 58 83
96300 58 122
96300 58 62
96300 59 83
96300 59 61
96300 61 84
96300 61 66
96300 62 108
96300 62 69
96300 62 92
96300 62 83
96300 63 81
96300 69 105
96300 70 124
96300 74 90
96300 75 101
96300 76 86
96300 76 105
96300 78 108
96300 83 92
96300 83 101
96300 83 86
96300 83 88
96300 84 85
96300 84 101
96300 86 116
96300 86 122
96300 90 101
96300 99 122
96300 99 104
96300 99 101
96600 8 84
96600 24 48
96600 28 34
96600 28 123
96600 28 92
96600 29 92
96600 29 84
96600 40 122
96600 40 108
96600 41 76
96600 41 83
96600 41 122
96600 47 81
96600 48 88
96600 48 61
96600 48 101
96600 48 84
96600 49 66
96600 58 83
96600 58 62
96600 59 61
96600 61 84
96600 61 92
96600 62 83
96600 62 92
96600 76 92
96600 76 84
96600 81 84
96600 83 88
96600 83 101
96600 83 92
96600 83 115
96600 83 93
96600 84 85
96600 84 100
96600 85 115
96600 86 122
96600 90 101
96600 90 92
96600 92 93
96600 93 123
96600 93 99
96600 99 101
96600 99 122
96900 7 85
96900 17 46
96900 25 101
96900 27 92
96900 28 123
96900 29 92
96900 29 84
96900 30 59
96900 30 84
96900 36 85
96900 37 73
96900 37 84
96900 37 122
96900 40 66
96900 41 83
96900 41 76
96900 46 98
96900 47 81
96900 48 88
96900 48 61
96900 49 66
96900 58 62
96900 58 66
96900 59 61
96900 59 98
96900 59 73
96900 61 66
96900 61 84
96900 62 83
96900 62 92
96900 66 122
96900 69 92
96900 73 100
96900 73 85
96900 74 90
96900 75 101
96900 76 84
96900 78 114
96900 81 84
96900 83 88
96900 83 101
96900 84 85
96900 85 115
96900 90 101
96900 90 92
96900 93 123
96900 99 101
97200 1 37
97200 1 100
97200 1 15
97200 13 66
97200 13 15
97200 13 90
97200 13 46
97200 15 100
97200 15 101
97200 15 30
97200 17 46
97200 25 101
97200 27 92
97200 28 100
97200 30 84
97200 30 59
97200 30 100
97200 34 48
97200 39 100
97200 40 66
97200 41 76
97200 41 83
97200 44 66
97200 46 61
97200 46 103
97200 46 100
97200 46 81
97200 48 88
97200 49 66
97200 58 62
97200 58 66
97200 59 100
97200 61 66
97200 61 95
97200 62 83
97200 62 92
97200 66 100
97200 66 105
97200 75 101
97200 76 84
97200 81 84
97200 83 101
97200 83 88
97200 83 115
97200 85 115
97200 90 92
97200 90 101
97200 93 123
97200 100 101
97500 1 15
97500 1 100
97500 1 61
97500 1 97
97500 1 27
97500 1 41
97500 1 50
97500 4 97
97500 4 15
97500 11 25
97500 15 30
97500 15 100
97500 15 27
97500 15 26
97500 15 46
97500 25 117
97500 25 66
97500 26 117
97500 27 92
97500 27 47
97500 28 100
97500 28 84
97500 30 84
97500 30 81
97500 39 100
97500 40 66
97500 41 83
97500 41 117
97500 46 103
97500 48 88
97500 49 66
97500 50 97
97500 58 66
97500 58 62
97500 58 81
97500 59 100
97500 61 95
97500 61 66
97500 62 92
97500 62 83
97500 75 101
97500 76 84
97500 83 88
97500 83 115
97500 88 117
97500 93 123
97800 1 37
97800 1 41
97800 11 25
97800 11 43
97800 15 26
97800 27 81
97800 28 65
97800 28 103
97800 40 66
97800 41 117
97800 48 88
97800 49 66
97800 50 58
97800 58 66
97800 65 97
97800 75 101
97800 76 84
97800 83 115
97800 93 123
98100 9 115
98100 11 25
98100 28 103
98100 28 65
98100 28 115
98100 29 84
98100 38 39
98100 38 70
98100 48 88
98100 49 66
98100 58 115
98100 61 95
98100 70 117
98100 75 101
98100 76 84
98100 81 103
98100 115 117
98400 1 41
98400 9 115
98400 9 10
98400 9 60
98400 19 81
98400 19 47
98400 27 66
98400 28 103
98400 29 84
98400 37 88
98400 41 117
98400 48 88
98400 65 97
98400 81 103
98700 9 115
98700 19 81
98700 19 96
98700 19 117
98700 19 75
98700 21 42
98700 28 103
98700 41 49
98700 48 88
98700 70 117
98700 76 84
98700 81 103
98700 115 117
99000 9 115
99000 19 117
99000 28 108
99000 32 122
99000 41 49
99000 42 122
99000 48 88
99000 70 117
99000 81 103
99000 108 124
99000 122 123
99300 0 28
99300 19 122
99300 19 28
99300 41 49
99300 48 88
99300 75 124
99600 19 122
99600 19 28
99600 41 49
99600 48 88
99600 94 109
99900 19 122
99900 48 88
99900 88 120
100200 12 122
100200 28 77
100200 57 122
100200 109 122
100500 12 122
100500 24 35
100800 7 48
100800 24 35
100800 30 122
100800 32 118
100800 41 42
100800 112 117
101100 7 48
101100 18 94
101100 18 118
101100 32 118
101400 7 48
101400 24 73
101400 31 94
101400 42 46
101400 73 113
101400 73 82
101700 7 48
101700 9 58
101700 14 36
101700 14 29
101700 23 59
101700 46 50
101700 49 73
101700 73 96
101700 102 104
102000 7 48
102000 9 46
102000 20 46
102000 20 86
102000 46 50
102000 46 56
102000 48 56
102000 49 73
102000 56 114
102000 73 113
102300 5 72
102300 9 75
102300 44 71
102300 46 56
102300 73 96
102300 73 113
102600 2 108
102600 5 75
102600 9 48
102600 9 52
102600 44 71
102600 56 95
102600 56 117
102600 57 108
102600 66 95
102600 69 95
102600 73 96
102600 103 122
102900 7 92
102900 9 52
102900 9 48
102900 9 108
102900 55 71
102900 56 117
102900 56 71
102900 57 108
102900 66 95
102900 69 115
103200 7 92
103200 13 27
103200 27 92
103200 27 82
103200 27 49
103200 69 115
103500 13 39
103500 27 49
103500 29 49
103500 69 115
103800 13 27
103800 13 39
103800 18 34
103800 20 71
103800 20 123
103800 20 39
103800 34 124
103800 34 50
103800 50 117
104100 0 50
104100 20 71
104100 20 123
104100 34 124
104100 44 124
104100 68 99
104100 68 124
104100 99 124
104400 0 50
104400 0 34
104400 8 72
104400 20 39
104400 20 68
104400 24 73
104400 34 103
104400 68 124
104400 79 118
104400 99 124
104700 0 50
104700 8 72
104700 17 105
104700 28 79
104700 28 72
104700 34 103
104700 34 73
104700 39 106
104700 41 50
104700 60 105
104700 87 99
104700 88 106
104700 99 124
105000 0 34
105000 8 53
105000 28 72
105000 28 124
105000 28 103
105000 34 73
105000 34 83
105000 60 105
105000 61 83
105000 72 103
105000 99 124
105300 0 34
105300 8 72
105300 8 59
105300 28 53
105300 28 72
105300 28 100
105300 34 83
105300 53 77
105300 58 73
105300 60 105
105300 60 103
105300 72 103
105600 4 17
105600 8 23
105600 22 77
105600 23 50
105600 28 53
105600 28 47
105600 28 72
105600 29 72
105600 34 83
105600 53 77
105600 58 73
105600 58 123
105600 59 107
105600 60 103
105600 61 100
105600 72 110
105600 99 103
105600 100 107
105600 103 110
105600 105 109
105900 0 31
105900 0 72
105900 0 103
105900 8 72
105900 17 31
105900 17 24
105900 17 50
105900 17 60
105900 17 23
105900 17 72
105900 23 50
105900 23 77
105900 24 103
105900 24 122
105900 24 42
105900 28 47
105900 28 53
105900 29 72
105900 34 83
105900 34 103
105900 37 107
105900 38 110
105900 50 72
105900 50 61
105900 53 61
105900 59 83
105900 61 100
105900 61 72
105900 72 103
105900 103 110
106200 0 31
106200 0 24
106200 0 83
106200 17 60
106200 17 24
106200 17 23
106200 17 31
106200 17 111
106200 17 34
106200 22 77
106200 23 50
106200 24 107
106200 35 82
106200 37 107
106200 38 110
106200 45 110
106200 50 72
106200 50 104
106200 53 61
106200 53 77
106200 53 67
106200 59 67
106200 61 72
106200 61 84
106200 67 83
106200 79 121
106200 79 110
106200 90 99
106200 100 107
106200 103 110
106500 0 103
106500 0 17
106500 6 67
106500 17 34
106500 17 111
106500 17 23
106500 17 24
106500 17 31
106500 17 53
106500 17 42
106500 22 112
106500 24 107
106500 31 90
106500 34 83
106500 35 82
106500 37 107
106500 42 76
106500 50 61
106500 53 67
106500 53 61
106500 53 98
106500 59 83
106500 61 100
106500 61 98
106500 67 99
106500 67 79
106500 82 84
106500 90 99
106500 100 107
106500 103 110
106800 0 83
106800 5 111
106800 16 40
106800 17 24
106800 17 53
106800 17 23
106800 17 34
106800 17 31
106800 22 112
106800 22 58
106800 23 61
106800 23 37
106800 27 59
106800 31 64
106800 31 38
106800 31 40
106800 34 83
106800 35 82
106800 37 107
106800 37 110
106800 38 58
106800 50 61
106800 53 61
106800 53 110
106800 58 90
106800 61 100
106800 61 98
106800 61 110
106800 75 76
106800 82 84
106800 90 99
106800 90 110
106800 100 107
106800 109 111
107100 0 103
107100 0 17
107100 0 58
107100 5 111
107100 13 37
107100 16 110
107100 16 108
107100 16 58
107100 17 34
107100 22 112
107100 22 58
107100 23 37
107100 27 59
107100 27 41
107100 27 31
107100 31 40
107100 31 38
107100 31 63
107100 35 37
107100 37 79
107100 37 61
107100 38 58
107100 41 108
107100 50 61
107100 53 61
107100 58 90
107100 61 98
107100 63 112
107100 63 119
107100 83 111
107100 90 99
107100 109 111
107400 0 58
107400 5 111
107400 13 110
107400 13 61
107400 13 24
107400 15 108
107400 16 108
107400 17 23
107400 17 34
107400 17 24
107400 17 86
107400 17 76
107400 22 86
107400 23 61
107400 27 59
107400 27 31
107400 27 41
107400 28 61
107400 31 38
107400 31 63
107400 34 83
107400 34 108
107400 37 61
107400 37 43
107400 37 71
107400 38 58
107400 58 90
107400 61 98
107400 61 99
107400 61 76
107400 76 99
107400 83 111
107700 0 58
107700 0 86
107700 0 110
107700 5 111
107700 15 108
107700 15 110
107700 15 58
107700 15 90
107700 15 118
107700 16 108
107700 17 24
107700 17 76
107700 26 86
107700 27 41
107700 27 31
107700 28 90
107700 31 38
107700 33 35
107700 34 118
107700 37 71
107700 37 61
107700 37 43
107700 41 99
107700 47 109
107700 58 90
107700 61 76
107700 61 98
107700 76 101
107700 83 118
107700 86 118
107700 97 118
108000 0 58
108000 0 86
108000 0 83
108000 0 90
108000 0 97
108000 15 90
108000 15 110
108000 15 118
108000 15 76
108000 16 108
108000 17 24
108000 24 47
108000 26 35
108000 26 83
108000 26 55
108000 27 31
108000 28 90
108000 31 63
108000 31 38
108000 33 35
108000 35 83
108000 35 109
108000 35 102
108000 38 58
108000 38 47
108000 40 63
108000 41 47
108000 58 90
108000 61 99
108000 61 98
108000 76 99
108000 83 111
108000 83 118
108000 83 109
108000 84 118
108000 86 118
108000 97 118
108000 98 109
108300 0 58
108300 0 86
108300 0 116
108300 0 109
108300 0 47
108300 15 110
108300 15 118
108300 15 81
108300 15 75
108300 24 47
108300 26 83
108300 28 90
108300 31 63
108300 33 35
108300 33 80
108300 35 83
108300 37 43
108300 38 58
108300 38 47
108300 38 49
108300 38 83
108300 38 109
108300 38 61
108300 41 47
108300 41 102
108300 41 111
108300 47 109
108300 47 55
108300 47 80
108300 55 99
108300 55 63
108300 61 98
108300 83 109
108300 83 118
108300 86 118
108300 97 118
108600 0 109
108600 0 90
108600 5 15
108600 11 41
108600 15 110
108600 15 75
108600 15 87
108600 15 92
108600 15 38
108600 24 47
108600 26 68
108600 26 123
108600 26 87
108600 31 63
108600 33 38
108600 37 43
108600 38 83
108600 38 47
108600 38 109
108600 38 58
108600 38 49
108600 38 41
108600 38 40
108600 41 111
108600 41 102
108600 41 58
108600 55 99
108600 55 63
108600 61 98
108600 61 99
108600 83 118
108600 98 109
108900 11 41
108900 11 111
108900 13 43
108900 15 87
108900 15 92
108900 15 110
108900 24 47
108900 26 87
108900 26 123
108900 26 68
108900 33 106
108900 34 40
108900 37 43
108900 37 40
108900 38 49
108900 38 109
108900 41 58
108900 47 55
108900 47 109
108900 55 99
108900 61 98
108900 61 109
108900 76 82
109200 13 43
109200 14 105
109200 15 92
109200 15 110
109200 15 87
109200 15 122
109200 26 68
109200 26 87
109200 33 106
109200 33 109
109200 33 65
109200 33 50
109200 33 76
109200 41 58
109200 49 108
109200 61 65
109200 65 109
109500 7 79
109500 7 87
109500 11 33
109500 14 105
109500 14 55
109500 14 33
109500 15 87
109500 22 33
109500 26 87
109500 33 106
109500 33 50
109500 41 58
109500 47 55
109500 47 71
109500 49 108
109500 52 122
109500 55 99
109500 55 71
109500 61 109
109500 61 64
109500 65 109
109500 87 98
109800 7 120
109800 18 53
109800 22 33
109800 26 87
109800 33 65
109800 37 109
109800 47 71
109800 47 55
109800 47 99
109800 51 55
109800 53 67
109800 53 99
109800 53 64
109800 53 120
109800 55 99
109800 55 71
109800 61 64
109800 61 65
109800 65 109
109800 87 98
110100 7 45
110100 14 33
110100 18 53
110100 18 123
110100 19 22
110100 22 33
110100 22 47
110100 26 87
110100 26 55
110100 26 53
110100 45 91
110100 45 47
110100 47 99
110100 47 55
110100 47 65
110100 49 108
110100 51 55
110100 53 120
110100 53 64
110100 55 71
110100 55 57
110100 61 64
110100 65 109
110100 87 98
110100 87 120
110400 4 99
110400 18 53
110400 22 47
110400 25 45
110400 25 87
110400 25 53
110400 26 87
110400 26 45
110400 45 91
110400 45 47
110400 46 87
110400 47 71
110400 47 65
110400 49 108
110400 49 87
110400 49 110
110400 53 120
110400 55 57
110400 61 110
110400 65 99
110400 87 98
110400 87 105
110400 87 99
110700 4 99
110700 4 26
110700 4 33
110700 4 20
110700 18 53
110700 20 53
110700 20 86
110700 25 87
110700 25 26
110700 26 45
110700 26 87
110700 45 47
110700 46 87
110700 46 73
110700 47 71
110700 47 107
110700 49 110
110700 49 108
110700 49 86
110700 53 64
110700 60 105
110700 61 110
110700 87 98
111000 4 33
111000 4 20
111000 4 76
111000 4 85
111000 4 87
111000 9 73
111000 25 87
111000 42 47
111000 42 54
111000 45 47
111000 46 87
111000 47 107
111000 49 110
111000 53 120
111000 54 110
111000 57 65
111000 73 85
111000 85 110
111000 85 90
111000 87 98
111000 107 109
111300 2 115
111300 2 41
111300 4 26
111300 4 99
111300 4 33
111300 9 73
111300 11 20
111300 18 120
111300 20 63
111300 20 65
111300 25 26
111300 26 87
111300 26 45
111300 45 87
111300 47 107
111300 54 110
111300 54 87
111300 76 105
111300 85 110
111300 87 115
111600 1 85
111600 2 105
111600 2 80
111600 4 99
111600 4 20
111600 4 33
111600 9 73
111600 14 73
111600 17 110
111600 18 120
111600 25 26
111600 76 100
111600 80 110
111600 85 110
111900 2 105
111900 4 20
111900 14 73
111900 17 110
111900 18 120
111900 27 41
111900 68 105
111900 80 110
111900 80 94
112200 1 72
112200 2 105
112200 4 20
112200 17 110
112200 18 120
112200 18 38
112200 68 118
112200 80 110
112500 2 105
112500 10 24
112500 17 110
112500 18 120
112500 18 38
112500 24 72
112500 41 109
112800 2 105
112800 18 38
112800 18 70
112800 41 109
112800 68 118
113100 40 59
113100 41 109
113100 68 118
113400 9 62
113400 30 76
113400 62 103
113400 68 118
113700 41 109
113700 62 103
113700 62 96
113700 104 111
114000 17 85
114000 34 86
114000 41 109
114000 104 111
114000 104 123
114300 17 85
114300 41 109
114300 75 94
114300 104 123
114600 1 89
114600 21 72
114600 21 75
114600 29 33
114600 34 86
114600 104 111
114900 1 89
114900 1 21
114900 21 75
114900 21 72
114900 23 86
114900 36 98
114900 104 111
115200 1 89
115200 16 93
115200 21 75
115200 29 33
115200 67 116
115200 104 111
115200 111 113
115500 1 89
115500 8 113
115500 8 60
115500 21 75
115500 57 60
115500 111 113
115800 1 89
115800 4 23
115800 4 60
115800 8 68
115800 24 113
115800 24 105
115800 24 60
115800 57 60
115800 57 113
115800 60 105
115800 60 113
115800 61 113
116100 1 89
116100 8 68
116100 24 113
116100 24 68
116100 57 85
116100 57 74
116100 57 105
116100 68 105
116400 6 68
116400 8 68
116400 24 68
116400 41 68
116400 57 113
116400 57 60
116400 68 111
116400 68 98
116400 111 113
116700 5 8
116700 24 68
116700 58 104
116700 111 113
117000 14 120
117000 23 71
117000 57 113
117000 71 85
117000 71 106
117000 111 113
117300 5 8
117300 5 123
117300 5 120
117300 5 85
117300 71 106
117600 1 5
117600 5 44
117600 5 36
117600 52 115
117600 71 106
117900 1 99
117900 46 84
117900 52 89
117900 62 81
117900 71 106
117900 81 99
117900 81 84
117900 83 84
117900 83 103
117900 99 103
118200 21 113
118200 52 115
118500 1 32
118500 32 93
118500 32 80
118500 32 87
118500 52 115
118500 94 115
118800 1 59
118800 32 87
118800 32 63
118800 47 122
118800 47 95
118800 52 115
118800 59 63
118800 93 122
118800 94 115
118800 121 122
119100 1 59
119100 13 63
119100 47 95
119100 52 115
119100 59 112
119100 63 90
119100 63 94
119100 63 120
119100 81 93
119100 94 115
119400 13 47
119400 63 120
119400 81 93
119400 94 115
119700 1 107
119700 54 94
119700 63 120
120000 13 47
120000 47 109
120000 67 115
120000 81 93
120300 13 63
120300 63 120
120600 5 109
120600 47 109
120900 36 78
120900 47 109
120900 98 124
121200 98 124
121500 66 123
121800 107 123
122100 23 82
122400 43 57
122400 57 123
122700 57 123
166200 26 69
166200 26 93
166500 2 26
166500 2 99
166500 26 51
166500 26 38
166800 2 26
166800 2 45
166800 2 38
166800 45 107
167100 2 45
167100 2 67
167100 45 107
167700 8 114
167700 8 21
167700 8 42
168000 8 42
168000 8 21
168300 8 42
168600 44 45
168600 44 67
168600 45 87
168900 44 45
169200 19 88
171000 36 62
171600 65 69
171900 12 80
172200 12 80
172800 46 60
173400 17 114
173400 23 54
173400 39 120
173400 39 113
173400 61 106
173400 61 114
173400 83 120
173400 90 106
173400 110 114
173400 110 119
173700 0 54
173700 46 54
173700 55 87
173700 61 114
173700 71 100
173700 71 77
173700 83 120
173700 90 106
173700 110 114
173700 110 119
173700 114 119
173700 115 119
174000 0 54
174000 6 122
174000 16 43
174000 24 54
174000 31 57
174000 31 43
174000 43 74
174000 43 115
174000 43 122
174000 46 54
174000 55 87
174000 61 82
174000 71 100
174000 71 77
174000 85 122
174000 90 106
174000 110 114
174000 116 119
174300 0 54
174300 6 122
174300 6 104
174300 6 71
174300 6 42
174300 6 32
174300 24 54
174300 25 61
174300 31 43
174300 32 120
174300 32 96
174300 43 74
174300 43 61
174300 43 122
174300 55 61
174300 61 82
174300 66 122
174300 67 115
174300 85 122
174300 90 106
174300 90 115
174300 96 115
174300 99 115
174300 99 119
174300 104 115
174600 0 54
174600 6 42
174600 6 32
174600 6 99
174600 6 71
174600 16 43
174600 32 122
174600 43 122
174600 43 74
174600 43 115
174600 55 87
174600 55 61
174600 61 82
174600 61 93
174600 62 71
174600 71 104
174600 71 119
174600 72 119
174600 85 122
174600 99 119
174600 99 123
174600 99 120
174600 109 119
174600 116 119
174900 0 54
174900 18 112
174900 25 61
174900 27 49
174900 31 43
174900 43 115
174900 43 61
174900 43 82
174900 49 61
174900 55 61
174900 61 74
174900 61 122
174900 62 71
174900 71 119
174900 71 104
174900 85 122
174900 106 122
174900 109 119
174900 112 122
175200 0 54
175200 7 60
175200 24 120
175200 27 49
175200 43 82
175200 43 49
175200 44 60
175200 49 82
175200 60 82
175200 61 74
175200 61 122
175200 64 121
175200 71 104
175200 71 119
175200 71 82
175200 82 94
175200 82 122
175500 0 54
175500 6 48
175500 13 34
175500 16 124
175500 16 32
175500 27 49
175500 32 82
175500 32 115
175500 32 122
175500 43 49
175500 43 106
175500 48 87
175500 48 119
175500 48 82
175500 49 82
175500 71 119
175500 82 123
175800 6 48
175800 9 48
175800 16 32
175800 16 76
175800 16 48
175800 24 120
175800 27 49
175800 32 122
175800 32 115
175800 32 104
175800 43 106
175800 48 87
175800 48 109
175800 48 53
175800 49 82
175800 54 109
175800 61 74
175800 71 119
175800 79 109
176100 0 54
176100 4 58
176100 6 48
176100 9 48
176100 13 124
176100 16 32
176100 18 123
176100 24 32
176100 32 122
176100 32 115
176100 32 87
176100 43 106
176100 48 87
176100 49 82
176100 49 51
176100 79 109
176100 82 107
176400 4 49
176400 6 48
176400 13 124
176400 18 75
176400 18 94
176400 24 112
176400 24 65
176400 25 123
176400 26 49
176400 32 115
176400 32 122
176400 32 37
176400 32 90
176400 43 106
176400 49 51
176400 49 94
176400 49 67
176400 54 109
176400 75 94
176400 79 109
176400 82 107
176400 86 112
176400 88 109
176400 94 111
176400 94 112
176400 94 107
176400 109 123
176700 4 58
176700 4 49
176700 6 48
176700 18 49
176700 24 65
176700 24 112
176700 24 32
176700 25 123
176700 26 72
176700 32 90
176700 32 37
176700 32 115
176700 36 37
176700 37 86
176700 40 50
176700 49 51
176700 51 99
176700 54 109
176700 86 112
176700 92 111
176700 94 111
176700 94 107
176700 94 112
177000 6 48
177000 16 38
177000 18 49
177000 24 112
177000 26 72
177000 32 115
177000 36 37
177000 36 38
177000 40 50
177000 52 105
177000 55 116
177000 79 109
177000 86 112
177000 88 109
177000 94 112
177300 4 49
177300 6 48
177300 18 49
177300 18 120
177300 24 112
177300 25 123
177300 26 72
177300 32 115
177300 36 38
177300 52 105
177300 55 116
177300 59 90
177300 86 112
177600 3 45
177600 6 48
177600 18 120
177600 24 112
177600 26 72
177600 32 115
177600 40 59
177600 55 116
177600 59 90
177600 86 112
177600 88 109
177900 6 48
177900 12 77
177900 18 120
177900 24 112
177900 26 72
177900 29 45
177900 39 62
177900 39 45
177900 40 59
177900 43 45
177900 86 112
178200 18 120
178200 18 58
178200 40 59
178200 58 108
178200 58 99
178200 59 90
178200 75 88
178200 86 112
178500 5 67
178500 5 30
178500 12 77
178500 18 58
178500 23 100
178500 40 59
178500 58 108
178500 58 99
178500 59 90
178800 18 58
178800 40 59
178800 58 108
178800 75 88
178800 77 87
179100 5 71
179100 40 59
179100 75 88
179400 18 58
179400 50 86
179400 50 111
179400 55 109
179400 66 115
179400 75 88
179400 75 107
179400 75 109
179400 77 87
179400 94 109
179400 109 120
179700 4 91
179700 11 99
179700 18 58
179700 18 124
179700 30 70
179700 39 57
179700 50 86
179700 75 107
179700 75 88
179700 75 109
179700 95 121
180000 18 124
180000 18 58
180000 24 110
180000 30 70
180000 36 98
180000 50 86
180000 69 112
180000 75 109
180000 109 120
180300 4 91
180300 11 99
180300 15 119
180300 18 124
180300 50 86
180600 4 91
180600 4 35
180600 6 61
180600 11 61
180600 11 18
180600 18 58
180600 19 89
180600 24 110
180600 24 36
180600 38 61
180600 47 123
180600 47 64
180600 50 86
180900 4 35
180900 4 116
180900 4 18
180900 7 18
180900 7 89
180900 11 18
180900 11 86
180900 11 24
180900 11 54
180900 18 109
180900 18 116
180900 24 36
180900 24 110
180900 24 25
180900 24 84
180900 24 60
180900 24 108
180900 25 88
180900 38 61
180900 43 89
180900 47 64
180900 47 123
180900 49 84
180900 49 108
180900 49 60
180900 49 64
180900 49 109
180900 52 109
180900 60 116
180900 60 84
180900 75 109
180900 86 116
180900 89 116
180900 93 109
180900 104 110
180900 108 109
181200 4 35
181200 4 104
181200 4 85
181200 7 108
181200 7 45
181200 11 18
181200 11 86
181200 11 61
181200 11 25
181200 18 109
181200 24 36
181200 24 108
181200 25 45
181200 28 120
181200 32 56
181200 32 109
181200 32 45
181200 43 89
181200 45 49
181200 45 111
181200 47 64
181200 49 84
181200 49 64
181200 49 109
181200 49 108
181200 49 104
181200 52 109
181200 56 109
181200 64 91
181200 77 111
181200 93 109
181200 102 109
181200 104 109
181500 2 111
181500 4 85
181500 4 104
181500 4 56
181500 4 45
181500 4 39
181500 7 9
181500 9 39
181500 9 28
181500 9 64
181500 9 56
181500 11 86
181500 11 25
181500 11 61
181500 11 18
181500 11 56
181500 11 32
181500 16 56
181500 16 109
181500 17 45
181500 17 111
181500 17 102
181500 18 23
181500 23 56
181500 23 53
181500 23 111
181500 24 36
181500 28 39
181500 30 61
181500 30 120
181500 30 104
181500 32 45
181500 32 56
181500 32 104
181500 39 78
181500 39 109
181500 43 89
181500 47 64
181500 49 109
181500 49 64
181500 49 60
181500 52 109
181500 53 102
181500 56 109
181500 56 104
181500 77 111
181500 104 109
181500 109 120
181800 1 43
181800 2 111
181800 4 39
181800 5 28
181800 7 45
181800 7 108
181800 7 105
181800 9 28
181800 9 39
181800 9 19
181800 9 116
181800 9 11
181800 11 61
181800 11 56
181800 11 86
181800 11 32
181800 11 25
181800 11 63
181800 11 120
181800 17 102
181800 17 58
181800 18 23
181800 18 116
181800 23 53
181800 23 111
181800 23 67
181800 23 116
181800 27 39
181800 28 111
181800 28 105
181800 30 94
181800 30 109
181800 30 53
181800 39 111
181800 39 116
181800 43 109
181800 45 111
181800 45 49
181800 47 64
181800 49 109
181800 49 64
181800 53 102
181800 53 109
181800 56 109
181800 58 116
181800 67 81
181800 67 120
181800 78 116
181800 93 109
181800 94 111
181800 102 109
181800 105 109
181800 109 120
181800 109 111
181800 111 120
182100 1 43
182100 7 9
182100 8 70
182100 9 64
182100 9 116
182100 9 11
182100 9 39
182100 9 56
182100 9 28
182100 9 18
182100 9 91
182100 11 120
182100 11 56
182100 11 63
182100 11 61
182100 11 23
182100 11 30
182100 12 58
182100 18 23
182100 18 120
182100 22 78
182100 22 39
182100 22 42
182100 23 67
182100 23 53
182100 23 35
182100 23 70
182100 28 39
182100 28 111
182100 28 42
182100 28 78
182100 30 53
182100 30 33
182100 39 78
182100 39 67
182100 39 70
182100 42 59
182100 42 70
182100 42 78
182100 42 111
182100 43 108
182100 43 58
182100 43 120
182100 43 78
182100 45 49
182100 45 111
182100 47 64
182100 53 109
182100 53 102
182100 56 109
182100 58 116
182100 67 81
182100 69 98
182100 78 116
182100 93 109
182100 98 105
182100 98 109
182100 105 109
182100 109 120
182100 111 120
182400 8 70
182400 11 120
182400 11 63
182400 12 112
182400 18 120
182400 18 112
182400 18 76
182400 18 42
182400 22 42
182400 23 35
182400 30 33
182400 36 39
182400 36 92
182400 42 59
182400 42 92
182400 42 112
182400 43 120
182400 43 108
182400 48 92
182400 54 93
182400 58 76
182400 58 120
182400 58 112
182400 58 93
182400 67 81
182400 74 116
182400 76 85
182400 76 112
182400 76 83
182400 76 105
182400 92 93
182400 92 112
182400 93 109
182400 93 112
182400 98 105
182400 109 120
182700 0 105
182700 0 76
182700 0 18
182700 7 9
182700 9 91
182700 11 120
182700 11 92
182700 18 42
182700 18 23
182700 18 120
182700 18 112
182700 18 58
182700 18 62
182700 18 19
182700 18 105
182700 22 42
182700 23 35
182700 36 39
182700 40 117
182700 40 58
182700 40 67
182700 40 92
182700 42 59
182700 43 120
182700 43 105
182700 44 92
182700 44 105
182700 44 121
182700 44 58
182700 58 112
182700 58 120
182700 58 105
182700 58 117
182700 65 76
182700 74 116
182700 75 117
182700 76 112
182700 76 85
182700 76 105
182700 77 105
182700 92 105
182700 93 117
182700 96 105
182700 104 117
182700 109 120
183000 0 105
183000 0 18
183000 0 44
183000 0 99
183000 8 18
183000 10 86
183000 11 76
183000 18 19
183000 18 58
183000 18 62
183000 18 44
183000 18 72
183000 18 26
183000 21 72
183000 22 42
183000 22 117
183000 22 95
183000 22 44
183000 22 45
183000 23 35
183000 23 45
183000 39 44
183000 39 43
183000 40 117
183000 40 92
183000 42 59
183000 43 120
183000 44 105
183000 44 92
183000 44 58
183000 44 49
183000 44 110
183000 44 86
183000 48 92
183000 49 60
183000 49 76
183000 56 92
183000 57 73
183000 72 112
183000 72 76
183000 73 110
183000 74 116
183000 75 117
183000 76 112
183000 76 85
183000 76 97
183000 76 86
183000 86 117
183000 92 105
183000 92 106
183000 92 97
183300 0 105
183300 0 97
183300 0 92
183300 0 99
183300 8 14
183300 12 110
183300 18 112
183300 18 72
183300 21 72
183300 22 45
183300 22 42
183300 22 95
183300 23 35
183300 23 45
183300 23 30
183300 23 117
183300 23 110
183300 23 49
183300 23 94
183300 23 97
183300 23 112
183300 30 37
183300 31 97
183300 39 43
183300 39 46
183300 39 97
183300 39 117
183300 40 117
183300 40 92
183300 42 59
183300 44 105
183300 46 95
183300 49 60
183300 49 76
183300 49 92
183300 49 97
183300 58 112
183300 61 117
183300 74 116
183300 76 85
183300 76 112
183300 76 97
183300 92 105
183300 95 104
183300 95 97
183300 95 117
183300 97 110
183300 104 117
183600 0 99
183600 0 97
183600 0 105
183600 8 14
183600 10 99
183600 10 112
183600 15 86
183600 15 25
183600 15 39
183600 18 112
183600 18 72
183600 21 59
183600 21 86
183600 21 97
183600 21 62
183600 23 45
183600 23 97
183600 23 110
183600 23 117
183600 23 94
183600 23 49
183600 23 91
183600 25 95
183600 25 112
183600 25 99
183600 26 112
183600 31 97
183600 37 86
183600 37 51
183600 39 43
183600 39 95
183600 39 97
183600 40 92
183600 41 86
183600 43 120
183600 44 105
183600 49 60
183600 49 97
183600 49 92
183600 49 104
183600 51 112
183600 51 97
183600 58 112
183600 59 119
183600 61 117
183600 62 95
183600 74 116
183600 76 85
183600 85 99
183600 86 119
183600 95 117
183600 95 112
183600 112 117
183900 0 99
183900 0 105
183900 0 121
183900 1 72
183900 3 67
183900 3 17
183900 3 5
183900 3 21
183900 3 62
183900 5 121
183900 8 14
183900 10 112
183900 12 121
183900 12 85
183900 20 72
183900 21 62
183900 21 86
183900 22 42
183900 23 49
183900 23 94
183900 25 112
183900 30 69
183900 30 86
183900 31 97
183900 37 86
183900 39 43
183900 42 59
183900 44 105
183900 49 60
183900 49 97
183900 49 104
183900 49 113
183900 51 103
183900 51 67
183900 51 86
183900 58 112
183900 59 119
183900 64 96
183900 64 67
183900 72 103
183900 72 121
183900 85 99
183900 85 111
183900 85 103
183900 86 119
183900 86 116
183900 103 121
184200 0 105
184200 1 49
184200 3 5
184200 5 121
184200 8 14
184200 12 85
184200 12 121
184200 22 67
184200 23 45
184200 23 94
184200 23 91
184200 25 62
184200 25 105
184200 26 69
184200 31 97
184200 37 86
184200 42 59
184200 49 60
184200 49 113
184200 49 104
184200 51 103
184200 51 67
184200 62 67
184200 76 85
184200 99 111
184500 3 5
184500 3 17
184500 5 121
184500 8 14
184500 10 112
184500 10 67
184500 10 62
184500 12 121
184500 12 23
184500 23 94
184500 23 65
184500 25 62
184500 30 69
184500 31 97
184500 37 86
184500 39 43
184500 42 59
184500 49 113
184500 49 60
184500 62 67
184500 99 111
184800 3 17
184800 8 14
184800 10 112
184800 10 62
184800 10 25
184800 10 67
184800 12 121
184800 19 45
184800 23 94
184800 23 36
184800 25 62
184800 26 69
184800 28 38
184800 28 103
184800 37 86
184800 42 59
184800 45 62
184800 49 60
184800 49 113
184800 49 59
184800 99 111
185100 3 17
185100 5 121
185100 10 45
185100 12 121
185100 15 99
185100 19 45
185100 23 36
185100 23 66
185100 26 87
185100 28 38
185100 42 45
185100 45 62
185100 45 65
185100 49 113
185100 49 59
185100 62 67
185100 69 94
185100 99 111
185400 5 121
185400 12 121
185400 15 99
185400 19 45
185400 22 62
185400 23 36
185400 26 69
185400 28 38
185400 49 113
185400 67 96
185400 94 102
185700 12 121
185700 15 99
185700 19 29
185700 23 36
185700 28 38
185700 67 69
185700 94 102
186000 13 23
186000 19 29
186000 19 69
186000 23 36
186000 29 67
186000 59 96
186000 65 104
186000 65 82
186300 13 23
186300 15 68
186300 19 69
186300 29 67
186300 52 65
186300 69 123
186300 71 94
186300 76 82
186300 94 102
186300 94 100
186600 9 102
186600 9 71
186600 19 36
186600 29 67
186600 52 65
186600 56 102
186600 66 71
186600 69 123
186600 71 94
186600 82 94
186600 94 100
186900 13 93
186900 15 68
186900 19 117
186900 29 67
186900 41 100
186900 52 65
186900 52 66
186900 82 94
187200 13 93
187200 15 68
187200 29 67
187200 52 66
187200 94 113
187500 13 93
187500 29 67
187500 52 66
187500 66 94
187500 80 113
187800 3 118
187800 43 100
187800 43 118
187800 52 66
187800 59 123
187800 66 94
188100 43 118
188100 52 66
188100 58 67
188100 58 75
188100 58 72
188400 3 118
188400 17 64
188400 21 66
188400 29 103
188400 46 118
188400 52 66
188400 66 71
188400 66 103
188400 91 119
188700 2 29
188700 17 64
188700 21 66
188700 21 80
188700 29 103
188700 29 91
188700 33 80
188700 33 68
188700 42 93
188700 46 118
188700 48 80
188700 48 118
188700 48 76
188700 76 80
188700 91 119
189000 2 29
189000 12 35
189000 29 103
189000 29 91
189000 33 34
189000 34 35
189000 34 93
189000 34 117
189000 67 93
189000 91 119
189000 93 119
189300 23 77
189300 23 34
189300 29 91
189300 91 119
189600 51 63
189600 57 63
189600 57 111
189600 91 119
189900 4 28
189900 4 25
189900 16 72
189900 27 36
189900 36 72
189900 36 76
189900 44 53
189900 44 91
189900 44 109
189900 57 111
189900 72 102
190200 16 72
190200 21 37
190200 31 75
190200 36 76
190200 45 72
190200 52 113
190200 72 102
190200 72 101
190200 73 91
190200 75 109
190200 75 111
190200 75 84
190500 4 28
190500 15 31
190500 15 36
190500 28 111
190500 36 76
190500 45 72
190500 50 108
190500 55 115
190500 72 101
190500 76 108
190800 8 76
190800 22 57
190800 31 76
190800 31 57
190800 45 72
190800 52 66
190800 57 106
190800 57 59
190800 75 111
190800 106 116
191100 0 75
191100 4 28
191100 45 72
191100 52 66
191100 66 105
191100 95 106
191400 0 75
191400 4 85
191400 22 57
191400 28 108
191400 33 70
191400 37 71
191400 37 104
191400 52 66
191400 75 111
191400 104 106
191700 0 75
191700 8 22
191700 21 75
191700 22 29
191700 22 110
191700 22 71
191700 22 106
191700 22 52
191700 37 71
191700 51 124
191700 66 71
191700 66 105
191700 66 72
191700 104 106
192000 0 71
192000 9 21
192000 12 24
192000 21 32
192000 21 89
192000 22 106
192000 22 52
192000 22 71
192000 29 116
192000 33 70
192000 36 120
192000 36 116
192000 51 124
192000 51 116
192000 66 71
192000 70 116
192000 75 111
192300 9 32
192300 9 116
192300 16 24
192300 22 106
192300 22 71
192300 24 33
192300 24 92
192300 29 116
192300 33 116
192300 36 120
192300 46 111
192300 51 124
192300 52 70
192300 64 116
192300 66 71
192300 66 111
192300 70 116
192300 70 107
192300 71 106
192300 80 111
192300 89 116
192300 104 116
192600 9 32
192600 22 106
192600 22 71
192600 24 33
192600 24 92
192600 24 71
192600 24 45
192600 32 111
192600 36 120
192600 46 111
192600 57 71
192600 66 111
192600 66 71
192600 70 116
192600 70 107
192600 76 111
192900 2 57
192900 2 37
192900 5 22
192900 12 111
192900 12 24
192900 12 80
192900 22 71
192900 23 36
192900 23 80
192900 24 71
192900 24 45
192900 36 120
192900 36 37
192900 46 111
192900 51 102
192900 57 71
192900 57 92
192900 66 111
192900 66 72
192900 70 116
192900 70 106
192900 73 118
192900 80 111
193200 2 22
193200 2 57
193200 22 106
193200 22 46
193200 22 71
193200 23 80
193200 23 36
193200 24 33
193200 24 92
193200 24 71
193200 24 109
193200 36 120
193200 46 111
193200 46 55
193200 57 71
193200 57 111
193200 66 72
193200 66 111
193200 70 106
193200 70 121
193200 71 124
193200 73 118
193200 80 111
193200 80 124
193500 2 37
193500 2 57
193500 18 23
193500 23 36
193500 24 92
193500 24 33
193500 27 109
193500 43 66
193500 46 111
193500 57 71
193500 57 92
193500 60 121
193500 60 63
193500 66 72
193500 66 111
193500 71 124
193500 96 109
193500 109 121
193800 2 37
193800 2 110
193800 2 52
193800 2 28
193800 18 77
193800 23 36
193800 24 33
193800 27 37
193800 28 66
193800 28 57
193800 28 117
193800 33 57
193800 33 71
193800 45 93
193800 46 111
193800 49 77
193800 57 92
193800 66 111
193800 66 93
193800 71 124
193800 73 118
193800 93 111
193800 109 121
194100 2 28
194100 2 110
194100 2 52
194100 2 57
194100 18 81
194100 20 124
194100 27 53
194100 28 117
194100 28 41
194100 37 43
194100 41 48
194100 43 93
194100 43 66
194100 45 93
194100 46 111
194100 49 77
194100 60 121
194100 66 93
194100 66 118
194100 71 124
194100 93 111
194100 93 118
194100 93 121
194400 5 20
194400 5 93
194400 12 14
194400 12 56
194400 20 124
194400 20 118
194400 22 43
194400 24 33
194400 28 66
194400 33 57
194400 33 71
194400 41 48
194400 43 66
194400 43 93
194400 45 93
194400 47 93
194400 48 53
194400 49 77
194400 53 93
194400 65 93
194400 66 111
194400 66 93
194400 81 93
194400 91 121
194400 93 111
194400 93 121
194700 2 111
194700 5 20
194700 12 56
194700 12 116
194700 14 33
194700 20 118
194700 20 74
194700 24 33
194700 29 119
194700 33 71
194700 33 89
194700 33 116
194700 37 66
194700 37 91
194700 41 48
194700 43 93
194700 43 66
194700 45 74
194700 46 111
194700 48 53
194700 57 118
194700 60 89
194700 61 111
194700 66 93
194700 66 118
194700 83 111
194700 91 121
194700 93 118
195000 2 111
195000 12 29
195000 14 33
195000 14 62
195000 14 111
195000 20 74
195000 20 118
195000 24 121
195000 26 90
195000 26 37
195000 33 116
195000 33 89
195000 37 91
195000 41 48
195000 43 66
195000 46 111
195000 47 84
195000 57 118
195000 60 89
195000 61 111
195000 64 107
195000 71 84
195000 83 111
195000 84 106
195000 84 107
195000 84 90
195300 2 111
195300 2 17
195300 14 62
195300 17 105
195300 17 24
195300 17 99
195300 20 74
195300 20 118
195300 24 90
195300 24 71
195300 24 62
195300 26 90
195300 29 37
195300 33 116
195300 41 48
195300 43 66
195300 46 111
195300 60 89
195300 61 111
195300 62 89
195300 71 99
195300 76 89
195300 89 105
195300 99 106
195600 2 17
195600 12 60
195600 14 62
195600 14 83
195600 14 86
195600 14 33
195600 17 24
195600 20 118
195600 24 71
195600 24 62
195600 24 33
195600 26 68
195600 29 37
195600 33 86
195600 41 48
195600 60 89
195600 61 111
195600 62 95
195600 66 71
195600 72 89
195600 76 89
195600 86 99
195600 99 106
195900 2 17
195900 12 60
195900 13 79
195900 13 86
195900 17 24
195900 17 89
195900 24 86
195900 24 82
195900 24 71
195900 39 86
195900 41 48
195900 60 89
195900 61 111
195900 62 95
195900 68 79
195900 82 102
195900 86 99
196200 2 17
196200 8 62
196200 8 86
196200 8 24
196200 13 86
196200 17 24
196200 19 82
196200 24 71
196200 24 86
196200 24 73
196200 24 79
196200 26 68
196200 39 86
196200 41 48
196200 62 95
196200 62 73
196200 86 87
196200 99 106
196500 2 62
196500 8 24
196500 8 62
196500 8 79
196500 10 82
196500 17 24
196500 19 82
196500 26 68
196500 40 100
196500 51 83
196500 51 105
196500 62 95
196500 67 83
196500 99 106
196800 8 24
196800 10 82
196800 11 57
196800 13 57
196800 16 105
196800 18 57
196800 26 68
196800 38 85
196800 44 68
196800 44 63
196800 51 95
196800 57 106
196800 62 95
196800 63 120
196800 99 106
197100 2 62
197100 3 44
197100 7 115
197100 10 82
197100 11 57
197100 14 105
197100 16 83
197100 17 24
197100 38 85
197100 39 44
197100 39 57
197100 44 105
197100 44 57
197100 44 98
197100 51 95
197100 51 83
197100 51 57
197100 57 105
197100 65 115
197100 67 83
197100 71 95
197100 83 105
197100 99 106
197400 2 14
197400 2 8
197400 2 91
197400 7 95
197400 8 16
197400 10 82
197400 13 57
197400 14 105
197400 14 16
197400 16 83
197400 17 24
197400 27 102
197400 27 53
197400 30 57
197400 38 85
197400 39 80
197400 40 67
197400 44 63
197400 44 98
197400 51 57
197400 51 83
197400 57 106
197400 57 75
197400 65 115
197400 83 105
197400 102 105
197700 2 8
197700 6 7
197700 7 27
197700 10 102
197700 14 105
197700 16 83
197700 16 69
197700 17 24
197700 17 27
197700 20 27
197700 20 89
197700 27 53
197700 27 102
197700 27 89
197700 39 80
197700 40 56
197700 65 115
197700 75 102
197700 83 105
197700 89 105
197700 89 102
198000 8 15
198000 14 105
198000 14 89
198000 16 83
198000 16 69
198000 16 89
198000 16 20
198000 17 24
198000 20 89
198000 20 27
198000 39 89
198000 44 98
198000 49 120
198000 65 83
198000 89 105
198000 89 102
198300 7 27
198300 8 56
198300 10 102
198300 16 66
198300 16 40
198300 16 45
198300 17 27
198300 27 102
198300 27 53
198300 38 99
198300 40 73
198300 54 63
198300 56 105
198300 75 102
198300 89 105
198600 16 40
198600 17 24
198600 27 53
198600 29 81
198600 29 44
198600 36 77
198600 38 99
198600 39 72
198600 40 73
198600 44 98
198600 89 105
198900 8 56
198900 10 77
198900 16 40
198900 17 27
198900 29 44
198900 29 81
198900 40 73
198900 40 77
198900 89 105
198900 98 118
199200 8 56
199200 8 65
199200 10 77
199200 16 40
199200 40 73
199200 47 89
199200 51 57
199200 98 118
199200 105 118
199500 8 65
199500 25 57
199500 27 57
199500 40 73
199500 51 57
199500 98 118
199800 4 41
199800 8 56
199800 25 57
199800 27 57
199800 43 56
199800 51 57
200100 8 65
200100 8 56
200100 41 110
200100 86 109
200100 98 118
200400 8 65
200400 27 109
200400 40 67
200400 41 110
200400 95 106
200700 46 86
200700 46 110
200700 65 100
200700 82 95
200700 96 118
200700 98 118
201000 46 110
201000 98 118
201000 98 102
201300 10 37
201300 37 63
201300 43 57
201300 46 110
201300 82 95
201600 1 74
201600 35 43
201600 39 46
201600 46 110
201600 63 119
201600 82 95
201900 1 74
201900 27 38
201900 38 77
201900 46 110
201900 77 123
202200 1 74
202200 8 92
202200 28 110
202200 28 123
202200 38 123
202200 38 110
202200 46 110
202500 1 74
202500 8 84
202500 49 58
202500 49 123
202500 49 53
202800 8 92
202800 8 84
202800 8 62
202800 53 69
202800 69 80
203100 1 80
203100 8 62
203100 73 102
203100 80 102
203400 37 41
203400 37 73
203400 41 101
203400 41 70
203400 55 70
203400 70 101
203400 73 102
203400 80 101
203400 101 120
203700 41 70
203700 45 84
203700 55 79
203700 73 102
203700 79 122
203700 79 99
204000 16 30
204000 45 47
204000 55 79
204300 12 122
204300 12 33
204300 12 30
204300 19 30
204300 30 67
204300 30 33
204300 33 67
204300 33 87
204300 45 47
204300 55 79
204600 12 55
204600 43 86
204600 45 47
204900 17 86
204900 31 123
204900 45 47
204900 73 86
204900 73 94
204900 87 89
204900 89 115
204900 89 123
205200 12 55
205200 20 55
205200 64 123
205200 73 86
205200 73 110
205200 110 115
205500 4 46
205500 4 27
205500 20 46
205500 26 27
205500 27 99
205500 27 46
205500 27 66
205500 30 60
205500 46 62
205500 51 116
205500 73 110
205500 110 115
205800 20 46
205800 26 116
205800 26 80
205800 27 99
205800 46 62
205800 62 122
205800 73 110
205800 73 86
205800 80 116
205800 80 87
205800 86 87
205800 110 115
206100 20 46
206100 23 73
206100 26 116
206100 26 80
206100 46 62
206100 58 62
206100 62 122
206100 73 86
206100 80 116
206400 20 46
206400 22 86
206400 26 80
206400 26 116
206400 73 86
206700 20 46
206700 22 86
206700 46 116
206700 80 86
207000 19 73
207000 46 116
207300 22 65
207600 17 88
208200 17 61
208200 61 63
208800 61 63
209100 45 99
209100 51 99
209100 99 109
210600 88 94
212700 12 55
212700 22 27
252900 46 83
252900 46 89
252900 78 83
253200 14 77
253200 14 78
253200 20 30
253200 46 83
253200 77 83
253500 14 77
253500 20 24
253500 20 107
253800 24 29
253800 24 107
254100 18 45
254100 29 45
254400 24 61
254400 29 61
254400 30 50
254700 24 61
255000 35 113
255300 5 118
255300 68 107
255300 68 112
255300 101 118
255600 5 118
255600 68 118
255600 68 106
255600 101 118
255900 5 118
255900 37 68
255900 68 106
256200 11 65
256200 16 118
256200 68 106
256500 38 100
256500 68 106
256800 68 106
257400 51 109
258000 24 76
258000 24 82
258300 24 76
258600 24 76
258600 32 85
259200 32 85
259200 91 107
259500 59 68
259500 91 107
259500 96 114
259800 4 107
259800 14 72
259800 32 114
259800 58 60
259800 58 74
259800 58 72
259800 59 68
259800 72 119
259800 72 79
259800 72 74
259800 72 105
259800 74 122
260100 2 47
260100 54 74
260100 54 72
260100 57 72
260100 58 60
260100 58 78
260100 59 68
260100 72 105
260100 72 74
260100 72 122
260100 74 122
260100 74 88
260100 74 96
260400 10 31
260400 17 36
260400 30 34
260400 32 114
260400 34 77
260400 35 69
260400 58 78
260400 59 68
260400 72 105
260400 72 74
260400 74 122
260700 17 36
260700 21 24
260700 21 35
260700 24 72
260700 30 34
260700 32 93
260700 32 49
260700 34 77
260700 34 124
260700 34 118
260700 35 69
260700 49 69
260700 49 75
260700 49 81
260700 49 124
260700 49 59
260700 58 69
260700 72 105
260700 72 74
260700 74 122
260700 83 88
260700 93 124
261000 3 106
261000 8 113
261000 20 72
261000 20 124
261000 21 24
261000 21 88
261000 24 32
261000 28 106
261000 32 93
261000 32 88
261000 34 77
261000 35 113
261000 36 85
261000 37 80
261000 41 113
261000 49 75
261000 49 124
261000 49 69
261000 49 81
261000 49 88
261000 49 83
261000 49 58
261000 59 68
261000 68 122
261000 72 74
261000 72 105
261000 72 85
261000 74 122
261000 80 124
261000 83 113
261000 88 106
261000 103 124
261000 106 113
261000 113 122
261300 8 113
261300 8 49
261300 8 31
261300 20 66
261300 20 113
261300 20 31
261300 21 88
261300 22 104
261300 22 36
261300 22 31
261300 24 32
261300 28 106
261300 30 116
261300 31 88
261300 32 88
261300 32 93
261300 35 113
261300 36 66
261300 36 83
261300 41 113
261300 44 106
261300 49 124
261300 49 83
261300 49 88
261300 59 68
261300 61 106
261300 68 122
261300 74 88
261300 80 124
261300 83 113
261300 83 88
261300 88 106
261300 113 124
261600 5 106
261600 5 31
261600 5 22
261600 5 92
261600 8 31
261600 8 113
261600 8 78
261600 20 31
261600 21 24
261600 21 88
261600 22 31
261600 22 109
261600 24 32
261600 30 31
261600 31 36
261600 31 106
261600 32 93
261600 32 88
261600 36 44
261600 36 52
261600 41 113
261600 44 106
261600 44 113
261600 106 113
261900 1 71
261900 1 106
261900 1 15
261900 1 59
261900 1 92
261900 5 92
261900 5 106
261900 5 34
261900 5 71
261900 15 111
261900 20 66
261900 22 109
261900 24 32
261900 30 111
261900 31 36
261900 31 111
261900 32 88
261900 32 93
261900 36 66
261900 36 56
261900 36 44
261900 41 113
261900 51 101
261900 51 59
261900 59 63
261900 93 94
262200 1 71
262200 1 20
262200 1 51
262200 5 92
262200 5 22
262200 5 9
262200 5 106
262200 10 20
262200 10 95
262200 11 16
262200 15 33
262200 16 111
262200 19 96
262200 20 111
262200 20 35
262200 20 114
262200 24 32
262200 27 106
262200 30 111
262200 31 106
262200 32 88
262200 34 110
262200 34 106
262200 34 61
262200 34 54
262200 36 66
262200 36 56
262200 36 84
262200 51 101
262200 51 59
262200 54 59
262200 55 59
262200 59 63
262200 80 121
262200 96 115
262200 99 106
262200 106 113
262500 5 92
262500 5 34
262500 5 36
262500 5 91
262500 10 20
262500 11 16
262500 11 91
262500 20 114
262500 24 32
262500 27 34
262500 31 36
262500 32 88
262500 32 91
262500 34 61
262500 34 54
262500 34 51
262500 34 36
262500 34 38
262500 36 66
262500 36 94
262500 36 83
262500 41 113
262500 41 83
262500 51 101
262500 51 59
262500 51 91
262500 59 63
262500 80 121
262500 91 109
262800 1 51
262800 3 91
262800 3 51
262800 5 92
262800 11 91
262800 11 16
262800 23 109
262800 23 124
262800 27 34
262800 32 88
262800 32 91
262800 32 65
262800 33 91
262800 34 36
262800 34 54
262800 34 38
262800 34 51
262800 35 77
262800 37 51
262800 41 65
262800 41 89
262800 51 91
262800 51 65
262800 51 124
262800 51 109
262800 51 113
262800 59 113
262800 65 124
262800 65 113
262800 65 91
262800 77 91
262800 80 121
262800 91 109
262800 91 114
263100 1 51
263100 3 91
263100 3 51
263100 5 25
263100 6 8
263100 6 114
263100 6 65
263100 8 65
263100 10 20
263100 11 16
263100 11 91
263100 23 109
263100 23 71
263100 23 92
263100 25 104
263100 25 105
263100 31 66
263100 32 88
263100 34 54
263100 41 65
263100 41 89
263100 41 83
263100 59 96
263100 71 114
263100 80 121
263100 104 120
263100 104 105
263400 1 51
263400 5 92
263400 6 114
263400 6 8
263400 11 91
263400 23 71
263400 23 92
263400 27 34
263400 32 88
263400 34 54
263400 41 89
263400 43 70
263400 63 69
263400 69 99
263400 71 114
263400 75 110
263400 80 121
263400 104 105
263700 1 51
263700 5 92
263700 6 8
263700 10 20
263700 11 91
263700 13 102
263700 28 113
263700 32 88
263700 34 54
263700 63 69
263700 69 99
263700 71 114
263700 108 124
264000 5 92
264000 6 8
264000 17 79
264000 28 113
264000 32 88
264000 55 102
264000 59 68
264000 59 79
264000 63 69
264000 68 79
264000 68 116
264000 80 121
264000 108 124
264300 10 20
264300 13 102
264300 17 79
264300 28 113
264300 33 76
264300 51 53
264300 59 79
264300 63 69
264300 108 124
264600 10 20
264600 17 79
264600 20 61
264600 33 76
264600 51 53
264600 56 109
264600 59 68
264600 63 69
264600 66 89
264600 68 116
264900 0 124
264900 26 124
264900 28 113
264900 51 53
264900 59 79
264900 59 68
264900 63 69
264900 68 116
264900 97 124
265200 1 106
265200 23 94
265200 26 124
265200 56 109
265200 59 79
265200 59 68
265200 63 69
265200 101 102
265500 21 80
265500 39 58
265500 59 79
265500 63 69
265500 63 98
265800 1 12
265800 29 42
265800 29 61
265800 39 58
265800 63 98
266100 8 123
266100 27 50
266100 39 58
266100 42 88
266100 61 103
266100 63 98
266100 105 116
266400 1 12
266400 27 50
266400 27 106
266400 42 88
266400 43 109
266400 61 103
266400 104 109
266700 13 77
266700 13 68
266700 13 91
266700 27 50
266700 28 89
266700 42 88
266700 48 104
267000 9 34
267000 9 61
267000 9 81
267000 9 109
267000 9 69
267000 9 100
267000 9 73
267000 13 77
267000 13 91
267000 13 34
267000 27 106
267000 34 100
267000 34 79
267000 34 91
267000 34 61
267000 42 88
267000 51 106
267000 81 120
267000 98 120
267300 9 34
267300 9 69
267300 9 52
267300 13 34
267300 22 34
267300 32 114
267300 34 91
267300 34 79
267300 34 112
267300 34 52
267300 42 47
267300 47 88
267300 52 70
267300 70 106
267600 5 63
267600 5 79
267600 5 105
267600 9 69
267600 16 22
267600 21 47
267600 21 112
267600 21 48
267600 28 35
267600 32 114
267600 34 91
267600 44 63
267600 47 88
267600 47 96
267600 70 106
267600 79 100
267900 5 105
267900 5 79
267900 5 63
267900 5 28
267900 16 25
267900 18 26
267900 21 47
267900 21 48
267900 25 79
267900 25 117
267900 25 27
267900 25 97
267900 27 79
267900 27 55
267900 27 121
267900 28 35
267900 44 100
267900 44 63
267900 63 70
267900 63 108
267900 70 106
267900 79 100
267900 83 100
268200 5 105
268200 5 28
268200 5 63
268200 5 79
268200 7 40
268200 14 30
268200 20 30
268200 21 47
268200 21 48
268200 25 97
268200 28 35
268200 28 108
268200 28 79
268200 30 44
268200 30 108
268200 30 79
268200 30 70
268200 30 100
268200 30 47
268200 41 108
268200 63 70
268200 70 106
268200 70 87
268200 79 108
268500 1 72
268500 12 66
268500 18 115
268500 20 30
268500 21 47
268500 21 48
268500 25 97
268500 27 121
268500 27 55
268500 28 35
268500 28 108
268500 29 90
268500 30 100
268500 30 79
268500 30 47
268500 30 108
268500 30 97
268500 30 66
268500 30 72
268500 40 90
268500 41 45
268500 44 63
268500 45 84
268500 48 105
268500 48 84
268500 63 108
268500 66 122
268500 84 90
268500 88 93
268500 90 116
268800 1 72
268800 11 105
268800 11 66
268800 14 30
268800 16 45
268800 19 45
268800 19 38
268800 19 30
268800 19 65
268800 21 47
268800 27 55
268800 27 108
268800 27 97
268800 27 45
268800 28 108
268800 29 90
268800 30 79
268800 30 108
268800 30 70
268800 30 100
268800 38 90
268800 38 47
268800 38 54
268800 38 108
268800 38 44
268800 39 65
268800 39 113
268800 39 45
268800 39 44
268800 39 108
268800 40 90
268800 44 63
268800 44 104
268800 45 84
268800 45 108
268800 45 64
268800 45 54
268800 47 104
268800 63 108
268800 65 104
268800 65 113
268800 66 122
268800 84 90
268800 90 116
268800 93 108
268800 104 113
269100 11 105
269100 14 44
269100 14 73
269100 16 45
269100 19 65
269100 19 38
269100 19 45
269100 24 64
269100 24 38
269100 27 97
269100 29 90
269100 30 100
269100 34 117
269100 34 39
269100 34 38
269100 34 47
269100 35 70
269100 35 38
269100 38 54
269100 38 90
269100 38 108
269100 38 47
269100 38 44
269100 38 103
269100 38 97
269100 39 44
269100 39 45
269100 39 113
269100 39 64
269100 39 70
269100 39 104
269100 39 47
269100 40 90
269100 44 95
269100 44 73
269100 45 64
269100 45 54
269100 45 73
269100 45 113
269100 45 105
269100 47 65
269100 47 95
269100 65 104
269100 65 66
269100 73 104
269100 73 91
269100 84 90
269100 90 116
269400 1 72
269400 5 97
269400 5 113
269400 5 73
269400 6 89
269400 6 73
269400 6 58
269400 6 47
269400 8 63
269400 8 37
269400 14 97
269400 16 45
269400 19 73
269400 28 97
269400 30 100
269400 34 117
269400 34 38
269400 34 47
269400 35 38
269400 37 97
269400 38 97
269400 38 54
269400 39 113
269400 39 104
269400 40 90
269400 44 73
269400 45 54
269400 45 73
269400 45 104
269400 47 97
269400 56 73
269400 57 97
269400 64 73
269400 65 104
269400 65 113
269400 65 66
269400 73 91
269400 84 97
269400 89 97
269400 93 108
269400 93 97
269400 97 104
269700 3 48
269700 5 113
269700 5 20
269700 5 22
269700 6 89
269700 6 47
269700 6 8
269700 6 72
269700 8 37
269700 8 63
269700 8 100
269700 8 108
269700 8 66
269700 8 86
269700 8 59
269700 8 22
269700 8 16
269700 8 77
269700 13 48
269700 13 18
269700 16 45
269700 18 58
269700 18 34
269700 19 52
269700 19 77
269700 20 86
269700 20 22
269700 22 35
269700 22 30
269700 22 86
269700 22 41
269700 22 77
269700 22 42
269700 25 30
269700 25 42
269700 28 97
269700 30 86
269700 31 56
269700 34 117
269700 38 47
269700 39 47
269700 42 59
269700 45 54
269700 47 65
269700 47 97
269700 47 95
269700 48 86
269700 56 73
269700 57 97
269700 59 77
269700 59 86
269700 65 66
269700 84 97
269700 89 97
269700 93 108
269700 93 97
270000 2 57
270000 4 63
270000 4 18
270000 5 20
270000 5 22
270000 5 113
270000 5 86
270000 5 63
270000 5 88
270000 6 89
270000 6 63
270000 6 75
270000 6 56
270000 8 100
270000 8 77
270000 8 22
270000 8 94
270000 8 67
270000 13 48
270000 13 57
270000 15 67
270000 16 45
270000 18 34
270000 18 94
270000 18 100
270000 19 73
270000 19 77
270000 19 57
270000 22 41
270000 22 35
270000 22 30
270000 22 42
270000 22 86
270000 22 65
270000 25 42
270000 34 117
270000 39 47
270000 42 59
270000 45 54
270000 47 95
270000 47 57
270000 48 86
270000 48 59
270000 56 100
270000 57 86
270000 57 100
270000 59 77
270000 59 86
270000 59 113
270000 59 110
270000 63 120
270000 75 94
270000 75 88
270000 75 108
270000 84 97
270000 89 97
270000 93 108
270300 2 57
270300 4 18
270300 5 20
270300 5 88
270300 5 86
270300 5 21
270300 6 89
270300 6 56
270300 6 75
270300 8 37
270300 8 94
270300 8 22
270300 8 77
270300 13 18
270300 13 57
270300 13 122
270300 14 50
270300 16 45
270300 16 20
270300 16 18
270300 16 86
270300 16 94
270300 18 94
270300 18 20
270300 18 82
270300 18 30
270300 18 92
270300 18 122
270300 20 22
270300 20 67
270300 20 122
270300 20 30
270300 20 94
270300 21 92
270300 21 95
270300 22 86
270300 22 41
270300 22 77
270300 22 30
270300 25 42
270300 26 112
270300 30 63
270300 30 117
270300 30 92
270300 30 100
270300 45 54
270300 47 95
270300 47 86
270300 47 92
270300 50 57
270300 50 95
270300 56 92
270300 57 86
270300 57 122
270300 57 92
270300 64 92
270300 65 77
270300 75 94
270300 75 88
270300 75 118
270300 84 97
270300 86 94
270300 86 112
270300 92 94
270300 92 95
270300 94 100
270300 94 118
270300 95 112
270300 117 118
270600 2 57
270600 4 47
270600 6 56
270600 7 100
270600 8 100
270600 13 18
270600 13 122
270600 13 57
270600 14 50
270600 14 62
270600 15 67
270600 16 18
270600 16 86
270600 16 94
270600 18 82
270600 21 95
270600 21 50
270600 26 112
270600 30 100
270600 47 92
270600 50 95
270600 50 57
270600 50 62
270600 56 92
270600 56 77
270600 57 100
270600 62 112
270600 62 67
270600 65 77
270600 86 112
270600 92 95
270600 94 100
270600 95 112
270600 112 118
270600 117 118
270900 2 57
270900 2 122
270900 4 47
270900 6 56
270900 13 122
270900 13 18
270900 13 21
270900 14 62
270900 21 50
270900 25 42
270900 47 89
270900 56 77
270900 77 122
270900 89 118
270900 112 118
271200 2 57
271200 2 122
271200 13 122
271200 14 62
271200 14 77
271200 15 67
271200 15 18
271200 15 118
271200 21 50
271200 30 100
271200 56 77
271200 65 89
271200 89 118
271200 98 122
271200 107 122
271500 2 57
271500 2 122
271500 13 15
271500 14 62
271500 15 67
271500 19 65
271500 19 49
271500 26 62
271500 30 98
271500 35 122
271500 65 89
271500 89 118
271500 112 118
271800 2 57
271800 3 112
271800 3 39
271800 14 62
271800 15 67
271800 15 30
271800 19 65
271800 23 98
271800 26 62
271800 30 98
271800 93 102
271800 112 118
272100 7 100
272100 15 30
272100 15 67
272100 15 74
272100 19 65
272100 22 99
272100 23 123
272100 30 98
272100 43 61
272100 55 111
272100 58 102
272100 93 102
272100 112 118
272400 14 78
272400 15 30
272400 15 74
272400 15 111
272400 17 49
272400 19 65
272400 22 99
272400 22 75
272400 43 61
272400 112 118
