0 1 66
0 1 12
0 2 111
0 3 99
0 3 46
0 23 118
0 23 44
0 24 106
0 29 97
0 31 45
0 39 50
0 57 88
0 57 107
0 81 103
0 88 94
300 1 66
300 1 44
300 1 30
300 3 99
300 3 46
300 23 118
300 29 97
300 29 45
300 31 45
300 39 63
300 45 99
300 46 95
300 46 113
300 57 107
300 81 103
300 95 99
600 1 44
600 3 46
600 9 113
600 9 83
600 9 45
600 9 59
600 9 65
600 9 46
600 29 113
600 30 113
600 39 63
600 44 113
600 45 99
600 46 113
600 46 95
600 81 103
600 95 99
900 2 83
900 2 26
900 5 92
900 9 83
900 29 113
900 30 113
900 44 113
900 46 95
900 46 113
900 46 83
900 60 83
900 70 74
900 74 80
900 74 83
1200 1 44
1200 2 26
1200 4 69
1200 9 83
1200 22 47
1200 28 46
1200 30 113
1200 46 95
1200 46 113
1200 46 83
1200 46 53
1200 47 53
1200 53 79
1200 60 83
1200 66 83
1500 4 69
1500 16 56
1500 16 26
1500 16 53
1500 20 56
1500 22 47
1500 22 113
1500 30 113
1500 46 95
1500 47 53
1500 53 79
1500 53 56
1500 56 62
1500 66 83
1800 2 106
1800 4 69
1800 15 113
1800 16 26
1800 16 53
1800 16 56
1800 23 53
1800 30 101
1800 31 75
1800 46 113
1800 46 95
1800 47 53
1800 60 83
1800 81 91
1800 81 108
2100 4 69
2100 4 105
2100 13 91
2100 16 56
2100 16 26
2100 22 47
2100 30 101
2100 31 75
2100 43 105
2100 46 105
2100 47 53
2100 67 83
2100 67 105
2100 68 83
2100 79 101
2100 81 108
2100 81 118
2100 81 101
2100 81 105
2100 83 105
2400 4 69
2400 4 105
2400 4 108
2400 13 91
2400 16 26
2400 16 56
2400 16 110
2400 17 38
2400 23 112
2400 29 109
2400 38 105
2400 43 105
2400 46 105
2400 47 53
2400 47 105
2400 68 83
2400 79 91
2400 83 105
2700 4 69
2700 4 108
2700 4 105
2700 4 76
2700 4 37
2700 8 76
2700 16 26
2700 20 76
2700 23 112
2700 27 38
2700 27 76
2700 38 105
2700 38 76
2700 43 105
2700 44 76
2700 47 53
2700 53 76
2700 76 89
2700 76 100
2700 76 107
2700 76 109
2700 76 112
3000 4 69
3000 4 76
3000 5 27
3000 5 64
3000 5 76
3000 8 76
3000 13 91
3000 16 110
3000 23 112
3000 27 38
3000 27 76
3000 27 101
3000 27 34
3000 27 95
3000 44 94
3000 46 105
3000 47 53
3000 53 76
3000 64 71
3000 76 107
3000 76 109
3000 76 100
3300 1 102
3300 5 27
3300 5 40
3300 5 34
3300 6 25
3300 10 40
3300 13 91
3300 20 27
3300 24 27
3300 24 77
3300 27 38
3300 27 76
3300 27 101
3300 27 34
3300 34 104
3300 34 40
3300 40 89
3300 40 102
3300 44 103
3300 44 52
3300 47 53
3300 58 75
3300 76 109
3300 101 117
3600 5 40
3600 5 34
3600 6 25
3600 13 91
3600 16 110
3600 19 34
3600 19 82
3600 20 27
3600 24 27
3600 24 118
3600 25 40
3600 25 75
3600 27 101
3600 27 76
3600 29 105
3600 30 67
3600 30 44
3600 34 40
3600 35 75
3600 38 118
3600 40 102
3600 40 89
3600 48 67
3600 49 118
3600 56 111
3600 101 117
3600 103 104
3900 5 40
3900 13 91
3900 19 82
3900 20 27
3900 27 101
3900 27 34
3900 30 44
3900 35 75
3900 40 89
3900 44 52
3900 44 103
3900 44 117
3900 46 117
3900 47 75
3900 49 118
3900 70 109
3900 75 93
3900 82 97
3900 97 105
3900 97 118
3900 99 113
3900 101 117
3900 104 119
4200 5 40
4200 5 34
4200 6 25
4200 6 113
4200 6 11
4200 6 92
4200 13 91
4200 19 82
4200 25 40
4200 27 34
4200 29 105
4200 34 40
4200 40 89
4200 44 52
4200 54 112
4200 55 73
4200 70 109
4200 82 97
4200 97 105
4200 101 117
4200 104 119
4500 5 40
4500 6 25
4500 19 82
4500 22 43
4500 25 40
4500 27 34
4500 29 105
4500 30 44
4500 34 40
4500 40 89
4500 43 54
4500 44 52
4500 47 75
4500 64 121
4500 70 109
4500 82 97
4500 97 105
4800 6 25
4800 6 11
4800 6 92
4800 6 113
4800 12 102
4800 12 98
4800 12 28
4800 18 102
4800 19 82
4800 20 52
4800 22 43
4800 25 40
4800 27 34
4800 30 44
4800 43 54
4800 70 109
4800 82 97
5100 5 40
5100 6 25
5100 8 107
5100 19 82
5100 20 52
5100 25 40
5100 30 44
5100 32 105
5100 40 89
5100 43 54
5100 44 52
5400 6 113
5400 6 25
5400 6 11
5400 8 107
5400 18 102
5400 20 52
5400 25 40
5400 30 44
5400 39 63
5400 40 89
5400 42 116
5400 43 54
5700 6 113
5700 6 11
5700 18 102
5700 20 52
5700 23 92
5700 25 40
5700 28 49
5700 30 44
5700 32 105
5700 43 54
5700 49 96
5700 49 87
5700 105 114
6000 5 78
6000 6 113
6000 6 11
6000 11 33
6000 22 97
6000 22 62
6000 22 73
6000 23 92
6000 30 44
6000 32 105
6000 39 63
6000 43 54
6000 46 104
6000 49 87
6000 62 94
6300 5 78
6300 6 11
6300 22 97
6300 23 92
6300 30 44
6300 32 105
6300 39 63
6300 46 104
6300 46 55
6300 49 96
6300 52 123
6300 105 114
6600 5 78
6600 11 33
6600 22 73
6600 22 97
6600 22 62
6600 39 63
6600 41 57
6600 43 54
6600 49 87
6600 52 123
6600 57 91
6600 57 60
6600 57 86
6600 92 93
6900 6 11
6900 11 33
6900 22 62
6900 22 97
6900 22 73
6900 32 105
6900 41 57
6900 49 72
6900 52 123
6900 57 91
6900 57 60
6900 67 81
7200 5 78
7200 39 63
7200 43 115
7200 52 123
7200 57 91
7200 57 60
7200 67 81
7200 96 115
7500 42 81
7500 52 123
7500 87 122
7500 96 115
7800 6 48
7800 42 81
7800 48 90
7800 48 69
7800 48 92
7800 48 63
7800 54 69
7800 63 119
7800 69 95
7800 87 122
7800 92 119
7800 92 95
7800 92 122
8100 3 52
8100 3 54
8100 4 95
8100 4 69
8100 4 64
8100 6 48
8100 6 43
8100 20 69
8100 21 54
8100 21 95
8100 39 53
8100 43 95
8100 43 54
8100 43 63
8100 43 52
8100 46 54
8100 48 92
8100 48 69
8100 48 63
8100 54 69
8100 54 95
8100 54 86
8100 54 64
8100 63 95
8100 69 95
8100 87 122
8400 3 52
8400 4 69
8400 4 64
8400 4 108
8400 4 110
8400 4 72
8400 6 43
8400 7 10
8400 10 115
8400 10 21
8400 12 72
8400 13 83
8400 13 77
8400 13 95
8400 13 21
8400 20 54
8400 20 53
8400 20 77
8400 21 35
8400 21 52
8400 21 48
8400 40 52
8400 43 63
8400 43 51
8400 43 49
8400 43 115
8400 46 54
8400 48 92
8400 48 63
8400 48 53
8400 48 72
8400 49 53
8400 51 64
8400 53 66
8400 63 95
8400 72 77
8400 87 122
8700 4 72
8700 6 43
8700 7 10
8700 10 61
8700 10 14
8700 10 122
8700 12 72
8700 13 21
8700 13 95
8700 13 52
8700 13 64
8700 13 119
8700 13 115
8700 21 95
8700 21 52
8700 21 38
8700 21 49
8700 36 52
8700 38 119
8700 43 95
8700 43 49
8700 43 115
8700 43 100
8700 43 122
8700 46 54
8700 46 122
8700 48 92
8700 48 53
8700 49 53
8700 52 119
8700 53 66
8700 54 64
8700 64 84
8700 72 77
8700 72 100
8700 87 122
8700 96 115
8700 100 122
8700 100 119
8700 100 107
9000 3 52
9000 3 100
9000 4 64
9000 4 108
9000 7 10
9000 10 21
9000 10 122
9000 10 14
9000 10 61
9000 10 13
9000 10 72
9000 10 117
9000 10 100
9000 11 100
9000 11 103
9000 11 48
9000 11 54
9000 11 64
9000 11 13
9000 12 72
9000 13 64
9000 13 75
9000 20 54
9000 21 49
9000 21 95
9000 21 64
9000 21 84
9000 26 72
9000 26 52
9000 36 52
9000 38 119
9000 39 100
9000 39 64
9000 39 41
9000 41 72
9000 43 100
9000 43 115
9000 46 54
9000 49 53
9000 50 58
9000 51 64
9000 52 119
9000 57 83
9000 64 119
9000 72 100
9000 86 100
9000 87 122
9000 91 100
9000 96 115
9000 100 119
9000 100 122
9000 100 111
9300 2 84
9300 3 52
9300 4 64
9300 4 108
9300 6 117
9300 7 13
9300 11 54
9300 11 48
9300 11 84
9300 11 14
9300 13 21
9300 20 54
9300 21 38
9300 21 52
9300 21 86
9300 21 115
9300 30 117
9300 31 106
9300 31 45
9300 31 39
9300 31 44
9300 31 43
9300 35 84
9300 35 62
9300 35 119
9300 35 87
9300 36 52
9300 39 64
9300 39 84
9300 39 87
9300 39 117
9300 41 72
9300 43 115
9300 44 58
9300 49 53
9300 50 58
9300 50 84
9300 50 119
9300 51 64
9300 57 83
9300 62 84
9300 84 119
9300 84 115
9300 100 119
9600 0 31
9600 0 62
9600 3 52
9600 4 64
9600 6 21
9600 6 50
9600 6 105
9600 6 31
9600 7 105
9600 8 84
9600 10 21
9600 11 48
9600 11 103
9600 11 13
9600 20 52
9600 21 64
9600 21 52
9600 21 115
9600 21 84
9600 21 86
9600 21 38
9600 21 95
9600 21 49
9600 21 62
9600 21 77
9600 21 35
9600 25 112
9600 25 122
9600 25 31
9600 30 110
9600 31 69
9600 32 52
9600 35 122
9600 35 62
9600 36 52
9600 38 52
9600 38 51
9600 38 62
9600 39 84
9600 39 117
9600 41 72
9600 43 100
9600 43 52
9600 46 54
9600 50 58
9600 50 122
9600 51 64
9600 51 75
9600 51 59
9600 51 115
9600 52 115
9600 62 84
9600 62 77
9600 62 75
9600 77 90
9600 84 115
9600 84 119
9600 84 93
9600 87 122
9600 100 122
9600 115 122
9900 0 31
9900 4 64
9900 4 5
9900 4 31
9900 4 90
9900 6 50
9900 6 105
9900 8 84
9900 11 13
9900 11 103
9900 11 48
9900 11 36
9900 11 122
9900 13 38
9900 21 49
9900 21 86
9900 21 35
9900 25 112
9900 25 105
9900 25 122
9900 31 114
9900 32 52
9900 35 122
9900 35 62
9900 35 36
9900 36 105
9900 37 77
9900 38 77
9900 39 77
9900 40 110
9900 40 122
9900 43 52
9900 43 100
9900 43 105
9900 50 122
9900 56 115
9900 56 77
9900 62 77
9900 63 105
9900 77 90
9900 77 122
9900 77 110
9900 84 93
9900 84 115
9900 100 122
9900 105 110
9900 115 122
10200 0 31
10200 2 56
10200 2 39
10200 3 91
10200 4 90
10200 4 64
10200 4 105
10200 4 77
10200 8 84
10200 11 13
10200 11 103
10200 11 48
10200 24 70
10200 25 122
10200 32 52
10200 35 122
10200 38 77
10200 39 117
10200 39 77
10200 40 122
10200 40 110
10200 43 100
10200 43 52
10200 46 121
10200 48 103
10200 56 77
10200 56 79
10200 56 122
10200 56 59
10200 56 121
10200 56 81
10200 56 91
10200 62 77
10200 77 90
10200 79 110
10200 81 121
10200 84 93
10200 86 91
10200 104 122
10200 115 122
10500 2 39
10500 2 56
10500 2 115
10500 2 81
10500 4 64
10500 4 5
10500 4 105
10500 8 84
10500 8 50
10500 8 116
10500 8 89
10500 9 81
10500 25 122
10500 25 110
10500 25 76
10500 31 76
10500 32 52
10500 32 63
10500 32 104
10500 40 103
10500 43 100
10500 56 121
10500 56 122
10500 56 91
10500 56 59
10500 56 115
10500 63 76
10500 70 115
10500 71 100
10500 72 115
10500 76 115
10500 77 90
10500 81 121
10500 81 91
10500 86 91
10500 89 104
10500 104 122
10500 104 110
10500 116 122
10800 2 56
10800 2 115
10800 2 81
10800 4 5
10800 9 81
10800 9 84
10800 15 57
10800 25 76
10800 25 64
10800 31 76
10800 32 104
10800 32 52
10800 32 110
10800 34 84
10800 42 49
10800 56 81
10800 70 115
10800 70 104
10800 72 115
10800 73 84
10800 76 115
10800 77 90
10800 79 110
10800 81 91
10800 81 86
10800 84 104
10800 86 91
10800 89 104
10800 112 115
11100 2 115
11100 2 56
11100 4 5
11100 4 80
11100 4 64
11100 4 115
11100 4 11
11100 4 16
11100 8 116
11100 11 27
11100 11 92
11100 11 61
11100 11 79
11100 11 66
11100 15 57
11100 16 33
11100 16 71
11100 16 27
11100 16 34
11100 16 79
11100 23 34
11100 25 76
11100 25 79
11100 33 79
11100 56 81
11100 58 79
11100 70 115
11100 72 115
11100 77 90
11100 79 80
11100 79 84
11100 81 86
11100 81 91
11100 86 91
11400 4 5
11400 11 27
11400 13 64
11400 16 27
11400 25 76
11400 27 73
11400 27 92
11400 27 55
11400 31 76
11400 32 110
11400 56 81
11400 68 92
11400 72 115
11400 81 91
11400 86 91
11700 4 5
11700 5 115
11700 16 71
11700 27 92
11700 31 53
11700 53 115
11700 68 92
11700 72 115
11700 81 91
11700 86 91
12000 4 5
12000 5 53
12000 11 27
12000 13 64
12000 31 76
12000 32 65
12000 42 65
12000 53 115
12000 72 115
12000 86 91
12300 4 5
12300 31 53
12300 31 76
12300 32 65
12300 39 81
12300 42 65
12300 58 73
12300 73 96
12600 11 27
12600 13 64
12600 16 55
12600 16 27
12600 27 117
12600 32 65
12600 39 81
12600 40 56
12600 42 65
12600 53 115
12600 73 96
12900 13 16
12900 16 55
12900 16 33
12900 16 45
12900 27 45
12900 32 65
12900 39 81
12900 39 55
12900 42 65
12900 104 117
13200 6 51
13200 6 65
13200 14 65
13200 16 55
13200 39 55
13200 39 81
13200 42 65
13200 45 117
13500 6 65
13500 9 39
13500 16 55
13500 16 84
13500 16 29
13500 27 45
13500 32 65
13500 39 55
13500 39 81
13500 114 116
13800 6 65
13800 6 116
13800 27 45
13800 39 81
13800 39 55
13800 65 77
13800 114 116
14100 6 65
14100 6 106
14100 27 45
14100 53 116
14100 114 116
14400 3 106
14400 6 106
14400 13 81
14400 27 45
14400 31 116
14400 36 45
14400 36 108
14400 39 81
14400 106 111
14700 6 106
14700 13 81
14700 27 45
14700 32 81
14700 63 81
14700 81 98
15000 6 106
15000 36 45
15000 45 59
15000 49 59
15000 49 110
15000 79 98
15300 5 100
15300 6 106
15300 30 35
15300 35 63
15300 49 110
15300 83 115
15300 87 117
15600 2 122
15600 5 100
15600 6 106
15600 30 35
15600 30 42
15600 33 65
15600 35 63
15600 47 93
15600 49 59
15600 72 99
15900 5 100
15900 6 106
15900 30 42
15900 33 65
15900 33 51
15900 51 62
15900 60 93
15900 65 76
15900 71 108
15900 106 108
16200 5 100
16200 6 106
16200 22 120
16200 41 51
16200 60 93
16200 106 108
16200 108 119
16500 1 71
16500 20 71
16500 20 101
16500 22 120
16500 56 82
16500 71 107
16500 71 89
16500 89 107
16500 93 107
16500 108 119
16800 1 78
16800 6 106
16800 22 120
16800 35 113
16800 35 116
16800 35 78
16800 36 98
16800 49 63
16800 71 89
16800 78 107
16800 78 93
16800 80 107
16800 93 107
17100 2 116
17100 2 58
17100 5 88
17100 22 120
17100 25 122
17100 36 79
17100 43 106
17100 93 107
17400 2 58
17400 2 10
17400 10 44
17400 10 19
17400 25 122
17400 36 79
17400 49 51
17400 93 107
17700 2 58
17700 2 10
17700 10 19
17700 19 59
17700 63 78
17700 93 107
18000 10 19
18000 10 44
18000 19 25
18000 25 86
18000 25 123
18000 25 44
18000 31 112
18000 31 44
18000 44 56
18000 44 59
18000 44 112
18000 44 45
18000 63 78
18000 93 107
18300 2 58
18300 8 73
18300 8 58
18300 10 44
18300 19 25
18300 19 59
18300 31 44
18300 31 39
18300 39 91
18300 39 100
18300 39 58
18300 44 112
18300 44 59
18300 44 45
18300 47 58
18300 52 58
18300 58 100
18300 58 91
18300 58 115
18600 8 73
18600 8 76
18600 10 44
18600 10 84
18600 31 44
18600 31 52
18600 35 115
18600 39 91
18600 39 58
18600 39 47
18600 44 59
18600 47 58
18600 47 95
18600 47 52
18600 47 123
18600 58 91
18600 58 115
18600 59 99
18600 64 99
18600 91 100
18600 93 107
18900 8 10
18900 10 44
18900 10 31
18900 17 115
18900 17 59
18900 31 88
18900 39 91
18900 44 91
18900 47 123
18900 52 58
18900 58 115
18900 58 91
18900 59 99
18900 59 74
18900 88 91
18900 88 103
18900 88 122
18900 91 122
18900 93 107
18900 94 95
19200 8 73
19200 8 10
19200 8 76
19200 8 58
19200 10 31
19200 12 123
19200 15 107
19200 22 44
19200 23 110
19200 31 88
19200 31 107
19200 39 58
19200 39 74
19200 42 43
19200 44 88
19200 47 52
19200 47 58
19200 52 76
19200 58 91
19200 58 110
19200 74 88
19200 76 88
19200 88 122
19200 88 91
19200 88 108
19200 93 107
19200 110 122
19500 8 76
19500 8 10
19500 10 44
19500 10 31
19500 12 123
19500 12 76
19500 12 74
19500 15 107
19500 22 44
19500 23 110
19500 47 92
19500 58 110
19500 62 123
19500 74 76
19500 74 107
19500 76 88
19500 76 99
19500 76 80
19500 93 107
19500 101 122
19800 2 44
19800 3 122
19800 3 93
19800 7 71
19800 8 73
19800 8 58
19800 8 76
19800 8 107
19800 12 76
19800 15 107
19800 22 71
19800 23 110
19800 31 107
19800 33 47
19800 44 88
19800 60 106
19800 62 123
19800 74 76
19800 74 107
19800 76 99
19800 93 107
20100 2 44
20100 3 93
20100 3 122
20100 7 71
20100 8 101
20100 8 66
20100 12 74
20100 12 66
20100 15 107
20100 21 107
20100 23 110
20100 23 93
20100 31 66
20100 57 98
20100 57 93
20100 59 115
20100 60 106
20100 62 63
20100 62 110
20100 74 76
20100 74 107
20100 76 99
20100 76 110
20400 3 93
20400 3 122
20400 7 71
20400 8 66
20400 15 57
20400 31 107
20400 33 47
20400 47 84
20400 47 101
20400 57 93
20400 57 82
20400 57 106
20400 60 106
20400 62 110
20400 71 88
20400 71 107
20400 76 110
20400 76 99
20400 84 115
20400 107 109
20400 107 115
20700 1 100
20700 3 122
20700 7 71
20700 10 105
20700 31 109
20700 33 47
20700 33 109
20700 33 76
20700 33 99
20700 37 82
20700 47 58
20700 57 82
20700 57 93
20700 60 106
20700 60 99
20700 71 107
20700 71 88
20700 76 88
20700 79 105
20700 84 115
20700 88 109
20700 100 107
20700 107 115
20700 109 122
21000 1 100
21000 3 122
21000 3 109
21000 7 71
21000 7 89
21000 7 100
21000 10 105
21000 33 99
21000 33 76
21000 33 109
21000 33 47
21000 52 109
21000 53 69
21000 57 93
21000 60 106
21000 69 100
21000 76 88
21000 76 110
21000 79 100
21000 84 100
21000 89 107
21000 100 107
21000 100 115
21000 107 115
21000 107 109
21000 109 114
21300 1 100
21300 3 109
21300 7 89
21300 7 115
21300 7 33
21300 7 100
21300 10 100
21300 30 100
21300 31 109
21300 33 109
21300 33 69
21300 40 78
21300 40 84
21300 52 109
21300 53 69
21300 53 115
21300 53 60
21300 59 115
21300 60 106
21300 60 99
21300 69 100
21300 71 107
21300 76 88
21300 79 100
21300 79 107
21300 84 100
21300 84 115
21300 89 107
21300 100 115
21300 107 109
21300 107 115
21300 109 114
21600 4 31
21600 6 71
21600 6 114
21600 7 71
21600 7 89
21600 10 105
21600 30 100
21600 30 84
21600 31 78
21600 33 99
21600 40 78
21600 53 115
21600 53 60
21600 53 69
21600 53 84
21600 58 71
21600 59 115
21600 60 99
21600 60 107
21600 60 84
21600 65 84
21600 69 100
21600 69 71
21600 71 76
21600 78 84
21600 79 107
21600 84 100
21600 84 106
21600 107 109
21900 4 107
21900 6 90
21900 6 78
21900 7 71
21900 20 65
21900 30 84
21900 30 100
21900 31 78
21900 33 99
21900 40 78
21900 53 60
21900 58 71
21900 59 115
21900 60 107
21900 60 84
21900 60 99
21900 65 78
21900 69 100
21900 69 94
21900 76 90
21900 78 84
21900 78 107
21900 78 99
21900 78 90
21900 78 114
21900 90 114
21900 94 114
21900 107 112
21900 107 114
22200 4 36
22200 6 78
22200 7 89
22200 10 105
22200 30 84
22200 33 99
22200 33 53
22200 33 114
22200 33 90
22200 53 60
22200 59 115
22200 65 94
22200 69 94
22200 69 76
22200 90 114
22200 94 114
22200 107 114
22500 10 105
22500 25 76
22500 27 37
22500 30 84
22500 31 78
22500 33 90
22500 33 53
22500 40 78
22500 43 76
22500 59 115
22500 59 114
22500 69 94
22500 78 99
22500 78 114
22500 84 114
22500 84 103
22500 84 94
22500 89 105
22500 90 105
22500 105 114
22500 105 119
22500 107 114
22800 0 19
22800 0 78
22800 0 114
22800 10 105
22800 11 114
22800 18 108
22800 18 39
22800 18 105
22800 19 122
22800 19 109
22800 19 43
22800 19 33
22800 23 94
22800 23 39
22800 23 105
22800 25 108
22800 31 78
22800 39 107
22800 40 78
22800 59 115
22800 78 114
22800 78 99
22800 89 105
22800 90 114
22800 90 105
22800 94 105
22800 105 119
22800 105 114
23100 0 78
23100 0 114
23100 0 99
23100 10 105
23100 11 18
23100 11 23
23100 19 109
23100 23 94
23100 23 51
23100 31 78
23100 39 71
23100 40 78
23100 70 99
23100 78 99
23100 89 105
23100 94 105
23400 4 109
23400 7 23
23400 18 108
23400 18 107
23400 19 109
23400 23 94
23400 23 107
23400 31 78
23400 59 115
23400 70 99
23400 78 99
23400 94 105
23400 94 122
23700 3 4
23700 4 10
23700 7 23
23700 11 23
23700 23 107
23700 23 51
23700 23 94
23700 31 78
23700 34 78
23700 39 115
23700 113 115
24000 3 4
24000 3 51
24000 4 10
24000 4 109
24000 11 105
24000 23 51
24000 23 94
24000 23 58
24000 23 115
24000 40 78
24000 51 115
24000 58 115
24300 2 58
24300 4 10
24300 5 11
24300 5 8
24300 8 68
24300 8 37
24300 17 109
24300 23 58
24300 23 113
24300 37 115
24300 40 78
24300 51 115
24300 58 115
24600 5 8
24600 5 11
24600 8 53
24600 8 23
24600 23 113
24600 27 44
24600 44 104
24600 44 53
24600 51 115
24600 58 115
24900 3 75
24900 3 44
24900 5 11
24900 5 8
24900 8 68
24900 8 37
24900 8 53
24900 23 113
24900 44 104
24900 51 75
24900 61 75
24900 68 75
25200 3 75
25200 3 44
25200 3 21
25200 8 68
25200 11 44
25200 21 44
25200 21 80
25200 21 75
25200 23 113
25200 44 53
25200 44 61
25200 45 61
25200 61 75
25200 68 75
25200 72 115
25200 75 80
25500 3 118
25500 3 104
25500 3 61
25500 3 114
25500 5 11
25500 21 44
25500 23 113
25500 44 53
25500 45 61
25500 51 71
25500 51 100
25500 72 115
25500 104 107
25800 3 104
25800 4 110
25800 18 62
25800 23 113
25800 45 61
25800 51 71
25800 72 115
25800 74 110
26100 2 93
26100 4 110
26100 18 24
26100 23 113
26100 38 93
26100 45 61
26100 57 62
26100 72 115
26100 74 110
26400 2 93
26400 4 110
26400 13 56
26400 18 24
26400 23 113
26400 57 62
26400 74 110
26400 77 95
26700 2 93
26700 13 56
26700 13 92
26700 23 33
26700 38 93
26700 45 61
26700 57 62
27000 4 110
27000 13 92
27000 13 56
27000 20 48
27000 35 123
27000 38 93
27000 45 61
27000 48 74
27000 49 123
27300 13 92
27300 13 56
27300 20 48
27300 45 61
27300 49 123
27300 55 109
27300 100 109
27600 13 92
27600 35 123
27600 38 93
27600 56 121
27600 62 109
27600 72 98
27600 100 109
27900 35 123
27900 38 93
27900 56 121
27900 100 109
28200 22 60
28200 38 93
28200 100 109
28500 38 93
28500 60 100
28500 68 75
28800 10 21
28800 10 61
28800 38 93
28800 70 75
29100 10 21
29100 38 93
29400 10 21
29400 21 52
29400 24 50
29400 50 119
29400 61 119
29400 83 111
29400 116 119
29700 33 58
29700 50 115
29700 58 108
29700 58 119
29700 83 111
30000 4 63
30000 38 117
30000 47 109
30000 58 119
30000 58 108
30300 10 64
30300 43 106
30300 47 109
30300 58 108
30300 64 100
30300 64 74
30600 2 35
30600 2 54
30600 2 8
30600 8 123
30600 8 54
30600 8 36
30600 35 48
30600 47 109
30600 64 74
30600 84 104
30900 8 36
30900 10 13
30900 10 91
30900 10 97
30900 13 94
30900 13 91
30900 13 86
30900 47 109
30900 117 121
31200 5 97
31200 8 36
31200 8 106
31200 13 86
31200 47 109
31200 48 106
31200 94 108
31500 4 5
31500 8 36
31500 13 86
31500 13 41
31500 36 76
31500 41 47
31800 8 36
31800 13 76
31800 13 92
31800 41 47
31800 43 59
31800 59 76
31800 76 93
32100 8 36
32100 41 47
32100 56 59
32100 59 122
32100 83 120
32400 8 36
32400 11 116
32400 26 116
32400 43 59
32400 43 116
32400 116 121
32700 16 37
32700 26 116
32700 33 82
32700 72 94
32700 90 108
33000 8 36
33000 8 121
33000 9 59
33300 37 44
33600 10 118
35100 81 119
35100 88 89
36000 3 60
36000 3 4
36300 46 113
36600 13 46
36900 19 80
38400 76 111
39000 41 110
39300 24 33
39300 24 41
39300 33 73
39600 41 110
39900 33 74
80700 36 114
81000 20 63
81300 0 7
81300 0 53
81300 0 63
81300 1 63
81600 0 63
81600 0 45
81600 45 54
81600 54 63
81900 17 54
81900 43 54
81900 54 116
82200 17 115
82200 54 116
82200 63 115
82200 106 115
82500 17 115
82500 17 57
82500 49 57
82500 49 115
82500 57 115
82500 106 115
82800 17 58
82800 58 86
82800 58 99
83100 25 58
83100 25 32
83100 32 99
83100 32 58
83100 58 99
83100 58 114
83700 58 114
83700 58 62
84000 58 114
84000 86 98
84300 29 98
84300 44 57
84300 57 98
84600 57 98
84600 86 98
84900 29 98
85500 35 73
85800 0 13
85800 0 35
86100 0 13
86400 0 13
86400 48 114
86700 10 85
86700 42 112
87000 13 31
87000 15 112
87000 19 63
87000 19 93
87000 19 56
87000 24 31
87000 24 119
87000 24 51
87000 24 47
87000 30 61
87000 31 103
87000 31 93
87000 31 85
87000 42 112
87000 47 82
87300 10 17
87300 13 31
87300 17 82
87300 17 22
87300 17 71
87300 19 93
87300 19 56
87300 22 31
87300 22 24
87300 22 96
87300 22 114
87300 22 89
87300 24 51
87300 24 119
87300 30 61
87300 30 69
87300 31 93
87300 31 114
87300 31 52
87300 39 114
87300 39 69
87300 69 119
87300 114 119
87300 119 120
87600 1 71
87600 1 69
87600 3 5
87600 3 98
87600 3 9
87600 5 9
87600 9 34
87600 9 118
87600 9 42
87600 9 119
87600 10 17
87600 10 119
87600 10 30
87600 13 31
87600 15 112
87600 19 93
87600 19 56
87600 24 51
87600 39 114
87600 39 69
87600 40 118
87600 69 119
87600 69 83
87600 71 81
87600 114 119
87900 5 9
87900 9 119
87900 9 42
87900 9 118
87900 9 43
87900 9 78
87900 9 45
87900 10 30
87900 13 31
87900 13 45
87900 13 88
87900 24 119
87900 24 51
87900 24 83
87900 24 71
87900 39 114
87900 39 69
87900 40 118
87900 45 119
87900 45 122
87900 45 114
87900 45 90
87900 69 83
87900 83 96
88200 0 69
88200 9 34
88200 9 78
88200 10 30
88200 24 71
88200 24 83
88200 26 78
88200 30 76
88200 30 114
88200 40 118
88200 71 88
88200 76 112
88200 78 87
88200 80 114
88200 83 96
88200 87 114
88200 88 114
88200 103 112
88200 109 114
88200 112 114
88200 112 119
88500 9 78
88500 22 112
88500 24 71
88500 24 51
88500 24 83
88500 24 119
88500 24 82
88500 24 80
88500 24 26
88500 24 85
88500 24 78
88500 26 78
88500 26 114
88500 26 103
88500 30 76
88500 40 118
88500 54 85
88500 54 80
88500 69 83
88500 74 80
88500 76 112
88500 78 80
88500 80 114
88500 80 81
88500 83 112
88500 85 118
88500 85 103
88500 99 114
88500 112 114
88800 0 69
88800 9 78
88800 10 22
88800 22 113
88800 22 112
88800 22 120
88800 22 80
88800 22 94
88800 22 76
88800 24 82
88800 24 26
88800 24 78
88800 24 80
88800 24 71
88800 24 51
88800 24 103
88800 24 107
88800 26 78
88800 40 118
88800 52 80
88800 54 119
88800 74 80
88800 74 113
88800 76 80
88800 76 112
88800 78 80
88800 80 81
88800 80 94
88800 85 118
88800 85 103
89100 0 26
89100 0 120
89100 1 112
89100 22 113
89100 22 80
89100 22 112
89100 22 76
89100 22 121
89100 24 103
89100 24 26
89100 25 103
89100 26 114
89100 26 78
89100 26 55
89100 26 121
89100 26 48
89100 26 112
89100 30 76
89100 31 113
89100 49 121
89100 52 80
89100 55 112
89100 74 112
89100 80 81
89100 80 94
89100 83 112
89100 85 120
89400 0 69
89400 0 10
89400 10 22
89400 24 103
89400 25 103
89400 25 64
89400 26 114
89400 30 76
89400 30 89
89400 31 117
89400 31 89
89400 40 118
89400 64 77
89400 64 89
89400 75 103
89400 85 118
89400 85 120
89400 89 102
89700 0 10
89700 0 69
89700 2 88
89700 10 88
89700 16 36
89700 16 88
89700 17 36
89700 17 88
89700 24 103
89700 25 89
89700 30 76
89700 31 89
89700 31 113
89700 64 89
89700 75 103
89700 85 118
89700 88 98
89700 88 122
89700 89 102
90000 3 15
90000 3 101
90000 15 89
90000 16 88
90000 16 76
90000 16 71
90000 17 88
90000 17 36
90000 22 87
90000 24 103
90000 26 114
90000 31 117
90000 31 89
90000 31 101
90000 36 71
90000 40 89
90000 64 89
90000 71 101
90300 3 101
90300 3 15
90300 3 76
90300 9 16
90300 15 104
90300 16 71
90300 16 36
90300 16 76
90300 16 38
90300 16 89
90300 17 36
90300 25 89
90300 31 89
90300 31 117
90300 36 104
90300 38 76
90300 38 80
90300 40 89
90300 40 80
90300 40 109
90300 61 89
90300 76 109
90300 104 117
90300 104 109
90300 114 121
90600 3 15
90600 8 67
90600 10 110
90600 11 110
90600 15 104
90600 16 88
90600 17 88
90600 23 67
90600 31 117
90600 31 89
90600 36 104
90600 40 80
90600 104 109
90900 3 101
90900 4 7
90900 8 67
90900 10 110
90900 11 110
90900 12 39
90900 17 88
90900 31 89
90900 31 117
90900 38 80
90900 40 80
90900 45 84
91200 3 15
91200 3 101
91200 10 110
91200 12 39
91200 12 72
91200 12 92
91200 12 93
91200 31 89
91200 31 117
91200 72 106
91200 81 116
91200 104 109
91500 8 106
91500 8 48
91500 9 97
91500 10 110
91500 10 82
91500 11 75
91500 27 118
91500 31 89
91500 31 117
91500 33 82
91500 45 84
91500 58 112
91500 79 118
91500 104 109
91800 2 56
91800 3 101
91800 8 48
91800 8 106
91800 9 97
91800 10 82
91800 52 80
91800 58 112
91800 62 122
91800 81 116
92100 2 56
92100 8 106
92100 9 97
92100 10 82
92100 11 75
92100 31 117
92100 31 89
92100 33 82
92100 45 84
92100 52 80
92100 79 118
92400 8 48
92400 10 82
92400 11 75
92400 42 118
92400 45 84
92400 58 112
92400 68 112
92400 72 112
92400 85 122
92700 8 106
92700 18 95
92700 26 37
92700 28 78
92700 42 118
92700 45 46
92700 68 112
92700 72 112
92700 75 100
92700 85 122
93000 8 26
93000 9 15
93000 26 37
93000 45 46
93000 45 84
93000 59 102
93000 68 112
93000 72 112
93000 75 100
93300 7 110
93300 9 15
93300 20 28
93300 45 84
93300 51 103
93300 59 102
93300 68 112
93300 72 112
93600 9 15
93600 22 65
93600 29 103
93600 45 46
93600 45 84
93600 51 103
93600 72 112
93900 9 15
93900 20 41
93900 30 91
93900 45 84
93900 51 103
94200 0 74
94200 0 79
94200 2 59
94200 5 59
94200 7 93
94200 9 15
94200 11 102
94200 11 74
94200 22 103
94200 22 59
94200 30 91
94200 42 45
94200 45 84
94200 45 46
94200 45 96
94200 45 79
94200 59 74
94200 59 112
94200 59 108
94200 59 93
94200 59 106
94200 59 102
94200 67 76
94200 73 102
94200 74 79
94200 75 92
94200 79 103
94200 79 92
94200 92 93
94200 92 108
94200 94 102
94500 0 74
94500 5 59
94500 5 12
94500 5 42
94500 5 104
94500 7 93
94500 11 74
94500 11 102
94500 12 26
94500 12 51
94500 21 42
94500 24 59
94500 27 93
94500 27 82
94500 30 91
94500 51 103
94500 51 93
94500 51 79
94500 51 53
94500 59 93
94500 59 112
94500 59 108
94500 59 74
94500 67 76
94500 67 103
94500 74 94
94500 79 94
94500 79 87
94500 92 93
94500 93 112
94500 94 102
94800 0 74
94800 0 79
94800 0 51
94800 0 27
94800 3 27
94800 5 12
94800 5 42
94800 5 59
94800 11 74
94800 12 26
94800 12 51
94800 16 19
94800 16 18
94800 17 27
94800 17 51
94800 18 81
94800 18 75
94800 21 42
94800 27 82
94800 27 122
94800 27 117
94800 27 60
94800 27 68
94800 45 79
94800 51 103
94800 51 53
94800 51 93
94800 51 62
94800 51 74
94800 52 79
94800 59 102
94800 59 74
94800 60 64
94800 67 103
94800 67 76
94800 73 102
94800 74 79
94800 79 92
94800 79 103
94800 79 120
94800 94 102
94800 97 110
95100 0 51
95100 0 21
95100 5 12
95100 5 104
95100 5 59
95100 5 42
95100 5 6
95100 6 41
95100 16 18
95100 16 110
95100 16 51
95100 16 74
95100 16 27
95100 16 21
95100 17 27
95100 18 81
95100 18 76
95100 18 27
95100 21 42
95100 21 51
95100 21 109
95100 21 54
95100 27 122
95100 27 68
95100 27 82
95100 27 117
95100 27 109
95100 27 59
95100 48 112
95100 51 53
95100 54 109
95100 54 74
95100 54 76
95100 59 74
95100 59 93
95100 59 108
95100 61 100
95100 67 76
95100 67 103
95100 94 102
95100 94 109
95100 104 113
95100 109 110
95100 110 118
95400 0 74
95400 3 27
95400 5 12
95400 5 42
95400 10 51
95400 10 113
95400 11 74
95400 12 51
95400 13 37
95400 13 91
95400 16 18
95400 16 46
95400 18 35
95400 18 51
95400 18 109
95400 21 51
95400 21 42
95400 27 68
95400 36 76
95400 46 76
95400 48 112
95400 51 103
95400 51 74
95400 51 53
95400 51 97
95400 51 93
95400 52 61
95400 54 109
95400 74 79
95400 93 113
95400 94 109
95400 94 102
95400 97 110
95400 107 113
95400 109 113
95700 0 74
95700 5 72
95700 11 74
95700 12 46
95700 12 34
95700 12 97
95700 12 48
95700 13 91
95700 16 46
95700 18 35
95700 18 51
95700 19 83
95700 19 31
95700 21 42
95700 21 51
95700 27 82
95700 31 74
95700 34 74
95700 34 48
95700 34 109
95700 34 97
95700 46 97
95700 46 120
95700 46 74
95700 46 48
95700 47 70
95700 48 85
95700 51 74
95700 51 103
95700 51 53
95700 69 109
95700 69 110
95700 70 74
95700 72 116
95700 72 83
95700 72 112
95700 74 86
95700 85 109
95700 85 97
95700 94 109
95700 104 110
95700 107 113
95700 109 110
95700 110 113
96000 0 74
96000 1 70
96000 1 19
96000 1 36
96000 1 17
96000 1 39
96000 5 12
96000 5 72
96000 5 39
96000 10 85
96000 12 97
96000 12 34
96000 16 18
96000 16 36
96000 16 85
96000 16 39
96000 17 88
96000 18 35
96000 18 109
96000 18 51
96000 19 48
96000 19 35
96000 19 110
96000 21 42
96000 21 51
96000 34 97
96000 36 71
96000 39 70
96000 39 79
96000 39 109
96000 39 46
96000 39 120
96000 39 116
96000 39 74
96000 39 87
96000 46 97
96000 51 103
96000 51 53
96000 51 74
96000 54 86
96000 55 70
96000 70 74
96000 70 88
96000 70 72
96000 72 116
96000 72 87
96000 85 97
96000 85 109
96000 85 87
96300 0 74
96300 1 36
96300 1 17
96300 5 55
96300 11 74
96300 12 97
96300 12 34
96300 12 116
96300 12 91
96300 13 91
96300 16 116
96300 17 113
96300 17 87
96300 17 91
96300 18 35
96300 18 109
96300 18 51
96300 18 31
96300 19 48
96300 19 35
96300 19 110
96300 24 116
96300 26 86
96300 31 74
96300 34 74
96300 34 116
96300 36 61
96300 36 116
96300 36 39
96300 37 87
96300 39 116
96300 39 55
96300 39 61
96300 46 74
96300 51 74
96300 51 103
96300 51 53
96300 61 116
96300 69 109
96300 70 74
96300 70 91
96300 84 87
96300 84 116
96300 86 116
96300 91 116
96300 104 110
96600 0 74
96600 1 87
96600 4 123
96600 11 71
96600 12 91
96600 12 36
96600 12 19
96600 16 36
96600 17 88
96600 17 91
96600 17 87
96600 17 61
96600 18 109
96600 18 104
96600 18 107
96600 19 35
96600 19 48
96600 19 26
96600 19 36
96600 24 116
96600 36 71
96600 36 61
96600 36 39
96600 36 123
96600 36 51
96600 36 74
96600 37 87
96600 46 61
96600 51 103
96600 51 76
96600 51 71
96600 61 74
96600 69 109
96600 70 91
96600 70 74
96600 71 87
96600 71 92
96600 71 107
96600 91 116
96600 92 107
96600 92 104
96900 1 41
96900 4 123
96900 4 37
96900 11 71
96900 11 48
96900 11 102
96900 11 37
96900 11 87
96900 12 91
96900 12 87
96900 17 87
96900 17 91
96900 17 88
96900 18 109
96900 18 71
96900 18 102
96900 18 61
96900 19 61
96900 24 116
96900 25 91
96900 34 70
96900 34 61
96900 36 71
96900 39 61
96900 41 61
96900 61 74
96900 61 116
96900 61 70
96900 61 102
96900 69 109
96900 70 91
96900 70 93
96900 71 107
96900 71 92
96900 71 91
96900 91 116
96900 91 102
96900 92 104
96900 92 107
96900 92 96
97200 2 81
97200 4 37
97200 5 47
97200 11 37
97200 11 102
97200 11 71
97200 12 109
97200 12 37
97200 17 87
97200 17 91
97200 18 102
97200 18 71
97200 18 107
97200 18 61
97200 18 104
97200 19 61
97200 23 47
97200 24 116
97200 24 81
97200 24 61
97200 28 104
97200 34 70
97200 34 61
97200 35 70
97200 36 71
97200 36 61
97200 37 104
97200 37 102
97200 37 81
97200 41 61
97200 46 61
97200 48 87
97200 55 70
97200 58 81
97200 61 102
97200 61 87
97200 61 104
97200 69 109
97200 71 107
97200 87 109
97200 92 107
97200 92 104
97200 92 102
97500 1 5
97500 2 81
97500 2 55
97500 4 37
97500 4 92
97500 5 47
97500 7 95
97500 11 71
97500 11 102
97500 11 87
97500 12 87
97500 12 109
97500 12 70
97500 12 81
97500 12 92
97500 17 91
97500 18 102
97500 18 104
97500 18 55
97500 18 87
97500 19 61
97500 20 21
97500 23 47
97500 23 75
97500 23 50
97500 23 65
97500 24 61
97500 34 70
97500 34 65
97500 35 70
97500 46 61
97500 48 87
97500 50 104
97500 50 75
97500 58 81
97500 61 104
97500 61 87
97500 65 87
97500 69 109
97500 70 118
97500 75 92
97500 81 86
97500 81 87
97500 87 102
97500 87 92
97500 92 107
97500 92 104
97500 92 118
97500 92 102
97500 93 116
97500 116 118
97800 1 7
97800 2 4
97800 2 71
97800 2 75
97800 5 47
97800 23 50
97800 23 75
97800 23 65
97800 23 34
97800 24 50
97800 34 70
97800 34 95
97800 50 75
97800 58 65
97800 65 87
97800 69 109
97800 70 118
97800 71 118
97800 75 92
97800 75 119
97800 81 86
97800 92 107
97800 92 118
97800 116 118
97800 118 119
98100 1 7
98100 2 4
98100 2 75
98100 4 92
98100 4 37
98100 4 49
98100 5 47
98100 19 61
98100 34 70
98100 34 41
98100 51 86
98100 92 107
98100 116 118
98400 1 7
98400 4 37
98400 4 49
98400 4 92
98400 4 19
98400 5 35
98400 34 41
98400 34 92
98400 37 61
98400 65 87
98400 77 86
98700 1 7
98700 4 49
98700 4 37
98700 5 116
98700 9 35
98700 9 19
98700 28 86
98700 37 61
98700 65 87
99000 1 7
99000 4 19
99000 4 49
99000 10 21
99000 18 57
99000 31 79
99000 34 92
99300 1 7
99300 4 10
99300 4 88
99300 7 115
99300 19 98
99300 21 96
99300 37 61
99300 65 87
99600 4 117
99600 7 115
99600 49 81
99600 95 105
99900 4 18
99900 21 96
99900 49 81
99900 55 103
99900 95 105
100200 4 119
100200 4 74
100200 14 19
100200 95 105
100500 4 74
100500 71 121
100500 95 105
100500 104 119
100800 19 34
100800 27 116
100800 64 108
100800 88 119
100800 95 105
101100 3 61
101100 64 108
101100 95 105
101400 3 61
101400 3 80
101400 12 88
101400 26 88
101400 41 47
101400 47 103
101400 47 88
101400 61 105
101400 61 80
101400 73 88
101400 85 88
101400 88 119
101700 4 41
101700 12 88
101700 12 117
101700 12 109
101700 17 117
101700 17 58
101700 17 103
101700 47 88
101700 88 119
102000 12 117
102000 16 84
102000 17 58
102000 56 77
102000 63 72
102000 72 84
102000 72 79
102000 84 90
102000 88 119
102300 37 81
102300 37 106
102300 47 114
102300 63 72
102300 77 106
102300 84 90
102600 12 48
102600 13 96
102600 13 80
102600 30 48
102600 30 77
102600 37 106
102600 47 114
102600 63 72
102600 70 123
102600 77 106
102900 12 48
102900 13 96
102900 13 94
102900 15 38
102900 22 80
102900 30 77
102900 62 112
102900 77 106
103200 13 94
103200 15 38
103200 20 54
103200 20 110
103200 20 72
103200 30 48
103200 33 41
103200 38 48
103200 48 112
103200 48 117
103200 54 94
103200 62 112
103200 77 106
103200 106 112
103500 20 54
103500 29 71
103500 30 112
103500 33 101
103500 62 112
103500 77 106
103800 20 54
103800 30 109
103800 60 95
103800 71 93
103800 77 106
103800 93 94
104100 16 74
104100 16 30
104100 16 94
104100 28 43
104100 30 109
104100 60 95
104400 28 43
104400 33 78
104400 38 99
104400 60 95
104400 62 78
104400 62 72
104400 62 99
104700 11 62
104700 13 45
104700 13 56
104700 13 115
104700 28 43
104700 28 62
104700 39 79
104700 60 95
104700 71 79
104700 78 85
105000 6 90
105000 6 25
105000 11 62
105000 13 56
105000 25 106
105000 28 43
105000 33 78
105000 38 51
105000 38 90
105000 78 85
105000 78 79
105300 1 109
105300 6 25
105300 11 62
105300 16 85
105300 25 78
105300 28 43
105300 33 78
105300 33 52
105300 33 105
105300 33 39
105300 37 78
105300 43 78
105300 78 79
105300 78 106
105300 95 114
105300 106 114
105600 1 109
105600 11 52
105600 11 16
105600 33 78
105600 37 78
105600 46 110
105600 55 101
105600 78 106
105600 85 95
105600 95 114
105600 95 110
105600 106 114
105900 2 95
105900 11 16
105900 16 85
105900 16 111
105900 16 90
105900 33 78
105900 33 95
105900 33 38
105900 37 78
105900 46 110
105900 46 80
105900 80 95
105900 80 104
105900 85 95
105900 95 110
105900 95 104
106200 5 115
106200 21 84
106200 27 104
106200 33 38
106200 33 95
106200 33 78
106200 33 106
106200 33 104
106200 33 46
106200 37 78
106200 46 104
106200 64 104
106200 72 84
106200 80 104
106200 84 123
106200 90 104
106200 95 110
106200 95 104
106200 110 111
106500 3 53
106500 16 111
106500 21 84
106500 22 115
106500 27 104
106500 33 46
106500 33 104
106500 33 106
106500 33 95
106500 33 47
106500 33 123
106500 33 111
106500 37 123
106500 46 110
106500 47 67
106500 53 111
106500 54 117
106500 72 84
106500 80 104
106500 84 123
106500 90 104
106500 95 110
106500 104 117
106800 7 33
106800 7 102
106800 7 111
106800 10 111
106800 11 111
106800 14 54
106800 15 111
106800 15 116
106800 15 60
106800 16 111
106800 16 33
106800 21 84
106800 33 47
106800 33 95
106800 33 104
106800 33 106
106800 33 56
106800 33 88
106800 37 78
106800 47 67
106800 60 111
106800 64 104
106800 66 111
106800 71 115
106800 72 84
106800 84 111
106800 90 104
107100 1 71
107100 6 116
107100 6 71
107100 7 102
107100 7 33
107100 7 47
107100 7 105
107100 10 14
107100 11 118
107100 14 15
107100 14 33
107100 15 116
107100 15 111
107100 20 31
107100 29 118
107100 33 88
107100 33 46
107100 33 106
107100 33 56
107100 33 111
107100 33 104
107100 33 123
107100 33 35
107100 37 88
107100 47 67
107100 60 111
107100 72 84
107100 80 104
107100 90 111
107100 90 104
107100 96 105
107100 104 117
107100 116 118
107400 1 4
107400 4 47
107400 6 71
107400 6 116
107400 7 33
107400 7 111
107400 7 105
107400 7 15
107400 10 106
107400 11 118
107400 14 15
107400 14 54
107400 14 118
107400 14 22
107400 15 111
107400 15 106
107400 15 123
107400 16 111
107400 16 47
107400 29 118
107400 33 88
107400 33 106
107400 33 56
107400 33 111
107400 60 111
107400 63 116
107400 66 111
107400 72 84
107400 88 95
107400 90 111
107400 90 104
107400 95 119
107400 95 111
107400 104 105
107700 1 71
107700 1 4
107700 6 116
107700 7 15
107700 7 105
107700 10 106
107700 11 118
107700 11 37
107700 11 88
107700 14 15
107700 14 22
107700 15 106
107700 15 107
107700 16 47
107700 27 111
107700 29 92
107700 29 66
107700 31 72
107700 33 56
107700 47 67
107700 54 123
107700 72 84
107700 88 95
107700 88 108
107700 90 111
107700 90 104
107700 95 111
107700 95 113
107700 95 106
107700 104 105
107700 106 108
107700 111 113
108000 1 4
108000 6 59
108000 6 108
108000 7 15
108000 10 106
108000 11 118
108000 14 54
108000 14 22
108000 15 107
108000 15 67
108000 15 113
108000 22 108
108000 22 88
108000 29 118
108000 31 53
108000 33 56
108000 47 67
108000 47 88
108000 47 92
108000 53 106
108000 53 107
108000 53 88
108000 54 123
108000 59 92
108000 59 67
108000 60 123
108000 67 107
108000 72 84
108000 82 87
108000 88 108
108000 92 95
108000 95 119
108000 95 113
108000 105 107
108000 106 108
108000 111 113
108300 1 70
108300 1 93
108300 1 119
108300 6 59
108300 7 15
108300 14 93
108300 14 66
108300 14 118
108300 15 67
108300 15 86
108300 15 60
108300 22 108
108300 22 66
108300 27 111
108300 29 66
108300 31 53
108300 33 119
108300 47 67
108300 47 119
108300 47 104
108300 47 107
108300 47 92
108300 53 107
108300 53 88
108300 53 93
108300 54 123
108300 59 92
108300 60 123
108300 72 84
108300 90 111
108300 92 95
108300 95 111
108300 95 119
108300 104 118
108600 6 59
108600 14 93
108600 14 118
108600 14 29
108600 14 54
108600 15 67
108600 15 86
108600 15 60
108600 15 59
108600 15 107
108600 15 43
108600 22 66
108600 29 66
108600 47 67
108600 47 92
108600 53 107
108600 53 60
108600 53 67
108600 59 92
108600 59 70
108600 66 72
108600 66 117
108600 92 95
108600 95 113
108600 104 118
108600 105 112
108900 3 106
108900 6 59
108900 6 102
108900 33 112
108900 33 73
108900 47 92
108900 50 118
108900 53 112
108900 53 64
108900 54 123
108900 59 70
108900 59 92
108900 59 113
108900 59 112
108900 92 95
108900 95 122
108900 104 118
109200 3 113
109200 6 102
109200 14 29
109200 20 51
109200 20 72
109200 32 85
109200 32 89
109200 47 92
109200 47 89
109200 53 64
109200 54 123
109200 59 70
109200 73 106
109200 73 113
109200 95 122
109200 104 118
109500 3 113
109500 5 97
109500 6 59
109500 6 102
109500 14 69
109500 20 72
109500 20 51
109500 25 94
109500 25 104
109500 33 112
109500 53 64
109500 54 123
109500 57 109
109500 69 98
109500 72 123
109500 95 122
109500 98 104
109500 98 106
109500 104 106
109500 109 117
109800 3 113
109800 5 97
109800 20 51
109800 20 72
109800 20 70
109800 20 98
109800 25 94
109800 25 105
109800 53 64
109800 54 109
109800 70 123
109800 73 113
109800 73 106
109800 75 93
109800 95 122
109800 98 112
109800 109 117
110100 1 105
110100 5 93
110100 20 72
110100 20 98
110100 20 70
110100 20 51
110100 20 58
110100 20 64
110100 21 59
110100 25 94
110100 25 51
110100 53 64
110100 58 105
110100 59 105
110100 70 123
110100 75 93
110100 98 112
110400 1 105
110400 5 23
110400 7 59
110400 18 91
110400 20 72
110400 20 70
110400 20 58
110400 23 47
110400 23 31
110400 23 40
110400 25 94
110400 40 121
110400 47 75
110400 54 121
110400 59 105
110400 70 123
110700 7 59
110700 20 72
110700 20 66
110700 23 47
110700 25 94
110700 28 47
110700 40 121
110700 47 75
110700 59 84
110700 60 98
110700 70 123
110700 90 105
111000 20 72
111000 20 118
111000 59 91
111000 66 98
111000 74 98
111000 90 105
111000 91 98
111000 94 98
111300 9 53
111300 9 51
111300 20 72
111300 45 77
111300 45 54
111300 53 77
111300 54 90
111300 66 98
111300 74 98
111300 94 98
111600 9 51
111600 10 95
111600 45 77
111600 45 54
111600 50 93
111600 51 93
111600 53 82
111600 54 100
111600 59 87
111600 72 91
111600 74 98
111600 91 93
111600 94 98
111600 100 106
111900 6 13
111900 6 51
111900 6 100
111900 7 72
111900 10 95
111900 32 98
111900 53 95
111900 54 100
111900 74 98
111900 86 106
111900 87 106
111900 91 93
111900 95 96
111900 100 106
112200 6 9
112200 7 72
112200 45 77
112200 45 54
112200 53 82
112200 54 100
112200 72 91
112200 86 106
112200 86 112
112200 87 106
112200 91 93
112500 7 72
112500 26 114
112500 28 117
112500 32 51
112500 53 95
112500 54 100
112500 72 91
112500 74 98
112500 83 114
112500 86 106
112800 7 72
112800 26 114
112800 26 79
112800 45 54
112800 72 115
112800 74 98
112800 83 114
112800 86 106
112800 91 93
113100 16 97
113100 26 114
113100 28 117
113100 48 75
113100 72 115
113100 74 98
113100 91 93
113100 106 117
113400 1 28
113400 16 97
113400 26 114
113400 26 79
113400 35 93
113400 74 98
113700 1 28
113700 5 83
113700 26 79
113700 35 55
113700 48 75
113700 56 103
113700 74 98
114000 1 28
114000 5 83
114000 5 16
114000 16 97
114000 26 79
114000 41 110
114300 1 28
114300 5 76
114300 16 97
114300 23 54
114300 74 98
114300 97 110
114600 16 97
114600 23 54
114600 23 114
114600 41 110
114600 61 87
114600 64 98
114600 97 110
114900 16 97
114900 21 106
114900 21 87
114900 23 54
114900 41 110
114900 79 112
114900 97 110
115200 21 106
115200 23 54
115200 41 110
115200 64 98
115200 93 106
115500 23 54
115500 54 64
115500 79 112
115500 79 115
115800 41 110
115800 46 112
115800 46 54
115800 51 54
115800 54 64
115800 54 79
115800 54 56
115800 61 79
115800 79 110
116100 7 47
116100 7 49
116100 34 56
116100 34 61
116100 34 49
116100 41 110
116100 46 49
116100 47 71
116100 49 71
116100 54 56
116100 71 101
116400 7 49
116400 41 110
116400 41 49
116400 41 81
116400 41 47
116400 46 49
116400 49 71
116400 49 81
116400 71 81
116400 81 108
116400 110 112
116700 7 41
116700 12 58
116700 12 117
116700 41 110
116700 55 58
116700 58 95
117000 7 41
117000 21 70
117000 22 70
117000 22 111
117000 41 110
117000 44 95
117000 58 95
117300 4 111
117300 7 41
117300 7 95
117300 22 95
117300 22 111
117300 41 111
117300 41 114
117300 41 54
117300 52 111
117300 54 95
117300 58 95
117300 58 105
117300 78 95
117600 4 111
117600 24 115
117600 24 57
117600 41 54
117600 41 111
117600 51 58
117600 52 58
117600 78 95
117900 4 111
117900 14 35
117900 24 119
117900 24 98
117900 41 54
117900 41 119
118200 9 109
118200 20 121
118200 24 119
118200 41 54
118200 54 119
118200 54 100
118200 54 83
118200 100 119
118200 109 119
118200 112 119
118200 115 119
118500 9 109
118500 54 119
118500 54 83
118500 83 112
118500 83 110
118500 109 119
118500 115 119
118800 3 112
118800 5 14
118800 8 14
118800 9 109
118800 14 83
118800 109 119
118800 112 119
119100 9 109
119100 14 109
119100 48 64
119100 48 49
119100 54 83
119100 64 109
119100 83 110
119100 83 112
119100 109 110
119400 5 51
119400 51 58
119700 13 14
119700 49 66
119700 83 110
119700 109 110
120000 13 14
120000 109 110
120300 13 14
120300 18 113
120300 77 110
120600 18 113
120900 3 77
120900 3 24
120900 18 67
121200 34 67
121200 48 67
121500 24 108
121500 34 67
121800 67 90
121800 90 110
122100 84 106
122400 10 110
122400 10 22
122400 14 106
122400 90 110
122700 10 22
122700 10 81
123300 10 104
123300 82 104
123600 64 112
125100 60 84
125700 53 80
167400 42 109
168000 75 82
168900 4 17
168900 4 65
168900 4 81
168900 28 65
169200 4 65
169200 4 81
169200 4 28
169200 15 28
169500 4 81
169500 15 121
169500 84 121
169800 4 69
169800 84 121
170100 4 81
170700 16 61
170700 61 79
171000 16 91
171300 12 80
171600 11 46
171900 23 81
172200 0 26
172200 40 119
172500 23 81
172500 61 114
172800 36 89
172800 40 119
173100 61 114
173400 3 123
173400 36 71
173400 40 119
173400 56 111
173400 71 111
173400 75 82
173400 75 102
173400 75 114
173700 3 123
173700 3 30
173700 20 73
173700 20 100
173700 20 84
173700 20 48
173700 20 41
173700 30 100
173700 36 71
173700 36 84
173700 38 112
173700 41 71
173700 56 111
173700 71 123
173700 75 102
173700 75 123
173700 86 93
173700 112 123
174000 3 109
174000 8 104
174000 30 100
174000 30 93
174000 31 102
174000 36 71
174000 38 112
174000 41 71
174000 41 109
174000 56 111
174000 57 58
174000 57 71
174000 71 123
174000 71 94
174000 71 109
174000 73 109
174000 82 123
174000 85 123
174000 94 109
174000 112 123
174300 3 109
174300 3 123
174300 20 48
174300 26 86
174300 28 123
174300 28 30
174300 30 100
174300 30 93
174300 37 114
174300 38 112
174300 38 123
174300 47 114
174300 56 111
174300 70 118
174300 71 94
174300 71 109
174300 73 109
174300 95 120
174300 96 104
174600 16 114
174600 16 78
174600 26 86
174600 26 95
174600 26 123
174600 26 82
174600 28 123
174600 28 106
174600 30 93
174600 30 100
174600 38 112
174600 38 70
174600 47 95
174600 47 86
174600 56 111
174600 60 91
174600 70 95
174600 71 123
174600 82 123
174600 85 95
174600 95 111
174600 95 123
174600 96 104
174600 112 123
174900 3 95
174900 13 48
174900 16 114
174900 16 42
174900 16 68
174900 18 26
174900 21 65
174900 26 101
174900 28 30
174900 28 123
174900 28 64
174900 30 100
174900 30 82
174900 38 112
174900 38 70
174900 38 69
174900 39 42
174900 42 69
174900 47 114
174900 47 118
174900 49 71
174900 49 95
174900 56 111
174900 65 82
174900 70 95
174900 96 104
175200 2 107
175200 2 26
175200 2 75
175200 2 53
175200 16 114
175200 18 26
175200 18 68
175200 21 65
175200 25 122
175200 26 101
175200 26 113
175200 26 68
175200 26 33
175200 28 64
175200 30 82
175200 38 112
175200 38 69
175200 38 70
175200 39 42
175200 49 95
175200 50 113
175200 50 77
175200 65 82
175200 68 101
175200 68 106
175200 68 77
175200 68 108
175200 68 75
175200 69 97
175200 94 113
175200 96 104
175200 112 123
175200 112 113
175500 2 75
175500 2 53
175500 2 26
175500 3 117
175500 13 113
175500 18 26
175500 26 33
175500 26 68
175500 26 113
175500 26 117
175500 26 106
175500 26 116
175500 28 64
175500 30 82
175500 38 112
175500 50 113
175500 51 116
175500 53 64
175500 68 75
175500 68 77
175500 68 106
175500 69 97
175500 90 103
175500 90 116
175500 94 113
175500 96 104
175500 106 116
175500 112 113
175500 113 116
175800 3 117
175800 4 90
175800 4 60
175800 4 31
175800 18 26
175800 20 26
175800 26 101
175800 26 117
175800 26 68
175800 26 116
175800 26 113
175800 28 64
175800 29 90
175800 29 117
175800 29 66
175800 31 117
175800 51 116
175800 54 90
175800 67 117
175800 68 101
175800 90 116
175800 90 103
175800 90 117
175800 96 104
175800 103 123
175800 106 116
175800 110 117
175800 112 123
175800 112 113
175800 112 117
176100 12 30
176100 17 31
176100 20 26
176100 22 91
176100 22 51
176100 22 36
176100 22 31
176100 28 64
176100 29 66
176100 29 117
176100 29 90
176100 29 115
176100 29 91
176100 29 96
176100 51 116
176100 51 91
176100 53 64
176100 69 97
176100 76 90
176100 90 103
176100 90 120
176100 94 113
176100 96 104
176100 96 115
176100 101 109
176100 102 109
176100 110 117
176400 13 118
176400 13 34
176400 13 115
176400 17 22
176400 17 91
176400 17 34
176400 17 36
176400 17 30
176400 17 37
176400 20 26
176400 22 31
176400 22 51
176400 22 76
176400 22 72
176400 22 37
176400 22 36
176400 22 91
176400 28 64
176400 29 66
176400 29 96
176400 34 76
176400 36 94
176400 36 91
176400 37 123
176400 44 115
176400 46 91
176400 53 64
176400 69 97
176400 69 107
176400 101 109
176700 1 35
176700 12 30
176700 13 118
176700 15 81
176700 17 36
176700 17 81
176700 20 26
176700 20 32
176700 22 76
176700 22 72
176700 29 96
176700 34 76
176700 34 46
176700 34 81
176700 36 42
176700 44 94
176700 46 91
176700 46 81
176700 53 64
176700 53 123
176700 69 97
176700 81 86
176700 81 91
176700 81 107
176700 110 117
177000 8 58
177000 22 76
177000 22 37
177000 29 66
177000 29 96
177000 34 76
177000 34 46
177000 37 123
177000 44 94
177000 44 115
177000 53 64
177000 69 97
177000 81 107
177000 86 107
177000 110 117
177000 111 112
177300 8 58
177300 8 99
177300 20 26
177300 29 96
177300 29 66
177300 32 107
177300 34 76
177300 34 46
177300 44 115
177300 44 94
177300 53 64
177300 69 97
177300 81 107
177300 86 107
177600 7 39
177600 8 99
177600 8 58
177600 22 37
177600 34 76
177600 44 115
177600 53 64
177600 69 97
177600 86 107
177900 14 95
177900 20 81
177900 22 37
177900 23 73
177900 29 66
177900 34 76
177900 44 115
177900 53 64
177900 54 81
177900 81 107
177900 81 99
177900 86 107
177900 95 100
178200 8 99
178200 15 94
178200 20 81
178200 22 37
178200 29 66
178200 53 64
178200 60 84
178200 81 107
178200 86 107
178200 95 100
178500 3 52
178500 8 99
178500 15 94
178500 17 49
178500 22 37
178500 25 29
178500 53 64
178500 60 84
178500 84 111
178500 84 94
178500 86 107
178800 1 33
178800 15 94
178800 17 49
178800 22 37
178800 22 106
178800 23 114
178800 53 64
178800 81 107
178800 84 94
178800 95 100
178800 103 108
179100 3 52
179100 8 99
179100 15 94
179100 22 37
179100 40 110
179100 59 102
179100 63 114
179100 84 94
179100 84 111
179100 95 100
179400 1 33
179400 15 94
179400 18 123
179400 18 62
179400 62 99
179400 84 94
179400 95 100
179700 17 86
179700 48 88
179700 56 100
179700 84 111
179700 84 94
179700 89 110
179700 95 100
180000 14 121
180000 18 62
180000 25 84
180000 28 53
180000 62 99
180000 84 94
180000 89 110
180000 106 122
180300 46 83
180300 49 64
180300 62 99
180300 64 86
180300 89 110
180600 9 63
180600 12 99
180600 39 46
180600 39 63
180600 46 83
180600 62 99
180600 63 76
180600 63 64
180600 76 121
180600 76 99
180600 99 121
180900 7 14
180900 9 63
180900 12 99
180900 14 62
180900 14 45
180900 23 99
180900 35 36
180900 35 99
180900 36 62
180900 36 63
180900 39 63
180900 39 46
180900 40 121
180900 45 99
180900 45 93
180900 46 83
180900 46 122
180900 62 121
180900 63 76
180900 63 88
180900 76 115
180900 88 99
180900 88 121
180900 96 116
180900 121 122
181200 7 81
181200 9 63
181200 14 62
181200 14 45
181200 14 115
181200 14 94
181200 14 35
181200 14 76
181200 23 99
181200 27 94
181200 35 99
181200 35 36
181200 35 94
181200 35 62
181200 35 54
181200 35 63
181200 35 45
181200 36 62
181200 39 63
181200 44 99
181200 45 99
181200 62 121
181200 62 63
181200 62 97
181200 62 92
181200 63 88
181200 63 93
181200 76 120
181200 92 94
181200 93 96
181200 93 115
181200 93 94
181200 94 115
181200 112 115
181500 7 81
181500 7 79
181500 9 119
181500 14 94
181500 14 62
181500 14 91
181500 15 38
181500 15 16
181500 15 90
181500 15 46
181500 17 38
181500 17 46
181500 27 92
181500 27 79
181500 27 46
181500 35 94
181500 35 36
181500 38 115
181500 38 119
181500 39 63
181500 46 83
181500 46 119
181500 46 96
181500 49 94
181500 59 94
181500 59 92
181500 62 121
181500 63 88
181500 63 93
181500 87 96
181500 92 94
181500 92 119
181500 93 94
181500 93 115
181500 94 115
181500 94 96
181500 112 115
181800 6 22
181800 6 80
181800 6 115
181800 6 15
181800 9 119
181800 14 93
181800 14 80
181800 15 46
181800 17 46
181800 22 46
181800 22 80
181800 22 52
181800 22 36
181800 22 61
181800 22 115
181800 23 51
181800 23 38
181800 27 92
181800 27 46
181800 35 36
181800 36 46
181800 36 43
181800 36 115
181800 38 119
181800 38 65
181800 43 50
181800 43 51
181800 46 83
181800 46 96
181800 46 123
181800 49 94
181800 51 88
181800 52 80
181800 52 119
181800 59 94
181800 59 92
181800 60 96
181800 60 75
181800 60 66
181800 60 94
181800 63 88
181800 63 80
181800 64 95
181800 64 80
181800 65 88
181800 65 66
181800 75 123
181800 80 88
181800 83 87
181800 88 95
181800 92 94
181800 92 119
181800 93 96
181800 93 115
181800 94 96
181800 94 95
181800 119 123
182100 6 115
182100 6 15
182100 6 80
182100 6 22
182100 6 8
182100 6 38
182100 6 44
182100 6 119
182100 6 46
182100 6 28
182100 6 93
182100 6 63
182100 8 46
182100 14 80
182100 14 93
182100 21 94
182100 22 115
182100 22 46
182100 23 51
182100 27 46
182100 28 52
182100 36 46
182100 36 93
182100 38 119
182100 38 57
182100 38 43
182100 43 51
182100 43 57
182100 43 68
182100 46 96
182100 46 83
182100 46 123
182100 49 94
182100 51 88
182100 52 80
182100 52 119
182100 57 80
182100 57 94
182100 57 123
182100 60 96
182100 60 66
182100 60 107
182100 63 80
182100 64 80
182100 64 95
182100 65 66
182100 65 88
182100 65 68
182100 80 88
182100 80 119
182100 83 88
182100 83 91
182100 88 95
182100 91 94
182100 92 119
182100 93 96
182100 93 119
182100 107 114
182400 0 97
182400 0 116
182400 4 108
182400 4 57
182400 6 8
182400 6 80
182400 8 46
182400 9 60
182400 14 93
182400 16 54
182400 16 25
182400 21 38
182400 22 115
182400 22 80
182400 22 46
182400 23 51
182400 28 52
182400 36 43
182400 38 57
182400 38 65
182400 38 43
182400 38 116
182400 38 54
182400 38 68
182400 38 99
182400 43 57
182400 43 68
182400 43 51
182400 43 50
182400 45 77
182400 50 96
182400 51 88
182400 52 80
182400 54 68
182400 54 107
182400 56 108
182400 57 94
182400 57 80
182400 57 108
182400 57 97
182400 59 63
182400 60 88
182400 63 80
182400 64 80
182400 65 68
182400 65 66
182400 65 88
182400 77 122
182400 80 94
182400 87 116
182400 107 114
182700 0 116
182700 6 63
182700 8 46
182700 11 116
182700 15 43
182700 17 115
182700 22 46
182700 23 51
182700 23 36
182700 30 83
182700 32 82
182700 34 72
182700 34 122
182700 34 85
182700 34 96
182700 38 116
182700 38 57
182700 38 43
182700 38 54
182700 43 51
182700 43 57
182700 43 50
182700 45 77
182700 50 96
182700 50 85
182700 50 54
182700 51 88
182700 54 68
182700 54 85
182700 56 85
182700 57 108
182700 57 80
182700 59 63
182700 60 85
182700 61 85
182700 63 80
182700 63 72
182700 64 96
182700 64 82
182700 64 107
182700 64 85
182700 65 66
182700 65 68
182700 66 83
182700 68 96
182700 72 82
182700 72 97
182700 85 122
182700 87 116
182700 95 97
182700 97 122
182700 107 114
183000 2 82
183000 2 58
183000 4 58
183000 6 63
183000 7 15
183000 8 46
183000 8 11
183000 11 109
183000 15 82
183000 15 89
183000 17 115
183000 22 46
183000 22 34
183000 22 58
183000 30 83
183000 34 72
183000 34 85
183000 34 122
183000 34 66
183000 34 83
183000 36 72
183000 38 65
183000 40 97
183000 40 58
183000 43 50
183000 43 51
183000 45 77
183000 50 96
183000 50 85
183000 54 85
183000 54 68
183000 56 85
183000 58 83
183000 59 63
183000 60 85
183000 61 85
183000 63 72
183000 63 67
183000 64 96
183000 64 89
183000 65 88
183000 65 66
183000 72 82
183000 72 96
183000 85 122
183000 95 97
183300 2 58
183300 2 82
183300 2 72
183300 2 7
183300 2 24
183300 2 88
183300 2 9
183300 4 58
183300 6 63
183300 7 122
183300 8 46
183300 8 77
183300 22 46
183300 22 85
183300 22 74
183300 25 28
183300 28 72
183300 28 38
183300 28 58
183300 30 83
183300 34 85
183300 34 83
183300 36 72
183300 38 55
183300 38 85
183300 40 58
183300 40 88
183300 40 82
183300 43 97
183300 50 54
183300 50 96
183300 50 77
183300 50 82
183300 50 72
183300 50 58
183300 54 68
183300 54 85
183300 56 85
183300 58 77
183300 58 123
183300 58 63
183300 59 63
183300 61 85
183300 63 72
183300 63 85
183300 63 80
183300 64 96
183300 72 96
183300 77 99
183600 2 82
183600 3 65
183600 3 22
183600 6 63
183600 7 122
183600 9 120
183600 9 65
183600 17 115
183600 22 74
183600 22 46
183600 22 120
183600 22 86
183600 25 28
183600 25 77
183600 28 72
183600 30 83
183600 36 72
183600 38 65
183600 40 82
183600 40 58
183600 50 82
183600 50 96
183600 50 70
183600 50 120
183600 54 85
183600 54 68
183600 54 104
183600 56 85
183600 60 120
183600 65 86
183600 65 111
183600 70 82
183600 70 86
183600 72 96
183600 82 86
183600 82 120
183600 86 113
183600 86 99
183600 86 115
183600 86 111
183600 86 88
183900 2 82
183900 3 9
183900 3 68
183900 3 90
183900 6 85
183900 6 38
183900 6 57
183900 6 7
183900 7 122
183900 8 120
183900 9 120
183900 16 70
183900 20 38
183900 22 86
183900 22 46
183900 22 74
183900 22 88
183900 36 57
183900 36 68
183900 36 38
183900 36 65
183900 38 65
183900 38 85
183900 39 70
183900 39 72
183900 40 90
183900 50 58
183900 50 77
183900 50 120
183900 57 120
183900 63 120
183900 64 96
183900 65 86
183900 65 120
183900 65 70
183900 65 68
183900 65 74
183900 70 86
183900 82 120
183900 82 86
183900 86 99
183900 86 88
183900 86 113
183900 86 111
184200 2 82
184200 3 68
184200 3 9
184200 7 122
184200 8 120
184200 8 85
184200 9 57
184200 10 123
184200 16 70
184200 20 38
184200 22 74
184200 22 88
184200 25 77
184200 36 57
184200 36 68
184200 36 38
184200 38 85
184200 39 72
184200 39 70
184200 40 90
184200 50 96
184200 50 82
184200 57 96
184200 64 96
184200 65 70
184200 70 82
184500 3 9
184500 5 39
184500 7 122
184500 8 85
184500 20 38
184500 22 74
184500 31 104
184500 38 85
184500 40 90
184500 50 96
184500 50 82
184500 50 57
184500 57 96
184500 64 96
184500 67 96
184500 71 85
184500 73 93
184500 76 82
184800 5 39
184800 7 122
184800 10 123
184800 16 118
184800 20 38
184800 39 70
184800 39 72
184800 39 120
184800 41 87
184800 50 57
184800 57 82
184800 86 87
184800 87 113
185100 5 39
185100 7 122
185100 10 123
185100 14 33
185100 16 118
185100 39 72
185100 39 82
185100 41 87
185100 57 87
185100 86 87
185400 5 39
185400 10 123
185400 20 31
185400 39 72
185400 41 87
185400 48 82
185400 57 87
185400 77 92
185700 10 123
185700 14 106
185700 14 31
185700 37 106
185700 39 72
185700 41 87
185700 57 87
186000 5 39
186000 7 31
186000 8 59
186000 29 35
186000 37 106
186000 37 64
186000 39 72
186000 57 87
186300 37 64
186300 37 106
186300 39 72
186300 41 87
186300 63 72
186600 3 64
186600 14 87
186600 37 64
186600 39 72
186600 76 77
186600 83 110
186900 28 49
186900 37 64
186900 37 106
186900 39 72
186900 48 112
186900 61 87
186900 83 110
187200 28 49
187200 39 72
187200 49 53
187200 61 87
187200 61 93
187200 74 93
187200 96 112
187200 105 113
187500 28 49
187500 36 76
187500 37 64
187500 39 72
187500 42 105
187500 61 93
187500 61 71
187500 96 112
187500 105 113
187800 4 70
187800 16 63
187800 21 36
187800 36 76
187800 36 66
187800 36 63
187800 39 72
187800 42 105
187800 50 65
187800 61 93
188100 0 35
188100 4 65
188100 19 68
188100 19 54
188100 19 55
188100 19 50
188100 36 66
188100 36 63
188100 39 72
188100 42 105
188100 50 65
188100 50 52
188100 63 94
188400 8 49
188400 8 33
188400 8 50
188400 8 13
188400 12 49
188400 12 52
188400 16 63
188400 23 49
188400 39 72
188400 42 105
188400 50 65
188400 63 94
188700 4 87
188700 16 63
188700 27 47
188700 36 63
188700 41 84
188700 51 87
188700 84 98
189000 10 26
189000 10 35
189000 10 100
189000 24 100
189000 27 47
189000 41 100
189000 45 81
189000 45 100
189000 60 81
189000 65 100
189300 4 100
189300 10 100
189300 24 100
189300 27 47
189300 31 56
189300 35 100
189300 38 56
189300 45 105
189300 45 100
189300 52 100
189300 60 81
189300 65 100
189300 73 81
189600 27 47
189600 31 56
189600 31 105
189600 31 50
189600 31 35
189600 31 60
189600 32 105
189600 32 106
189600 45 105
189600 52 66
189600 60 105
189600 73 81
189600 105 106
189900 2 93
189900 13 15
189900 21 93
189900 21 45
189900 31 50
189900 39 45
189900 45 105
189900 52 66
189900 60 81
189900 73 81
189900 92 93
190200 2 122
190200 4 122
190200 8 68
190200 8 96
190200 15 122
190200 17 39
190200 21 93
190200 31 35
190200 31 96
190200 39 96
190200 45 105
190200 52 66
190200 56 122
190200 58 111
190200 58 105
190200 96 111
190500 0 93
190500 0 31
190500 0 58
190500 2 122
190500 2 78
190500 8 68
190500 10 96
190500 10 39
190500 20 40
190500 31 96
190500 31 35
190500 35 86
190500 39 96
190500 56 122
190500 58 105
190500 89 96
190500 89 93
190500 96 111
190800 2 78
190800 6 74
190800 8 68
190800 10 25
190800 10 47
190800 25 47
190800 31 35
190800 31 47
190800 40 105
190800 47 65
190800 47 51
190800 58 105
190800 64 105
191100 2 78
191100 8 68
191100 19 26
191100 25 47
191100 26 32
191100 26 56
191100 26 114
191100 31 47
191100 47 65
191100 58 105
191100 64 105
191400 2 105
191400 8 68
191400 19 26
191400 24 56
191400 25 47
191400 31 47
191400 58 105
191400 64 114
191400 65 98
191400 82 114
191400 93 101
191400 94 114
191400 98 114
191400 101 114
191400 105 114
191700 2 105
191700 8 68
191700 8 112
191700 8 121
191700 18 91
191700 22 39
191700 25 47
191700 26 98
191700 31 47
191700 37 93
191700 37 91
191700 45 114
191700 65 93
191700 82 114
191700 84 91
191700 93 118
191700 94 114
191700 98 114
191700 101 114
191700 114 121
192000 2 118
192000 2 25
192000 8 121
192000 11 22
192000 16 47
192000 19 26
192000 31 47
192000 31 110
192000 31 118
192000 37 91
192000 45 68
192000 47 93
192000 65 93
192000 68 114
192000 82 114
192000 82 84
192000 84 91
192000 84 101
192000 91 114
192000 93 118
192000 94 114
192000 101 114
192000 101 112
192000 105 114
192000 112 114
192000 114 121
192300 1 84
192300 2 118
192300 2 105
192300 2 24
192300 2 11
192300 8 67
192300 11 47
192300 11 46
192300 11 105
192300 16 47
192300 16 62
192300 16 18
192300 31 118
192300 31 47
192300 45 68
192300 46 84
192300 47 62
192300 75 105
192300 82 114
192300 84 91
192300 84 102
192300 84 105
192300 93 118
192300 101 112
192300 112 114
192600 2 24
192600 2 118
192600 2 105
192600 11 112
192600 14 105
192600 14 45
192600 16 18
192600 16 118
192600 18 84
192600 31 118
192600 31 47
192600 45 68
192600 45 62
192600 47 62
192600 65 105
192600 67 105
192600 84 92
192600 84 105
192600 101 112
192600 112 114
192900 2 24
192900 2 47
192900 2 45
192900 2 14
192900 9 37
192900 11 47
192900 11 75
192900 14 45
192900 16 62
192900 16 118
192900 16 112
192900 16 67
192900 18 84
192900 31 118
192900 37 39
192900 37 92
192900 45 68
192900 45 59
192900 47 62
192900 59 112
192900 84 92
192900 95 112
192900 101 112
193200 2 105
193200 2 47
193200 2 45
193200 2 24
193200 2 34
193200 2 62
193200 9 32
193200 11 47
193200 14 45
193200 14 105
193200 14 16
193200 14 102
193200 14 37
193200 16 112
193200 16 67
193200 16 28
193200 16 95
193200 16 34
193200 16 102
193200 18 84
193200 37 92
193200 37 105
193200 39 60
193200 58 102
193200 59 112
193200 65 105
193200 84 105
193200 95 102
193500 2 47
193500 2 24
193500 2 45
193500 2 105
193500 2 111
193500 2 71
193500 9 32
193500 11 47
193500 14 102
193500 14 37
193500 14 16
193500 14 45
193500 15 102
193500 16 67
193500 16 112
193500 44 65
193500 45 102
193500 52 67
193500 58 102
193500 59 112
193500 60 93
193500 65 105
193500 74 84
193500 95 102
193500 95 112
193500 102 113
193500 102 121
193500 110 112
193800 1 71
193800 1 63
193800 2 71
193800 2 111
193800 2 45
193800 2 53
193800 2 108
193800 2 63
193800 9 32
193800 11 47
193800 11 37
193800 11 94
193800 14 102
193800 14 45
193800 14 105
193800 16 67
193800 18 84
193800 27 71
193800 32 113
193800 44 47
193800 47 94
193800 52 67
193800 53 62
193800 53 106
193800 63 86
193800 74 84
193800 74 94
193800 77 119
193800 84 105
193800 84 94
193800 94 95
193800 95 112
193800 102 113
193800 113 123
194100 1 71
194100 2 53
194100 2 63
194100 2 105
194100 2 111
194100 11 94
194100 18 111
194100 27 71
194100 30 87
194100 30 86
194100 39 112
194100 39 86
194100 44 47
194100 53 62
194100 53 106
194100 53 71
194100 53 86
194100 63 86
194100 71 86
194100 71 113
194100 71 108
194100 71 95
194100 74 94
194100 77 119
194100 84 94
194100 84 105
194100 86 96
194100 86 95
194100 94 95
194100 95 112
194100 95 111
194100 95 108
194400 1 29
194400 1 47
194400 1 74
194400 2 53
194400 2 105
194400 2 84
194400 2 37
194400 2 74
194400 2 86
194400 20 74
194400 22 44
194400 30 86
194400 39 74
194400 44 123
194400 53 71
194400 53 86
194400 53 106
194400 63 86
194400 71 108
194400 71 95
194400 71 86
194400 74 94
194400 74 84
194400 74 86
194400 77 119
194400 84 105
194400 86 95
194400 94 95
194400 95 108
194400 95 112
194700 1 86
194700 2 74
194700 2 37
194700 2 84
194700 2 27
194700 11 94
194700 20 63
194700 20 22
194700 21 94
194700 22 96
194700 27 86
194700 27 87
194700 29 74
194700 30 86
194700 53 71
194700 53 106
194700 61 74
194700 61 63
194700 71 108
194700 71 86
194700 71 95
194700 74 86
194700 74 84
194700 74 87
194700 79 92
194700 84 94
194700 86 95
194700 86 87
194700 94 95
194700 95 112
195000 2 86
195000 2 37
195000 2 74
195000 4 46
195000 8 89
195000 11 94
195000 20 22
195000 21 86
195000 22 61
195000 22 27
195000 27 87
195000 29 74
195000 29 94
195000 30 86
195000 46 117
195000 71 108
195000 71 95
195000 74 86
195000 74 84
195000 86 95
195000 86 87
195000 94 95
195300 1 86
195300 2 74
195300 2 86
195300 2 91
195300 4 46
195300 8 89
195300 8 16
195300 11 94
195300 22 61
195300 27 86
195300 27 87
195300 27 62
195300 29 74
195300 30 86
195300 30 61
195300 32 62
195300 46 87
195300 47 74
195300 53 71
195300 57 99
195300 61 63
195300 62 86
195300 71 108
195300 71 99
195300 74 86
195300 74 105
195300 82 99
195300 82 112
195300 86 87
195300 86 95
195300 87 94
195300 111 112
195600 8 16
195600 11 94
195600 19 56
195600 20 22
195600 21 106
195600 21 99
195600 22 61
195600 23 94
195600 27 86
195600 30 86
195600 33 47
195600 38 105
195600 47 74
195600 56 106
195600 56 82
195600 56 62
195600 61 63
195600 71 108
195600 82 99
195600 87 94
195600 94 95
195600 95 99
195900 4 62
195900 4 106
195900 5 94
195900 11 94
195900 11 56
195900 11 32
195900 11 99
195900 11 34
195900 19 56
195900 21 99
195900 21 106
195900 22 61
195900 32 99
195900 32 56
195900 33 47
195900 56 82
195900 56 62
195900 56 106
195900 65 94
195900 82 92
195900 87 94
195900 88 95
196200 4 64
196200 5 94
196200 11 32
196200 11 34
196200 11 94
196200 11 30
196200 11 91
196200 11 33
196200 22 94
196200 30 62
196200 33 47
196200 34 64
196200 34 94
196200 65 94
196200 82 92
196200 87 94
196200 88 95
196500 4 64
196500 4 106
196500 4 91
196500 8 61
196500 8 32
196500 8 21
196500 8 48
196500 21 91
196500 32 91
196500 32 34
196500 33 47
196500 35 62
196500 65 94
196500 88 95
196800 5 94
196800 8 61
196800 8 21
196800 8 48
196800 8 70
196800 8 65
196800 8 34
196800 8 106
196800 11 94
196800 21 91
196800 21 85
196800 21 89
196800 24 62
196800 30 48
196800 31 62
196800 32 34
196800 34 64
196800 48 76
196800 48 106
196800 65 94
196800 87 94
197100 1 34
197100 8 61
197100 8 34
197100 8 106
197100 8 48
197100 8 32
197100 8 114
197100 8 94
197100 8 117
197100 8 9
197100 8 11
197100 17 34
197100 31 62
197100 34 64
197100 34 84
197100 35 62
197100 36 94
197100 48 76
197100 62 94
197100 70 87
197400 5 53
197400 8 61
197400 8 9
197400 9 53
197400 9 117
197400 13 83
197400 13 35
197400 17 34
197400 17 35
197400 24 70
197400 31 62
197400 31 53
197400 35 62
197400 35 53
197400 35 107
197400 62 94
197400 66 83
197700 5 53
197700 8 94
197700 8 9
197700 9 111
197700 10 13
197700 17 35
197700 17 34
197700 31 53
197700 35 62
197700 35 53
197700 36 53
197700 53 111
197700 53 87
197700 62 94
197700 66 83
198000 9 111
198000 9 10
198000 10 100
198000 10 120
198000 17 34
198000 35 62
198000 36 120
198000 42 55
198000 49 64
198000 54 64
198000 62 94
198000 66 83
198300 3 100
198300 8 9
198300 8 94
198300 8 79
198300 8 62
198300 9 111
198300 10 120
198300 10 100
198300 34 49
198300 34 79
198300 34 99
198300 34 120
198300 34 116
198300 42 54
198300 49 62
198300 62 94
198300 62 121
198300 71 120
198300 89 120
198600 3 100
198600 9 111
198600 17 79
198600 30 42
198600 34 79
198600 36 120
198600 62 121
198600 66 83
198600 71 120
198600 89 120
198900 3 100
198900 9 111
198900 34 79
198900 34 49
198900 49 62
199200 13 81
199200 34 79
199200 39 61
199200 49 62
199200 56 61
199200 62 121
199200 66 83
199200 104 110
199500 3 100
199500 13 81
199500 26 106
199500 34 79
199500 56 61
199500 65 93
199500 80 81
199500 83 117
199800 6 67
199800 56 61
199800 57 100
199800 65 93
199800 80 81
199800 83 117
200100 30 117
200100 30 107
200100 34 79
200100 65 93
200100 83 117
200400 2 108
200400 18 69
200400 26 34
200400 30 107
200400 34 79
200400 62 69
200400 65 93
200400 83 117
200400 89 106
200700 2 108
200700 34 79
200700 65 93
200700 65 97
200700 89 106
200700 89 97
201000 2 108
201000 13 97
201000 18 69
201000 18 63
201000 65 97
201000 70 123
201000 79 97
201000 89 97
201300 2 108
201300 13 97
201300 18 69
201300 29 123
201300 60 69
201300 65 97
201300 79 97
201300 105 111
201600 5 43
201600 18 69
201600 29 123
201600 60 69
201900 5 43
201900 5 79
201900 13 97
201900 18 69
201900 65 97
201900 73 114
202200 5 43
202200 5 79
202200 5 18
202200 5 12
202200 12 122
202200 12 107
202200 12 111
202200 13 97
202200 18 69
202200 18 81
202500 5 12
202500 5 79
202500 5 13
202500 12 111
202500 12 13
202500 13 97
202500 18 69
202800 13 50
202800 18 69
202800 58 105
202800 66 105
203100 0 87
203100 18 69
203100 63 92
203400 0 87
203400 4 18
203400 40 87
203400 40 79
203700 4 18
203700 40 87
203700 40 115
203700 40 122
204000 35 69
204000 35 52
204300 4 47
204300 12 119
204300 35 52
204300 47 52
204300 47 119
204300 49 69
204300 52 95
204600 5 31
204600 35 69
204600 49 69
204600 52 103
204600 59 89
204600 59 95
204600 59 105
204900 34 62
204900 36 105
204900 49 104
204900 52 103
204900 59 89
204900 62 104
205200 15 103
205200 20 103
205200 34 62
205200 36 103
205200 52 103
205200 62 119
205500 15 103
205500 20 103
205500 36 95
205500 76 114
205800 15 103
205800 34 64
205800 48 52
205800 52 103
206100 48 52
206400 34 52
206700 47 77
206700 77 97
207000 13 42
207000 40 90
207300 40 47
207300 40 90
207300 47 77
207600 27 68
207600 27 120
207600 40 90
207600 68 120
207900 40 49
207900 68 120
208200 17 120
208200 68 120
208500 40 49
208500 45 107
208500 49 107
208800 68 120
210900 43 93
211800 119 120
253500 56 70
253800 70 108
254100 56 70
254100 70 88
254400 28 81
254400 56 70
255300 14 88
255600 2 81
255600 63 81
255900 33 57
256200 2 81
256500 4 63
256800 10 40
256800 36 59
257400 10 40
258900 21 98
258900 88 106
258900 98 117
259200 21 98
259500 21 98
259800 4 75
259800 4 88
259800 18 88
259800 27 52
259800 47 88
259800 51 52
259800 51 60
259800 52 88
259800 52 122
259800 76 88
259800 88 91
259800 119 122
260100 1 117
260100 4 88
260100 13 41
260100 18 88
260100 26 41
260100 41 111
260100 41 88
260100 44 111
260100 48 108
260100 51 60
260100 51 80
260100 52 88
260100 52 117
260100 52 85
260100 52 62
260100 53 75
260100 65 111
260100 66 117
260100 75 109
260100 76 88
260100 85 117
260100 85 109
260100 85 88
260100 88 91
260100 119 122
260400 1 117
260400 1 41
260400 3 41
260400 12 17
260400 17 41
260400 17 95
260400 17 108
260400 17 55
260400 24 67
260400 26 41
260400 41 88
260400 41 111
260400 41 83
260400 51 80
260400 51 60
260400 52 85
260400 52 55
260400 65 111
260400 66 117
260400 73 85
260400 76 88
260400 80 121
260400 85 117
260400 85 88
260400 85 109
260700 6 112
260700 6 12
260700 6 95
260700 6 17
260700 9 12
260700 12 17
260700 12 83
260700 12 36
260700 12 115
260700 17 95
260700 17 41
260700 24 67
260700 24 34
260700 25 34
260700 26 41
260700 26 112
260700 26 113
260700 34 95
260700 36 104
260700 36 45
260700 41 83
260700 41 112
260700 51 80
260700 52 112
260700 53 75
260700 66 117
260700 73 85
260700 75 109
260700 80 121
260700 85 109
260700 85 88
260700 85 95
260700 112 113
261000 4 12
261000 6 95
261000 6 112
261000 9 12
261000 12 115
261000 12 36
261000 12 32
261000 12 99
261000 17 95
261000 17 41
261000 17 55
261000 24 34
261000 25 34
261000 26 112
261000 26 113
261000 34 95
261000 34 112
261000 34 88
261000 34 52
261000 35 89
261000 41 112
261000 45 112
261000 51 80
261000 52 112
261000 52 85
261000 60 89
261000 65 111
261000 66 117
261000 73 85
261000 75 109
261000 85 117
261000 85 109
261300 6 95
261300 6 112
261300 6 98
261300 11 41
261300 12 32
261300 17 41
261300 24 34
261300 24 32
261300 24 95
261300 25 34
261300 26 112
261300 26 113
261300 32 52
261300 34 112
261300 35 40
261300 35 111
261300 35 37
261300 40 57
261300 40 52
261300 40 41
261300 41 112
261300 41 83
261300 41 85
261300 41 103
261300 41 65
261300 45 112
261300 51 96
261300 53 75
261300 60 89
261300 75 109
261300 80 121
261300 82 113
261300 85 88
261300 85 95
261300 112 113
261600 6 98
261600 9 30
261600 9 40
261600 14 56
261600 17 41
261600 19 30
261600 23 67
261600 24 34
261600 24 32
261600 26 113
261600 30 55
261600 30 47
261600 32 52
261600 40 57
261600 41 85
261600 52 85
261600 52 78
261600 60 89
261600 73 85
261600 75 109
261600 78 85
261600 80 121
261600 82 85
261600 85 88
261600 85 117
261600 85 95
261600 85 109
261900 6 98
261900 9 30
261900 11 41
261900 12 32
261900 14 47
261900 16 109
261900 19 30
261900 19 39
261900 23 58
261900 23 47
261900 24 34
261900 26 113
261900 36 40
261900 47 50
261900 52 85
261900 60 89
261900 60 121
261900 80 121
261900 82 85
261900 85 95
262200 6 98
262200 14 47
262200 14 56
262200 19 30
262200 26 113
262200 30 47
262200 30 66
262200 30 41
262200 30 101
262200 30 38
262200 36 80
262200 36 41
262200 36 60
262200 36 117
262200 38 87
262200 41 66
262200 47 50
262200 61 87
262200 66 114
262200 80 121
262200 85 117
262200 85 95
262200 101 105
262500 0 87
262500 0 111
262500 14 47
262500 14 60
262500 14 111
262500 19 30
262500 20 87
262500 20 99
262500 23 47
262500 30 41
262500 36 117
262500 36 40
262500 38 87
262500 38 111
262500 39 111
262500 41 66
262500 68 99
262500 68 72
262500 69 72
262500 80 121
262500 85 95
262500 85 117
262500 90 102
262500 102 114
262500 102 111
262800 0 111
262800 9 69
262800 14 111
262800 14 36
262800 14 69
262800 14 123
262800 19 30
262800 25 102
262800 34 111
262800 36 40
262800 36 117
262800 38 111
262800 39 111
262800 39 92
262800 61 87
262800 68 99
262800 69 72
262800 69 102
262800 80 121
262800 90 102
262800 90 123
262800 93 123
262800 99 102
262800 102 111
262800 102 114
263100 0 111
263100 2 99
263100 9 69
263100 14 47
263100 14 36
263100 14 55
263100 19 30
263100 19 68
263100 22 119
263100 23 47
263100 23 57
263100 34 111
263100 36 40
263100 39 92
263100 41 66
263100 47 94
263100 47 55
263100 54 55
263100 55 94
263100 55 106
263100 55 66
263100 55 99
263100 57 66
263100 65 68
263100 66 106
263100 66 99
263100 76 99
263100 79 99
263100 80 121
263100 87 119
263100 94 119
263100 99 102
263100 99 119
263100 102 114
263400 2 99
263400 2 81
263400 14 69
263400 19 30
263400 23 47
263400 23 57
263400 34 111
263400 36 40
263400 39 92
263400 65 68
263400 65 81
263400 69 72
263400 76 99
263400 80 121
263400 94 119
263400 102 114
263700 3 48
263700 4 83
263700 14 69
263700 19 30
263700 22 119
263700 23 47
263700 36 40
263700 39 92
263700 55 94
263700 65 68
263700 65 81
263700 80 121
263700 87 119
263700 99 119
263700 102 114
264000 19 30
264000 23 47
264000 36 40
264000 45 56
264000 55 98
264000 65 68
264000 69 72
264000 83 89
264000 99 119
264000 102 114
264300 2 61
264300 8 103
264300 8 77
264300 8 96
264300 8 67
264300 14 69
264300 23 47
264300 36 40
264300 55 98
264300 65 81
264300 69 72
264300 80 121
264300 102 114
264600 3 60
264600 8 67
264600 8 77
264600 12 91
264600 12 27
264600 19 30
264600 36 40
264600 55 98
264600 65 68
264600 65 81
264600 81 96
264900 34 70
264900 34 102
264900 36 40
264900 55 98
264900 65 81
264900 65 68
264900 75 104
264900 80 84
264900 102 114
265200 8 67
265200 8 77
265200 34 70
265200 36 40
265200 41 56
265200 65 68
265200 73 112
265200 75 112
265200 103 112
265500 8 67
265500 8 77
265500 34 70
265500 46 86
265500 75 104
265800 5 24
265800 8 67
265800 8 77
265800 40 52
265800 75 112
266100 8 77
266100 15 78
266100 25 50
266100 34 70
266100 40 52
266100 66 76
266100 75 95
266100 76 100
266100 107 109
266400 23 110
266400 32 82
266400 40 52
266400 61 115
266400 66 76
266400 76 100
266700 42 63
266700 50 54
266700 66 76
266700 76 100
266700 94 95
267000 3 98
267000 56 98
267000 66 76
267000 67 112
267000 67 98
267000 72 98
267000 98 104
267000 109 115
267300 3 98
267300 7 101
267300 13 98
267300 20 109
267300 30 61
267300 32 74
267300 41 83
267300 53 101
267300 56 98
267300 67 112
267300 76 83
267300 83 101
267300 98 101
267300 101 123
267300 109 115
267300 109 114
267600 7 55
267600 11 78
267600 11 98
267600 11 14
267600 11 58
267600 14 33
267600 14 24
267600 14 83
267600 20 109
267600 20 58
267600 30 61
267600 40 98
267600 41 83
267600 53 101
267600 53 98
267600 53 78
267600 55 67
267600 55 107
267600 56 98
267600 58 118
267600 72 117
267600 72 101
267600 72 100
267600 72 118
267600 72 107
267600 76 83
267600 83 101
267600 98 101
267900 7 55
267900 7 110
267900 11 78
267900 11 98
267900 12 72
267900 14 24
267900 14 33
267900 14 72
267900 21 114
267900 26 72
267900 30 61
267900 33 60
267900 45 72
267900 46 121
267900 53 101
267900 53 78
267900 55 67
267900 58 105
267900 58 100
267900 58 110
267900 67 72
267900 72 118
267900 72 100
267900 72 117
267900 72 78
267900 78 100
267900 100 114
267900 100 118
267900 110 118
268200 4 53
268200 7 110
268200 7 118
268200 7 99
268200 12 99
268200 14 33
268200 14 24
268200 22 58
268200 25 58
268200 25 73
268200 53 101
268200 53 99
268200 54 99
268200 55 107
268200 58 105
268200 58 100
268200 58 67
268200 72 100
268200 72 117
268200 73 110
268200 73 118
268200 73 100
268200 78 100
268200 83 118
268200 95 118
268200 100 118
268500 0 6
268500 4 55
268500 4 23
268500 4 9
268500 7 110
268500 23 55
268500 23 58
268500 29 61
268500 38 55
268500 45 110
268500 53 101
268500 55 89
268500 55 93
268500 55 118
268500 55 87
268500 55 95
268500 55 66
268500 58 100
268500 66 83
268500 66 87
268500 70 107
268500 72 100
268500 73 100
268500 78 100
268500 89 107
268500 100 118
268800 0 6
268800 2 107
268800 2 66
268800 7 110
268800 9 36
268800 13 69
268800 14 24
268800 14 43
268800 16 105
268800 16 28
268800 16 70
268800 24 70
268800 30 69
268800 36 69
268800 36 72
268800 36 113
268800 38 55
268800 43 69
268800 43 53
268800 45 110
268800 48 72
268800 53 59
268800 55 87
268800 55 89
268800 66 87
268800 66 107
268800 66 105
268800 69 72
268800 69 104
268800 70 107
268800 72 100
268800 82 107
268800 89 107
268800 93 122
268800 100 118
269100 2 66
269100 2 107
269100 5 80
269100 9 36
269100 13 69
269100 14 24
269100 14 43
269100 18 80
269100 18 103
269100 19 104
269100 19 51
269100 36 113
269100 36 72
269100 36 69
269100 43 53
269100 43 69
269100 45 110
269100 48 72
269100 51 53
269100 53 59
269100 53 58
269100 53 69
269100 53 107
269100 55 89
269100 55 87
269100 62 88
269100 62 103
269100 62 104
269100 62 80
269100 66 87
269100 66 69
269100 72 113
269100 82 107
269100 83 88
269100 83 100
269100 88 104
269100 89 107
269100 93 122
269100 93 113
269400 0 6
269400 2 66
269400 2 107
269400 5 80
269400 5 30
269400 9 36
269400 13 69
269400 14 43
269400 17 93
269400 17 56
269400 18 62
269400 21 93
269400 21 72
269400 22 88
269400 30 66
269400 31 72
269400 31 90
269400 31 88
269400 36 113
269400 38 117
269400 38 56
269400 41 91
269400 45 110
269400 48 64
269400 51 62
269400 54 72
269400 56 66
269400 56 91
269400 61 76
269400 62 80
269400 62 103
269400 62 104
269400 62 88
269400 62 93
269400 62 72
269400 62 66
269400 62 69
269400 62 91
269400 64 104
269400 64 69
269400 64 66
269400 64 116
269400 66 90
269400 66 72
269400 69 88
269400 69 104
269400 69 72
269400 82 107
269400 83 88
269400 87 91
269400 88 104
269400 89 107
269400 91 113
269400 91 108
269400 93 104
269700 0 6
269700 2 66
269700 9 36
269700 12 103
269700 12 114
269700 12 31
269700 12 22
269700 17 93
269700 17 64
269700 21 93
269700 21 72
269700 22 88
269700 24 69
269700 24 30
269700 24 25
269700 25 64
269700 30 66
269700 30 64
269700 31 72
269700 31 90
269700 31 114
269700 31 103
269700 31 111
269700 36 113
269700 38 56
269700 43 64
269700 43 55
269700 48 64
269700 51 53
269700 55 89
269700 56 91
269700 56 66
269700 61 76
269700 62 88
269700 62 93
269700 64 96
269700 64 114
269700 64 91
269700 64 104
269700 64 72
269700 69 88
269700 69 104
269700 69 72
269700 88 104
269700 88 103
269700 89 107
269700 91 108
269700 91 113
269700 91 111
269700 91 103
269700 93 104
270000 2 66
270000 4 41
270000 9 36
270000 11 56
270000 11 40
270000 12 22
270000 12 114
270000 17 64
270000 17 25
270000 17 85
270000 19 104
270000 21 72
270000 22 88
270000 24 69
270000 24 30
270000 24 25
270000 24 113
270000 24 85
270000 24 114
270000 25 55
270000 25 35
270000 29 64
270000 30 64
270000 31 103
270000 31 90
270000 31 111
270000 31 40
270000 35 85
270000 35 89
270000 35 102
270000 38 56
270000 38 102
270000 38 64
270000 38 85
270000 38 89
270000 40 87
270000 40 41
270000 40 104
270000 47 89
270000 47 90
270000 47 64
270000 53 102
270000 55 89
270000 55 95
270000 55 85
270000 56 66
270000 56 91
270000 59 89
270000 59 90
270000 62 93
270000 64 104
270000 64 96
270000 64 91
270000 64 114
270000 64 66
270000 64 72
270000 66 83
270000 69 88
270000 69 104
270000 78 90
270000 80 102
270000 88 104
270000 91 113
270000 91 104
270000 93 104
270300 2 66
270300 5 77
270300 5 113
270300 9 77
270300 9 33
270300 12 40
270300 12 57
270300 12 90
270300 17 25
270300 19 104
270300 24 25
270300 24 69
270300 24 114
270300 24 30
270300 24 39
270300 25 64
270300 25 57
270300 25 118
270300 25 90
270300 25 33
270300 25 95
270300 25 85
270300 25 40
270300 29 95
270300 31 40
270300 35 89
270300 35 85
270300 38 89
270300 38 102
270300 38 64
270300 39 90
270300 39 118
270300 39 57
270300 40 87
270300 40 90
270300 40 84
270300 40 66
270300 45 66
270300 47 90
270300 48 66
270300 53 102
270300 54 97
270300 55 95
270300 55 89
270300 55 118
270300 56 91
270300 56 66
270300 57 85
270300 57 84
270300 59 90
270300 64 72
270300 66 83
270300 71 122
270300 77 105
270300 78 90
270300 80 102
270300 95 113
270600 4 41
270600 5 113
270600 5 77
270600 9 33
270600 12 57
270600 12 40
270600 17 45
270600 19 104
270600 21 72
270600 24 85
270600 24 114
270600 24 69
270600 25 118
270600 25 33
270600 25 95
270600 35 85
270600 35 89
270600 39 118
270600 45 66
270600 47 90
270600 54 97
270600 55 85
270600 56 91
270600 56 95
270600 57 85
270600 64 66
270600 71 122
270600 77 85
270600 80 102
270600 82 118
270600 95 123
270600 113 122
270900 5 113
270900 9 33
270900 12 57
270900 17 45
270900 17 77
270900 19 104
270900 25 85
270900 25 57
270900 33 39
270900 33 89
270900 35 85
270900 35 89
270900 39 41
270900 45 66
270900 54 97
270900 56 91
270900 57 85
270900 57 84
270900 64 72
270900 71 122
270900 77 85
270900 95 123
271200 4 41
271200 4 33
271200 9 33
271200 12 57
271200 19 104
271200 25 85
271200 25 35
271200 28 57
271200 32 72
271200 33 89
271200 33 35
271200 51 90
271200 54 97
271200 56 91
271200 64 122
271200 77 85
271200 77 112
271200 95 123
271200 95 105
271200 113 122
271500 9 33
271500 25 35
271500 33 35
271500 33 64
271500 35 77
271500 51 90
271500 54 97
271500 77 85
271500 77 112
271500 95 105
271500 113 122
271800 5 29
271800 9 33
271800 12 57
271800 19 104
271800 19 112
271800 25 35
271800 54 97
271800 77 112
271800 77 85
271800 80 89
272100 29 43
272100 31 122
272100 33 64
272100 54 97
272100 95 105
272100 113 122
272400 5 29
272400 25 41
272400 29 35
272400 33 64
272400 33 95
272400 113 122
