0 4 5
0 4 5
1 4 5
1 4 5
1 4 5
1 4 5
2 4 6
2 4 6
2 5 4
2 5 4
2 5 4
2 5 4
3 5 6
3 5 6
3 6 4
3 6 4
4 4 5
4 4 5
4 5 6
4 5 6
5 6 4
5 6 4
5 6 4
5 6 4
6 5 6
6 5 6
6 6 4
6 6 4
7 4 5
7 4 5
7 5 7
7 5 7
7 6 5
7 6 5
8 6 7
8 6 7
8 7 4
8 7 4
9 4 5
9 4 6
9 4 7
9 5 4
9 5 4
9 5 7
9 5 7
10 4 6
10 4 6
10 7 4
10 7 4
11 6 5
11 6 5
11 6 5
11 6 5
12 6 5
12 6 5
12 6 7
12 6 7
13 4 5
13 4 5
13 6 5
13 6 7
13 7 5
13 7 5
13 7 5
13 8 6
13 8 7
13 8 5
14 5 9
14 5 9
14 7 4
14 7 4
14 8 6
14 8 6
15 4 9
15 4 9
15 4 8
15 4 8
15 5 6
15 5 9
15 5 8
16 5 6
16 5 6
16 7 6
16 7 9
16 7 8
16 9 4
16 9 4
16 9 5
16 10 9
16 10 5
17 4 10
17 4 10
17 10 5
17 10 5
18 6 5
18 6 5
18 6 7
18 6 7
19 6 8
19 6 8
19 8 6
19 8 7
19 8 7
19 10 8
19 10 6
20 7 10
20 7 10
20 8 9
20 8 9
21 5 8
21 5 8
21 6 5
21 6 5
21 9 6
21 9 8
21 9 10
22 6 5
22 6 5
22 7 6
22 7 6
23 5 7
23 5 7
23 10 4
23 10 4
24 8 4
24 8 4
24 9 10
24 9 10
24 10 11
24 10 11
25 10 11
25 10 11
25 11 9
25 11 9
26 7 5
26 7 8
26 7 10
26 9 7
26 9 7
26 11 7
26 11 7
26 12 6
26 12 7
26 12 11
27 4 5
27 4 9
27 4 8
27 7 8
27 7 8
27 9 5
27 9 5
27 13 14
27 13 14
28 4 8
28 4 8
28 13 12
28 13 12
29 10 7
29 10 7
29 13 4
29 13 4
30 5 8
30 5 11
30 6 7
30 6 7
30 7 9
30 7 9
30 11 8
30 14 15
30 14 15
31 8 13
31 8 13
31 11 12
31 11 12
32 5 6
32 5 15
32 6 15
32 8 9
32 8 9
32 13 15
32 13 15
32 16 6
32 16 4
32 16 5
33 11 16
33 11 16
33 14 9
33 14 9
33 16 17
33 16 17
34 4 10
34 4 10
34 5 17
34 5 17
34 12 13
34 12 8
34 12 14
35 6 7
35 6 7
35 7 11
35 9 12
35 9 12
36 8 17
36 8 17
36 10 6
36 10 6
37 5 11
37 5 11
37 7 12
37 7 12
37 15 14
37 15 11
37 15 16
38 6 7
38 6 7
38 8 5
38 8 5
38 10 8
38 10 7
38 10 14
39 9 4
39 9 4
39 15 13
39 15 13
39 18 6
39 18 11
39 18 17
40 4 13
40 4 13
40 15 7
40 15 7
40 17 13
40 17 16
40 17 5
40 19 18
40 19 13
40 19 14
41 6 10
41 6 10
41 8 17
41 8 17
42 9 10
42 9 10
42 16 5
42 16 5
43 13 8
43 13 8
43 17 6
43 17 6
44 5 9
44 5 9
44 5 11
44 5 11
45 6 19
45 6 18
45 12 15
45 12 15
45 16 5
45 16 10
45 16 7
45 18 19
45 18 19
45 19 18
46 11 18
46 11 4
46 14 5
46 14 5
46 15 9
46 15 9
46 18 4
47 12 7
47 12 7
47 16 12
47 16 12
48 13 10
48 17 13
48 17 10
48 18 12
48 18 12
48 18 9
48 18 9
49 13 22
49 13 22
49 15 7
49 15 7
49 16 14
49 16 14
49 20 21
49 20 21
50 10 13
50 10 13
50 20 10
50 20 10
51 4 19
51 4 19
51 15 7
51 15 7
51 20 21
51 20 17
51 20 5
51 23 10
51 23 11
51 23 17
52 6 20
52 6 20
52 15 14
52 15 14
53 8 9
53 8 9
53 15 18
53 15 18
54 13 9
54 13 9
54 16 4
54 16 4
54 19 8
54 19 16
54 19 15
55 17 6
55 17 6
55 20 6
55 20 6
55 24 6
55 24 8
55 24 22
56 4 20
56 4 20
56 18 22
56 18 22
57 6 22
57 6 22
57 23 12
57 23 12
57 23 12
57 23 24
57 23 18
57 25 19
57 25 11
57 25 15
58 5 9
58 12 19
58 12 19
58 22 5
58 22 9
58 23 15
58 23 15
59 7 24
59 7 24
59 11 12
59 11 12
60 6 5
60 6 5
60 12 17
60 12 17
60 21 12
60 21 4
60 21 8
61 9 13
61 9 13
61 15 24
61 15 24
61 26 24
61 26 9
61 26 6
62 9 16
62 9 16
62 17 19
62 17 19
63 8 10
63 8 10
63 14 9
63 14 9
63 25 19
63 25 26
63 25 14
64 12 10
64 12 10
64 17 19
64 17 19
64 27 26
64 27 11
64 27 6
65 16 19
65 16 19
65 19 20
65 19 7
65 19 21
65 25 26
65 25 26
66 5 17
66 11 27
66 11 27
66 15 5
66 15 17
66 25 21
66 25 21
66 28 29
66 28 29
67 17 30
67 17 30
67 17 28
67 17 28
67 20 17
67 20 17
67 31 32
67 31 17
67 31 10
68 20 15
68 20 15
68 31 27
68 31 27
68 33 34
68 33 34
69 10 33
69 10 33
69 26 11
69 26 11
70 4 34
70 4 26
70 4 31
70 13 31
70 15 9
70 15 9
70 23 13
70 23 31
70 27 30
70 27 30
71 14 9
71 14 9
71 16 27
71 16 27
71 27 23
71 27 33
71 27 31
72 7 37
72 12 37
72 22 12
72 22 12
72 27 14
72 27 14
72 35 5
72 35 27
72 35 21
72 36 37
73 9 23
73 9 23
73 12 38
73 12 38
73 14 36
73 14 11
73 29 5
73 29 5
73 36 11
74 7 14
74 7 14
74 32 34
74 32 34
74 39 34
74 39 11
74 39 13
75 8 20
75 8 20
75 18 26
75 18 26
76 38 25
76 38 25
76 39 35
76 39 35
77 20 39
77 20 39
77 30 17
77 30 17
78 25 20
78 25 20
78 30 16
78 30 16
79 15 12
79 15 12
79 19 40
79 19 40
79 35 39
79 35 39
79 38 37
79 38 24
79 38 39
80 16 13
80 16 13
80 30 25
80 30 25
81 17 29
81 17 29
81 27 26
81 27 26
81 35 12
81 35 8
81 35 14
82 16 18
82 16 18
82 16 23
82 31 14
82 31 14
82 31 16
82 31 23
83 23 24
83 23 24
83 36 25
83 36 25
84 12 7
84 12 7
84 26 21
84 26 21
85 6 15
85 6 32
85 7 6
85 7 6
85 16 20
85 16 20
85 32 15
86 17 40
86 17 40
86 38 36
86 38 36
87 28 41
87 28 41
87 31 19
87 31 19
87 33 7
87 33 7
88 14 42
88 14 42
88 15 8
88 15 8
88 38 37
88 38 37
89 15 31
89 15 31
89 33 19
89 33 19
89 43 12
89 43 7
89 43 15
90 12 40
90 12 40
90 16 8
90 16 8
91 11 30
91 11 30
91 14 17
91 14 17
92 5 43
92 5 43
92 13 17
92 13 17
92 38 18
92 38 41
92 38 4
92 44 11
92 44 22
92 44 6
93 15 21
93 15 21
93 37 10
93 37 10
94 14 38
94 14 38
94 38 31
94 38 31
95 25 37
95 25 37
95 28 41
95 28 41
95 32 20
95 42 32
95 42 20
95 45 32
95 45 7
95 45 23
96 8 28
96 8 28
96 23 29
96 32 7
96 32 7
96 35 23
96 35 29
96 45 46
96 45 46
97 10 39
97 10 39
97 27 6
97 27 6
98 10 16
98 10 16
98 21 6
98 21 6
99 10 30
99 10 30
99 20 40
99 20 40
100 17 11
100 17 11
100 29 34
100 29 34
101 29 4
101 29 4
101 34 39
101 34 39
102 8 33
102 8 33
102 14 27
102 14 27
102 24 27
102 24 37
102 24 30
103 12 43
103 12 43
103 20 29
103 20 29
104 6 20
104 6 23
104 6 45
104 12 26
104 12 26
104 39 19
104 39 19
105 14 40
105 14 40
105 15 40
105 15 40
105 21 12
105 29 21
105 29 12
105 47 48
105 47 6
105 47 43
105 49 6
105 49 39
105 49 7
106 8 16
106 8 16
106 9 50
106 9 50
106 40 45
106 40 45
107 14 48
107 14 48
107 44 33
107 44 33
108 14 50
108 14 50
108 47 35
108 47 35
109 23 10
109 23 10
109 42 46
109 42 46
109 51 6
109 51 43
109 51 50
110 11 46
110 11 46
110 34 33
110 34 33
110 48 52
110 48 52
111 4 32
111 4 32
111 21 44
111 21 44
111 22 36
111 22 37
111 36 37
111 47 32
111 47 38
111 47 36
111 53 48
111 53 16
111 53 29
112 48 31
112 48 31
112 53 22
112 53 22
113 14 15
113 14 15
113 33 47
113 33 47
114 22 15
114 22 15
114 37 12
114 37 12
115 26 11
115 26 49
115 26 50
115 37 31
115 37 31
115 37 31
115 37 31
116 44 53
116 44 53
116 52 17
116 52 17
117 21 10
117 21 10
117 31 20
117 31 20
117 42 54
117 45 54
117 48 54
118 26 5
118 26 5
118 49 46
118 49 46
119 13 11
119 13 11
119 15 35
119 15 35
120 5 40
120 5 40
120 49 6
120 49 6
121 13 7
121 13 7
121 45 39
121 45 39
122 32 48
122 32 48
122 51 5
122 51 5
123 10 29
123 10 29
123 13 14
123 13 14
123 49 51
123 54 49
123 54 51
124 31 55
124 31 55
124 49 33
124 49 33
124 54 34
124 54 34
125 5 8
125 5 8
125 15 28
125 22 28
125 23 28
125 39 34
125 39 34
126 17 55
126 17 55
126 40 20
126 40 33
126 40 54
126 52 53
126 52 53
126 56 9
126 56 48
126 56 41
127 6 14
127 6 14
127 42 43
127 42 43
128 7 29
128 7 29
128 25 26
128 25 26
129 40 19
129 40 19
129 43 55
129 43 55
130 31 35
130 31 35
130 54 41
130 54 41
131 6 13
131 6 13
131 10 8
131 10 8
132 39 23
132 39 23
132 42 33
132 42 33
132 57 44
132 57 47
132 57 16
133 21 13
133 21 13
133 51 45
133 51 45
134 17 35
134 17 35
134 27 56
134 27 56
135 25 55
135 25 55
135 42 47
135 42 47
136 13 39
136 13 39
136 17 43
136 17 43
136 29 58
136 29 58
137 23 24
137 23 24
137 30 43
137 30 43
138 37 17
138 37 17
138 45 39
138 45 4
138 45 5
138 55 56
138 55 56
139 10 15
139 10 15
139 18 28
139 18 28
140 17 27
140 17 27
140 41 49
140 41 49
140 43 4
140 43 57
140 43 53
141 14 53
141 14 53
141 27 45
141 27 45
142 19 8
142 19 8
142 23 42
142 23 42
143 16 46
143 16 46
143 33 30
143 41 24
143 41 24
143 42 33
143 42 30
143 46 59
143 46 59
144 16 25
144 16 25
144 37 57
144 37 44
144 55 13
144 55 13
144 57 44
145 28 53
145 28 53
145 36 45
145 36 45
146 33 12
146 33 12
146 41 56
146 41 56
146 43 53
146 43 42
146 43 44
147 22 6
147 22 6
147 31 5
147 31 5
148 30 41
148 30 41
148 49 10
148 49 10
148 54 57
148 54 8
148 54 29
149 34 57
149 34 57
149 38 45
149 38 45
150 20 60
150 20 60
150 28 29
150 28 29
150 53 25
150 53 25
151 5 45
151 5 45
151 23 33
151 23 33
152 10 19
152 10 19
152 52 46
152 52 46
152 61 62
152 61 62
153 6 56
153 6 56
153 12 26
153 12 60
153 12 53
153 18 54
153 18 54
154 6 4
154 6 7
154 6 23
154 27 13
154 27 13
154 40 23
154 40 23
155 16 63
155 16 63
155 50 37
155 50 37
155 62 4
155 62 4
156 4 34
156 4 34
156 14 41
156 14 41
157 4 32
157 4 32
157 35 23
157 35 23
157 54 64
157 54 64
157 65 66
157 65 67
157 65 37
158 17 11
158 17 11
158 27 59
158 27 41
158 47 39
158 47 39
158 59 41
158 68 7
159 34 18
159 34 18
159 59 15
159 59 15
160 24 65
160 24 48
160 24 32
160 27 18
160 27 18
160 56 34
160 56 34
161 12 10
161 12 10
161 20 69
161 20 69
161 60 63
161 60 63
162 10 70
162 16 69
162 16 69
162 20 33
162 20 33
162 33 70
162 37 70
162 71 72
162 71 23
163 34 72
163 34 72
163 61 31
163 61 31
164 4 72
164 4 72
164 54 24
164 54 67
164 54 22
164 55 47
164 55 47
165 12 14
165 12 15
165 12 56
165 43 28
165 43 28
165 67 64
165 67 64
166 5 61
166 5 61
166 44 27
166 44 27
167 63 42
167 63 42
167 66 62
167 66 62
168 10 33
168 10 16
168 10 21
168 69 72
168 69 72
168 70 19
168 70 19
169 22 70
169 22 70
169 67 55
169 67 55
170 69 59
170 69 59
170 70 39
170 70 39
171 19 68
171 19 68
171 38 73
171 38 73
171 63 66
171 63 66
172 32 6
172 32 6
172 50 51
172 50 51
173 31 74
173 39 40
173 39 40
173 48 74
173 65 74
173 69 62
173 69 62
174 21 26
174 21 26
174 31 75
174 31 75
174 45 32
174 49 6
174 49 6
174 59 45
174 59 32
175 26 42
175 26 42
175 56 17
175 56 17
176 14 22
176 14 68
176 22 68
176 61 21
176 61 21
176 71 56
176 71 56
177 17 37
177 17 37
177 20 16
177 20 16
177 76 77
177 76 77
178 18 22
178 18 25
178 25 22
178 51 28
178 51 28
178 65 77
178 65 77
178 78 27
178 78 61
178 78 47
179 61 67
179 61 67
179 75 35
179 75 35
179 79 10
179 79 17
179 79 55
180 38 9
180 38 9
180 75 7
180 75 7
181 6 49
181 6 49
181 19 75
181 19 75
181 55 45
181 55 44
181 55 39
182 30 59
182 30 59
182 52 24
182 52 24
183 7 23
183 7 23
183 29 11
183 29 11
184 16 43
184 16 43
184 24 44
184 24 44
185 17 50
185 17 50
185 44 40
185 44 40
186 25 78
186 25 78
186 55 10
186 55 10
186 68 46
186 68 61
186 68 49
187 22 68
187 22 68
187 56 16
187 56 16
187 68 27
187 68 24
187 68 15
188 45 40
188 45 40
188 68 70
188 68 70
189 50 78
189 50 78
189 60 28
189 60 28
190 49 66
190 49 66
190 70 69
190 70 69
191 8 20
191 8 31
191 8 31
191 8 37
191 20 37
191 24 41
191 24 41
192 34 49
192 34 49
192 52 30
192 52 30
193 39 4
193 39 4
193 79 6
193 79 6
194 16 19
194 16 19
194 17 37
194 17 37
194 17 46
194 18 46
194 41 46
194 80 41
194 80 73
194 80 45
195 49 41
195 49 41
195 61 54
195 61 54
196 46 45
196 46 45
196 67 78
196 67 78
196 72 14
196 72 50
196 72 59
197 24 30
197 24 30
197 54 10
197 54 10
198 21 46
198 45 81
198 45 81
198 54 59
198 54 59
198 59 21
198 59 46
198 62 70
198 62 70
199 46 21
199 46 21
199 60 69
199 60 69
200 24 70
200 24 70
200 27 49
200 27 49
201 24 67
201 24 67
201 32 15
201 32 70
201 32 63
201 35 28
201 35 28
202 20 6
202 20 6
202 73 10
202 73 10
203 5 77
203 14 5
203 14 77
203 56 58
203 56 58
203 73 51
203 73 51
204 20 9
204 20 9
204 30 12
204 30 12
205 5 62
205 5 62
205 11 66
205 12 13
205 12 25
205 12 35
205 51 44
205 51 44
205 65 66
205 65 11
206 26 32
206 26 57
206 26 67
206 28 41
206 28 41
206 50 11
206 50 11
207 6 69
207 6 74
207 6 78
207 21 59
207 21 59
207 51 34
207 51 34
208 11 23
208 11 23
208 66 11
208 66 11
209 17 22
209 17 22
209 32 7
209 32 7
209 38 84
209 38 84
209 43 44
209 43 61
209 44 61
209 82 83
209 82 83
210 4 77
210 4 77
210 23 15
210 23 15
210 79 85
210 79 85
210 81 77
210 81 83
210 81 71
211 9 16
211 9 61
211 9 21
211 25 39
211 25 39
211 57 54
211 57 54
212 22 35
212 22 35
212 85 39
212 85 39
213 17 20
213 17 20
213 42 86
213 42 86
213 63 68
213 63 68
213 82 83
213 82 61
213 82 50
214 12 15
214 12 15
214 18 5
214 38 74
214 38 22
214 38 59
214 44 48
214 48 5
214 50 5
214 59 44
214 59 48
214 80 52
214 80 52
214 87 80
214 87 22
214 87 81
215 4 62
215 4 62
215 16 21
215 16 21
216 33 68
216 33 68
216 75 76
216 75 76
217 50 51
217 50 51
217 81 82
217 81 82
218 35 31
218 35 31
218 52 16
218 52 34
218 52 26
218 57 79
218 57 79
218 61 88
218 62 88
218 80 88
219 53 30
219 53 30
219 71 34
219 71 34
220 42 81
220 42 81
220 52 39
220 52 39
221 55 20
221 55 20
221 64 84
221 64 84
222 35 37
222 35 37
222 75 47
222 75 47
223 9 88
223 9 88
223 16 33
223 16 33
224 23 27
224 23 27
224 62 36
224 62 36
225 47 4
225 47 4
225 81 85
225 81 85
226 37 89
226 37 89
226 84 4
226 84 4
226 85 81
226 85 81
227 10 7
227 10 7
227 47 71
227 47 71
227 53 25
227 53 63
227 63 25
228 44 58
228 44 58
228 46 4
228 46 4
228 48 90
228 48 90
229 25 62
229 25 62
229 33 91
229 33 91
229 51 21
229 51 21
229 66 23
229 66 70
229 66 31
230 25 26
230 25 58
230 26 58
230 54 24
230 54 24
230 90 51
230 90 51
231 28 22
231 28 22
231 87 48
231 87 48
232 26 64
232 26 85
232 26 82
232 45 73
232 45 73
232 57 54
232 57 54
233 28 41
233 28 41
233 80 89
233 80 89
234 46 41
234 46 80
234 46 8
234 59 6
234 59 6
234 65 68
234 73 66
234 73 66
234 92 65
234 92 68
235 21 91
235 48 91
235 50 91
235 54 65
235 54 65
235 73 93
235 73 93
235 75 25
235 75 25
235 94 95
235 94 9
235 94 23
236 17 67
236 17 67
236 37 8
236 37 8
236 38 98
236 86 96
236 86 96
236 97 38
236 97 98
237 5 67
237 5 67
237 50 51
237 50 23
237 50 56
237 51 92
237 51 94
237 57 13
237 57 13
237 92 94
238 28 90
238 28 90
238 61 29
238 61 29
238 75 85
238 75 83
238 75 64
239 14 84
239 14 84
239 97 39
239 97 39
240 50 94
240 50 94
240 71 47
240 71 47
241 35 18
241 35 18
241 76 45
241 76 45
242 7 47
242 49 18
242 49 18
242 50 7
242 50 47
242 92 18
242 92 18
242 92 69
242 92 91
242 92 22
242 99 100
242 99 100
243 6 23
243 6 45
243 6 16
243 37 47
243 37 47
243 63 94
243 63 94
243 101 58
243 101 56
243 101 34
244 11 20
244 11 20
244 64 23
244 64 72
244 64 53
244 75 68
244 75 68
245 59 75
245 59 75
245 96 78
245 96 78
246 27 33
246 27 38
246 27 75
246 73 68
246 73 68
246 100 35
246 100 35
247 6 73
247 6 73
247 10 89
247 10 89
248 4 32
248 4 32
248 86 70
248 86 70
249 66 23
249 66 42
249 66 26
249 68 74
249 68 74
249 85 45
249 85 45
250 22 83
250 22 54
250 57 7
250 57 7
250 83 54
250 97 88
250 97 88
250 102 6
250 102 94
250 102 7
251 5 77
251 5 78
251 17 23
251 17 23
251 19 99
251 19 99
251 77 78
252 9 46
252 9 46
252 40 38
252 40 38
253 21 103
253 21 103
253 66 35
253 66 35
253 89 56
253 89 56
254 34 104
254 34 104
254 36 70
254 36 70
254 79 4
254 79 4
254 105 73
254 105 52
254 105 71
255 27 35
255 27 35
255 29 76
255 29 76
256 50 75
256 50 75
256 62 92
256 62 92
257 19 15
257 19 75
257 19 69
257 29 32
257 29 32
257 60 56
257 60 56
258 46 90
258 46 90
258 76 88
258 76 88
259 14 83
259 14 83
259 102 8
259 102 8
259 106 33
259 106 92
259 106 40
260 38 49
260 38 49
260 48 89
260 48 69
260 48 50
260 50 21
260 50 21
261 18 29
261 18 29
261 44 81
261 44 81
261 63 20
261 63 46
261 63 105
261 75 107
261 75 107
262 52 46
262 52 40
262 52 41
262 79 91
262 79 91
262 83 98
262 83 98
263 46 5
263 46 5
263 57 26
263 57 26
264 72 46
264 72 46
264 104 48
264 104 48
265 69 91
265 69 102
265 69 11
265 73 36
265 73 36
265 105 21
265 105 21
266 30 60
266 30 60
266 104 49
266 104 49
267 6 40
267 6 27
267 6 71
267 32 70
267 32 70
267 63 72
267 63 72
267 108 82
267 108 52
267 108 70
268 12 108
268 12 108
268 44 64
268 44 64
269 6 31
269 6 31
269 57 33
269 57 33
270 37 96
270 37 68
270 37 23
270 55 7
270 55 7
270 61 47
270 61 47
270 109 48
270 109 103
270 109 10
271 17 60
271 17 39
271 17 94
271 35 30
271 35 30
271 54 42
271 54 42
272 8 27
272 8 27
272 29 41
272 29 41
273 86 105
273 86 105
273 89 29
273 89 29
273 110 45
274 42 81
274 42 81
274 43 86
274 43 86
274 103 54
274 103 50
274 103 15
275 7 87
275 7 87
275 14 111
275 14 111
275 73 63
275 73 63
275 107 64
275 107 60
275 107 67
276 22 87
276 22 87
276 53 106
276 53 106
277 24 86
277 24 86
277 79 58
277 79 58
278 35 49
278 35 49
278 98 55
278 98 55
278 112 31
278 112 20
278 112 109
279 8 36
279 8 36
279 36 55
279 36 55
279 60 56
279 60 19
279 60 70
280 9 14
280 9 14
280 15 19
280 15 57
280 19 57
280 47 84
280 47 84
280 113 114
280 113 114
281 9 5
281 9 92
281 9 17
281 48 41
281 48 41
281 81 113
281 81 113
282 6 98
282 6 67
282 6 111
282 17 115
282 24 115
282 35 79
282 35 79
282 52 109
282 52 109
282 85 115
283 72 12
283 72 12
283 106 42
283 106 42
284 41 110
284 41 110
284 97 73
284 97 73
285 47 10
285 47 10
285 83 80
285 83 80
286 16 24
286 16 39
286 24 39
286 60 77
286 60 77
286 99 14
286 99 14
287 12 116
287 50 19
287 50 19
287 56 116
287 79 116
287 103 81
287 103 81
288 31 75
288 31 75
288 40 57
288 40 57
289 81 110
289 81 110
289 101 93
289 101 75
289 101 55
289 106 26
289 106 26
290 76 80
290 76 80
290 94 42
290 94 42
290 117 37
290 117 40
290 117 50
291 84 37
291 84 37
291 94 73
291 94 73
292 12 11
292 12 11
292 24 27
292 24 27
292 61 72
292 61 109
292 72 109
292 118 119
292 118 119
293 76 13
293 76 13
293 102 61
293 102 61
294 57 99
294 57 99
294 85 120
294 85 120
294 100 48
294 100 48
295 55 54
295 55 54
295 66 88
295 66 88
295 108 120
295 108 12
295 108 99
296 67 75
296 67 75
296 105 43
296 105 43
297 23 14
297 23 14
297 103 27
297 103 27
298 16 38
298 16 38
298 45 47
298 45 47
299 33 84
299 33 84
299 69 89
299 69 89
299 73 55
299 101 55
299 101 73
300 8 9
300 8 17
300 17 9
300 77 34
300 77 34
300 93 50
300 93 50
301 46 41
301 46 37
301 46 94
301 70 110
301 70 110
301 115 59
301 115 59
302 29 17
302 29 17
302 48 95
302 48 95
303 13 5
303 21 68
303 21 53
303 21 77
303 42 69
303 42 69
303 53 13
303 53 5
303 67 114
303 67 114
304 27 84
304 27 84
304 51 117
304 51 117
305 34 16
305 34 16
305 59 83
305 59 83
305 71 18
305 71 84
305 71 43
306 17 53
306 17 53
306 35 25
306 35 25
306 81 117
306 81 56
306 81 111
306 115 32
306 116 115
306 116 32
307 93 99
307 93 99
307 109 71
307 109 116
307 109 97
307 112 104
307 112 104
308 9 101
308 9 101
308 21 117
308 21 117
308 54 65
308 54 32
308 54 115
309 21 56
309 21 89
309 56 89
309 72 55
309 72 55
309 106 17
309 106 17
309 121 122
309 121 86
309 121 21
310 26 58
310 26 58
310 49 69
310 49 69
311 23 69
311 23 69
311 97 106
311 97 106
312 11 123
312 11 123
312 29 92
312 29 92
312 48 44
312 48 44
313 40 21
313 40 21
313 44 70
313 55 117
313 55 117
313 58 44
313 58 70
314 35 73
314 35 73
314 95 72
314 95 72
314 123 124
314 123 124
315 43 111
315 43 111
315 49 72
315 66 100
315 66 100
315 80 49
315 80 72
316 67 38
316 67 38
316 78 43
316 78 43
317 35 7
317 35 7
317 102 89
317 102 89
318 70 19
318 70 19
318 73 18
318 73 18
319 14 69
319 14 69
319 30 28
319 30 29
319 30 64
319 40 24
319 61 111
319 61 111
319 66 40
319 66 24
320 103 10
320 103 10
320 124 92
320 124 92
321 6 62
321 6 62
321 15 9
321 51 9
321 104 89
321 104 89
321 112 9
322 9 47
322 9 56
322 9 116
322 21 96
322 21 96
322 95 49
322 95 49
323 99 61
323 99 61
323 124 22
323 124 22
324 110 25
324 110 25
324 120 78
324 120 78
325 78 87
325 78 87
325 106 107
325 106 107
326 27 20
326 27 20
326 32 96
326 32 21
326 68 48
326 68 48
326 96 21
327 64 50
327 64 50
327 71 80
327 71 80
328 17 117
328 17 117
328 53 81
328 53 81
329 9 56
329 9 30
329 9 113
329 64 106
329 64 106
329 92 76
329 92 76
330 33 69
330 33 15
330 33 124
330 71 112
330 71 112
330 84 21
330 84 21
331 46 101
331 46 101
331 66 64
331 66 64
332 8 60
332 8 60
332 28 89
332 28 89
333 18 117
333 18 117
333 30 79
333 30 94
333 30 8
333 83 21
333 83 21
334 34 125
334 34 125
334 48 55
334 48 55
334 80 70
334 80 120
334 80 13
334 124 59
334 124 59
335 20 85
335 20 85
335 53 111
335 53 111
336 7 98
336 7 98
336 62 22
336 62 22
337 50 58
337 50 58
337 99 8
337 99 8
338 75 20
338 75 20
338 85 9
338 85 9
339 13 34
339 13 34
339 19 12
339 19 12
340 25 44
340 25 44
340 76 52
340 76 52
341 18 105
341 18 105
341 76 17
341 76 17
342 28 21
342 28 21
342 45 113
342 45 113
343 36 55
343 36 72
343 36 30
343 81 48
343 101 66
343 101 66
343 114 104
343 114 104
343 126 81
343 126 48
344 5 85
344 5 85
344 34 57
344 34 57
345 30 31
345 30 31
345 54 77
345 54 77
345 127 18
345 127 103
345 127 119
346 19 129
346 25 129
346 47 129
346 57 85
346 60 15
346 60 15
346 62 57
346 62 85
346 71 128
346 71 128
346 88 62
346 88 62
347 19 70
347 19 70
347 115 116
347 115 116
348 37 89
348 37 89
348 112 105
348 112 105
349 22 62
349 22 62
349 32 54
349 32 54
350 25 38
350 25 38
350 46 22
350 46 22
350 81 61
350 81 116
350 81 15
351 72 67
351 72 67
351 75 80
351 100 97
351 100 97
351 103 75
351 103 80
352 24 63
352 24 63
352 39 16
352 39 16
352 130 37
352 130 21
352 130 68
353 61 86
353 61 86
353 97 42
353 97 42
354 23 69
354 23 73
354 23 77
354 83 61
354 83 61
354 95 113
354 95 113
355 44 117
355 44 117
355 107 56
355 107 56
355 108 96
355 108 5
355 108 88
356 15 47
356 15 47
356 22 131
356 22 131
356 22 114
356 22 85
356 22 23
356 107 76
356 107 76
357 12 114
357 12 114
357 120 129
357 120 129
358 57 44
358 57 44
358 78 101
358 78 101
359 59 94
359 59 94
359 107 80
359 107 80
360 56 36
360 56 36
360 63 99
360 63 99
361 62 57
361 62 57
361 123 11
361 123 11
362 88 132
362 88 132
362 90 33
362 90 33
362 102 58
362 102 58
363 52 133
363 52 133
363 54 124
363 54 124
363 71 84
363 71 84
364 5 90
364 5 90
364 46 80
364 46 80
364 48 31
364 48 133
364 48 71
365 45 77
365 45 77
365 66 131
365 66 131
366 20 47
366 49 121
366 49 121
366 80 13
366 80 13
366 112 47
366 122 47
367 41 93
367 41 93
367 65 106
367 65 106
367 74 17
367 74 115
367 74 16
367 122 134
367 122 134
368 28 25
368 28 25
368 88 84
368 88 84
369 69 98
369 69 98
369 71 94
369 71 33
369 71 122
369 103 66
369 103 66
370 40 8
370 40 8
370 120 4
370 120 4
371 26 94
371 26 94
371 45 65
371 45 65
372 60 106
372 60 106
372 110 94
372 110 94
373 8 55
373 8 55
373 19 135
373 114 135
373 115 124
373 115 124
373 121 135
374 31 60
374 31 117
374 31 52
374 52 50
374 52 50
374 123 93
374 123 93
375 52 136
375 56 136
375 72 70
375 72 70
375 75 62
375 75 62
375 112 136
376 49 135
376 49 135
376 64 47
376 129 64
376 129 47
376 132 25
376 132 25
376 137 138
376 137 138
377 81 39
377 81 39
377 105 78
377 105 20
377 105 38
377 123 38
377 123 38
378 14 7
378 14 7
378 74 86
378 74 37
378 74 7
378 113 27
378 113 27
379 12 82
379 12 82
379 111 49
379 111 49
380 10 66
380 10 18
380 10 80
380 23 96
380 23 96
380 51 76
380 51 76
380 139 17
380 139 29
380 139 113
381 55 13
381 55 13
381 56 113
381 56 113
382 78 99
382 78 99
382 87 100
382 87 115
382 100 115
382 109 4
382 109 4
383 22 4
383 22 4
383 30 129
383 30 129
384 67 110
384 67 110
384 100 58
384 100 58
385 66 121
385 66 121
385 127 140
385 127 140
385 135 72
385 135 72
386 24 141
386 24 141
386 90 43
386 90 43
386 127 44
386 127 44
387 59 6
387 59 6
387 66 41
387 66 41
387 106 57
387 106 80
387 106 128
387 142 41
387 142 91
387 142 63
388 7 30
388 27 14
388 27 14
388 80 7
388 80 30
388 98 85
388 98 85
388 116 127
388 116 106
388 116 23
389 37 143
389 82 143
389 107 13
389 107 13
389 121 36
389 121 36
389 136 143
390 24 130
390 24 64
390 24 103
390 47 5
390 47 5
390 64 75
390 64 75
391 66 94
391 66 8
391 66 36
391 101 22
391 101 22
391 119 129
391 119 129
392 84 134
392 84 134
392 112 103
392 112 103
393 85 139
393 85 139
393 130 123
393 130 123
394 13 143
394 13 143
394 17 144
394 17 144
394 30 105
394 30 105
395 18 145
395 47 31
395 47 31
395 65 14
395 65 14
395 85 118
395 85 56
395 118 56
395 134 145
395 135 145
396 23 147
396 58 147
396 92 95
396 92 95
396 99 81
396 99 81
396 102 134
396 102 91
396 102 128
396 123 147
396 146 66
396 146 6
396 146 44
397 15 111
397 15 111
397 116 74
397 116 74
397 148 149
397 148 149
398 79 97
398 79 97
398 147 77
398 147 77
399 8 32
399 8 32
399 23 85
399 23 85
400 55 150
400 77 150
400 92 73
400 92 73
400 108 150
400 120 45
400 120 45
401 98 56
401 133 98
401 133 56
401 140 87
401 140 87
401 141 114
401 141 114
402 91 139
402 91 139
402 134 31
402 134 139
402 134 130
402 140 136
402 140 136
403 6 129
403 6 129
403 58 133
403 58 133
403 61 77
404 32 62
404 32 62
404 100 145
404 107 98
404 107 98
404 107 100
404 107 145
405 11 136
405 11 136
405 41 80
405 41 80
406 27 33
406 27 33
406 70 112
406 70 112
406 98 119
406 98 59
406 119 59
407 36 40
407 36 40
407 138 96
407 138 96
408 12 4
408 12 4
408 95 84
408 95 84
408 151 122
408 151 149
408 151 82
409 9 148
409 9 148
409 114 38
409 114 38
410 8 32
410 8 32
410 60 66
410 60 66
410 152 153
410 152 16
411 7 117
411 7 117
411 88 45
411 88 108
411 88 133
411 129 31
411 129 31
412 89 73
412 89 73
412 125 107
412 125 107
412 154 155
412 154 155
413 28 110
413 77 110
413 97 110
413 147 123
413 147 123
413 155 118
413 155 118
414 10 50
414 75 50
414 88 95
414 88 95
414 94 50
414 152 107
414 152 107
415 16 156
415 16 156
415 61 14
415 61 14
415 70 55
415 70 55
416 49 52
416 49 52
416 94 98
416 94 98
417 73 157
417 73 157
417 77 108
417 77 108
417 130 33
417 130 33
418 22 46
418 22 46
418 47 138
418 47 128
418 47 124
418 146 58
418 146 58
418 158 159
418 158 159
419 43 79
419 54 43
419 54 79
419 123 79
419 123 79
419 132 86
419 132 86
419 160 161
419 160 161
420 143 139
420 143 139
420 144 119
420 144 13
420 144 126
420 160 94
420 160 94
421 20 159
421 20 159
421 154 153
421 154 153
422 22 62
422 22 62
422 42 43
422 42 43
422 77 32
422 133 77
422 133 32
422 162 102
422 162 141
422 162 142
423 25 122
423 25 103
423 25 143
423 129 144
423 129 144
423 162 148
423 162 148
424 30 25
424 30 25
424 45 62
424 110 158
424 110 158
424 153 45
424 153 62
425 8 96
425 8 96
425 46 131
425 46 131
425 163 75
425 163 74
425 163 157
426 65 63
426 65 63
426 69 108
426 69 108
427 24 146
427 24 146
427 76 126
427 76 126
428 41 23
428 41 76
428 41 163
428 58 165
428 71 67
428 71 67
428 90 154
428 90 154
428 164 58
428 164 165
429 66 20
429 66 20
429 148 127
429 148 127
430 100 109
430 100 50
430 100 64
430 119 157
430 119 157
430 162 9
430 162 9
431 90 25
431 90 25
431 103 82
431 103 82
432 4 161
432 4 161
432 11 67
432 11 67
432 114 165
432 114 113
432 114 78
432 166 167
432 166 82
432 166 92
433 90 129
433 90 129
433 162 63
433 162 63
434 15 111
434 15 144
434 36 167
434 36 140
434 36 134
434 85 65
434 85 65
434 107 17
434 107 17
434 111 144
434 168 78
434 168 57
434 168 102
435 50 80
435 50 80
435 147 94
435 147 94
436 133 42
436 133 42
436 165 63
436 165 63
436 169 170
436 169 170
437 38 96
437 38 96
437 135 120
437 135 120
437 164 143
437 164 62
437 164 63
438 61 166
438 61 166
438 141 96
438 146 125
438 146 125
438 167 141
438 167 96
439 36 166
439 36 166
439 142 112
439 142 112
440 85 59
440 85 59
440 122 119
440 122 119
440 133 63
440 156 133
440 156 63
440 171 59
440 171 48
440 171 162
441 129 106
441 129 106
441 141 118
441 141 118
442 66 77
442 66 77
442 139 172
442 139 172
442 169 167
442 169 167
442 173 6
442 173 40
442 173 127
443 8 44
443 8 44
443 34 43
443 34 43
443 48 68
443 48 140
443 48 105
444 136 39
444 136 39
444 165 72
444 165 72
445 45 126
445 79 126
445 81 90
445 81 90
445 130 126
445 172 8
445 172 8
446 36 58
446 36 58
446 44 22
446 44 145
446 44 87
446 152 84
446 152 84
447 34 49
447 34 49
447 55 31
447 55 31
448 24 12
448 24 12
448 80 157
448 80 157
448 174 175
448 174 175
449 115 160
449 115 160
449 138 51
449 138 51
450 10 28
450 10 28
450 31 43
450 31 43
450 127 176
450 127 176
450 165 41
450 165 7
450 165 40
451 72 90
451 72 90
451 150 158
451 150 158
452 39 75
452 39 75
452 94 53
452 94 53
453 84 69
453 84 69
453 102 165
453 102 165
454 62 170
454 62 170
454 89 148
454 89 148
455 130 97
455 130 97
455 159 104
455 159 104
456 41 43
456 41 43
456 107 48
456 107 48
457 66 97
457 66 97
457 79 15
457 79 15
457 121 149
457 121 94
457 121 7
457 177 15
457 177 16
458 92 58
458 92 58
458 120 15
458 120 15
458 134 154
458 134 15
458 134 84
459 55 142
459 55 142
459 154 155
459 154 155
460 6 39
460 6 39
460 68 29
460 68 29
461 89 94
461 89 94
461 116 110
461 151 70
461 151 70
461 178 116
461 178 110
461 179 180
461 179 66
461 179 53
462 67 93
462 67 93
462 93 181
462 93 181
462 163 17
462 163 17
463 9 12
463 9 12
463 126 71
463 126 71
463 163 40
463 163 52
463 163 149
464 39 148
464 39 148
464 99 24
464 99 24
465 67 182
465 67 182
465 89 70
465 89 70
465 119 8
465 119 8
465 183 83
465 183 11
465 183 138
466 99 175
466 99 175
466 147 97
466 147 97
467 104 38
467 104 38
467 150 63
467 150 63
468 130 31
468 130 31
468 153 39
468 153 39
469 43 56
469 43 56
469 112 172
469 112 172
470 93 139
470 93 139
470 108 77
470 108 77
470 184 74
470 184 48
470 184 78
471 94 178
471 94 178
471 175 5
471 175 5
472 72 74
472 72 74
472 83 53
472 83 53
472 142 29
472 142 52
472 142 50
473 12 185
473 12 185
473 80 171
473 80 171
473 83 90
473 83 90
474 99 89
474 99 89
474 163 183
474 163 183
474 186 18
474 186 92
474 186 115
475 132 21
475 132 21
475 144 52
475 144 52
475 187 8
475 187 91
475 187 18
476 43 92
476 43 92
476 48 14
476 48 14
477 56 188
477 56 188
477 93 127
477 93 127
477 148 99
477 148 99
477 189 19
477 189 142
477 189 4
478 27 54
478 27 54
478 121 162
478 121 33
478 121 134
478 146 114
478 146 114
478 160 192
478 160 192
478 190 191
478 190 191
479 16 193
479 16 193
479 22 14
479 22 14
479 118 103
479 175 167
479 175 167
479 192 118
479 192 103
480 93 53
480 93 53
480 104 156
480 104 156
481 50 86
481 50 86
481 157 4
481 157 4
482 177 85
482 177 85
482 181 10
482 181 11
482 181 191
482 190 102
482 190 102
483 110 35
483 110 35
483 152 49
483 152 49
484 192 79
484 192 79
484 192 127
484 192 127
485 52 162
485 52 162
485 63 128
485 63 128
485 111 35
485 111 58
485 111 169
486 70 75
486 70 75
486 87 194
486 132 131
486 132 131
486 162 194
486 175 194
487 18 86
487 18 86
487 47 33
487 47 33
488 45 88
488 45 88
488 124 38
488 124 38
489 106 19
489 106 19
489 183 24
489 183 24
490 71 55
490 71 55
490 92 175
490 92 158
490 122 135
490 122 16
490 122 33
490 126 24
490 126 24
490 175 158
491 8 130
491 8 130
491 174 164
491 174 164
492 104 77
492 104 77
492 189 143
492 189 143
493 14 160
493 14 160
493 61 80
493 61 43
493 80 43
493 190 134
493 190 134
494 161 101
494 161 101
494 173 55
494 173 117
494 173 177
494 179 32
494 179 32
495 119 197
495 119 197
495 121 163
495 121 163
495 170 65
495 170 65
495 195 196
495 195 196
496 156 121
496 156 121
496 190 176
496 190 176
497 73 165
497 73 165
497 127 199
497 190 167
497 190 167
497 198 127
497 198 199
498 5 100
498 5 54
498 100 54
498 140 130
498 140 130
498 176 46
498 176 46
499 77 79
499 77 79
499 107 128
499 107 128
500 18 74
500 18 74
500 79 173
500 79 173
501 30 49
501 30 49
501 43 26
501 43 26
501 173 179
501 173 160
501 179 160
501 200 40
501 200 27
501 200 150
502 6 201
502 6 201
502 58 73
502 58 73
502 152 182
502 152 182
503 19 198
503 19 198
503 36 189
503 36 189
503 84 202
503 84 202
504 27 152
504 27 152
504 125 64
504 125 64
505 10 157
505 10 157
505 166 18
505 166 18
506 99 142
506 99 142
506 110 47
506 110 47
507 46 147
507 46 147
507 183 200
507 183 200
507 203 204
507 203 69
507 203 130
508 12 199
508 12 199
508 74 176
508 74 176
508 104 205
508 104 205
509 105 155
509 105 155
509 125 132
509 125 132
510 41 131
510 41 131
510 82 83
510 82 83
511 4 161
511 4 161
511 158 208
511 158 208
511 189 38
511 189 38
511 206 207
511 206 207
512 112 51
512 112 51
512 168 118
512 168 118
513 12 209
513 12 209
513 24 30
513 24 30
513 126 192
513 126 192
514 26 134
514 65 195
514 65 195
514 73 26
514 73 134
514 207 150
514 207 150
514 210 207
514 210 18
514 210 35
515 110 17
515 110 17
515 154 58
515 154 58
515 211 153
515 211 201
515 211 128
516 21 107
516 21 107
516 66 126
516 66 126
516 101 210
516 101 123
516 101 11
517 34 171
517 34 171
517 54 33
517 54 33
518 29 128
518 29 128
518 83 127
518 83 127
519 25 129
519 25 54
519 25 123
519 51 134
519 51 134
519 177 87
519 177 87
519 212 213
519 212 43
519 212 196
520 9 192
520 9 192
520 54 214
520 54 214
520 67 129
520 67 129
521 45 62
521 45 62
521 182 191
521 182 191
521 191 174
521 191 183
521 191 85
521 215 216
521 215 216
522 209 197
522 209 197
522 210 170
522 210 170
523 26 19
523 26 19
523 57 33
523 57 33
524 148 33
524 148 33
524 186 57
524 186 57
525 209 25
525 209 25
525 216 18
525 216 18
525 217 11
525 217 115
525 217 103
526 74 202
526 74 88
526 103 198
526 103 198
526 158 24
526 158 24
526 202 88
527 4 147
527 4 147
527 96 187
527 96 187
527 115 64
527 138 115
527 138 64
528 10 212
528 10 212
528 31 160
528 31 160
528 111 218
528 111 218
529 6 169
529 6 169
529 41 219
529 41 219
529 58 28
529 58 46
529 58 110
529 74 162
529 74 162
530 116 84
530 116 84
530 140 105
530 140 105
531 154 102
531 154 102
531 216 148
531 216 148
532 60 129
532 60 129
532 80 164
532 80 164
532 138 37
532 138 76
532 138 147
533 35 51
533 35 36
533 35 118
533 76 159
533 76 159
533 120 220
533 120 220
533 218 204
533 218 204
534 17 94
534 17 94
534 189 209
534 189 209
535 21 65
535 21 146
535 21 129
535 61 215
535 61 215
535 80 21
535 80 21
536 167 13
536 167 13
536 206 182
536 206 182
537 76 78
537 76 78
537 162 58
537 162 58
537 221 123
537 221 143
537 221 164
538 162 118
538 162 118
538 163 206
538 163 206
539 19 174
539 19 174
539 49 132
539 49 212
539 49 124
539 189 217
539 189 217
540 138 42
540 138 42
540 148 11
540 148 122
540 148 27
540 173 142
540 173 142
541 5 169
541 5 169
541 57 159
541 57 159
542 60 35
542 60 35
542 195 169
542 195 169
543 37 222
543 66 26
543 66 26
543 134 137
543 134 137
543 134 222
543 185 222
543 217 215
543 217 14
543 217 131
544 40 163
544 40 163
544 133 126
544 133 126
545 160 205
545 160 205
545 165 201
545 165 201
546 60 116
546 60 116
546 196 204
546 196 144
546 204 144
546 213 164
546 213 164
547 10 57
547 10 57
547 222 206
547 222 206
547 223 224
547 223 225
547 223 103
548 23 138
548 23 66
548 69 208
548 69 36
548 69 70
548 105 160
548 105 160
548 137 112
548 137 112
548 138 66
548 226 44
548 226 125
548 226 25
549 150 86
549 150 86
549 207 47
549 207 47
550 58 154
550 58 154
550 184 166
550 184 166
551 152 227
551 152 227
551 178 201
551 178 201
551 184 54
551 184 54
552 62 16
552 62 16
552 125 110
552 125 110
553 160 97
553 160 97
553 186 22
553 186 22
554 68 228
554 108 118
554 108 118
554 110 57
554 110 143
554 110 100
554 119 228
554 143 228
554 204 48
554 204 48
555 45 14
555 45 14
555 194 191
555 194 191
556 45 85
556 45 85
556 46 229
556 100 229
556 146 116
556 146 116
556 195 229
557 68 230
557 68 230
557 169 163
557 169 163
557 172 83
557 172 83
558 66 187
558 66 187
558 199 166
558 199 166
559 153 109
559 153 109
559 191 180
559 191 180
560 7 231
560 7 231
560 18 10
560 18 10
560 127 223
560 127 223
561 57 56
561 57 56
561 72 59
561 72 188
561 72 49
561 132 189
561 132 189
561 153 134
561 232 153
561 232 134
562 67 11
562 67 11
562 139 14
562 139 14
563 14 138
563 14 31
563 91 131
563 91 131
563 119 152
563 119 152
563 123 233
563 123 233
563 138 31
564 108 141
564 108 141
564 144 46
564 144 46
565 104 136
565 104 136
565 179 141
565 179 141
566 77 172
566 77 172
566 137 222
566 137 222
567 85 129
567 85 129
567 152 202
567 152 202
567 234 235
567 234 235
568 77 24
568 77 24
568 159 73
568 159 73
569 41 112
569 41 112
569 70 73
569 70 73
569 236 5
570 68 188
570 68 130
570 87 15
570 87 15
570 97 51
570 97 51
570 188 130
570 237 238
570 237 29
570 237 184
570 239 82
570 239 101
570 239 42
571 8 240
571 13 225
571 13 225
571 37 85
571 37 123
571 85 123
571 142 240
571 160 240
571 221 16
571 221 16
572 41 16
572 41 16
572 111 6
572 111 8
572 111 92
572 187 107
572 187 107
572 241 242
572 241 242
573 36 37
573 36 37
573 172 4
573 172 4
573 185 243
573 185 243
574 119 201
574 119 201
574 176 218
574 176 218
575 54 164
575 118 135
575 118 135
575 124 54
575 124 164
575 181 23
575 181 23
576 111 33
576 111 33
576 226 86
576 226 86
577 23 43
577 23 205
577 43 205
577 83 56
577 83 56
577 103 92
577 103 92
577 244 90
577 244 143
577 244 170
578 19 48
578 19 48
578 53 245
578 53 245
578 178 4
578 178 4
578 199 225
578 199 64
578 199 113
579 5 30
579 5 30
579 206 73
579 206 73
580 69 62
580 69 149
580 69 15
580 155 246
580 155 246
580 223 224
580 223 224
580 241 74
580 241 74
580 247 248
580 247 105
580 247 185
581 47 238
581 47 238
581 50 201
581 50 158
581 50 222
581 72 249
581 72 249
581 133 66
581 133 66
582 72 250
582 72 250
582 162 118
582 162 118
582 174 178
582 174 178
583 100 208
583 100 208
583 158 192
583 158 192
584 35 223
584 35 223
584 63 118
584 63 118
584 153 106
584 153 236
584 153 145
585 37 12
585 37 164
585 37 121
585 171 144
585 171 144
585 199 228
585 199 228
586 84 107
586 84 107
586 149 138
586 149 138
587 17 161
587 17 161
587 170 157
587 170 157
587 251 252
587 251 252
588 86 34
588 86 34
588 92 251
588 92 75
588 247 57
588 247 57
588 251 75
589 42 197
589 42 197
589 117 125
589 117 210
589 117 28
589 239 106
589 239 106
589 253 254
589 253 254
590 62 185
590 62 185
590 214 149
590 214 149
591 195 27
591 195 27
591 240 115
591 240 115
592 174 143
592 174 143
592 193 237
592 193 237
593 149 185
593 149 185
593 202 150
593 202 150
594 52 210
594 52 210
594 146 14
594 146 14
594 147 166
594 147 28
594 147 177
595 42 102
595 42 102
595 107 141
595 107 141
596 10 177
596 10 177
596 196 176
596 196 176
597 35 186
597 35 186
597 208 42
597 208 42
598 96 194
598 96 194
598 110 31
598 110 242
598 110 46
598 138 43
598 138 43
598 240 255
598 240 255
599 77 146
599 77 146
599 98 44
599 98 44
600 222 58
600 222 58
600 225 17
600 225 17
601 84 215
601 84 215
601 164 41
601 164 41
602 42 147
602 42 147
602 62 144
602 62 144
602 90 256
602 90 256
603 115 54
603 115 157
603 115 201
603 126 80
603 126 80
603 140 96
603 140 96
603 257 83
603 257 13
603 257 153
604 11 19
604 11 19
604 172 17
604 172 17
605 187 182
605 187 182
605 215 204
605 215 204
606 56 33
606 56 33
606 75 181
606 75 181
606 148 118
606 148 146
606 148 124
607 39 156
607 39 142
607 156 142
607 217 79
607 217 79
607 224 163
607 224 163
608 104 214
608 104 214
608 225 52
608 225 52
609 72 92
609 72 92
609 214 199
609 214 199
610 96 182
610 96 182
610 174 224
610 174 145
610 224 145
610 237 93
610 237 93
610 239 130
610 239 56
610 239 253
611 8 228
611 8 228
611 206 204
611 206 204
611 258 259
611 258 259
612 58 145
612 58 145
612 114 200
612 114 200
613 29 260
613 29 260
613 53 127
613 53 205
613 53 246
613 87 64
613 87 64
613 161 243
613 161 243
614 24 60
614 24 75
614 24 14
614 87 9
614 87 9
614 110 170
614 110 170
615 237 153
615 237 153
615 237 179
615 237 179
616 19 198
616 19 166
616 141 203
616 141 203
616 198 166
616 218 92
616 218 92
617 24 247
617 24 247
617 26 261
617 26 261
617 126 82
617 126 82
618 72 188
618 72 188
618 179 164
618 179 164
619 109 81
619 109 81
619 189 152
619 189 152
620 8 20
620 8 20
620 201 256
620 201 256
620 248 178
620 248 140
620 248 91
620 262 263
620 262 263
621 83 59
621 83 59
621 112 104
621 112 104
622 15 147
622 15 147
622 193 74
622 193 74
623 13 215
623 13 215
623 159 192
623 159 192
623 241 114
623 241 261
623 241 15
624 124 233
624 124 233
624 222 77
624 222 77
625 43 210
625 43 89
625 43 218
625 97 264
625 97 264
625 124 184
625 124 184
625 204 116
625 204 116
625 265 200
625 265 120
626 120 79
626 120 79
626 242 193
626 242 193
627 174 135
627 174 135
627 238 254
627 238 254
628 108 18
628 108 18
628 252 126
628 252 66
628 252 232
628 265 22
628 265 22
629 60 74
629 60 74
629 261 176
629 261 176
630 14 227
630 14 227
630 82 266
630 99 266
630 125 266
630 198 45
630 198 45
631 188 183
631 188 183
631 263 27
631 263 27
632 35 29
632 35 29
632 192 198
632 192 198
633 41 49
633 41 234
633 41 234
633 41 179
633 41 37
633 219 96
633 219 96
634 128 21
634 163 128
634 163 21
634 166 148
634 166 215
634 166 41
634 258 191
634 258 191
634 264 78
634 264 78
635 22 76
635 22 76
635 222 266
635 222 223
635 222 16
635 244 170
635 244 170
636 183 102
636 183 102
636 251 258
636 251 258
637 73 104
637 73 104
637 90 267
637 90 267
637 146 84
637 146 84
637 268 211
637 268 73
637 268 94
638 26 92
638 26 92
638 187 27
638 187 27
639 50 219
639 50 219
639 72 21
639 72 21
640 11 136
640 11 121
640 11 184
640 19 269
640 19 269
640 81 203
640 81 203
640 191 222
640 191 222
640 270 271
640 270 272
640 270 17
641 16 65
641 16 65
641 173 51
641 173 211
641 173 20
641 180 64
641 180 64
642 140 232
642 140 232
642 197 167
642 197 167
643 165 40
643 165 46
643 165 155
643 193 160
643 193 160
643 253 14
643 253 14
644 78 263
644 78 263
644 160 150
644 160 233
644 160 204
644 203 209
644 203 209
645 18 93
645 18 93
645 148 204
645 165 33
645 165 33
645 260 148
645 260 204
646 15 245
646 15 245
646 26 273
646 26 273
646 77 207
646 77 106
646 77 4
646 142 196
646 142 196
647 66 67
647 66 67
647 193 59
647 193 59
648 106 214
648 106 214
648 242 209
648 242 209
648 269 217
648 269 25
648 269 250
648 274 275
648 274 275
649 28 218
649 28 218
649 79 238
649 79 238
649 276 100
649 276 30
649 276 101
650 43 206
650 43 206
650 112 246
650 112 246
650 259 210
650 259 189
650 259 47
651 31 209
651 31 209
651 42 270
651 42 270
652 19 40
652 19 40
652 273 241
652 273 241
653 119 274
653 119 274
653 269 24
653 269 24
654 153 136
654 153 60
654 153 266
654 201 276
654 201 276
654 263 268
654 263 268
654 277 278
654 277 279
654 277 110
655 111 138
655 111 138
655 113 131
655 148 113
655 148 131
655 173 51
655 173 10
655 173 45
655 206 203
655 206 203
656 27 22
656 27 22
656 104 187
656 104 160
656 144 212
656 144 212
656 187 160
657 10 192
657 10 192
657 91 9
657 97 9
657 149 280
657 149 280
657 159 9
657 191 173
657 191 173
658 16 196
658 21 16
658 21 196
658 181 163
658 181 163
658 239 21
658 239 21
659 27 281
659 27 281
659 61 190
659 61 190
659 68 140
659 68 140
660 8 134
660 8 134
660 278 214
660 278 214
661 26 214
661 26 214
661 170 259
661 274 180
661 274 180
661 282 170
661 282 259
662 39 133
662 39 133
662 210 117
662 210 117
663 103 129
663 103 129
663 198 199
663 198 199
664 70 145
664 70 145
664 99 204
664 99 204
664 119 7
664 119 122
664 119 202
665 24 260
665 24 280
665 24 191
665 96 4
665 96 4
665 180 77
665 210 77
665 216 77
665 280 204
665 280 204
666 40 54
666 40 54
666 53 153
666 53 153
666 80 53
666 80 159
666 80 31
667 145 282
667 145 282
667 168 29
667 168 29
668 45 17
668 45 17
668 134 273
668 134 273
668 167 217
668 167 277
668 167 275
668 205 245
668 205 183
668 245 183
669 66 60
669 66 203
669 66 276
669 161 99
669 161 99
669 179 208
669 179 208
670 42 283
670 43 283
670 54 38
670 54 38
670 159 283
670 241 250
670 241 250
671 32 284
671 32 284
671 163 132
671 163 132
671 277 27
671 277 27
672 67 52
672 67 52
672 216 231
672 216 231
672 285 286
672 285 286
673 210 269
673 210 269
673 284 227
673 284 227
674 5 202
674 5 202
674 160 128
674 160 128
674 188 246
674 188 145
674 246 145
675 195 269
675 195 269
675 270 68
675 270 68
676 102 107
676 102 98
676 102 146
676 112 176
676 112 176
676 226 100
676 226 100
677 198 9
677 198 9
677 243 216
677 243 93
677 243 248
677 259 38
677 259 38
678 79 260
678 79 260
678 100 287
678 100 287
678 106 231
678 106 231
679 11 170
679 11 170
679 191 225
679 191 225
680 77 4
680 77 4
680 126 8
680 126 8
681 183 107
681 183 107
681 268 282
681 268 282
682 103 113
682 103 113
682 151 29
682 151 29
683 24 153
683 24 153
683 83 15
683 83 15
683 125 168
683 125 95
683 125 223
684 8 240
684 8 240
684 128 57
684 128 57
685 262 25
685 262 25
685 266 207
685 266 207
686 33 206
686 33 206
686 116 38
686 146 116
686 146 38
686 164 221
686 164 18
686 164 248
686 178 270
686 178 270
687 84 123
687 84 123
687 213 281
687 213 281
688 41 148
688 41 104
688 41 167
688 90 147
688 90 147
688 110 288
688 110 288
688 145 68
688 145 68
688 289 196
688 289 27
688 289 227
689 25 77
689 25 77
689 156 42
689 156 42
690 69 290
690 103 290
690 113 290
690 181 243
690 181 243
690 209 38
690 209 38
691 133 201
691 133 201
691 226 237
691 226 237
692 11 32
692 11 32
692 251 74
692 251 74
693 33 77
693 33 77
693 138 107
693 138 107
694 263 160
694 263 160
694 290 186
694 290 186
694 291 292
694 291 123
694 291 276
695 171 254
695 171 149
695 254 149
695 255 269
695 255 269
695 262 141
695 262 141
696 220 89
696 220 89
696 252 53
696 252 53
697 39 260
697 39 260
697 128 27
697 128 27
698 25 107
698 25 107
698 141 105
698 183 139
698 183 139
698 226 105
698 232 105
699 49 202
699 49 202
699 127 75
699 127 75
700 6 157
700 6 157
700 7 73
700 7 73
701 9 155
701 9 155
701 179 126
701 179 126
702 59 160
702 59 160
702 200 293
702 200 293
702 271 259
702 271 259
703 15 70
703 15 70
703 66 33
703 66 244
703 66 223
703 249 38
703 249 38
704 68 27
704 68 27
704 82 55
704 82 249
704 82 168
704 163 285
704 163 285
704 294 295
704 294 295
705 48 181
705 48 290
705 48 238
705 56 139
705 56 139
705 134 268
705 134 268
705 296 193
705 296 78
705 296 171
706 118 276
706 118 276
706 201 92
706 201 92
706 243 297
706 243 297
707 21 146
707 21 146
707 137 266
707 137 266
708 132 137
708 132 137
708 250 59
708 250 59
709 70 149
709 70 149
709 132 266
709 132 266
710 209 137
710 209 137
710 225 98
710 225 139
710 225 124
710 232 207
710 232 207
711 57 152
711 57 152
711 178 175
711 178 175
712 160 282
712 160 118
712 226 298
712 226 298
712 236 177
712 236 177
712 242 64
712 242 64
712 282 118
713 39 51
713 39 51
713 127 58
713 242 74
713 242 74
713 299 127
713 299 58
714 119 199
714 119 199
714 273 80
714 273 80
715 64 142
715 64 142
715 107 302
715 168 174
715 168 174
715 192 302
715 260 302
715 300 301
715 300 301
716 19 29
716 19 29
716 171 176
716 171 176
717 13 275
717 13 237
717 13 38
717 24 299
717 24 230
717 128 259
717 128 259
717 181 302
717 181 302
717 299 230
718 225 167
718 225 167
718 255 56
718 255 56
718 280 288
718 280 159
718 280 161
719 95 220
719 95 220
719 221 303
719 239 303
719 243 244
719 243 244
719 285 303
720 46 237
720 46 237
720 66 92
720 66 92
721 65 186
721 65 186
721 233 34
721 233 34
722 27 31
722 27 185
722 27 50
722 165 96
722 165 96
722 277 21
722 277 21
723 32 220
723 32 220
723 107 179
723 107 19
723 179 19
723 267 158
723 267 158
724 41 80
724 41 80
724 105 132
724 105 132
724 125 96
724 125 65
724 125 268
725 4 223
725 4 223
725 36 294
725 36 294
725 196 304
725 206 130
725 206 70
725 206 219
725 233 304
725 281 304
726 25 11
726 25 193
726 25 191
726 32 91
726 32 91
726 127 120
726 127 120
727 50 98
727 50 98
727 166 236
727 166 236
728 45 248
728 45 212
728 63 101
728 63 281
728 63 288
728 78 91
728 78 91
728 123 294
728 123 294
728 159 305
728 159 305
728 248 212
729 53 40
729 54 40
729 70 40
729 121 296
729 121 296
729 163 244
729 163 141
729 163 152
729 240 191
729 240 191
730 97 186
730 97 186
730 243 19
730 243 19
731 4 252
731 4 252
731 66 149
731 66 9
731 66 224
731 299 81
731 299 81
732 137 211
732 137 211
732 152 297
732 152 297
733 27 14
733 27 14
733 89 117
733 153 173
733 153 173
733 225 89
733 225 117
734 25 259
734 25 259
734 249 182
734 249 182
735 143 154
735 143 81
735 143 166
735 230 247
735 230 247
735 265 62
735 265 62
736 70 80
736 70 266
736 70 181
736 149 228
736 149 228
736 161 306
736 161 306
736 243 71
736 243 71
737 116 307
737 116 307
737 189 302
737 189 302
737 280 65
737 280 65
738 25 308
738 25 308
738 36 52
738 36 52
738 202 12
738 202 12
739 97 309
739 97 309
739 121 224
739 121 69
739 121 277
739 142 87
739 142 87
739 154 263
739 154 263
740 56 131
740 56 302
740 56 157
740 239 203
740 239 203
740 250 44
740 250 44
741 62 30
741 62 30
741 123 277
741 221 243
741 221 243
741 243 123
741 243 277
742 95 193
742 95 193
742 254 206
742 254 206
742 258 219
742 258 247
742 258 127
743 57 267
743 57 267
743 62 148
743 62 192
743 62 45
743 178 221
743 178 221
744 63 229
744 63 300
744 63 174
744 114 212
744 114 212
744 226 128
744 226 128
744 246 310
744 246 310
745 73 191
745 73 191
745 248 134
745 248 19
745 248 47
745 306 73
745 306 73
746 123 4
746 123 4
746 181 297
746 181 297
747 98 96
747 98 96
747 252 62
747 252 62
747 311 312
747 311 58
747 311 198
747 313 118
747 313 170
747 313 81
748 66 140
748 66 140
748 263 131
748 263 131
749 168 125
749 168 125
749 191 225
749 191 109
749 191 286
749 255 256
749 255 256
750 196 214
750 196 214
750 309 196
750 309 196
751 287 228
751 287 228
751 313 55
751 313 55
752 19 268
752 19 268
752 203 169
752 203 169
753 189 227
753 189 225
753 189 148
753 199 117
753 199 117
753 200 286
753 200 286
754 33 61
754 148 33
754 148 61
754 196 132
754 196 132
754 295 82
754 295 82
755 121 279
755 121 279
755 164 51
755 164 51
756 144 60
756 144 97
756 144 185
756 252 194
756 252 194
756 301 253
756 301 253
757 113 198
757 113 198
757 251 67
757 251 67
758 26 314
758 76 28
758 76 28
758 131 160
758 131 160
758 255 314
758 272 314
759 182 117
759 182 117
759 261 82
759 261 82
760 123 234
760 123 234
760 219 225
760 219 172
760 225 172
760 288 81
760 288 81
761 43 48
761 43 48
761 200 164
761 200 164
762 21 35
762 21 35
762 236 257
762 236 257
763 8 147
763 8 147
763 175 222
763 175 169
763 175 85
763 261 105
763 261 105
764 140 25
764 140 25
764 281 82
764 281 82
765 148 197
765 148 197
765 228 133
765 228 133
766 15 87
766 15 87
766 274 103
766 274 103
767 89 62
767 89 62
767 206 54
767 206 54
768 19 205
768 19 205
768 307 225
768 307 225
769 80 52
769 80 52
769 251 313
769 251 313
769 315 167
769 315 292
769 315 195
770 69 82
770 69 82
770 179 74
770 179 74
771 89 312
771 89 312
771 151 171
771 151 171
772 245 159
772 245 159
772 268 66
772 268 66
773 112 9
773 112 9
773 117 283
773 117 283
773 205 104
773 205 252
773 205 54
774 4 316
774 4 316
774 94 293
774 94 293
774 315 168
774 315 168
775 5 217
775 209 5
775 209 217
775 213 290
775 213 290
775 215 236
775 215 236
776 68 246
776 68 246
776 198 157
776 198 157
776 317 282
776 317 205
776 317 157
777 78 219
777 78 210
777 78 251
777 141 97
777 141 97
777 177 230
777 177 230
778 154 4
778 154 242
778 154 23
778 221 51
778 221 51
778 224 133
778 224 133
778 318 319
778 318 319
779 59 311
779 59 311
779 297 175
779 297 175
780 28 297
780 28 297
780 144 47
780 144 47
780 239 260
780 239 47
780 260 47
781 42 162
781 42 162
781 111 284
781 111 284
782 41 303
782 41 132
782 41 280
782 181 121
782 181 121
782 259 55
782 259 55
783 241 67
783 241 67
783 311 289
783 311 289
784 17 15
784 17 15
784 125 50
784 125 50
785 45 216
785 45 216
785 250 237
785 250 164
785 250 7
785 270 8
785 270 8
786 146 178
786 146 178
786 174 295
786 174 295
786 191 212
786 191 103
786 212 103
786 320 31
786 320 300
786 320 103
787 8 127
787 8 127
787 142 53
787 142 53
788 74 130
788 74 130
788 210 232
788 210 232
789 16 54
789 16 54
789 197 275
789 197 275
789 321 170
789 321 198
789 321 184
790 236 4
790 236 4
790 311 6
790 311 6
791 63 5
791 63 5
791 103 322
791 103 322
791 256 109
791 256 109
792 140 202
792 140 202
792 190 39
792 190 39
793 84 178
793 84 178
793 102 142
793 102 267
793 142 267
793 195 111
793 195 111
793 323 324
793 323 324
794 31 276
794 31 276
794 227 229
794 227 229
795 20 49
795 20 49
795 149 204
795 202 149
795 202 204
795 230 43
795 230 177
795 230 16
795 298 7
795 298 7
795 325 245
795 325 43
795 325 270
796 244 55
796 244 55
796 245 327
796 275 241
796 275 241
796 326 245
796 326 327
797 144 97
797 144 110
797 144 34
797 157 321
797 157 321
797 278 95
797 278 95
798 80 191
798 80 191
798 205 317
798 205 317
798 328 50
798 328 270
798 328 209
799 14 184
799 14 184
799 237 243
799 237 243
799 324 329
799 324 329
800 15 237
800 15 237
800 252 221
800 252 146
800 252 200
800 307 6
800 307 6
801 106 116
801 106 116
801 119 86
801 119 86
802 107 153
802 107 153
802 310 90
802 310 90
803 43 55
803 43 55
803 180 173
803 180 173
803 281 313
803 281 288
803 281 80
804 127 69
804 127 69
804 237 19
804 237 19
805 53 135
805 53 135
805 237 177
805 237 177
806 259 59
806 259 59
806 329 217
806 329 217
807 119 153
807 119 153
807 310 320
807 310 320
807 330 85
807 330 9
807 330 169
808 141 310
808 141 310
808 293 120
808 293 120
809 10 244
809 10 244
809 304 296
809 304 296
810 89 245
810 89 245
810 168 309
810 168 309
811 34 329
811 34 329
811 141 313
811 141 313
812 88 119
812 88 119
812 154 247
812 154 247
813 35 295
813 35 295
813 327 56
813 327 56
814 136 266
814 136 220
814 183 24
814 183 24
814 250 134
814 250 134
814 266 220
815 154 54
815 154 54
815 317 248
815 317 248
816 39 317
816 39 317
816 132 325
816 132 325
817 25 299
817 114 25
817 114 299
817 156 69
817 156 69
817 255 134
817 255 134
817 331 199
817 331 53
817 331 23
818 62 172
818 62 172
818 143 92
818 143 92
819 226 69
819 226 69
819 246 149
819 264 246
819 264 149
819 298 288
819 298 288
820 36 210
820 36 210
820 215 232
820 215 232
821 205 61
821 205 52
821 205 327
821 279 60
821 279 60
821 292 134
821 292 134
822 79 72
822 85 79
822 85 72
822 255 307
822 255 307
822 283 66
822 283 66
823 93 283
823 93 283
823 167 233
823 167 202
823 167 126
823 308 40
823 308 40
824 75 262
824 75 262
824 80 332
824 80 332
824 92 334
824 146 334
824 168 230
824 168 230
824 219 263
824 330 334
824 333 219
824 333 263
825 138 335
825 154 99
825 154 99
825 172 335
825 194 212
825 194 212
825 197 335
825 231 192
825 231 262
825 231 18
826 29 333
826 29 77
826 29 18
826 153 134
826 153 134
826 291 182
826 291 182
827 14 92
827 14 92
827 54 14
827 54 14
828 90 336
828 90 336
828 223 301
828 223 181
828 231 180
828 231 180
828 242 81
828 242 81
828 301 181
829 40 292
829 40 292
829 217 202
829 217 202
829 337 201
829 337 81
829 337 154
830 5 338
830 5 338
830 18 217
830 18 217
830 50 296
830 50 296
830 112 186
830 112 58
830 186 58
831 57 113
831 57 113
831 272 89
831 272 89
832 27 323
832 27 323
832 160 133
832 160 133
833 69 317
833 69 317
833 302 170
833 302 170
834 80 339
834 80 339
834 224 126
834 224 126
834 294 95
834 294 95
835 199 206
835 199 184
835 199 175
835 205 273
835 205 273
835 205 49
835 205 49
836 109 32
836 109 32
836 112 340
836 112 340
836 329 178
836 329 178
837 123 294
837 123 90
837 123 237
837 169 171
837 169 171
837 216 34
837 216 34
838 110 337
838 110 281
838 110 245
838 129 17
838 176 180
838 176 180
838 206 17
838 261 169
838 261 169
838 306 17
839 255 267
839 255 267
839 291 302
839 291 302
840 6 125
840 113 341
840 147 125
840 186 298
840 186 298
840 205 148
840 205 148
840 241 341
840 283 216
840 283 129
840 283 280
840 285 125
840 294 341
841 186 71
841 186 71
841 244 342
841 244 342
841 287 233
841 287 233
842 120 343
842 196 343
842 246 63
842 246 63
842 246 343
842 248 144
842 248 144
843 144 32
843 144 32
843 315 332
843 315 332
844 36 51
844 36 51
844 181 294
844 181 294
844 295 208
844 295 47
844 295 40
845 41 295
845 41 295
845 221 257
845 221 257
846 230 76
846 230 76
846 334 293
846 334 293
847 35 146
847 35 146
847 263 249
847 263 249
848 86 65
848 86 65
848 303 282
848 303 282
848 344 318
848 344 296
848 344 165
849 119 267
849 119 267
849 233 225
849 233 225
849 345 346
849 345 346
850 5 171
850 5 171
850 61 249
850 61 249
850 78 347
850 78 347
850 158 31
850 216 31
850 329 31
851 6 315
851 6 315
851 87 127
851 87 127
852 95 168
852 95 168
852 176 348
852 176 348
852 178 64
852 178 64
853 32 236
853 32 236
853 294 163
853 294 163
854 85 283
854 85 283
854 346 333
854 346 333
855 15 336
855 15 336
855 40 148
855 327 271
855 327 271
856 23 117
856 23 315
856 23 123
856 40 170
856 40 170
856 270 136
856 270 136
857 141 126
857 141 126
857 273 225
857 273 225
857 349 350
857 349 342
857 349 124
858 147 74
858 147 74
858 157 189
858 157 189
859 152 142
859 152 142
859 255 63
859 255 63
860 29 193
860 29 193
860 40 353
860 168 353
860 238 295
860 238 295
860 279 353
860 312 351
860 312 351
860 352 175
860 352 333
860 352 263
861 22 230
861 22 230
861 248 193
861 248 193
862 9 258
862 9 258
862 188 189
862 188 189
862 236 224
862 236 282
862 236 77
862 244 354
862 244 354
863 166 296
863 166 72
863 166 338
863 335 31
863 335 31
863 345 248
863 345 248
864 76 66
864 76 66
864 175 309
864 175 36
864 175 221
864 320 12
864 320 12
865 154 87
865 154 87
865 260 52
865 260 52
866 39 216
866 39 216
866 290 205
866 290 205
866 355 189
866 355 338
866 355 153
867 97 331
867 97 331
867 121 37
867 121 37
867 332 215
867 332 198
867 332 6
868 4 26
868 4 214
868 4 28
868 24 23
868 24 23
868 90 53
868 90 53
868 356 128
868 356 149
868 356 268
869 158 88
869 158 88
869 193 153
869 193 153
870 90 115
870 90 115
870 110 328
870 110 55
870 326 256
870 326 256
870 328 55
870 357 358
870 357 359
870 357 347
871 257 118
871 257 118
871 356 142
871 356 142
872 176 126
872 176 126
872 304 307
872 304 307
873 49 238
873 134 49
873 134 238
873 299 43
873 299 43
873 351 280
873 351 280
874 308 299
874 308 299
874 349 276
874 349 276
875 54 102
875 54 102
875 129 256
875 131 309
875 131 322
875 131 190
875 193 274
875 193 274
875 240 256
875 300 256
876 70 361
876 83 183
876 83 183
876 112 361
876 159 361
876 164 360
876 164 360
876 193 227
876 193 227
877 194 119
877 194 119
877 200 313
877 200 313
878 36 106
878 36 106
878 42 176
878 42 176
879 102 333
879 102 333
879 157 31
879 157 31
880 22 193
880 22 193
880 27 46
880 27 46
880 187 330
880 187 37
880 330 37
881 92 76
881 92 76
881 109 362
881 109 362
881 127 258
881 127 258
882 97 91
882 97 91
882 201 202
882 201 202
882 363 129
882 363 323
882 363 80
883 18 64
883 18 64
883 116 200
883 116 200
883 266 192
883 266 73
883 266 320
884 201 173
884 201 173
884 213 264
884 213 264
885 45 322
885 45 322
885 161 97
885 161 97
885 364 365
885 364 25
885 364 188
886 27 290
886 27 290
886 167 13
886 167 13
886 322 76
886 366 322
886 366 76
887 15 367
887 117 279
887 117 279
887 129 353
887 129 351
887 129 114
887 199 367
887 244 364
887 244 364
887 351 367
888 54 258
888 240 34
888 240 34
888 247 258
888 263 56
888 263 56
888 306 258
888 368 369
888 368 27
888 368 261
889 23 213
889 23 213
889 236 143
889 236 143
889 319 345
889 319 258
889 345 258
890 287 229
890 287 229
890 308 349
890 308 86
890 308 95
890 328 265
890 328 265
891 5 304
891 5 304
891 41 310
891 41 60
891 41 133
891 124 335
891 124 335
891 268 370
891 268 370
892 341 162
892 341 162
892 346 343
892 346 343
892 351 371
892 351 371
893 80 41
893 80 41
893 113 10
893 113 10
893 372 228
893 372 206
893 372 265
894 161 46
894 161 46
894 236 374
894 245 227
894 245 227
894 309 374
894 346 374
894 373 219
894 373 275
894 373 221
895 131 221
895 131 221
895 305 194
895 305 194
896 137 179
896 137 179
896 216 247
896 216 290
896 216 61
896 314 72
896 314 72
896 375 85
896 375 290
896 375 194
897 106 168
897 106 168
897 135 28
897 135 28
