0 23 24
0 23 24
1 23 24
1 23 24
1 24 23
1 24 23
2 24 23
2 24 23
2 24 23
2 24 23
3 24 23
3 24 23
3 24 23
3 24 23
4 23 24
4 23 24
4 23 24
4 23 24
5 23 24
5 23 24
5 23 24
5 23 24
6 23 24
6 23 24
6 24 23
6 24 23
7 23 24
7 23 24
7 23 24
7 23 24
8 23 24
8 23 24
8 24 23
8 24 23
9 23 24
9 23 24
9 23 24
9 23 24
10 23 24
10 23 24
10 24 23
10 24 23
11 23 24
11 23 24
11 24 23
11 24 23
12 24 23
12 24 23
12 24 23
12 24 23
13 23 24
13 23 24
13 23 24
13 23 24
13 23 26
13 23 26
14 23 26
14 23 26
14 24 26
14 24 26
15 23 24
15 23 24
15 23 24
15 23 24
16 23 24
16 23 24
16 26 24
16 26 24
17 24 26
17 24 26
17 26 23
17 26 23
18 23 24
18 23 26
18 24 26
18 26 24
18 26 24
18 26 23
18 26 23
19 23 26
19 23 26
19 26 23
19 26 23
20 23 24
20 23 24
20 24 26
20 24 26
20 26 27
20 26 27
21 24 27
21 24 27
21 27 23
21 27 23
22 24 23
22 24 23
22 24 26
22 24 26
22 27 23
22 27 26
22 27 24
23 24 23
23 24 23
23 26 27
23 26 27
24 23 24
24 23 24
24 27 23
24 27 23
25 23 24
25 23 24
25 27 26
25 27 26
26 23 26
26 23 26
26 24 23
26 24 26
26 26 23
26 26 27
26 26 27
27 23 24
27 23 26
27 23 27
27 24 23
27 24 23
27 27 23
27 27 23
28 23 24
28 23 24
28 27 24
28 27 24
29 23 24
29 23 26
29 23 26
29 23 26
29 24 26
29 24 27
29 24 27
30 23 26
30 23 26
30 23 27
30 23 27
31 24 26
31 24 26
31 27 26
31 27 26
32 24 26
32 24 26
32 26 27
32 26 27
33 23 24
33 23 24
33 23 26
33 23 27
33 24 26
33 24 26
33 26 27
34 23 24
34 23 24
34 23 24
34 23 27
34 24 23
34 24 23
34 24 27
35 26 24
35 26 24
35 27 26
35 27 26
36 27 23
36 27 23
36 27 23
36 27 26
36 27 26
36 27 26
36 27 24
37 24 23
37 24 23
37 26 27
37 26 27
38 23 24
38 23 24
38 24 23
38 24 27
38 24 27
38 26 24
38 26 23
39 23 24
39 23 26
39 23 27
39 27 23
39 27 23
39 27 26
39 27 26
40 26 24
40 26 24
40 27 26
40 27 26
40 28 23
40 28 24
40 28 27
41 24 26
41 24 26
41 28 23
41 28 23
42 26 27
42 26 27
42 27 24
42 27 24
43 23 28
43 23 28
43 28 26
43 28 26
44 27 26
44 27 26
44 27 28
44 27 28
45 23 24
45 23 24
45 28 23
45 28 23
45 28 23
45 28 24
45 28 26
46 27 28
46 27 28
46 28 23
46 28 23
46 29 23
46 29 26
46 29 28
47 27 23
47 27 28
47 27 29
47 28 27
47 28 27
47 29 23
47 29 23
48 26 29
48 26 29
48 29 24
48 29 24
49 23 24
49 23 27
49 23 28
49 23 29
49 26 27
49 26 27
49 27 23
49 27 28
49 28 27
49 28 27
50 23 26
50 23 29
50 26 27
50 26 27
50 27 23
50 27 23
50 29 26
51 26 23
51 26 23
51 28 29
51 28 29
52 23 26
52 23 26
52 24 26
52 24 26
53 24 23
53 24 23
53 26 23
53 26 23
54 23 24
54 23 24
54 26 30
54 26 30
54 28 29
54 28 29
55 23 30
55 23 30
55 29 30
55 29 30
56 29 26
56 29 26
56 29 24
56 29 24
57 23 26
57 23 26
57 26 27
57 26 27
58 26 23
58 26 23
58 28 24
58 28 24
59 23 29
59 23 29
59 27 23
59 27 29
59 27 30
59 28 23
59 28 23
60 26 27
60 26 27
60 26 29
60 26 29
61 24 29
61 24 29
61 29 26
61 29 26
62 26 30
62 26 30
62 28 27
62 28 27
63 26 23
63 26 23
63 29 26
63 29 26
64 26 28
64 26 28
64 30 23
64 30 23
65 23 26
65 23 26
65 27 30
65 27 30
66 24 30
66 24 30
66 30 24
66 30 24
67 26 24
67 26 24
67 26 30
67 26 30
68 26 27
68 26 29
68 26 30
68 27 28
68 27 28
68 29 30
68 29 30
69 23 30
69 23 30
69 28 24
69 28 24
70 27 30
70 27 30
70 29 27
70 29 27
71 23 27
71 23 27
71 29 30
71 29 30
72 24 30
72 24 30
72 30 28
72 30 28
72 31 32
72 31 30
72 31 23
73 24 26
73 24 26
73 27 28
73 27 28
74 27 23
74 27 23
74 28 31
74 28 31
75 28 24
75 28 24
75 31 27
75 31 27
76 30 23
76 30 23
76 31 32
76 31 32
76 33 27
76 33 32
76 33 30
77 23 33
77 23 33
77 29 30
77 29 27
77 30 27
77 33 30
77 33 28
77 33 28
77 33 28
77 33 31
78 31 33
78 31 33
78 33 31
78 33 31
79 29 32
79 29 32
79 32 24
79 32 24
80 24 26
80 24 29
80 24 32
80 29 27
80 29 27
80 32 33
80 32 33
81 24 27
81 24 27
81 31 23
81 31 23
81 34 28
81 34 24
81 34 27
82 27 28
82 27 28
82 33 27
82 33 27
83 30 23
83 30 23
83 32 30
83 32 30
84 24 28
84 24 28
84 33 28
84 33 28
85 24 31
85 24 31
85 34 23
85 34 23
86 26 30
86 26 30
86 30 24
86 30 24
87 28 27
87 28 27
87 32 24
87 32 24
88 31 28
88 31 28
88 32 33
88 32 33
89 32 23
89 32 23
89 33 23
89 33 23
90 27 28
90 27 28
90 30 29
90 30 29
90 33 23
90 33 34
90 33 26
91 30 31
91 30 31
91 31 30
91 31 30
91 35 34
91 35 29
91 35 30
92 23 33
92 23 33
92 30 35
92 31 35
92 34 35
92 35 27
92 35 27
93 24 32
93 24 32
93 27 33
93 27 33
94 26 29
94 26 29
94 34 28
94 34 28
94 35 36
94 35 36
95 27 23
95 27 24
95 27 36
95 32 28
95 32 28
95 35 28
95 35 28
96 23 28
96 23 28
96 28 29
96 28 29
97 33 24
97 33 24
97 35 26
97 35 26
98 30 35
98 30 35
98 35 36
98 35 36
99 23 34
99 23 34
99 35 32
99 35 32
100 32 29
100 32 29
100 36 28
100 36 28
101 23 27
101 23 27
101 26 27
101 26 27
102 32 30
102 32 30
102 33 27
102 33 27
103 23 27
103 23 27
103 24 27
103 24 27
104 24 34
104 24 34
104 28 29
104 28 29
105 27 28
105 27 28
105 31 24
105 31 24
106 32 34
106 32 34
106 36 28
106 36 28
107 26 27
107 26 27
107 34 27
107 34 29
107 34 29
107 35 34
107 35 27
108 32 34
108 32 34
108 34 23
108 34 23
109 28 27
109 28 27
109 36 27
109 36 27
110 30 29
110 30 29
110 31 32
110 31 35
110 31 34
110 36 32
110 36 32
111 24 33
111 24 33
111 26 27
111 26 27
112 31 32
112 31 32
112 36 27
112 36 27
113 26 33
113 26 33
113 34 29
113 34 29
114 23 31
114 32 29
114 32 29
114 34 29
114 34 29
114 36 23
114 36 31
115 28 31
115 28 31
115 31 30
115 31 30
116 23 36
116 23 36
116 34 31
116 34 31
117 23 34
117 23 34
117 35 28
117 35 28
118 27 31
118 27 31
118 29 30
118 29 30
119 26 24
119 26 24
119 30 27
119 30 27
120 23 29
120 23 29
120 30 31
120 30 31
121 31 32
121 31 32
121 31 33
121 31 33
122 27 24
122 27 28
122 27 30
122 27 31
122 27 31
122 29 27
122 29 27
123 31 32
123 31 32
123 34 26
123 34 26
124 32 35
124 32 35
124 34 30
124 34 30
124 36 28
124 36 24
124 36 30
125 26 23
125 26 33
125 29 35
125 29 35
125 32 33
125 32 33
125 33 23
126 26 27
126 26 27
126 26 30
126 26 30
127 34 23
127 34 23
127 35 24
127 35 24
128 29 27
128 29 27
128 35 23
128 35 23
129 24 37
129 24 37
129 27 31
129 27 31
129 29 26
129 29 26
130 29 27
130 29 27
130 35 24
130 35 24
131 28 23
131 28 23
131 31 35
131 31 35
132 26 32
132 26 32
132 30 28
132 30 26
132 30 37
132 35 36
132 35 36
133 26 28
133 26 28
133 27 32
133 27 32
134 24 37
134 24 37
134 26 27
134 26 27
134 27 30
134 27 31
134 27 32
135 27 32
135 27 32
135 37 32
135 37 32
136 24 37
136 24 37
136 32 30
136 32 30
137 27 29
137 27 29
137 35 30
137 35 30
138 24 37
138 24 37
138 26 29
138 26 29
139 23 28
139 23 28
139 26 24
139 26 37
139 26 34
139 36 33
139 36 33
139 38 37
139 38 35
139 38 32
140 29 27
140 29 35
140 29 35
140 29 33
140 29 36
140 35 34
140 35 34
141 24 30
141 24 30
141 34 23
141 34 23
141 34 31
141 34 30
141 34 32
142 29 37
142 29 37
142 32 23
142 32 23
143 26 33
143 26 33
143 27 28
143 27 28
144 29 39
144 29 39
144 30 32
144 30 32
144 32 37
144 32 37
145 24 33
145 24 33
145 33 27
145 33 27
146 26 28
146 26 28
146 34 28
146 34 28
147 28 24
147 28 24
147 30 37
147 30 37
148 26 27
148 26 27
148 39 23
148 39 23
149 29 34
149 29 34
149 32 39
149 32 39
150 29 39
150 29 39
150 35 30
150 35 30
151 27 38
151 27 38
151 30 37
151 32 30
151 32 37
151 34 24
151 34 24
152 26 27
152 26 27
152 37 32
152 37 33
152 37 31
152 39 23
152 39 23
153 35 36
153 35 36
153 35 32
153 35 32
154 23 27
154 23 27
154 32 26
154 32 26
155 26 27
155 26 30
155 26 35
155 29 37
155 29 37
155 39 36
155 39 36
156 24 23
156 24 23
156 30 34
156 30 34
157 29 26
157 29 24
157 29 39
157 30 28
157 30 28
157 38 26
157 38 26
158 30 33
158 30 33
158 38 26
158 38 26
159 23 40
159 23 40
159 23 32
159 23 32
159 27 33
159 27 33
160 34 27
160 34 27
160 38 29
160 38 29
161 24 31
161 24 31
161 24 35
161 24 35
162 26 28
162 26 28
162 27 35
162 27 35
163 24 23
163 24 23
163 30 34
163 30 39
163 30 36
163 36 24
163 36 24
164 29 28
164 29 28
164 31 38
164 31 38
165 37 32
165 37 32
165 40 27
165 40 27
166 36 28
166 36 28
166 37 39
166 37 39
167 28 29
167 28 29
167 34 27
167 34 27
168 26 27
168 26 27
168 33 27
168 33 27
168 41 34
168 41 39
168 41 38
169 24 26
169 24 26
169 26 33
169 26 33
170 27 32
170 27 32
170 31 39
170 31 39
170 35 30
170 35 38
170 35 33
171 27 38
171 27 38
171 35 24
171 35 24
171 40 42
171 40 42
172 29 30
172 29 30
172 35 32
172 35 32
173 33 36
173 33 36
173 34 28
173 34 27
173 34 27
173 34 26
173 34 33
174 24 39
174 24 39
174 27 36
174 27 36
175 27 31
175 27 31
175 34 35
175 36 35
175 38 27
175 38 27
175 39 35
176 37 42
176 37 42
176 41 26
176 41 26
177 23 41
177 23 41
177 41 38
177 41 38
178 33 32
178 33 31
178 33 39
178 37 38
178 37 38
178 42 26
178 42 26
179 24 26
179 24 26
179 27 28
179 27 35
179 28 35
179 32 31
179 32 31
180 27 29
180 27 41
180 37 39
180 37 39
180 38 39
180 38 39
180 41 29
181 26 29
181 26 29
181 36 34
181 36 34
182 32 28
182 32 28
182 37 32
182 37 32
183 30 34
183 30 34
183 31 32
183 31 32
184 23 38
184 23 38
184 24 38
184 24 38
185 24 28
185 24 28
185 26 27
185 26 27
186 27 28
186 27 28
186 32 31
186 32 31
186 39 43
186 39 43
187 36 28
187 36 34
187 36 29
187 42 31
187 42 31
187 43 36
187 43 36
188 32 27
188 32 27
188 37 39
188 37 39
189 27 44
189 27 44
189 31 30
189 31 30
189 32 41
189 32 41
189 33 36
189 33 38
189 33 37
190 24 36
190 24 36
190 27 36
190 27 44
190 27 37
190 30 39
190 30 39
190 45 39
190 45 32
190 45 33
191 27 35
191 27 35
191 44 27
191 44 27
192 29 38
192 29 38
192 37 23
192 37 23
193 29 30
193 29 30
193 34 39
193 34 39
194 32 37
194 32 37
194 45 41
194 45 41
195 30 23
195 30 23
195 41 33
195 41 33
196 26 40
196 26 40
196 32 43
196 35 33
196 35 33
196 44 32
196 44 43
197 23 27
197 23 27
197 28 37
197 28 37
198 29 39
198 29 39
198 42 28
198 42 28
199 38 39
199 38 39
199 44 42
199 44 42
200 24 33
200 38 42
200 38 42
200 39 24
200 39 33
200 41 43
200 41 43
200 45 26
200 45 43
200 45 35
201 32 42
201 32 42
201 44 28
201 44 28
202 23 24
202 23 24
202 24 41
202 24 41
203 23 46
203 23 46
203 28 43
203 28 43
203 33 41
203 33 41
204 26 40
204 26 44
204 26 31
204 38 27
204 38 27
204 40 33
204 40 33
205 30 44
205 30 44
205 31 32
205 31 32
206 34 29
206 34 29
206 43 26
206 43 26
207 24 31
207 24 31
207 40 39
207 40 39
208 29 38
208 29 38
208 33 24
208 33 24
209 38 45
209 38 45
209 44 34
209 44 34
210 29 38
210 29 38
210 40 30
210 40 30
211 38 23
211 38 23
211 39 46
211 39 31
211 44 26
211 44 26
211 46 31
212 30 45
212 30 45
212 43 44
212 43 44
213 27 30
213 31 36
213 31 36
213 37 27
213 37 30
213 42 38
213 42 38
214 29 37
214 29 37
214 46 38
214 46 38
214 47 39
214 47 27
214 47 28
215 35 34
215 35 34
215 43 28
215 43 28
216 33 26
216 33 26
216 34 47
216 34 47
216 38 39
216 38 42
216 38 28
217 29 37
217 29 37
217 37 38
217 37 38
218 26 42
218 26 42
218 33 40
218 33 40
219 37 39
219 37 39
219 39 47
219 39 47
220 32 24
220 32 24
220 34 45
220 34 45
221 33 39
221 33 39
221 43 38
221 43 38
222 26 31
222 26 31
222 29 42
222 29 42
223 29 37
223 29 37
223 31 38
223 31 38
224 24 43
224 24 43
224 28 45
224 28 45
224 34 24
224 34 30
224 34 45
225 35 42
225 35 46
225 35 41
225 40 45
225 40 45
225 45 34
225 45 34
226 24 29
226 24 29
226 40 29
226 40 29
227 26 39
227 26 39
227 33 31
227 33 31
228 27 45
228 27 45
228 34 44
228 34 44
228 35 46
228 35 45
228 45 46
229 39 30
229 39 30
229 41 44
229 41 44
229 42 46
229 42 32
229 42 34
230 36 26
230 36 26
230 40 31
230 40 31
231 39 31
231 39 31
231 40 26
231 40 26
232 24 38
232 24 38
232 27 28
232 27 38
232 33 24
232 33 24
232 38 28
233 32 29
233 32 29
233 38 27
233 38 27
234 27 45
234 27 45
234 43 29
234 43 29
235 29 36
235 29 36
235 33 23
235 33 47
235 39 34
235 39 34
235 47 23
236 27 37
236 27 37
236 43 45
236 43 45
237 24 27
237 24 27
237 33 36
237 33 36
238 34 39
238 34 39
238 40 44
238 40 44
238 47 27
238 47 26
238 47 44
239 26 46
239 26 46
239 43 44
239 43 44
240 31 48
240 31 48
240 33 23
240 33 23
240 37 30
240 37 30
241 29 32
241 29 32
241 30 41
241 30 41
242 27 26
242 27 26
242 48 39
242 48 39
243 28 42
243 28 42
243 30 35
243 30 35
244 27 30
244 27 30
244 29 26
244 29 26
244 44 36
244 44 38
244 44 37
245 26 24
245 26 24
245 38 34
245 38 34
245 40 42
245 40 31
245 40 47
246 31 28
246 31 28
246 31 38
246 31 38
246 37 38
246 37 34
246 37 24
247 32 37
247 32 41
247 32 46
247 36 48
247 36 48
247 43 26
247 43 26
248 31 44
248 31 44
248 44 24
248 44 24
249 23 24
249 23 24
249 33 36
249 33 36
250 36 30
250 36 30
250 42 43
250 42 43
251 39 41
251 39 41
251 44 35
251 44 35
252 33 26
252 33 26
252 46 39
252 46 39
252 49 29
252 49 32
252 49 28
253 23 48
253 23 48
253 42 38
253 42 38
254 36 30
254 36 30
254 45 43
254 45 43
255 26 45
255 26 45
255 40 49
255 40 49
255 50 44
255 50 48
255 50 45
256 27 42
256 27 42
256 37 29
256 37 29
257 39 42
257 39 42
257 44 37
257 44 37
258 31 38
258 31 38
258 43 42
258 43 42
259 44 23
259 44 23
259 45 43
259 45 43
260 37 27
260 37 27
260 38 45
260 38 45
260 48 45
260 48 40
260 48 49
261 24 29
261 24 29
261 39 33
261 39 33
262 26 50
262 26 50
262 34 49
262 34 49
263 43 44
263 43 44
263 47 49
263 47 49
264 23 29
264 23 29
264 31 38
264 31 38
264 51 41
264 51 49
264 51 29
265 31 38
265 38 48
265 38 48
265 49 23
265 49 23
265 52 31
265 52 38
266 23 32
266 23 32
266 49 42
266 49 42
267 27 42
267 27 42
267 33 32
267 33 32
268 41 44
268 41 46
268 41 49
268 44 53
268 44 53
268 46 51
268 46 51
268 47 50
268 47 50
269 24 49
269 24 49
269 38 39
269 38 39
269 53 52
269 53 27
269 53 46
269 54 41
269 54 32
269 54 33
270 29 40
270 29 40
270 48 24
270 48 24
271 24 39
271 24 39
271 31 54
271 31 54
272 34 36
272 34 36
272 41 45
272 41 45
273 36 39
273 36 39
273 53 44
273 53 44
274 37 26
274 37 26
274 54 46
274 54 46
275 28 48
275 28 48
275 35 43
275 35 43
276 37 52
276 37 52
276 41 29
276 41 29
277 23 44
277 23 44
277 23 49
277 23 49
278 41 29
278 41 29
278 54 40
278 54 40
279 34 39
279 34 50
279 34 48
279 43 37
279 43 37
279 54 42
279 54 42
280 39 52
280 39 52
280 42 38
280 42 38
281 35 29
281 35 29
281 45 50
281 45 50
282 53 35
282 53 35
282 54 48
282 54 48
283 46 49
283 46 26
283 49 34
283 49 34
283 49 26
283 52 38
283 52 38
284 39 35
284 39 35
284 45 32
284 45 52
284 45 44
284 54 48
284 54 48
285 46 36
285 46 36
285 52 40
285 52 40
286 34 38
286 34 38
286 46 38
286 46 38
287 36 52
287 36 53
287 39 38
287 39 38
287 43 30
287 43 30
287 52 53
288 24 28
288 24 28
288 50 40
288 50 40
289 27 30
289 27 30
289 43 28
289 43 28
290 24 27
290 24 27
290 37 31
290 37 34
290 37 46
290 39 30
290 39 30
290 55 38
290 55 42
290 55 35
291 34 50
291 34 50
291 51 49
291 51 49
292 31 32
292 31 32
292 45 39
292 45 39
293 32 36
293 32 36
293 49 37
293 49 37
294 30 53
294 30 53
294 45 36
294 45 36
294 47 29
294 47 55
294 47 33
294 56 48
294 56 27
294 56 28
295 34 49
295 34 49
295 53 56
295 53 56
296 35 55
296 35 55
296 40 38
296 40 38
297 41 49
297 41 49
297 43 51
297 43 41
297 43 55
297 50 26
297 50 26
298 32 49
298 32 50
298 35 56
298 35 56
298 39 53
298 39 53
298 49 50
299 29 37
299 29 37
299 53 55
299 53 55
299 55 35
299 55 56
299 55 39
300 38 23
300 38 23
300 46 47
300 46 47
301 26 30
301 26 30
301 49 56
301 49 56
302 45 50
302 45 50
302 52 42
302 52 42
303 29 37
303 29 37
303 54 41
303 54 41
304 32 30
304 32 30
304 46 41
304 46 41
305 32 24
305 32 24
305 52 30
305 52 30
306 29 55
306 29 55
306 40 24
306 40 24
306 43 35
306 43 46
306 43 34
307 32 44
307 32 44
307 40 38
307 40 38
308 39 35
308 39 35
308 52 54
308 52 54
309 29 36
309 29 36
309 34 27
309 34 27
310 38 30
310 38 30
310 42 56
310 42 56
310 45 53
310 45 40
310 45 56
311 29 50
311 29 50
311 51 54
311 51 54
312 26 37
312 26 37
312 39 30
312 39 30
313 28 35
313 28 35
313 53 30
313 53 30
313 57 43
313 57 33
313 57 52
314 26 51
314 26 51
314 35 32
314 35 32
315 28 35
315 28 35
315 34 33
315 34 33
315 50 58
315 50 58
315 59 43
315 59 57
315 59 55
316 24 29
316 24 29
316 29 30
316 29 54
316 29 53
316 36 42
316 36 42
317 37 45
317 37 45
317 46 28
317 46 28
318 48 36
318 48 36
318 56 55
318 56 55
319 36 31
319 36 29
319 36 48
319 45 31
319 45 31
319 57 35
319 57 35
320 41 45
320 41 45
320 47 37
320 47 37
320 48 51
320 48 56
320 48 58
320 60 61
320 60 39
320 60 59
321 30 33
321 30 33
321 31 47
321 31 47
322 42 53
322 42 53
322 58 27
322 58 27
323 54 31
323 54 31
323 55 33
323 55 33
324 35 40
324 35 40
324 50 51
324 50 51
324 61 62
324 61 62
324 63 35
324 63 24
324 63 26
325 26 24
325 26 24
325 63 31
325 63 31
326 29 53
326 29 53
326 36 59
326 36 50
326 36 61
326 38 44
326 38 44
327 43 24
327 43 24
327 51 62
327 51 62
328 53 35
328 53 35
328 57 27
328 57 27
328 64 44
328 64 60
328 64 42
329 30 62
329 30 62
329 40 30
329 58 40
329 58 30
329 62 46
329 62 46
330 34 56
330 34 56
330 57 45
330 57 45
331 38 37
331 38 37
331 43 36
331 43 60
331 43 23
331 53 54
331 53 54
332 27 34
332 27 34
332 50 58
332 50 58
333 30 40
333 30 40
333 33 61
333 33 61
333 44 26
333 44 37
333 44 40
334 58 29
334 58 29
334 62 59
334 62 59
335 30 60
335 30 60
335 54 43
335 54 43
336 50 41
336 50 41
336 54 30
336 54 30
337 43 46
337 43 46
337 47 38
337 47 34
337 47 36
337 52 58
337 52 58
338 24 61
338 24 61
338 36 34
338 36 34
339 24 63
339 24 63
339 62 23
339 62 23
340 27 28
340 27 28
340 52 65
340 52 65
340 64 23
340 64 23
341 51 32
341 51 32
341 55 56
341 55 56
342 38 54
342 38 54
342 45 60
342 45 47
342 45 37
342 61 63
342 61 63
343 44 58
343 44 58
343 57 53
343 57 53
344 24 47
344 24 47
344 51 23
344 51 23
345 56 50
345 56 50
345 60 47
345 60 47
346 53 41
346 53 41
346 61 24
346 61 24
347 24 63
347 24 46
347 38 48
347 38 48
347 43 27
347 43 27
347 63 46
348 49 38
348 49 38
348 50 65
348 50 65
349 54 39
349 54 39
349 55 60
349 55 60
349 61 48
349 61 32
349 61 58
350 47 41
350 47 41
350 60 30
350 60 30
351 41 43
351 41 43
351 48 29
351 48 29
352 48 56
352 48 56
352 59 64
352 59 64
353 28 42
353 28 42
353 51 39
353 51 55
353 51 36
353 53 49
353 53 49
354 46 44
354 46 44
354 49 56
354 49 56
354 50 48
354 50 52
354 50 28
355 31 32
355 31 62
355 31 51
355 43 59
355 43 59
355 49 28
355 49 28
356 26 40
356 26 40
356 54 46
356 54 46
357 33 62
357 33 62
357 42 66
357 42 66
357 52 62
357 52 61
357 52 57
357 58 43
357 58 43
358 42 67
358 42 67
358 55 38
358 55 38
358 61 62
358 61 62
359 38 45
359 38 24
359 38 66
359 54 64
359 54 64
359 58 33
359 58 33
360 27 56
360 27 56
360 48 28
360 48 28
361 35 68
361 35 68
361 46 35
361 46 35
361 63 67
361 63 67
362 37 50
362 37 50
362 41 32
362 41 48
362 41 64
362 53 48
362 53 48
363 58 36
363 58 36
363 61 66
363 61 66
363 69 41
363 69 34
363 69 42
364 24 68
364 24 68
364 65 45
364 65 45
365 50 63
365 50 63
365 61 62
365 61 47
365 62 47
365 66 23
365 66 23
366 57 35
366 57 35
366 66 31
366 66 31
366 70 50
366 70 52
366 70 68
367 24 54
367 24 54
367 31 40
367 31 40
368 28 53
368 28 53
368 46 57
368 46 57
369 55 53
369 55 53
369 56 33
369 56 33
370 34 61
370 34 61
370 39 28
370 39 28
371 33 27
371 33 27
371 60 40
371 60 40
372 31 34
372 31 44
372 35 34
372 35 34
372 44 34
372 67 73
372 67 73
372 70 57
372 70 57
372 71 72
372 71 72
373 24 29
373 24 57
373 24 48
373 54 70
373 54 70
373 72 74
373 72 74
373 73 57
373 73 57
374 38 23
374 38 23
374 65 27
374 65 27
375 36 66
375 36 66
375 50 28
375 50 28
375 52 39
375 52 47
375 52 59
376 37 52
376 37 52
376 49 75
376 49 75
376 71 54
376 71 54
377 24 68
377 24 68
377 30 48
377 30 48
378 32 67
378 32 67
378 70 76
378 70 76
378 72 74
378 72 74
379 43 30
379 43 30
379 50 68
379 50 68
380 37 47
380 37 47
380 50 68
380 50 68
381 55 35
381 55 35
381 59 27
381 59 27
382 38 32
382 38 32
382 65 74
382 65 74
382 77 63
382 77 60
382 77 65
383 69 78
383 69 78
383 70 34
383 70 34
383 77 35
383 77 35
384 51 65
384 51 65
384 56 64
384 56 64
385 27 54
385 41 62
385 41 62
385 60 53
385 60 53
385 77 27
385 77 54
386 34 31
386 34 61
386 34 58
386 40 67
386 40 67
386 54 74
386 54 74
387 28 56
387 41 77
387 41 77
387 42 29
387 42 29
387 60 28
387 60 56
388 24 39
388 24 38
388 38 39
388 48 39
388 48 31
388 48 74
388 52 76
388 52 76
388 68 64
388 68 64
389 26 53
389 26 53
389 29 71
389 29 71
389 29 64
389 38 26
389 38 30
389 38 31
389 66 29
389 66 64
390 28 33
390 28 33
390 61 38
390 61 38
391 26 64
391 26 64
391 29 33
391 29 33
392 46 67
392 46 67
392 49 43
392 49 43
393 52 53
393 52 53
393 56 43
393 56 43
394 28 79
394 28 79
394 29 77
394 29 77
394 69 37
394 69 37
395 30 61
395 30 61
395 72 67
395 72 67
396 29 80
396 29 80
396 33 66
396 33 66
396 48 73
396 48 73
397 56 62
397 56 62
397 72 50
397 72 50
398 54 60
398 54 60
398 80 52
398 80 52
399 41 81
399 41 81
399 53 34
399 53 34
399 55 75
399 55 75
399 68 73
399 68 31
399 68 60
400 34 45
400 34 45
400 71 72
400 71 72
401 29 34
401 29 34
401 74 75
401 74 75
402 29 47
402 35 29
402 35 47
402 52 65
402 52 65
402 68 62
402 68 62
403 47 26
403 47 26
403 47 66
403 47 66
404 28 57
404 28 57
404 40 34
404 40 34
405 30 49
405 30 49
405 78 39
405 78 39
406 47 41
406 47 41
406 79 73
406 79 73
407 26 24
407 26 46
407 26 74
407 30 57
407 30 57
407 40 68
407 40 68
408 43 27
408 43 27
408 55 41
408 55 41
408 82 80
408 82 60
408 82 28
409 26 41
409 26 41
409 46 81
409 46 81
410 47 66
410 47 66
410 77 53
410 77 53
411 23 49
411 23 49
411 61 83
411 61 83
411 68 52
411 68 52
412 24 54
412 24 54
412 61 34
412 61 34
413 31 35
413 31 35
413 54 32
413 54 32
413 75 55
413 75 47
413 75 54
414 47 76
414 47 76
414 63 64
414 63 64
415 45 61
415 45 61
415 63 79
415 63 79
415 82 35
415 82 31
415 82 75
416 54 57
416 54 57
416 80 55
416 80 55
417 33 32
417 33 32
417 48 23
417 48 23
418 39 36
418 39 36
418 44 24
418 44 24
419 26 55
419 26 55
419 80 36
419 80 36
420 37 80
420 37 80
420 66 63
420 66 63
421 62 68
421 62 68
421 78 60
421 78 60
421 84 73
421 84 63
421 84 72
422 24 59
422 24 59
422 35 58
422 55 35
422 55 58
422 67 38
422 67 38
423 59 74
423 59 74
423 74 32
423 74 32
424 37 52
424 37 52
424 80 51
424 80 51
425 48 36
425 48 32
425 48 35
425 64 28
425 64 28
425 71 68
425 71 68
426 50 48
426 50 48
426 76 51
426 76 51
427 42 84
427 42 84
427 64 44
427 64 44
428 27 54
428 27 46
428 27 58
428 32 38
428 32 38
428 51 85
428 51 85
428 62 69
428 62 69
428 86 75
428 86 63
428 86 77
429 39 57
429 68 39
429 68 57
429 77 31
429 77 31
429 78 52
429 78 52
430 31 61
430 31 61
430 42 31
430 42 31
430 66 64
430 66 80
430 66 26
431 43 54
431 43 54
431 51 50
431 51 50
432 28 63
432 47 60
432 47 60
432 62 28
432 62 63
432 63 37
432 63 37
433 23 73
433 23 73
433 49 67
433 49 67
434 50 35
434 50 35
434 69 75
434 69 75
435 38 87
435 38 87
435 58 39
435 58 39
435 82 75
435 82 75
436 51 58
436 51 58
436 59 64
436 59 64
436 87 77
436 87 23
436 87 48
437 53 31
437 53 31
437 55 88
437 55 88
437 66 56
437 66 56
437 89 87
437 89 27
437 89 82
438 28 51
438 28 51
438 32 39
438 32 39
439 63 81
439 63 81
439 76 69
439 76 69
440 28 32
440 28 32
440 52 63
440 52 63
441 75 73
441 75 73
441 75 57
441 75 81
441 75 56
441 81 23
441 81 23
442 26 48
442 26 48
442 45 39
442 45 39
442 48 75
442 53 30
442 53 66
442 53 87
442 67 48
442 67 75
443 47 44
443 47 44
443 60 27
443 60 27
444 37 68
444 37 68
444 71 31
444 71 31
445 38 23
445 38 23
445 60 69
445 60 69
446 29 32
446 29 32
446 32 38
446 32 63
446 32 86
446 62 70
446 62 70
447 29 59
447 29 59
447 33 34
447 33 38
447 33 69
447 74 40
447 74 40
448 54 47
448 54 47
448 62 61
448 62 61
449 30 43
449 30 43
449 76 81
449 76 81
450 55 54
450 55 54
450 68 44
450 68 44
451 55 68
451 55 68
451 76 54
451 76 54
452 47 63
452 47 63
452 83 62
452 83 62
453 29 77
453 29 86
453 54 49
453 54 49
453 54 61
453 54 61
453 77 86
454 36 69
454 36 46
454 36 40
454 48 82
454 48 82
454 79 50
454 79 50
455 50 54
455 50 54
455 84 76
455 84 76
456 34 77
456 34 77
456 38 72
456 38 72
457 38 42
457 38 42
457 56 57
457 56 57
458 81 79
458 81 79
458 87 35
458 87 35
459 42 44
459 42 44
459 82 61
459 82 61
460 29 28
460 29 28
460 52 50
460 52 50
461 26 43
461 26 43
461 52 57
461 52 57
462 49 54
462 49 54
462 73 48
462 73 48
463 59 35
463 59 35
463 74 36
463 74 36
463 90 91
463 90 85
463 90 76
464 38 31
464 38 31
464 54 76
464 54 76
464 64 92
464 64 92
465 26 65
465 26 65
465 55 89
465 55 89
466 50 82
466 50 82
466 62 88
466 62 88
467 78 46
467 78 46
467 78 38
467 78 38
468 32 71
468 32 71
468 43 70
468 64 35
468 64 35
468 74 70
468 82 70
469 36 83
469 36 83
469 56 83
469 56 83
470 37 89
470 37 89
470 60 49
470 60 49
471 24 51
471 24 51
471 70 85
471 70 85
471 93 63
471 93 82
471 93 67
472 29 85
472 29 85
472 55 63
472 55 63
473 24 41
473 24 73
473 24 53
473 47 72
473 47 72
473 68 48
473 68 48
474 61 47
474 61 47
474 82 41
474 82 41
475 41 43
475 41 43
475 77 94
475 77 94
475 88 55
475 88 55
476 72 55
476 72 55
476 76 58
476 76 58
477 31 60
477 31 60
477 63 93
477 63 93
478 31 62
478 31 62
478 34 58
478 34 58
479 43 58
479 43 58
479 84 62
479 84 62
480 35 52
480 35 52
480 38 89
480 38 89
480 74 62
480 74 51
480 74 41
480 93 95
480 93 95
481 24 31
481 24 31
481 66 23
481 66 23
482 41 89
482 41 89
482 60 39
482 60 39
482 62 29
482 62 71
482 62 91
482 96 60
482 96 74
482 96 63
483 38 34
483 38 34
483 60 53
483 60 53
484 48 96
484 48 96
484 65 23
484 65 23
485 30 31
485 30 31
485 53 49
485 53 49
486 37 55
486 37 55
486 56 74
486 56 74
486 97 98
486 97 98
487 24 92
487 24 92
487 42 50
487 42 50
488 61 73
488 61 73
488 94 66
488 94 66
489 35 24
489 35 43
489 35 61
489 55 89
489 55 89
489 74 66
489 74 66
490 61 54
490 61 54
490 90 78
490 90 78
491 28 72
491 28 72
491 66 73
491 66 73
492 58 48
492 58 48
492 85 59
492 85 59
492 89 94
492 89 24
492 89 40
493 64 49
493 64 49
493 71 99
493 71 99
493 75 36
493 75 36
494 46 76
494 46 76
494 77 58
494 77 58
495 31 71
495 31 71
495 62 81
495 62 81
496 29 32
496 29 32
496 50 88
496 50 88
496 100 26
496 100 56
496 100 90
497 75 24
497 75 24
497 94 48
497 94 48
498 45 29
498 45 29
498 93 87
498 93 94
498 93 35
498 95 80
498 95 80
498 101 98
498 101 26
498 101 27
499 52 72
499 52 72
499 81 24
499 81 24
500 34 96
500 34 96
500 94 99
500 94 99
501 30 94
501 30 74
501 30 77
501 33 97
501 33 97
501 40 34
501 40 34
502 47 51
502 47 51
502 64 23
502 64 23
503 47 94
503 47 94
503 80 39
503 80 39
503 102 58
503 102 96
503 102 52
504 42 47
504 42 47
504 86 48
504 86 48
505 75 61
505 75 61
505 89 92
505 89 92
506 69 85
506 69 85
506 74 56
506 74 39
506 74 101
506 94 50
506 94 50
507 46 31
507 46 31
507 53 43
507 53 43
508 28 66
508 28 66
508 73 95
508 73 95
509 29 81
509 29 81
509 96 44
509 96 44
510 44 41
510 44 41
510 79 80
510 79 80
511 36 40
511 36 40
511 40 75
511 40 75
512 60 81
512 60 81
512 89 73
512 89 73
513 24 27
513 24 27
513 35 66
513 35 66
514 64 73
514 64 73
514 69 78
514 69 73
514 73 78
514 74 61
514 74 61
514 103 27
514 103 36
514 103 39
515 90 60
515 90 60
515 93 100
515 93 100
516 30 88
516 30 88
516 99 32
516 99 32
516 104 105
516 104 105
517 45 46
517 45 46
517 54 102
517 54 102
517 95 106
517 95 106
518 81 104
518 81 104
518 83 63
518 83 63
519 42 85
519 42 85
519 103 23
519 103 23
520 39 100
520 41 40
520 41 40
520 66 56
520 66 56
520 107 39
520 107 100
521 31 81
521 31 81
521 96 64
521 96 64
522 30 23
522 30 23
522 41 84
522 41 84
522 98 73
522 98 74
522 98 85
523 41 65
523 41 65
523 94 98
523 94 98
524 58 105
524 58 105
524 86 24
524 86 24
524 108 82
524 108 92
524 108 103
525 31 29
525 31 29
525 33 40
525 33 40
525 45 53
525 45 66
525 45 73
526 43 83
526 43 83
526 105 55
526 105 55
527 44 51
527 44 51
527 63 103
527 63 103
528 76 72
528 76 72
528 102 37
528 102 37
528 109 107
528 109 79
528 109 32
529 51 35
529 51 35
529 52 68
529 52 68
530 64 53
530 64 53
530 88 51
530 88 51
531 32 52
531 32 52
531 37 70
531 37 70
532 30 101
532 30 101
532 46 47
532 46 82
532 46 23
532 93 110
532 93 110
532 102 33
532 102 33
533 55 34
533 55 34
533 67 28
533 67 28
534 29 79
534 29 79
534 48 83
534 48 83
535 41 29
535 41 29
535 74 48
535 74 48
536 61 30
536 61 93
536 61 94
536 83 45
536 83 45
536 86 44
536 86 44
537 75 30
537 75 30
537 107 53
537 107 53
538 30 60
538 30 100
538 38 88
538 38 88
538 41 71
538 41 71
538 100 60
539 57 46
539 57 46
539 73 107
539 73 107
540 78 30
540 78 30
540 104 106
540 104 106
541 39 83
541 39 83
541 110 35
541 110 35
542 39 44
542 68 39
542 68 44
542 99 63
542 99 63
542 106 77
542 106 77
543 28 37
543 28 37
543 103 98
543 103 98
544 54 68
544 54 68
544 89 98
544 89 98
545 24 94
545 24 94
545 48 68
545 48 68
546 89 23
546 89 23
546 101 76
546 101 76
547 36 84
547 36 84
547 83 82
547 83 82
548 65 59
548 65 59
548 95 98
548 95 98
549 32 40
549 32 40
549 79 91
549 79 91
550 31 76
550 31 76
550 57 96
550 57 96
551 59 72
551 59 72
551 99 46
551 99 46
552 55 23
552 55 23
552 102 71
552 102 71
553 70 53
553 70 53
553 73 76
553 73 76
554 62 36
554 62 36
554 68 32
554 68 32
555 34 62
555 34 83
555 59 50
555 59 50
555 62 83
555 90 89
555 90 89
556 53 47
556 53 47
556 100 92
556 100 92
556 111 112
556 111 91
556 111 92
556 113 39
556 113 64
556 113 73
557 58 61
557 58 61
557 83 23
557 83 23
558 31 50
558 31 50
558 74 112
558 74 112
558 114 75
558 114 70
558 114 69
559 31 60
559 31 60
559 37 40
559 37 40
560 45 28
560 45 28
560 69 78
560 69 96
560 69 51
560 85 101
560 85 101
561 88 56
561 88 56
561 94 115
561 94 115
561 109 44
561 109 44
562 45 42
562 45 95
562 45 65
562 61 46
562 61 46
562 112 43
562 112 43
563 46 106
563 46 106
563 90 42
563 90 42
564 48 29
564 48 29
564 102 26
564 102 26
565 34 64
565 34 64
565 51 81
565 51 81
566 47 64
566 47 64
566 76 43
566 76 83
566 76 71
566 86 63
566 86 63
566 99 116
566 99 116
567 26 52
567 33 87
567 33 87
567 57 111
567 57 111
567 116 26
567 116 52
568 37 63
568 37 63
568 59 36
568 59 36
569 65 90
569 65 90
569 78 112
569 78 112
569 87 73
569 87 70
569 87 91
570 42 67
570 42 97
570 42 94
570 49 72
570 49 72
570 84 89
570 84 89
570 117 89
570 117 52
570 117 78
571 24 44
571 24 44
571 61 90
571 61 90
572 36 57
572 36 57
572 73 55
572 73 97
572 73 63
572 115 33
572 115 33
573 55 61
573 55 61
573 67 102
573 67 102
574 53 77
574 53 77
574 85 87
574 85 87
575 85 114
575 85 114
575 110 62
575 110 62
576 31 57
576 44 37
576 44 37
576 64 85
576 64 85
576 92 31
576 92 57
577 30 61
577 37 27
577 37 27
577 59 30
577 59 61
577 64 42
577 64 42
578 45 35
578 53 35
578 53 45
578 58 40
578 58 40
578 81 95
578 81 95
579 98 34
579 98 34
579 117 95
579 117 95
580 29 76
580 29 76
580 81 32
580 81 32
581 55 38
581 55 38
581 103 42
581 103 42
582 33 86
582 33 86
582 40 55
582 40 55
583 72 101
583 72 101
583 109 59
583 109 59
584 64 30
584 64 30
584 113 93
584 113 93
585 42 110
585 42 110
585 64 81
585 64 81
586 54 64
586 54 64
586 72 65
586 72 65
587 43 61
587 43 61
587 84 73
587 84 36
587 84 58
587 107 35
587 107 35
588 57 110
588 57 110
588 111 69
588 111 69
589 71 51
589 71 51
589 100 102
589 100 102
590 52 68
590 52 68
590 93 27
590 93 27
590 103 57
590 103 48
590 103 95
591 40 56
591 40 56
591 107 111
591 107 111
592 29 33
592 29 33
592 40 55
592 40 55
592 73 83
592 73 49
592 83 49
593 52 84
593 52 84
593 102 108
593 102 108
594 49 117
594 49 117
594 115 58
594 115 58
595 65 110
595 65 110
595 100 79
595 100 79
596 34 30
596 34 30
596 50 106
596 50 56
596 50 32
596 52 48
596 52 48
597 41 96
597 41 96
597 90 71
597 90 71
598 82 110
598 82 51
598 82 78
598 115 23
598 115 23
598 115 114
598 115 114
599 39 50
599 39 50
599 48 65
599 48 65
599 98 26
599 98 37
599 98 71
600 36 37
600 36 37
600 102 111
600 102 111
601 37 83
601 37 83
601 61 67
601 61 67
602 34 32
602 34 32
602 49 75
602 49 75
603 104 35
603 104 35
603 105 111
603 105 111
604 72 43
604 72 43
604 107 118
604 107 118
604 109 93
604 109 93
605 44 68
605 44 97
605 68 97
605 108 46
605 108 46
605 109 40
605 109 40
606 29 44
606 29 65
606 29 87
606 57 108
606 57 108
606 71 94
606 71 94
607 42 89
607 42 89
607 55 36
607 55 36
607 55 120
607 119 55
607 119 120
608 28 73
608 28 73
608 111 96
608 111 96
609 44 52
609 44 52
609 84 83
609 84 83
610 34 50
610 34 50
610 91 62
610 91 62
611 24 70
611 24 70
611 81 75
611 81 75
612 29 50
612 29 50
612 84 30
612 84 30
612 121 29
612 121 24
612 121 101
613 100 76
613 100 76
613 112 113
613 112 113
614 28 89
614 28 89
614 35 119
614 35 119
615 30 71
615 30 71
615 54 88
615 54 88
615 57 93
615 57 55
615 93 55
616 26 53
616 26 53
616 57 52
616 57 52
616 60 40
616 60 71
616 60 23
617 23 24
617 23 24
617 101 67
617 101 67
618 42 89
618 42 89
618 42 89
618 42 89
618 122 91
618 122 112
618 122 66
619 44 114
619 44 114
619 120 37
619 120 37
619 123 41
619 123 114
619 123 102
620 72 105
620 72 105
620 112 96
620 112 96
621 44 35
621 44 35
621 116 33
621 116 33
622 24 29
622 24 48
622 24 99
622 81 48
622 81 48
622 104 116
622 104 116
623 92 64
623 92 64
623 117 106
623 117 106
624 48 109
624 48 109
624 81 65
624 81 65
625 79 37
625 79 37
625 95 60
625 95 60
626 28 43
626 28 43
626 61 35
626 61 35
627 51 109
627 51 74
627 51 87
627 72 96
627 72 96
627 88 103
627 88 103
628 24 39
628 24 39
628 86 102
628 86 102
629 37 88
629 37 88
629 107 62
629 107 62
630 45 107
630 45 107
630 74 50
630 74 50
631 84 47
631 84 47
631 107 70
631 107 70
632 35 115
632 35 115
632 52 106
632 52 106
633 32 61
633 32 89
633 32 116
633 43 78
633 43 78
633 93 69
633 93 69
634 34 47
634 34 47
634 94 103
634 94 103
634 124 57
634 124 85
634 124 78
635 33 124
635 43 33
635 43 124
635 63 55
635 63 55
635 96 39
635 96 39
635 97 98
635 97 57
635 97 77
636 66 62
636 66 62
636 100 92
636 100 92
637 90 24
637 90 24
637 95 79
637 95 79
638 64 123
638 64 123
638 123 72
638 123 72
639 44 82
639 44 82
639 123 97
639 123 97
640 32 71
640 32 71
640 39 42
640 39 42
641 37 125
641 37 125
641 43 90
641 81 30
641 81 30
641 98 89
641 98 89
641 126 43
641 126 90
642 64 98
642 64 98
642 101 74
642 101 74
643 27 23
643 27 23
643 109 61
643 109 61
644 34 65
644 34 65
644 124 67
644 124 67
645 34 107
645 34 107
645 63 118
645 63 107
645 102 101
645 102 101
645 118 107
646 36 33
646 36 33
646 55 85
646 55 85
647 90 92
647 90 92
647 92 59
647 92 59
648 28 34
648 28 34
648 83 91
648 83 91
649 27 45
649 27 45
649 37 96
649 37 96
650 24 30
650 24 126
650 24 84
650 52 103
650 52 103
650 81 51
650 81 51
651 50 98
651 50 98
651 116 42
651 116 42
652 38 105
652 38 105
652 39 41
652 39 41
652 127 31
652 127 119
652 127 51
653 56 84
653 56 110
653 61 120
653 61 120
653 84 110
653 122 50
653 122 50
654 24 121
654 24 121
654 83 102
654 83 102
655 49 95
655 49 95
655 107 41
655 107 41
655 114 77
655 114 71
655 114 64
656 61 121
656 61 121
656 68 71
656 68 71
657 57 76
657 64 84
657 64 84
657 83 57
657 83 76
657 101 120
657 101 120
658 40 128
658 40 128
658 50 91
658 50 91
658 85 100
658 85 24
658 85 60
658 115 60
658 115 60
659 29 71
659 29 112
659 29 95
659 55 128
659 55 128
659 74 128
659 74 128
660 93 112
660 93 112
660 99 42
660 99 42
660 121 113
660 121 55
660 121 80
661 41 72
661 41 72
661 43 27
661 43 27
661 106 110
661 106 118
661 106 92
662 27 80
662 27 124
662 27 82
662 91 72
662 91 72
662 109 68
662 109 68
663 100 108
663 100 108
663 107 81
663 107 81
664 45 104
664 45 104
664 75 26
664 75 26
665 41 43
665 41 43
665 125 126
665 125 126
666 27 63
666 27 63
666 117 81
666 117 81
667 99 58
667 99 58
667 118 105
667 118 105
668 37 95
668 37 95
668 45 83
668 45 83
668 129 130
668 129 30
668 129 40
669 87 97
669 87 52
669 88 108
669 88 108
669 90 35
669 90 35
669 97 52
670 77 105
670 77 105
670 79 107
670 79 107
671 73 34
671 73 34
671 77 129
671 77 129
672 26 122
672 26 122
672 32 103
672 32 72
672 32 84
672 49 51
672 49 51
673 79 53
673 79 53
673 90 83
673 90 83
674 57 32
674 57 32
674 69 127
674 69 127
675 62 127
675 62 127
675 71 85
675 71 85
676 74 50
676 74 119
676 74 64
676 83 132
676 114 129
676 114 129
676 128 74
676 128 74
676 131 83
676 131 132
677 82 90
677 82 90
677 103 81
677 103 81
678 42 85
678 42 85
678 99 26
678 99 26
679 38 36
679 38 36
679 113 74
679 113 74
680 80 122
680 80 122
680 125 50
680 125 50
681 33 98
681 33 98
681 34 33
681 34 33
682 27 85
682 81 133
682 81 133
682 91 27
682 91 85
682 103 93
682 103 93
682 131 30
682 131 30
683 28 100
683 28 100
683 71 123
683 71 123
684 62 100
684 62 100
684 80 134
684 80 134
684 124 58
684 124 58
685 26 59
685 26 59
685 89 78
685 89 78
686 38 39
686 38 39
686 46 67
686 46 67
687 47 59
687 47 59
687 82 34
687 82 34
688 24 98
688 24 98
688 87 57
688 87 57
689 28 90
689 28 90
689 100 77
689 100 77
690 42 133
690 42 133
690 67 57
690 67 57
691 38 51
691 38 51
691 105 117
691 105 117
692 45 41
692 45 122
692 45 59
692 76 72
692 76 72
692 102 40
692 102 40
693 126 48
693 126 48
693 134 42
693 134 42
694 41 73
694 41 73
694 108 70
694 108 70
695 87 60
695 87 60
695 116 62
695 116 62
696 26 39
696 26 39
696 132 49
696 132 49
697 38 77
697 38 77
697 63 52
697 63 52
697 135 136
697 135 118
697 135 106
698 44 123
698 44 123
698 99 29
698 99 29
699 33 75
699 33 75
699 91 123
699 91 123
700 67 96
700 67 96
700 90 34
700 90 34
701 53 125
701 53 125
701 77 115
701 77 115
702 93 128
702 93 128
702 104 43
702 104 43
703 28 83
703 28 83
703 82 70
703 82 70
704 58 26
704 58 26
704 87 134
704 87 134
705 49 82
705 49 82
705 72 104
705 72 104
705 85 120
705 85 43
705 120 43
706 56 126
706 56 126
706 116 56
706 116 56
707 48 116
707 48 116
707 118 102
707 118 102
708 91 137
708 91 137
708 133 28
708 133 28
708 135 50
708 135 50
709 70 29
709 70 29
709 77 38
709 77 38
710 54 79
710 54 79
710 131 44
710 131 44
711 83 100
711 83 100
711 96 97
711 96 97
712 46 38
712 46 38
712 135 40
712 135 40
713 39 131
713 39 131
713 118 62
713 118 62
714 82 138
714 82 138
714 109 74
714 109 74
714 120 59
714 120 59
715 32 109
715 32 109
715 75 87
715 75 87
716 54 70
716 54 70
716 84 67
716 84 67
717 37 41
717 37 41
717 67 65
717 67 65
718 27 104
718 27 104
718 76 66
718 76 66
718 86 112
718 86 35
718 112 35
718 119 32
718 119 23
718 119 43
719 23 45
719 23 45
719 30 24
719 30 43
719 30 84
719 76 92
719 76 92
719 139 140
719 139 94
719 139 95
720 38 54
720 38 54
720 59 61
720 59 61
721 32 113
721 60 55
721 60 55
721 96 127
721 96 127
721 123 32
721 123 113
721 130 126
721 130 69
721 130 81
722 124 49
722 124 49
722 131 57
722 131 57
723 32 31
723 32 31
723 89 111
723 89 111
723 111 129
723 111 104
723 111 43
724 37 137
724 37 137
724 61 124
724 61 124
725 68 42
725 68 42
725 80 123
725 80 123
726 125 100
726 125 100
726 131 117
726 131 117
727 41 44
727 41 44
727 120 60
727 120 60
728 32 139
728 32 139
728 65 96
728 65 134
728 96 134
728 138 41
728 138 41
729 27 65
729 27 65
729 110 53
729 110 53
730 84 133
730 84 133
730 117 29
730 117 29
731 77 29
731 77 29
731 112 58
731 112 58
732 76 118
732 76 118
732 103 24
732 103 24
733 26 122
733 26 122
733 56 134
733 56 136
733 56 54
733 65 79
733 65 79
734 41 131
734 41 131
734 66 120
734 66 120
735 69 84
735 69 84
735 85 53
735 85 53
736 126 33
736 126 33
736 138 117
736 138 117
737 27 137
737 27 137
737 42 113
737 42 113
738 55 56
738 55 56
738 82 41
738 82 41
739 63 93
739 63 93
739 122 57
739 122 57
740 87 135
740 87 135
740 102 66
740 102 66
741 31 53
741 31 53
741 132 110
741 132 110
742 30 60
742 30 60
742 45 132
742 45 132
742 141 136
742 141 95
742 141 29
743 29 130
743 29 130
743 103 28
743 103 28
743 120 66
743 120 104
743 120 80
744 49 137
744 71 57
744 71 57
744 73 39
744 73 39
744 94 49
744 94 137
745 29 94
745 29 94
745 77 98
745 77 121
745 98 121
745 124 113
745 124 113
746 70 116
746 70 116
746 90 133
746 90 133
747 30 83
747 30 83
747 48 125
747 48 125
747 85 123
747 85 124
747 85 122
748 74 63
748 74 63
748 88 55
748 88 55
748 100 142
748 100 142
748 122 133
748 122 89
748 122 93
749 27 54
749 27 54
749 64 109
749 64 109
750 37 111
750 37 111
750 73 104
750 73 129
750 73 112
750 141 130
750 141 130
751 74 23
751 74 23
751 88 133
751 88 133
751 99 119
751 116 99
751 116 119
752 30 86
752 30 86
752 41 34
752 41 34
752 117 143
752 117 143
753 53 114
753 53 114
753 132 131
753 132 131
754 62 144
754 62 144
754 63 67
754 63 29
754 63 108
754 67 123
754 67 123
754 106 127
754 106 127
755 45 87
755 45 87
755 96 132
755 96 55
755 96 141
755 129 68
755 129 68
756 26 100
756 26 100
756 47 71
756 47 71
757 106 120
757 106 120
757 118 68
757 118 68
758 81 42
758 81 42
758 83 71
758 83 129
758 83 69
758 120 124
758 120 124
759 73 50
759 73 50
759 86 35
759 86 35
759 116 142
759 116 121
759 116 108
759 125 107
759 144 125
759 144 107
760 39 145
760 39 145
760 49 140
760 49 140
760 96 34
760 96 34
761 31 37
761 31 37
761 49 31
761 49 31
761 131 142
761 131 74
761 131 110
761 146 147
761 146 112
761 146 131
762 32 40
762 32 125
762 32 126
762 54 41
762 54 41
762 116 62
762 116 62
763 41 103
763 41 103
763 82 83
763 82 83
764 90 109
764 90 109
764 142 28
764 142 28
765 110 58
765 110 58
765 147 139
765 147 139
766 97 76
766 97 76
766 116 98
766 116 98
767 94 46
767 94 46
767 120 56
767 120 56
767 142 27
767 142 141
767 142 129
768 47 87
768 47 87
768 78 64
768 78 64
769 54 103
769 54 103
769 109 68
769 109 68
770 26 136
770 26 136
770 46 138
770 46 138
770 135 26
770 135 85
770 135 27
771 33 109
771 33 109
771 101 69
771 101 69
772 139 84
772 139 84
772 143 107
772 143 107
773 86 53
773 86 53
773 117 104
773 117 104
774 31 148
774 31 148
774 34 49
774 34 49
774 124 142
774 124 142
775 32 80
775 32 80
775 44 66
775 44 66
776 34 65
776 34 65
776 107 119
776 107 119
777 40 37
777 40 37
777 139 140
777 139 140
778 71 51
778 71 51
778 142 56
778 142 56
779 93 145
779 93 145
779 134 72
779 134 72
780 126 29
780 126 29
780 142 37
780 142 37
781 27 111
781 27 111
781 56 64
781 56 64
782 44 136
782 44 136
782 77 130
782 77 97
782 77 140
782 111 23
782 111 23
782 146 149
782 146 149
783 32 119
783 32 119
783 58 89
783 58 89
784 81 79
784 81 79
784 117 124
784 117 124
785 93 38
785 93 118
785 93 98
785 120 52
785 120 52
785 133 138
785 133 138
786 40 53
786 40 53
786 73 39
786 73 29
786 73 96
786 132 105
786 132 105
787 88 35
787 88 35
787 132 40
787 132 40
788 39 28
788 39 28
788 56 129
788 56 23
788 56 60
788 71 92
788 71 92
789 64 68
789 64 68
789 82 150
789 82 150
789 132 47
789 132 47
790 33 68
790 33 68
790 98 82
790 98 143
790 98 142
790 116 76
790 116 76
791 61 72
791 61 72
791 65 107
791 65 107
792 120 110
792 120 110
792 128 36
792 128 36
793 66 47
793 66 47
793 119 100
793 119 100
794 53 61
794 53 61
794 124 40
794 124 40
795 33 44
795 33 55
795 33 103
795 60 53
795 60 85
795 85 53
795 94 134
795 94 134
795 147 119
795 147 119
796 90 151
796 90 151
796 112 39
796 112 39
796 132 105
796 132 105
796 152 49
796 152 26
796 152 30
797 41 109
797 41 109
797 55 53
797 55 44
797 55 111
797 113 34
797 113 34
798 96 151
798 96 151
798 144 145
798 144 145
798 153 64
798 153 77
798 153 46
799 34 111
799 34 111
799 119 137
799 119 137
800 89 121
800 89 121
800 105 96
800 105 96
801 31 136
801 31 136
801 48 118
801 48 118
802 46 86
802 46 86
802 66 149
802 66 149
803 42 51
803 42 116
803 50 69
803 50 69
803 51 116
803 97 85
803 97 85
804 59 84
804 59 84
804 79 129
804 79 129
805 44 65
805 44 65
805 48 28
805 48 130
805 48 55
805 58 133
805 58 133
806 28 69
806 28 69
806 106 118
806 106 100
806 106 37
806 149 29
806 149 29
807 101 89
807 101 89
807 146 71
807 146 71
808 23 152
808 23 152
808 36 67
808 36 67
809 71 50
809 71 50
809 148 153
809 148 153
810 107 129
810 107 129
810 115 26
810 115 26
810 154 77
810 154 71
810 154 91
811 46 125
811 46 125
811 95 98
811 95 98
812 121 108
812 121 108
812 130 153
812 130 153
812 137 155
812 137 155
813 106 49
813 106 49
813 108 87
813 108 87
814 36 99
814 36 99
814 44 96
814 44 96
815 29 122
815 29 122
815 45 67
815 45 38
815 45 70
815 132 106
815 132 106
816 69 129
816 69 129
816 132 141
816 132 141
817 35 127
817 35 127
817 147 42
817 147 42
818 84 103
818 84 103
818 148 48
818 148 48
819 29 54
819 29 54
819 43 85
819 43 85
820 23 97
820 23 97
820 35 59
820 35 59
821 50 106
821 50 106
821 52 135
821 52 135
822 64 93
822 64 93
822 98 135
822 98 135
823 28 40
823 28 40
823 76 34
823 76 34
824 45 90
824 45 90
824 73 135
824 73 135
825 28 124
825 28 124
825 111 62
825 111 62
826 52 24
826 52 24
826 137 148
826 137 148
827 48 42
827 48 42
827 124 108
827 124 108
828 105 143
828 105 143
828 153 103
828 153 103
829 37 38
829 37 38
829 87 108
829 87 108
829 156 31
829 156 76
829 156 149
830 47 109
830 47 109
830 79 69
830 79 69
830 87 146
830 87 119
830 87 147
830 124 157
830 124 157
831 32 149
831 32 149
831 40 153
831 40 153
832 89 155
832 89 155
832 131 136
832 131 136
833 113 106
833 113 106
833 138 98
833 138 98
834 71 69
834 71 69
834 89 138
834 89 138
835 91 144
835 91 144
835 129 26
835 129 26
836 41 116
836 41 116
836 120 150
836 120 150
837 31 138
837 31 138
837 39 137
837 39 137
837 151 139
837 151 79
837 151 51
838 32 123
838 32 123
838 95 97
838 95 97
839 65 77
839 65 77
839 78 145
839 78 145
840 40 129
840 40 129
840 70 124
840 70 124
841 68 135
841 68 135
841 146 24
841 146 24
842 60 113
842 60 113
842 157 72
842 157 72
843 65 77
843 65 77
843 137 74
843 137 74
844 43 38
844 43 38
844 79 89
844 79 89
845 62 102
845 62 102
845 104 119
845 104 119
846 78 31
846 78 31
846 98 120
846 98 120
847 87 118
847 87 118
847 147 84
847 147 84
848 47 65
848 47 65
848 49 121
848 49 121
849 66 51
849 66 51
849 150 59
849 150 59
850 67 149
850 67 149
850 146 85
850 146 85
851 58 128
851 58 128
851 129 140
851 129 140
852 56 98
852 56 98
852 146 108
852 146 108
853 71 26
853 71 26
853 81 70
853 81 70
854 49 105
854 49 105
854 84 137
854 84 137
854 96 128
854 96 78
854 96 40
855 72 66
855 72 66
855 84 117
855 84 117
856 77 98
856 77 98
856 115 32
856 115 32
857 50 144
857 50 144
857 135 121
857 135 121
858 71 96
858 71 96
858 141 64
858 141 64
859 97 75
859 97 75
859 132 24
859 132 24
860 42 126
860 42 126
860 89 88
860 89 88
860 158 59
860 158 108
860 158 105
861 43 142
861 43 142
861 86 77
861 86 54
861 86 51
861 137 90
861 137 90
862 30 35
862 30 43
862 30 134
862 69 146
862 69 146
862 110 133
862 110 133
863 52 117
863 52 128
863 87 155
863 87 155
863 117 128
863 126 59
863 126 59
864 98 70
864 98 70
864 117 78
864 117 78
865 60 93
865 60 93
865 65 48
865 65 48
865 101 159
865 101 159
866 82 105
866 82 105
866 123 109
866 123 109
867 33 48
867 33 48
867 60 160
867 60 160
867 94 120
867 94 130
867 120 130
867 130 45
867 130 45
868 29 132
868 29 132
868 133 104
868 133 104
869 64 74
869 64 74
869 72 54
869 72 54
870 90 47
870 90 47
870 121 126
870 121 126
871 30 111
871 30 111
871 159 98
871 159 98
871 161 117
871 161 56
871 161 135
872 129 58
872 129 58
872 144 30
872 144 30
873 110 90
873 110 90
873 125 83
873 125 83
874 26 55
874 26 55
874 42 96
874 42 96
875 49 98
875 49 98
875 96 70
875 96 70
876 111 94
876 111 94
876 123 162
876 123 162
876 151 26
876 151 26
876 163 147
876 163 79
876 163 85
877 83 109
877 83 109
877 107 151
877 107 151
878 92 119
878 92 119
878 136 72
878 136 72
879 64 51
879 64 51
879 136 96
879 136 96
879 164 129
879 164 74
879 164 79
880 62 165
880 62 165
880 85 58
880 85 58
880 101 100
880 101 100
881 71 145
881 71 145
881 137 121
881 137 121
882 28 158
882 28 158
882 60 47
882 60 47
883 111 63
883 111 63
883 126 132
883 126 132
884 121 92
884 121 92
884 134 85
884 134 85
885 73 149
885 73 149
885 144 61
885 144 61
886 108 92
886 108 92
886 136 48
886 136 48
887 46 109
887 46 109
887 77 24
887 77 24
888 27 50
888 27 50
888 104 86
888 104 86
889 34 152
889 34 152
889 159 23
889 159 23
890 28 56
890 28 155
890 28 126
890 81 44
890 81 44
890 112 104
890 112 104
891 34 159
891 34 159
891 134 32
891 134 32
892 48 101
892 48 101
892 112 167
892 118 156
892 118 156
892 166 112
892 166 167
893 59 37
893 59 37
893 78 142
893 78 142
894 119 131
894 119 131
894 161 78
894 161 78
895 79 137
895 79 137
895 90 94
895 90 94
895 117 168
895 117 168
895 169 113
895 169 91
895 169 115
896 113 92
896 113 92
896 131 96
896 131 96
896 170 131
896 170 56
896 170 109
897 86 37
897 86 37
897 102 41
897 102 41
898 30 81
898 30 81
898 46 158
898 46 158
898 146 171
898 146 171
899 116 23
899 116 23
899 138 107
899 138 107
899 172 173
899 172 78
899 172 167
900 57 154
900 57 154
900 153 74
900 153 74
900 160 156
900 160 95
900 160 39
901 122 40
901 122 40
901 171 56
901 171 56
902 70 91
902 70 91
902 121 109
902 121 109
903 24 73
903 24 73
903 86 42
903 86 42
904 91 72
904 91 72
904 163 137
904 163 137
905 48 55
905 48 55
905 92 55
905 92 55
906 71 96
906 71 96
906 72 156
906 72 156
906 174 82
906 174 46
906 174 107
907 82 115
907 82 115
907 121 170
907 121 170
908 67 157
908 67 157
908 127 64
908 127 64
909 37 125
909 37 125
909 77 175
909 77 175
909 133 148
909 133 148
910 86 161
910 86 161
910 87 169
910 87 169
910 93 176
910 93 176
911 95 160
911 95 175
911 96 44
911 96 44
911 123 95
911 123 95
911 160 175
912 53 100
912 53 100
912 59 143
912 62 119
912 62 119
912 124 59
912 124 143
912 135 33
912 135 114
912 135 67
912 145 177
912 145 177
913 103 82
913 103 82
913 106 108
913 106 108
914 77 114
914 77 114
914 80 117
914 80 117
915 40 68
915 40 68
915 157 33
915 157 33
916 24 93
916 24 93
916 98 152
916 98 152
917 94 98
917 94 98
917 136 120
917 136 120
918 131 92
918 131 92
918 133 114
918 133 114
919 85 72
919 85 72
919 170 137
919 170 137
920 53 32
920 53 32
920 157 73
920 157 73
921 24 41
921 24 41
921 112 59
921 112 59
921 160 28
921 160 122
921 160 30
922 139 27
922 139 27
922 159 108
922 159 108
923 110 37
923 110 37
923 127 137
923 127 137
924 100 141
924 100 141
924 152 90
924 152 90
925 33 142
925 33 142
925 33 82
925 33 82
926 105 44
926 105 44
926 123 152
926 123 152
927 147 97
927 147 97
927 157 93
927 157 93
928 42 107
928 42 107
928 46 178
928 46 178
928 90 134
928 90 134
928 179 176
928 179 126
928 179 122
929 39 66
929 39 66
929 88 97
929 88 97
930 131 157
930 131 157
930 146 127
930 146 127
931 81 173
931 81 173
931 88 112
931 88 177
931 88 75
931 167 50
931 167 50
931 180 181
931 180 181
932 43 149
932 43 149
932 175 154
932 175 154
933 88 177
933 88 177
933 143 174
933 143 174
934 97 39
934 97 39
934 155 110
934 155 110
935 24 145
935 24 145
935 87 56
935 87 56
936 110 90
936 110 90
936 114 92
936 114 92
936 138 89
936 138 179
936 138 176
937 32 101
937 32 101
937 92 154
937 92 154
937 165 182
937 165 182
938 86 120
938 86 120
938 90 183
938 90 183
938 124 148
938 124 148
939 29 71
939 29 71
939 140 182
939 140 182
940 63 101
940 63 101
940 123 163
940 123 163
941 94 136
941 94 136
941 141 96
941 141 96
942 33 175
942 33 175
942 180 86
942 180 86
943 83 78
943 83 78
943 98 46
943 98 46
944 36 98
944 36 98
944 112 60
944 112 60
945 64 133
945 64 133
945 115 60
945 115 160
945 115 122
945 140 177
945 140 177
946 153 167
946 153 167
946 169 139
946 169 139
947 47 97
947 47 97
947 146 143
947 146 143
948 31 116
948 103 159
948 103 159
948 131 31
948 131 116
948 150 149
948 150 149
948 176 76
948 176 163
948 176 167
949 136 179
949 136 179
949 152 125
949 152 125
950 107 89
950 107 89
950 159 36
950 159 36
951 28 165
951 28 165
951 66 37
951 66 37
952 106 110
952 106 110
952 159 74
952 159 74
953 74 182
953 74 182
953 166 132
953 166 132
954 85 180
954 85 77
954 123 70
954 123 70
954 167 173
954 167 173
954 180 77
955 30 72
955 30 72
955 84 64
955 84 64
955 90 184
955 90 184
956 159 74
956 159 74
956 184 43
956 184 43
957 112 28
957 112 28
957 125 51
957 125 32
957 125 153
957 142 96
957 142 96
958 51 50
958 51 50
958 60 135
958 60 135
959 38 140
959 38 140
959 83 147
959 110 83
959 110 147
959 143 24
959 143 24
960 93 48
960 93 48
960 153 63
960 153 63
961 28 70
961 28 119
961 28 39
961 37 130
961 37 130
961 133 46
961 133 46
962 29 52
962 29 52
962 78 98
962 78 98
962 146 44
962 146 181
962 146 106
963 118 70
963 118 70
963 175 180
963 175 180
964 76 127
964 76 127
964 117 27
964 117 115
964 117 94
964 122 172
964 122 172
965 52 82
965 52 82
965 139 145
965 139 145
966 69 109
966 69 109
966 101 103
966 101 103
966 119 126
966 119 50
966 119 29
967 43 107
967 43 107
967 70 97
967 70 97
968 65 121
968 65 121
968 117 102
968 117 102
969 103 152
969 116 146
969 116 146
969 164 118
969 164 118
969 185 103
969 185 152
970 33 186
970 33 186
970 80 160
970 80 160
970 118 109
970 118 109
971 97 107
971 97 107
971 139 143
971 139 143
972 32 56
972 90 176
972 90 176
972 128 173
972 128 173
972 149 32
972 149 56
973 64 151
973 64 151
973 145 79
973 145 79
974 138 76
974 138 76
974 151 49
974 151 49
975 114 187
975 114 187
975 128 31
975 128 31
975 138 91
975 138 91
976 27 129
976 27 129
976 74 35
976 74 35
977 84 76
977 84 76
977 155 66
977 155 66
978 43 118
978 43 118
978 99 129
978 99 129
979 84 55
979 84 55
979 126 88
979 126 88
980 86 165
980 86 165
980 116 110
980 116 183
980 116 109
980 154 107
980 154 107
981 36 53
981 36 53
981 148 149
981 148 122
981 148 32
981 159 165
981 159 165
982 55 158
982 55 158
982 81 163
982 81 163
983 47 92
983 47 92
983 186 124
983 186 124
984 35 145
984 35 145
984 143 57
984 143 57
985 30 31
985 30 71
985 31 71
985 63 135
985 63 135
985 143 148
985 143 148
986 70 118
986 70 118
986 101 86
986 101 86
986 177 188
986 177 188
987 139 168
987 139 168
987 160 107
987 160 107
988 92 63
988 92 63
988 92 150
988 92 150
988 130 189
988 130 189
989 28 52
989 28 52
989 128 190
989 128 190
989 129 42
989 129 42
990 101 53
990 101 53
990 167 53
990 167 53
991 30 191
991 30 191
991 56 80
991 56 80
991 144 159
991 144 159
992 73 181
992 73 181
992 153 29
992 153 29
993 100 102
993 100 102
993 111 62
993 111 62
993 192 113
993 192 54
993 192 37
994 29 35
994 29 35
994 59 139
994 59 178
994 59 146
994 103 42
994 103 42
995 69 126
995 103 67
995 103 67
995 118 69
995 118 126
995 125 27
995 125 27
996 62 124
996 62 124
996 103 89
996 103 89
997 44 42
997 44 42
997 151 95
997 151 95
997 182 75
997 193 182
997 193 75
998 33 150
998 33 150
998 184 128
998 184 128
999 35 181
999 35 181
999 139 194
999 139 194
999 170 125
999 170 125
1000 120 118
1000 120 118
1000 132 70
1000 132 70
1000 138 95
1000 138 45
1000 138 177
1001 30 93
1001 30 93
1001 112 189
1001 112 189
1002 39 126
1002 39 126
1002 100 162
1002 100 83
1002 100 101
1002 152 146
1002 152 146
1003 67 170
1003 67 170
1003 72 60
1003 72 177
1003 72 141
1003 83 50
1003 83 50
1004 64 154
1004 64 154
1004 122 94
1004 122 94
1005 62 65
1005 62 65
1005 110 148
1005 110 148
1006 108 109
1006 108 109
1006 149 195
1006 149 195
1006 192 166
1006 192 166
1007 137 39
1007 137 39
1007 186 75
1007 186 75
1008 54 154
1008 54 154
1008 137 157
1008 137 157
1008 185 196
1008 185 196
1009 152 137
1009 152 137
1009 179 46
1009 179 46
1010 70 75
1010 70 75
1010 82 56
1010 82 56
1011 46 35
1011 46 35
1011 125 30
1011 125 30
1012 36 81
1012 36 81
1012 69 138
1012 69 138
1013 118 94
1013 118 94
1013 131 187
1013 131 187
1014 90 142
1014 90 142
1014 146 197
1014 146 197
1014 149 54
1014 149 54
1015 30 104
1015 30 104
1015 84 69
1015 111 69
1015 111 84
1015 138 197
1015 138 197
1016 57 87
1016 57 150
1016 57 79
1016 143 128
1016 143 128
1016 161 63
1016 161 63
1017 69 137
1017 69 137
1017 90 121
1017 90 121
1018 130 115
1018 130 115
1018 146 41
1018 146 41
1019 58 40
1019 58 39
1019 58 123
1019 64 53
1019 64 53
1019 134 98
1019 134 98
1020 102 70
1020 102 70
1020 109 90
1020 109 90
1021 31 150
1021 31 150
1021 77 38
1021 77 38
1022 106 188
1022 106 188
1022 108 92
1022 108 177
1022 108 152
1022 129 165
1022 129 165
1023 27 144
1023 27 144
1023 50 185
1023 50 185
1023 198 51
1023 198 164
1023 198 171
1024 60 65
1024 60 65
1024 167 168
1024 167 168
1025 58 134
1025 58 134
1025 60 101
1025 60 101
1026 88 94
1026 88 94
1026 169 84
1026 169 84
1027 86 142
1027 86 142
1027 130 156
1027 130 156
1028 53 89
1028 53 89
1028 130 112
1028 130 112
1028 199 200
1028 199 200
1029 42 66
1029 42 66
1029 54 153
1029 54 153
1030 120 110
1030 120 118
1030 120 163
1030 139 76
1030 139 76
1030 198 68
1030 198 68
1031 74 28
1031 74 28
1031 132 84
1031 132 84
1032 61 136
1032 61 136
1032 76 179
1032 116 76
1032 116 179
1032 168 195
1032 168 195
1032 174 201
1032 174 201
1032 202 64
1032 202 82
1032 202 124
1033 44 37
1033 44 123
1033 44 50
1033 51 203
1033 51 203
1033 66 118
1033 66 118
1033 155 41
1033 155 41
1034 65 204
1034 65 204
1034 132 71
1034 132 71
1034 185 156
1034 185 156
1035 62 190
1035 62 190
1035 64 120
1035 64 36
1035 88 146
1035 88 146
1035 120 36
1036 83 196
1036 83 196
1036 112 152
1036 112 152
1037 48 32
1037 48 195
1037 48 183
1037 105 91
1037 105 91
1037 130 134
1037 130 134
1037 205 206
1037 205 31
1037 205 112
1038 114 133
1038 114 133
1038 156 100
1038 156 100
1039 83 143
1039 110 38
1039 110 38
1039 137 207
1039 137 207
1039 165 83
1039 165 143
1039 175 171
1039 175 171
1040 42 149
1040 42 149
1040 101 136
1040 101 193
1040 101 128
1040 130 188
1040 130 188
1041 76 55
1041 76 55
1041 109 24
1041 109 24
1042 38 66
1042 38 99
1042 38 65
1042 68 42
1042 68 42
1042 89 176
1042 89 176
1043 68 162
1043 68 162
1043 205 113
1043 205 113
1044 38 67
1044 38 67
1044 69 126
1044 69 156
1044 69 31
1044 199 26
1044 199 26
1045 99 195
1045 99 195
1045 163 117
1045 163 117
1046 38 158
1046 38 158
1046 139 93
1046 139 93
1047 90 91
1047 90 151
1047 90 72
1047 146 64
1047 146 64
1047 190 78
1047 190 78
1048 47 90
1048 166 47
1048 166 90
1048 169 202
1048 169 202
1048 179 56
1048 179 56
1049 59 132
1049 59 132
1049 66 186
1049 66 46
1049 120 119
1049 120 106
1049 120 31
1049 186 46
1049 197 26
1049 197 26
1050 142 169
1050 142 169
1050 155 114
1050 155 114
1051 35 121
1051 35 121
1051 188 162
1051 188 162
1052 100 48
1052 100 48
1052 199 182
1052 199 182
1052 208 159
1052 208 172
1052 208 176
1053 28 38
1053 28 38
1053 103 60
1053 103 60
1054 75 116
1054 75 116
1054 120 204
1054 120 204
1055 130 80
1055 130 80
1055 158 202
1055 158 202
1056 102 192
1056 102 129
1056 102 90
1056 120 52
1056 120 52
1056 188 129
1056 188 129
1057 42 128
1057 42 128
1057 110 115
1057 110 115
1058 78 112
1058 78 112
1058 143 35
1058 143 35
1059 56 194
1059 64 56
1059 64 194
1059 134 194
1059 134 194
1059 164 80
1059 164 80
1060 112 27
1060 112 27
1060 185 131
1060 185 131
1061 122 119
1061 122 119
1061 122 37
1061 122 37
1062 86 34
1062 86 34
1062 113 180
1062 113 180
1063 34 190
1063 34 190
1063 65 144
1063 65 144
1064 152 48
1064 152 48
1064 192 119
1064 192 119
1065 95 104
1065 95 104
1065 205 54
1065 205 54
1066 37 43
1066 37 43
1066 159 60
1066 159 60
1066 178 153
1066 178 133
1066 178 32
1067 30 72
1067 30 72
1067 204 181
1067 204 181
1068 40 71
1068 40 71
1068 93 68
1068 93 68
1068 133 104
1068 133 121
1068 133 43
1069 45 41
1069 45 41
1069 173 144
1069 173 144
1070 43 66
1070 43 66
1070 82 86
1070 82 86
1071 60 159
1071 60 159
1071 67 89
1071 67 180
1071 67 203
1071 75 50
1071 75 50
1072 137 209
1072 137 209
1072 156 164
1072 156 164
1072 160 78
1072 160 78
1073 142 113
1073 142 113
1073 186 79
1073 186 79
1074 105 198
1074 105 198
1074 162 80
1074 162 80
1075 28 195
1075 28 195
1075 85 55
1075 85 55
1075 95 160
1075 95 88
1075 95 206
1076 85 116
1076 85 116
1076 148 109
1076 148 109
1077 54 53
1077 54 53
1077 142 89
1077 142 89
1078 49 155
1078 49 155
1078 61 127
1078 61 127
1079 23 114
1079 23 153
1079 23 183
1079 122 82
1079 122 82
1079 201 118
1079 201 118
1080 121 104
1080 121 206
1080 121 45
1080 143 187
1080 143 187
1080 185 87
1080 185 87
1080 210 207
1080 210 178
1080 210 197
1081 111 52
1081 111 52
1081 116 157
1081 116 157
1082 55 172
1082 55 80
1082 55 196
1082 58 82
1082 58 82
1082 170 97
1082 170 97
1082 211 95
1082 211 203
1082 211 126
1083 123 203
1083 123 203
1083 161 189
1083 161 189
1084 150 109
1084 150 109
1084 157 49
1084 157 49
1085 47 27
1085 47 27
1085 143 201
1085 143 201
1086 53 73
1086 53 73
1086 191 144
1086 191 144
1087 39 40
1087 39 40
1087 83 98
1087 83 98
1088 77 202
1088 77 202
1088 105 204
1088 105 204
1088 187 62
1088 187 116
1088 187 113
1089 63 153
1089 63 153
1089 96 87
1089 96 87
1090 44 90
1090 44 90
1090 87 102
1090 87 102
1090 212 149
1090 212 174
1090 212 106
1091 118 58
1091 118 58
1091 173 65
1091 173 65
1092 56 47
1092 56 47
1092 59 130
1092 59 130
1092 86 58
1092 86 126
1092 86 106
1093 122 203
1093 122 203
1093 125 188
1093 125 188
1094 72 185
1094 72 185
1094 76 61
1094 76 61
1095 107 213
1095 107 213
1095 140 97
1095 140 97
1095 172 159
1095 172 159
1096 93 76
1096 93 76
1096 127 29
1096 127 29
1096 214 215
1096 214 34
1096 214 169
1097 57 198
1097 57 198
1097 164 129
1097 164 129
1098 30 121
1098 30 121
1098 140 160
1098 140 160
1099 106 55
1099 106 55
1099 166 68
1099 166 68
1099 176 68
1099 176 82
1099 176 77
1100 84 37
1100 84 37
1100 212 200
1100 212 200
1101 64 103
1101 64 103
1101 125 67
1101 125 67
1102 170 146
1102 170 146
1102 210 99
1102 210 99
1103 105 90
1103 105 90
1103 211 54
1103 211 54
1104 27 99
1104 81 39
1104 81 39
1104 106 40
1104 106 40
1104 165 27
1104 165 99
1105 30 102
1105 30 102
1105 111 93
1105 111 93
1106 61 161
1106 61 201
1106 86 43
1106 86 43
1106 134 104
1106 134 104
1106 161 201
1107 31 27
1107 31 27
1107 68 137
1107 68 137
1108 51 106
1108 51 106
1108 100 144
1108 100 144
1109 84 66
1109 84 66
1109 138 97
1109 138 97
1109 166 216
1109 166 216
1110 128 45
1110 128 45
1110 135 43
1110 135 43
1111 84 78
1111 84 78
1111 137 93
1111 137 93
1112 56 35
1112 56 35
1112 147 168
1112 147 197
1112 147 166
1112 189 159
1112 189 159
1113 82 70
1113 82 70
1113 176 125
1113 176 125
1114 56 164
1114 56 164
1114 151 90
1114 151 90
1115 35 192
1115 35 192
1115 107 217
1115 107 217
1115 205 70
1115 205 70
1116 112 68
1116 112 68
1116 157 77
1116 157 77
1117 173 125
1117 173 125
1117 215 213
1117 215 213
1118 39 44
1118 39 44
1118 112 56
1118 112 56
1119 35 169
1119 35 169
1119 173 24
1119 173 24
1120 58 130
1120 58 130
1120 198 169
1120 198 169
1121 56 119
1121 56 119
1121 201 99
1121 201 99
1122 148 218
1122 148 218
1122 165 176
1122 165 177
1122 165 111
1122 171 91
1122 171 91
1122 187 212
1122 187 212
1123 144 129
1123 144 129
1123 192 77
1123 192 77
1124 196 81
1124 196 81
1124 211 191
1124 211 191
1125 72 198
1125 72 198
1125 152 115
1125 152 115
1126 62 145
1126 62 145
1126 84 214
1126 84 214
1127 113 63
1127 113 63
1127 175 127
1127 175 127
1128 30 42
1128 30 42
1128 183 148
1128 183 148
1129 59 142
1129 59 142
1129 92 102
1129 92 102
1130 130 203
1130 130 217
1130 130 96
1130 163 125
1130 163 125
1130 169 157
1130 169 157
1131 66 93
1131 66 93
1131 81 127
1131 81 127
1132 132 116
1132 132 116
1132 165 49
1132 165 49
1133 62 40
1133 62 40
1133 173 186
1133 173 186
1134 117 176
1134 117 176
1134 187 110
1134 187 110
1135 159 138
1135 159 138
1135 215 162
1135 215 162
1136 81 43
1136 81 43
1136 134 170
1136 134 170
1136 173 43
1136 173 72
1136 173 109
1137 50 118
1137 50 187
1137 53 112
1137 53 112
1137 88 211
1137 88 211
1137 118 187
1137 118 152
1137 118 165
1137 118 73
1138 61 217
1138 61 217
1138 187 70
1138 187 70
1139 125 26
1139 125 26
1139 213 200
1139 213 200
1140 67 138
1140 67 40
1140 106 132
1140 106 132
1140 138 40
1140 201 86
1140 201 86
1141 43 42
1141 43 42
1141 164 165
1141 164 165
1142 50 173
1142 50 173
1142 65 39
1142 65 39
1143 103 55
1143 103 55
1143 186 72
1143 186 72
1144 85 176
1144 85 176
1144 202 81
1144 202 81
1144 208 219
1144 208 219
1145 43 157
1145 43 200
1145 43 120
1145 122 129
1145 122 129
1145 185 122
1145 185 122
1146 110 215
1146 110 215
1146 148 57
1146 148 57
1147 108 165
1147 108 165
1147 139 165
1147 139 165
1148 95 100
1148 95 100
1148 157 61
1148 157 61
1149 26 153
1149 26 153
1149 76 215
1149 76 215
1149 101 191
1149 101 94
1149 101 59
1150 88 96
1150 88 96
1150 134 159
1150 134 159
1151 56 96
1151 56 38
1151 56 163
1151 97 190
1151 97 190
1151 218 130
1151 218 130
1152 88 37
1152 88 37
1152 98 220
1152 98 220
1152 162 57
1152 162 57
1153 68 78
1153 68 140
1153 68 186
1153 161 123
1153 161 123
1153 197 61
1153 197 61
1154 27 106
1154 27 106
1154 51 124
1154 51 124
1155 105 155
1155 105 155
1155 132 175
1155 132 175
1156 30 169
1156 30 169
1156 143 115
1156 143 115
1156 181 221
1156 181 221
1157 109 45
1157 109 45
1157 207 133
1157 207 133
1158 151 197
1158 151 197
1158 156 157
1158 156 39
1158 156 86
1158 187 151
1158 187 151
1159 177 180
1159 177 180
1159 214 147
1159 214 147
