0 59 60
0 59 60
1 59 60
1 59 60
1 60 59
1 60 59
2 60 59
2 60 59
2 60 59
2 60 59
3 59 60
3 59 60
3 60 59
3 60 59
4 59 60
4 59 60
4 60 59
4 60 59
5 59 60
5 59 60
5 60 59
5 60 59
6 59 60
6 59 60
6 60 59
6 60 59
7 59 60
7 59 60
7 60 59
7 60 59
8 59 60
8 59 60
8 60 59
8 60 59
9 60 59
9 60 59
9 60 59
9 60 59
10 59 60
10 59 60
10 60 59
10 60 59
11 59 60
11 59 60
11 60 59
11 60 59
12 59 60
12 59 60
12 60 59
12 60 59
13 59 60
13 59 60
13 60 59
13 60 59
14 59 60
14 59 60
14 59 60
14 59 60
15 59 60
15 59 60
15 60 59
15 60 59
16 60 59
16 60 59
16 60 59
16 60 59
17 59 60
17 59 60
17 60 59
17 60 59
18 60 59
18 60 59
18 60 59
18 60 59
19 60 59
19 60 59
19 60 59
19 60 59
20 59 60
20 59 60
20 59 60
20 59 60
21 60 59
21 60 59
21 60 59
21 60 59
22 59 60
22 59 60
22 60 59
22 60 59
23 59 60
23 59 60
23 60 59
23 60 59
24 59 60
24 59 60
24 60 59
24 60 59
25 60 59
25 60 59
25 60 59
25 60 59
26 60 59
26 60 59
26 60 59
26 60 59
27 59 60
27 59 60
27 59 60
27 59 60
28 59 60
28 59 60
28 60 59
28 60 59
29 59 60
29 59 60
29 60 59
29 60 59
30 59 60
30 59 60
30 60 59
30 60 59
31 60 59
31 60 59
31 60 59
31 60 59
32 59 60
32 59 60
32 60 59
32 60 59
33 59 60
33 59 60
33 60 59
33 60 59
34 59 60
34 59 60
34 59 60
34 59 60
35 60 59
35 60 59
35 60 59
35 60 59
35 60 63
35 60 63
36 59 63
36 59 63
36 63 59
36 63 59
37 59 63
37 59 63
37 63 59
37 63 59
38 59 60
38 59 60
38 60 59
38 60 59
39 59 60
39 59 60
39 63 59
39 63 59
40 60 59
40 60 59
40 63 59
40 63 59
41 59 60
41 59 60
41 60 63
41 60 63
42 59 63
42 59 63
42 63 59
42 63 59
43 59 60
43 59 60
43 63 59
43 63 59
44 60 59
44 60 59
44 60 59
44 60 59
45 63 59
45 63 59
45 63 59
45 63 59
46 59 60
46 59 60
46 63 59
46 63 59
47 60 59
47 60 59
47 60 63
47 60 63
48 59 60
48 59 60
48 59 60
48 59 60
48 63 64
48 63 64
49 59 60
49 59 60
49 64 59
49 64 59
50 59 60
50 59 60
50 59 60
50 59 63
50 59 64
50 60 64
50 60 64
51 63 64
51 63 64
51 64 60
51 64 60
52 59 64
52 59 64
52 60 59
52 60 63
52 63 59
52 63 60
52 63 60
53 60 59
53 60 63
53 60 64
53 63 64
53 63 64
53 63 64
53 63 64
54 63 64
54 63 64
54 64 63
54 64 63
55 63 64
55 63 64
55 64 60
55 64 60
56 59 64
56 59 64
56 60 63
56 60 63
57 60 63
57 60 63
57 63 64
57 63 64
57 64 65
57 64 65
58 63 64
58 63 64
58 63 64
58 63 60
58 63 65
58 65 59
58 65 59
59 59 60
59 59 60
59 59 64
59 59 64
60 60 59
60 60 63
60 60 64
60 60 64
60 60 65
60 64 59
60 64 59
61 59 60
61 59 63
61 59 64
61 63 64
61 63 64
61 64 65
61 64 65
62 60 64
62 60 64
62 65 63
62 65 63
63 63 59
63 63 59
63 63 59
63 63 59
63 65 59
63 65 63
63 65 60
64 60 63
64 60 63
64 63 64
64 63 64
65 59 60
65 59 60
65 63 59
65 63 64
65 63 64
65 63 65
65 63 65
65 65 63
65 65 63
65 65 64
66 60 65
66 60 65
66 63 65
66 63 65
67 63 59
67 63 59
67 64 59
67 64 59
68 59 64
68 59 64
68 60 63
68 60 63
69 65 64
69 65 64
69 65 64
69 65 64
70 60 63
70 60 64
70 60 64
70 64 60
70 64 63
70 65 60
70 65 60
71 63 59
71 63 59
71 65 64
71 65 64
72 64 65
72 64 65
72 65 64
72 65 64
73 60 64
73 60 64
73 64 65
73 64 65
74 63 60
74 63 60
74 64 65
74 64 65
75 59 63
75 59 63
75 60 59
75 60 59
75 64 66
75 64 66
76 63 65
76 63 65
76 64 65
76 64 65
76 67 63
76 67 59
76 67 60
77 60 64
77 60 64
77 64 66
77 64 66
78 60 63
78 60 63
78 60 63
78 60 63
79 63 64
79 63 60
79 63 65
79 65 66
79 65 66
79 67 63
79 67 63
80 59 60
80 59 60
80 65 67
80 65 67
81 63 65
81 63 65
81 67 59
81 67 59
82 59 65
82 59 65
82 64 67
82 64 67
82 67 60
82 67 64
82 67 66
83 59 60
83 59 63
83 59 64
83 66 63
83 66 63
83 67 59
83 67 59
84 59 67
84 59 67
84 63 64
84 63 64
85 60 63
85 60 63
85 60 63
85 60 65
85 60 67
85 65 66
85 65 66
86 65 60
86 65 60
86 65 64
86 65 64
87 63 59
87 63 59
87 67 64
87 67 64
88 63 67
88 63 67
88 65 66
88 65 66
89 59 67
89 59 67
89 65 66
89 65 66
90 60 65
90 60 65
90 64 66
90 64 66
91 60 66
91 60 66
91 67 63
91 67 63
92 63 59
92 63 59
92 66 59
92 66 65
92 66 67
92 67 66
92 67 66
92 67 68
92 67 68
93 65 68
93 65 68
93 66 65
93 66 65
94 65 66
94 65 66
94 68 59
94 68 59
95 63 66
95 63 66
95 66 64
95 66 64
95 69 59
95 69 60
95 69 63
96 60 59
96 63 59
96 63 60
96 69 63
96 69 63
96 69 66
96 69 66
97 60 69
97 60 69
97 65 67
97 65 67
97 67 70
97 67 70
98 60 69
98 60 69
98 67 59
98 67 59
99 68 71
99 68 71
99 68 66
99 68 66
99 68 66
99 68 66
100 60 70
100 60 70
100 67 71
100 67 71
101 66 63
101 66 67
101 66 71
101 68 60
101 68 60
101 68 70
101 68 70
102 66 69
102 66 69
102 70 71
102 70 71
103 60 71
103 60 71
103 65 63
103 65 63
104 64 68
104 64 68
104 69 64
104 69 64
105 66 64
105 66 64
105 66 60
105 66 60
106 66 67
106 66 67
106 68 69
106 68 69
107 64 65
107 64 65
107 67 70
107 67 70
108 66 67
108 66 67
108 68 72
108 68 72
108 70 69
108 70 69
109 64 63
109 64 63
109 70 59
109 70 59
110 59 68
110 59 68
110 60 73
110 60 73
110 71 59
110 71 59
111 67 59
111 67 59
111 69 66
111 69 66
112 63 59
112 63 59
112 72 70
112 72 70
113 64 74
113 64 74
113 66 71
113 66 71
113 66 71
113 66 71
114 63 65
114 66 65
114 67 69
114 67 69
114 67 65
114 69 68
114 71 74
114 71 74
114 71 69
114 71 68
115 63 71
115 63 71
115 74 72
115 74 72
116 67 72
116 67 72
116 69 64
116 69 64
117 72 63
117 72 63
117 73 70
117 73 70
118 68 59
118 68 60
118 68 64
118 68 64
118 68 63
118 72 60
118 72 60
119 63 59
119 63 65
119 64 72
119 64 72
119 65 59
119 69 72
119 69 72
120 59 63
120 59 63
120 64 69
120 64 69
121 59 72
121 59 72
121 63 70
121 63 70
122 63 59
122 63 59
122 64 68
122 64 68
123 59 72
123 59 72
123 72 65
123 72 65
124 67 73
124 67 73
124 70 71
124 70 71
125 60 65
125 60 65
125 64 65
125 64 67
125 64 72
125 65 66
125 65 66
126 72 63
126 72 63
126 73 74
126 73 74
127 60 59
127 60 59
127 74 63
127 74 63
128 65 70
128 65 70
128 69 67
128 69 67
129 63 73
129 63 73
129 69 70
129 69 70
130 70 66
130 70 66
130 74 67
130 74 67
131 63 60
131 63 60
131 66 71
131 66 71
132 64 65
132 64 65
132 74 67
132 74 67
133 68 59
133 68 60
133 68 70
133 70 59
133 70 59
133 70 63
133 70 63
134 59 60
134 67 71
134 67 71
134 72 74
134 72 74
134 74 59
134 74 60
135 68 71
135 68 71
135 68 75
135 68 75
135 70 73
135 70 73
136 60 75
136 60 75
136 71 68
136 71 66
136 71 72
136 72 73
136 72 73
137 66 65
137 66 65
137 66 67
137 66 64
137 66 74
137 72 67
137 72 67
138 59 68
138 59 68
138 67 66
138 67 66
139 60 63
139 60 63
139 66 72
139 66 72
140 64 60
140 64 68
140 64 70
140 67 71
140 67 71
140 67 69
140 67 69
141 70 66
141 70 66
141 71 75
141 71 75
142 64 75
142 64 75
142 65 69
142 65 69
142 70 71
142 70 59
142 70 64
143 63 68
143 63 68
143 68 63
143 68 63
144 60 71
144 60 71
144 68 71
144 68 69
144 68 67
144 68 67
144 71 69
145 60 74
145 60 74
145 69 64
145 69 64
146 60 67
146 60 70
146 63 66
146 63 66
146 70 67
146 74 60
146 74 60
147 64 73
147 64 73
147 68 74
147 68 74
148 69 71
148 69 71
148 70 60
148 70 60
149 68 69
149 68 69
149 70 67
149 70 67
150 59 67
150 59 67
150 73 68
150 73 75
150 73 69
150 74 63
150 74 63
151 71 72
151 71 72
151 75 74
151 75 74
152 64 68
152 64 68
152 69 67
152 69 67
153 73 72
153 73 72
153 74 68
153 74 68
154 67 74
154 67 74
154 73 68
154 73 68
155 68 60
155 68 60
155 69 72
155 69 72
156 65 63
156 65 63
156 65 72
156 65 72
156 75 63
156 75 64
156 75 65
157 63 64
157 63 64
157 66 67
157 66 67
158 66 59
158 66 59
158 69 60
158 69 60
159 65 71
159 65 71
159 73 74
159 73 74
159 76 77
159 76 75
159 76 70
160 72 68
160 72 68
160 76 64
160 76 64
161 69 75
161 69 75
161 74 72
161 74 72
162 68 73
162 68 73
162 71 73
162 71 73
162 78 72
162 78 65
162 78 70
163 68 71
163 68 71
163 70 76
163 70 76
164 66 65
164 66 65
164 78 71
164 78 71
165 64 65
165 64 65
165 73 77
165 73 77
166 63 71
166 63 71
166 76 70
166 76 70
167 66 63
167 66 74
167 66 77
167 67 69
167 67 69
167 69 74
167 69 74
168 65 75
168 65 75
168 75 60
168 75 60
169 60 64
169 60 64
169 63 78
169 63 78
169 72 65
169 72 73
169 72 67
169 72 68
169 72 59
169 73 65
170 59 69
170 59 69
170 65 73
170 65 73
171 73 76
171 73 76
171 78 69
171 78 69
171 79 72
171 79 76
171 79 70
172 65 66
172 65 66
172 65 78
172 65 78
173 67 68
173 67 68
173 71 80
173 71 80
173 71 77
173 71 77
173 78 70
173 81 78
173 81 70
174 64 78
174 64 78
174 79 81
174 79 81
175 74 59
175 74 59
175 75 73
175 75 73
176 63 78
176 63 78
176 81 78
176 81 78
177 68 63
177 68 63
177 73 59
177 73 59
178 59 67
178 59 67
178 79 80
178 79 80
179 74 59
179 74 59
179 74 81
179 74 81
180 65 66
180 65 66
180 71 79
180 71 79
181 67 77
181 67 77
181 79 72
181 79 72
182 66 67
182 66 71
182 66 71
182 66 74
182 66 72
182 70 71
182 70 71
183 59 76
183 59 76
183 70 82
183 70 82
183 73 78
183 73 78
184 72 66
184 72 66
184 74 78
184 74 78
185 63 75
185 63 75
185 72 65
185 72 65
186 60 63
186 60 63
186 79 82
186 79 82
187 69 74
187 69 74
187 72 82
187 72 82
188 77 63
188 77 63
188 82 60
188 82 60
189 71 83
189 71 83
189 76 77
189 76 65
189 76 78
189 79 72
189 79 72
189 80 78
189 80 78
190 63 65
190 63 81
190 63 80
190 74 64
190 74 64
190 75 68
190 75 68
191 60 83
191 60 83
191 83 70
191 83 70
192 72 83
192 72 83
192 79 64
192 79 64
193 73 82
193 73 82
193 74 76
193 74 76
194 63 80
194 63 80
194 81 77
194 81 77
195 63 66
195 63 66
195 78 69
195 78 79
195 78 80
195 79 78
195 79 78
196 60 69
196 60 69
196 80 70
196 80 70
197 59 67
197 59 67
197 67 65
197 67 65
198 63 75
198 63 75
198 66 64
198 66 64
199 70 72
199 70 72
199 78 66
199 78 66
200 71 70
200 71 70
200 77 80
200 77 80
201 81 72
201 81 72
201 83 72
201 83 72
202 80 75
202 80 75
202 83 69
202 83 69
203 72 67
203 72 67
203 74 72
203 74 67
203 74 75
203 81 60
203 81 60
204 67 80
204 67 80
204 67 76
204 67 76
204 69 72
204 69 80
204 80 72
205 73 74
205 73 74
205 83 59
205 83 59
206 63 81
206 63 81
206 72 67
206 72 66
206 72 81
206 72 81
206 72 78
207 59 73
207 59 74
207 73 74
207 73 67
207 73 67
207 82 63
207 82 63
208 79 68
208 79 68
208 80 65
208 80 65
209 60 59
209 60 67
209 60 66
209 65 69
209 65 69
209 80 70
209 81 70
209 81 82
209 81 82
209 81 80
210 63 60
210 63 66
210 63 74
210 78 65
210 78 65
210 79 63
210 79 63
211 73 74
211 73 74
211 73 65
211 73 65
212 64 76
212 70 73
212 70 73
212 75 64
212 75 76
212 78 70
212 78 70
213 66 81
213 66 81
213 78 81
213 78 81
214 63 77
214 63 77
214 71 77
214 71 77
214 77 84
214 77 84
215 64 66
215 64 66
215 76 85
215 76 85
215 78 60
215 78 60
216 59 60
216 59 60
216 68 76
216 68 76
216 74 86
216 74 86
217 67 72
217 67 72
217 73 78
217 73 78
218 76 79
218 76 79
218 79 76
218 79 76
219 64 60
219 64 60
219 86 72
219 86 72
219 87 60
219 87 74
219 87 72
220 66 79
220 66 79
220 86 68
220 86 68
221 72 68
221 72 68
221 80 81
221 80 81
222 60 73
222 60 73
222 82 72
222 82 72
223 73 87
223 73 87
223 77 72
223 77 72
224 59 81
224 59 81
224 68 64
224 68 64
225 60 67
225 60 67
225 64 60
225 64 60
226 80 81
226 80 81
226 81 78
226 81 78
227 70 78
227 70 78
227 84 79
227 84 79
228 85 86
228 85 86
228 85 86
228 85 86
229 73 70
229 73 70
229 78 71
229 78 71
229 88 89
229 88 89
230 59 80
230 59 80
230 84 66
230 84 66
230 90 91
230 90 91
231 87 75
231 87 75
231 90 91
231 90 91
232 84 64
232 84 64
232 91 73
232 91 73
233 74 65
233 74 65
233 88 77
233 88 77
234 60 93
234 79 80
234 79 80
234 81 76
234 81 76
234 92 60
234 92 93
235 72 81
235 72 81
235 90 88
235 90 88
236 63 67
236 63 67
236 66 60
236 66 60
237 70 87
237 70 87
237 73 76
237 73 81
237 73 81
237 77 73
237 77 76
237 94 95
237 94 95
238 59 68
238 59 72
238 59 83
238 78 90
238 78 90
238 94 73
238 94 73
239 84 87
239 84 87
239 90 87
239 90 87
240 69 83
240 69 85
240 69 86
240 72 87
240 72 87
240 83 93
240 83 93
241 63 79
241 63 79
241 85 60
241 85 60
242 68 75
242 68 75
242 85 96
242 85 96
242 85 81
242 85 81
243 59 74
243 59 74
243 93 84
243 93 84
243 97 98
243 97 98
244 64 65
244 64 65
244 77 98
244 77 98
244 81 72
244 92 81
244 92 72
245 72 90
245 72 90
245 79 68
245 79 68
246 64 92
246 64 92
246 98 86
246 98 86
247 63 73
247 63 73
247 91 78
247 91 78
248 70 66
248 70 66
248 91 73
248 91 73
249 59 67
249 59 85
249 68 69
249 68 69
249 85 67
249 89 94
249 89 94
250 59 94
250 59 94
250 84 80
250 84 80
251 60 99
251 60 99
251 72 65
251 72 65
251 72 83
251 72 83
251 90 83
251 90 93
251 90 68
252 60 63
252 60 77
252 60 78
252 95 81
252 95 81
252 99 91
252 99 91
253 60 66
253 60 66
253 85 75
253 85 75
254 59 95
254 59 95
254 70 92
254 70 92
255 91 100
255 91 100
255 92 87
255 92 87
255 98 99
255 98 99
256 68 85
256 68 85
256 72 84
256 72 84
257 59 84
257 59 84
257 77 63
257 77 63
258 74 77
258 74 77
258 75 85
258 75 96
258 75 90
258 98 64
258 98 64
259 60 96
259 60 96
259 89 91
259 89 91
260 71 98
260 71 98
260 88 72
260 88 72
261 86 84
261 86 84
261 86 82
261 86 82
262 66 69
262 66 69
262 89 68
262 89 68
263 67 73
263 67 73
263 80 100
263 80 100
264 71 101
264 71 101
264 79 90
264 79 90
264 91 79
264 91 79
265 75 94
265 75 94
265 94 74
265 94 74
265 96 102
265 96 102
266 74 85
266 74 85
266 94 82
266 94 82
267 64 99
267 64 99
267 97 63
267 97 63
267 103 81
267 103 89
267 103 69
268 75 96
268 75 96
268 93 89
268 93 89
269 88 102
269 88 102
269 95 76
269 95 76
269 104 70
269 104 84
269 104 95
270 64 104
270 64 104
270 65 59
270 65 59
271 59 84
271 59 84
271 78 79
271 78 79
272 65 104
272 65 104
272 74 83
272 74 83
272 85 83
272 85 71
272 85 80
273 74 93
273 74 93
273 76 67
273 76 67
274 75 97
274 75 97
274 81 67
274 81 67
275 66 97
275 66 97
275 77 71
275 77 71
276 82 88
276 82 88
276 99 71
276 99 71
277 60 65
277 60 70
277 60 100
277 67 71
277 67 71
277 81 65
277 81 65
278 93 86
278 93 86
278 103 93
278 103 93
279 78 71
279 78 71
279 96 72
279 96 72
279 98 89
279 98 70
279 98 77
280 86 104
280 86 104
280 88 59
280 88 59
281 71 78
281 71 78
281 75 105
281 75 105
281 78 101
281 78 101
282 91 63
282 91 63
282 92 64
282 92 64
283 74 89
283 74 89
283 84 64
283 84 64
283 102 106
283 102 106
283 107 108
283 107 70
283 107 68
284 66 87
284 66 87
284 80 102
284 80 102
284 109 100
284 109 98
284 109 78
285 91 107
285 91 107
285 106 97
285 106 97
285 110 91
285 110 82
285 110 64
286 94 70
286 94 70
286 102 92
286 102 92
287 69 60
287 69 60
287 102 83
287 102 83
288 82 72
288 82 72
288 109 103
288 109 103
289 74 73
289 74 73
289 97 108
289 97 108
289 103 111
289 103 111
290 79 98
290 79 98
290 96 60
290 96 60
290 97 98
290 97 74
290 97 70
291 63 83
291 63 83
291 97 107
291 97 82
291 103 94
291 103 60
291 103 67
291 107 82
291 110 65
291 110 65
292 63 112
292 63 112
292 99 82
292 99 82
292 108 63
292 108 63
293 81 101
293 81 101
293 96 112
293 96 93
293 111 102
293 111 102
293 112 93
294 68 107
294 68 107
294 104 101
294 104 101
295 65 92
295 65 92
295 93 70
295 93 70
295 97 59
295 97 84
295 97 102
296 87 80
296 87 80
296 103 78
296 103 78
297 81 69
297 81 69
297 112 63
297 112 63
298 82 68
298 82 68
298 106 66
298 106 66
299 89 110
299 89 93
299 89 74
299 100 69
299 100 69
299 111 105
299 111 105
300 95 84
300 95 84
300 101 79
300 101 79
301 77 108
301 77 108
301 88 89
301 88 89
302 72 75
302 72 75
302 99 84
302 99 84
303 85 89
303 85 89
303 109 84
303 109 84
304 73 93
304 73 93
304 80 99
304 80 99
304 109 86
304 109 79
304 109 81
305 76 87
305 76 87
305 86 75
305 86 75
306 67 72
306 67 72
306 99 84
306 99 84
307 76 85
307 76 85
307 96 112
307 96 112
308 59 76
308 59 76
308 59 112
308 59 112
309 65 59
309 65 59
309 104 103
309 104 103
310 66 76
310 66 76
310 112 63
310 112 63
310 113 114
310 113 92
310 113 81
311 111 112
311 111 112
311 114 92
311 114 92
312 63 111
312 63 111
312 70 115
312 70 115
312 73 77
312 73 92
312 73 105
312 105 71
312 105 71
313 77 70
313 77 70
313 85 111
313 85 111
314 85 107
314 85 107
314 102 98
314 102 98
314 116 89
314 116 108
314 116 92
315 66 117
315 66 117
315 89 100
315 89 100
315 97 69
315 97 69
316 95 85
316 95 85
316 106 78
316 106 78
317 83 70
317 83 70
317 83 118
317 83 118
317 86 95
317 86 95
317 91 112
317 91 65
317 91 90
318 78 104
318 78 104
318 117 66
318 117 66
319 90 114
319 90 114
319 111 119
319 111 119
319 114 68
319 114 68
320 59 119
320 59 119
320 77 64
320 77 64
321 98 71
321 98 71
321 105 69
321 105 69
322 66 74
322 66 74
322 80 88
322 80 88
323 109 87
323 109 87
323 118 83
323 118 83
324 75 109
324 75 59
324 75 77
324 102 95
324 102 95
324 106 70
324 106 70
325 66 67
325 66 67
325 75 90
325 75 90
325 102 96
325 102 113
325 102 65
326 72 84
326 72 84
326 95 77
326 95 70
326 95 109
326 97 84
326 97 84
327 71 81
327 71 81
327 72 80
327 72 80
328 101 118
328 101 118
328 116 104
328 116 104
329 74 110
329 74 110
329 79 64
329 79 64
329 118 64
329 118 85
329 118 94
330 66 81
330 66 81
330 81 60
330 81 102
330 81 118
330 103 93
330 103 93
331 69 60
331 69 60
331 96 105
331 96 105
332 100 80
332 100 80
332 106 98
332 106 98
333 60 81
333 60 81
333 111 112
333 111 112
334 87 103
334 87 103
334 91 112
334 91 112
335 77 104
335 77 104
335 79 80
335 79 80
336 79 71
336 79 71
336 81 90
336 81 90
337 80 75
337 80 75
337 111 81
337 111 81
338 91 63
338 91 119
338 91 103
338 93 80
338 93 80
338 99 64
338 99 64
339 66 120
339 66 120
339 83 114
339 83 114
339 95 96
339 95 96
340 75 87
340 75 87
340 82 74
340 82 74
341 83 89
341 83 89
341 95 91
341 95 91
341 121 122
341 121 89
341 121 67
342 82 88
342 82 95
342 82 96
342 83 80
342 83 80
342 101 71
342 101 71
343 101 95
343 101 108
343 101 66
343 104 118
343 104 118
343 112 102
343 112 102
343 123 124
343 123 98
343 123 59
344 101 111
344 101 111
344 101 120
344 101 83
344 101 74
344 114 76
344 114 76
345 72 125
345 72 125
345 94 96
345 94 96
345 99 76
345 99 76
346 68 69
346 68 120
346 68 109
346 76 120
346 76 120
346 78 113
346 78 108
346 99 118
346 99 118
346 113 108
347 65 60
347 65 60
347 79 109
347 79 104
347 79 85
347 103 110
347 103 110
348 84 60
348 84 60
348 103 67
348 103 78
348 103 113
348 108 126
348 108 126
348 123 72
348 123 72
349 71 77
349 71 77
349 110 120
349 110 120
350 71 59
350 71 59
350 112 124
350 112 124
351 73 64
351 73 64
351 104 116
351 104 116
352 112 79
352 112 79
352 117 89
352 117 89
353 74 114
353 74 114
353 84 92
353 84 92
354 64 59
354 64 59
354 87 100
354 87 100
355 81 96
355 81 96
355 104 118
355 104 118
356 67 88
356 67 88
356 111 117
356 111 117
357 72 107
357 72 107
357 74 93
357 74 93
358 102 90
358 102 90
358 107 122
358 107 122
359 87 119
359 87 119
359 109 66
359 109 66
360 65 93
360 65 93
360 124 83
360 124 83
361 105 107
361 105 107
361 113 123
361 113 123
362 79 102
362 79 102
362 120 122
362 120 122
363 98 108
363 98 108
363 106 124
363 106 124
364 65 107
364 72 107
364 95 107
364 107 111
364 107 111
364 124 76
364 124 76
365 72 105
365 72 105
365 102 106
365 102 106
365 111 112
365 111 63
365 111 66
366 64 115
366 64 91
366 93 99
366 93 99
366 108 127
366 108 127
366 115 91
366 123 113
366 123 113
367 60 98
367 60 98
367 68 112
367 68 112
367 128 129
367 128 111
367 128 88
368 74 117
368 74 117
368 128 115
368 128 115
369 109 78
369 109 78
369 122 79
369 122 79
370 69 116
370 69 116
370 105 118
370 105 118
370 116 131
370 130 116
370 130 131
371 63 105
371 63 105
371 97 72
371 97 72
371 99 119
371 99 117
371 99 72
372 75 112
372 75 112
372 102 127
372 105 73
372 105 73
372 132 102
372 132 127
373 64 65
373 64 109
373 64 84
373 70 133
373 70 133
373 107 101
373 107 101
373 127 99
373 127 99
374 100 130
374 100 130
374 105 117
374 105 117
375 108 125
375 108 125
375 123 131
375 123 131
376 113 69
376 113 69
376 117 82
376 117 82
377 65 128
377 65 128
377 86 129
377 86 76
377 121 120
377 121 115
377 121 87
377 129 76
377 131 92
377 131 92
378 92 123
378 92 123
378 98 88
378 98 88
379 74 133
379 74 133
379 116 126
379 116 126
380 60 73
380 60 73
380 72 105
380 72 105
380 129 101
380 129 82
380 129 69
381 83 127
381 83 127
381 93 92
381 93 92
381 121 134
381 121 134
382 66 78
382 66 78
382 125 101
382 125 101
383 89 87
383 89 87
383 122 88
383 122 88
384 79 90
384 79 90
384 124 127
384 124 127
385 99 71
385 99 71
385 122 113
385 122 113
386 86 106
386 86 106
386 89 69
386 89 69
387 116 86
387 116 86
387 124 117
387 124 117
388 91 113
388 91 113
388 128 111
388 128 111
389 94 95
389 94 95
389 108 67
389 108 67
390 67 107
390 67 107
390 84 126
390 84 65
390 126 65
390 127 65
390 127 65
391 89 130
391 89 130
391 97 82
391 97 125
391 115 108
391 115 108
391 125 82
392 78 113
392 78 113
392 84 135
392 84 135
392 92 114
392 92 114
393 80 65
393 80 65
393 109 71
393 109 71
394 60 105
394 60 105
394 68 123
394 87 114
394 87 114
394 108 68
394 108 123
394 120 124
394 120 88
394 120 135
395 67 83
395 67 83
395 122 115
395 122 115
396 87 63
396 87 63
396 91 105
396 91 105
396 94 107
396 94 110
396 94 64
397 64 91
397 64 91
397 107 100
397 107 100
398 133 118
398 133 118
398 134 85
398 134 85
399 74 114
399 74 118
399 103 60
399 103 60
399 117 78
399 117 78
399 118 114
400 72 60
400 72 60
400 133 108
400 133 108
401 73 67
401 73 67
401 96 72
401 96 72
402 65 105
402 65 105
402 96 131
402 96 130
402 96 77
402 105 68
402 105 68
403 96 97
403 96 97
403 99 69
403 99 69
404 81 82
404 81 82
404 84 65
404 84 65
404 136 122
404 136 85
404 136 114
405 79 64
405 79 83
405 79 129
405 94 111
405 94 111
405 99 101
405 99 101
406 83 135
406 83 135
406 117 134
406 117 134
407 90 121
407 90 76
407 90 94
407 93 87
407 93 87
407 105 124
407 105 124
408 97 116
408 97 116
408 126 132
408 126 132
409 71 97
409 71 97
409 88 84
409 88 84
409 122 100
409 122 97
409 122 117
410 128 134
410 128 134
410 131 113
410 131 113
411 66 101
411 66 101
411 114 104
411 114 104
412 88 133
412 88 133
412 102 77
412 102 77
413 94 113
413 94 113
413 109 82
413 109 89
413 109 102
413 123 116
413 123 116
414 69 118
414 69 118
414 93 137
414 93 137
414 105 79
414 105 79
415 105 98
415 105 98
415 107 127
415 107 127
416 82 135
416 82 135
416 89 110
416 89 110
416 129 123
416 129 98
416 129 133
417 70 99
417 70 99
417 133 110
417 133 110
418 70 114
418 70 114
418 120 136
418 120 136
419 99 90
419 99 90
419 115 135
419 115 135
420 83 110
420 83 110
420 137 117
420 137 117
420 138 139
420 138 118
420 138 115
421 59 90
421 59 90
421 71 85
421 71 85
422 65 115
422 65 115
422 68 120
422 68 120
423 60 96
423 60 96
423 85 66
423 85 66
424 73 120
424 73 120
424 102 103
424 102 103
425 82 73
425 82 73
425 87 72
425 87 86
425 87 81
425 122 118
425 122 118
426 105 91
426 105 91
426 138 122
426 138 122
427 76 91
427 76 91
427 105 81
427 105 81
427 121 113
427 121 139
427 121 103
428 88 78
428 88 78
428 114 88
428 114 88
428 128 109
428 128 103
428 128 96
429 88 78
429 88 114
429 88 68
429 101 119
429 101 119
429 107 87
429 107 87
430 60 90
430 60 90
430 95 91
430 95 91
431 66 118
431 66 118
431 66 75
431 66 75
432 67 60
432 67 60
432 76 136
432 76 136
433 69 95
433 69 95
433 105 118
433 105 118
433 129 76
433 129 88
433 129 73
433 140 102
433 140 103
433 140 110
434 72 118
434 72 118
434 112 120
434 112 120
435 84 95
435 85 102
435 85 102
435 117 84
435 117 95
435 137 66
435 137 66
436 75 103
436 75 103
436 96 92
436 96 92
437 72 107
437 72 107
437 77 141
437 77 141
437 88 105
437 88 105
437 137 80
437 137 74
437 137 102
438 64 102
438 64 102
438 72 107
438 72 107
439 65 118
439 65 118
439 97 98
439 97 65
439 97 127
439 110 101
439 110 101
440 76 103
440 76 103
440 103 134
440 109 103
440 109 134
440 115 116
440 115 116
441 80 111
441 80 111
441 108 117
441 108 84
441 108 96
441 113 123
441 113 123
442 64 112
442 64 112
442 129 69
442 129 69
443 63 59
443 63 59
443 141 85
443 141 85
444 93 65
444 93 65
444 94 142
444 94 142
444 106 59
444 106 59
445 68 130
445 68 130
445 78 99
445 78 99
445 132 143
445 132 143
446 107 103
446 107 103
446 119 120
446 119 120
447 72 101
447 72 101
447 109 129
447 109 129
448 94 89
448 94 98
448 94 59
448 102 131
448 102 81
448 103 133
448 103 133
448 115 69
448 115 69
448 131 81
449 104 113
449 104 120
449 110 80
449 110 80
449 113 120
449 142 77
449 142 77
450 76 94
450 76 94
450 133 101
450 133 101
451 68 116
451 68 116
451 81 78
451 81 78
452 75 141
452 75 141
452 96 99
452 96 99
453 84 76
453 84 76
453 136 123
453 136 123
454 66 103
454 66 103
454 108 71
454 108 71
454 144 145
454 144 145
455 71 132
455 71 132
455 79 115
455 79 115
455 104 128
455 104 76
455 104 90
456 103 122
456 103 122
456 139 109
456 139 109
457 75 93
457 75 93
457 128 89
457 128 89
458 59 78
458 59 78
458 96 87
458 96 87
459 80 59
459 80 59
459 103 85
459 103 85
459 126 110
459 126 73
459 126 70
460 113 116
460 113 116
460 145 125
460 145 125
461 140 96
461 140 96
461 143 102
461 143 102
462 95 139
462 95 139
462 136 134
462 136 134
463 112 91
463 112 91
463 134 109
463 134 109
464 101 65
464 101 65
464 115 110
464 115 136
464 115 120
464 140 121
464 140 121
465 91 121
465 96 91
465 96 121
465 115 129
465 115 129
465 138 103
465 138 103
466 73 77
466 73 93
466 93 77
466 142 83
466 142 83
466 145 101
466 145 101
467 110 64
467 110 120
467 110 104
467 121 81
467 121 81
467 127 97
467 127 97
468 64 92
468 64 96
468 64 141
468 83 75
468 83 75
468 86 97
468 86 97
468 146 147
468 146 134
468 146 91
469 86 110
469 86 81
469 86 73
469 125 89
469 125 89
469 146 76
469 146 76
470 103 118
470 103 118
470 136 73
470 136 73
471 113 138
471 113 138
471 120 90
471 120 90
472 68 69
472 68 130
472 68 145
472 75 97
472 75 97
472 97 140
472 97 140
473 136 67
473 136 67
473 147 93
473 147 93
474 81 100
474 81 100
474 82 128
474 82 128
475 117 119
475 117 119
475 135 141
475 135 141
476 91 102
476 91 102
476 145 116
476 145 116
477 85 104
477 85 104
477 116 128
477 116 128
478 106 123
478 106 123
478 134 145
478 134 145
478 135 95
478 135 81
478 135 142
479 80 144
479 80 144
479 101 74
479 101 74
480 93 83
480 93 83
480 117 95
480 117 95
481 91 81
481 91 81
481 120 109
481 120 109
482 131 127
482 131 127
482 135 111
482 135 111
483 71 108
483 71 108
483 79 96
483 79 96
484 110 121
484 110 121
484 141 129
484 141 129
485 96 79
485 96 79
485 140 86
485 140 86
486 87 108
486 110 123
486 110 123
486 112 145
486 112 145
486 141 87
486 141 108
487 73 107
487 73 107
487 122 88
487 122 88
488 65 115
488 65 115
488 90 74
488 90 74
489 72 148
489 72 148
489 94 133
489 106 143
489 106 143
489 109 133
489 111 90
489 111 90
489 119 133
490 97 88
490 97 88
490 109 117
490 109 117
491 59 113
491 59 113
491 99 102
491 99 102
492 112 87
492 112 87
492 139 65
492 139 65
493 63 141
493 63 141
493 92 116
493 92 116
494 83 105
494 83 105
494 88 137
494 88 137
495 73 110
495 73 110
495 93 125
495 93 125
496 129 143
496 129 143
496 135 63
496 135 63
497 123 111
497 123 111
497 133 110
497 133 110
498 90 140
498 90 140
498 115 95
498 115 95
498 149 132
498 149 82
498 149 109
499 86 104
499 86 123
499 96 115
499 96 115
499 104 123
499 149 135
499 149 135
500 98 117
500 98 117
500 121 139
500 121 139
501 107 69
501 107 69
501 148 146
501 148 146
502 73 118
502 73 118
502 80 66
502 80 66
503 76 101
503 76 119
503 76 111
503 77 146
503 77 146
503 146 102
503 146 102
504 127 105
504 127 105
504 143 78
504 143 78
505 72 64
505 72 64
505 78 59
505 78 59
505 112 131
505 112 133
505 112 70
506 84 130
506 84 130
506 126 70
506 126 69
506 126 133
506 145 97
506 145 97
507 79 146
507 79 94
507 79 128
507 103 109
507 103 109
507 130 84
507 130 84
508 59 150
508 59 150
508 90 72
508 90 72
508 122 90
508 122 90
508 125 79
508 125 116
508 125 127
509 85 128
509 85 128
509 118 66
509 118 66
510 77 72
510 84 151
510 84 151
510 87 72
510 87 77
510 121 85
510 121 85
510 123 73
510 123 73
511 79 93
511 79 93
511 113 111
511 113 111
512 69 93
512 69 93
512 151 78
512 151 78
513 87 90
513 87 90
513 120 137
513 120 96
513 120 100
513 133 69
513 133 69
514 65 102
514 65 102
514 143 134
514 143 134
515 70 67
515 70 67
515 85 77
515 85 77
516 97 85
516 113 142
516 113 142
516 134 117
516 134 117
516 137 152
516 137 152
516 153 97
516 153 85
517 108 109
517 108 109
517 121 122
517 121 122
518 81 86
518 81 86
518 96 68
518 96 68
519 74 119
519 74 119
519 132 67
519 132 67
520 69 93
520 69 93
520 128 141
520 128 141
521 81 72
521 81 72
521 96 70
521 96 70
521 103 122
521 103 82
521 103 102
522 70 138
522 70 138
522 76 96
522 76 96
523 67 151
523 67 151
523 85 122
523 85 122
524 81 109
524 81 109
524 94 81
524 94 81
524 98 132
524 111 132
524 129 132
524 145 154
524 145 154
525 60 63
525 60 63
525 141 65
525 141 65
526 65 120
526 65 120
526 137 101
526 137 101
527 112 99
527 112 99
527 145 121
527 145 121
528 72 105
528 72 105
528 124 110
528 124 110
529 71 121
529 71 121
529 120 140
529 120 151
529 120 127
529 122 146
529 122 146
530 119 81
530 119 81
530 124 127
530 124 96
530 124 136
530 152 90
530 152 90
531 117 148
531 117 148
531 154 79
531 154 79
532 98 77
532 98 77
532 103 155
532 103 155
532 139 137
532 139 137
533 94 83
533 94 83
533 148 87
533 148 87
533 150 114
533 150 153
533 150 143
534 68 127
534 68 127
534 116 126
534 116 126
535 106 89
535 106 89
535 117 118
535 117 155
535 118 155
535 143 125
535 143 125
536 87 145
536 87 145
536 123 86
536 123 86
537 79 87
537 79 87
537 107 136
537 107 88
537 107 102
537 111 89
537 111 89
538 66 99
538 66 99
538 80 122
538 80 122
538 150 140
538 150 126
538 150 104
539 88 111
539 88 111
539 110 96
539 110 96
540 68 149
540 68 149
540 137 142
540 137 75
540 137 69
540 148 151
540 148 151
541 81 110
541 81 110
541 94 115
541 94 115
542 100 75
542 100 75
542 131 109
542 131 109
543 64 68
543 64 99
543 64 87
543 72 139
543 72 139
543 117 156
543 117 156
543 128 92
543 128 92
544 90 89
544 90 89
544 132 93
544 132 93
545 125 136
545 125 136
545 131 63
545 131 63
546 67 86
546 67 86
546 75 151
546 75 151
547 84 124
547 84 124
547 99 146
547 99 146
547 112 79
547 112 133
547 112 71
548 114 72
548 114 72
548 148 83
548 148 97
548 148 98
548 153 144
548 153 144
549 67 141
549 67 141
549 86 100
549 86 100
550 84 150
550 84 150
550 116 127
550 116 127
551 94 131
551 94 131
551 126 149
551 126 149
552 79 143
552 79 143
552 82 77
552 82 77
553 78 102
553 78 102
553 134 121
553 134 121
554 107 71
554 107 71
554 125 154
554 125 154
555 108 121
555 108 121
555 139 95
555 139 95
556 59 142
556 59 142
556 126 137
556 126 137
557 123 66
557 123 66
557 133 114
557 133 114
558 137 122
558 137 122
558 147 129
558 147 129
559 146 70
559 146 70
559 151 119
559 151 119
560 91 157
560 91 157
560 119 89
560 119 89
560 140 98
560 140 98
561 63 137
561 63 137
561 97 110
561 97 110
562 67 72
562 67 72
562 115 72
562 115 72
563 111 158
563 111 158
563 152 128
563 152 128
563 156 60
563 156 60
564 67 95
564 67 95
564 68 159
564 68 159
564 143 104
564 143 104
565 59 81
565 59 152
565 59 135
565 88 137
565 88 137
565 114 142
565 114 142
566 63 74
566 63 97
566 63 138
566 68 112
566 68 86
566 70 154
566 70 154
566 82 79
566 82 79
566 86 112
567 111 142
567 111 142
567 128 79
567 128 79
568 59 60
568 59 60
568 71 137
568 71 137
569 70 72
569 70 72
569 154 124
569 154 124
570 111 118
570 111 72
570 118 72
570 120 121
570 120 121
570 121 91
570 121 91
571 90 143
571 90 143
571 104 155
571 104 155
572 75 107
572 75 107
572 88 118
572 88 118
573 86 101
573 86 101
573 145 94
573 145 94
574 59 68
574 59 68
574 110 68
574 110 68
574 123 147
574 123 87
574 123 127
575 91 144
575 91 144
575 132 70
575 132 70
576 60 81
576 60 81
576 75 149
576 75 149
577 73 101
577 73 101
577 110 152
577 110 152
578 60 65
578 60 65
578 130 92
578 130 92
579 75 85
579 75 85
579 103 102
579 103 102
580 105 112
580 105 112
580 113 87
580 113 87
581 68 103
581 94 136
581 94 136
581 155 116
581 155 116
581 157 68
581 157 103
582 90 133
582 90 70
582 96 89
582 96 89
582 125 146
582 125 146
582 133 70
582 160 89
582 160 150
582 160 118
583 129 101
583 129 101
583 156 109
583 156 109
584 101 148
584 101 148
584 115 121
584 115 121
585 79 68
585 79 68
585 89 120
585 89 120
585 154 83
585 154 138
585 154 146
585 161 60
585 161 144
585 161 113
586 80 137
586 80 137
586 82 162
586 82 162
586 100 119
586 100 119
587 114 161
587 114 161
587 122 59
587 122 59
588 94 148
588 94 148
588 144 163
588 144 163
588 157 112
588 157 112
589 106 155
589 106 155
589 134 110
589 134 110
590 110 82
590 110 82
590 133 111
590 133 111
590 138 79
590 138 67
590 138 111
591 70 153
591 70 153
591 109 144
591 109 144
592 85 113
592 85 113
592 113 147
592 113 147
593 91 133
593 91 133
593 92 111
593 92 111
594 59 106
594 59 106
594 59 104
594 78 104
594 80 104
594 109 82
594 109 82
595 73 120
595 73 120
595 149 98
595 149 98
596 113 128
596 113 128
596 136 98
596 136 115
596 136 93
596 153 79
596 153 79
597 101 134
597 101 134
597 116 69
597 116 69
598 71 116
598 71 116
598 72 128
598 72 128
599 65 78
599 65 107
599 107 78
599 117 134
599 117 134
599 158 145
599 158 145
600 110 116
600 114 132
600 114 132
600 122 124
600 122 124
600 140 110
600 140 116
601 121 68
601 121 68
601 155 102
601 155 102
601 164 149
601 164 83
601 164 153
602 73 120
602 73 110
602 73 84
602 138 120
602 138 120
602 149 133
602 149 133
603 101 121
603 101 121
603 155 71
603 155 71
604 66 165
604 66 165
604 160 154
604 160 154
604 160 106
604 160 106
605 65 121
605 65 121
605 160 59
605 160 59
606 109 59
606 109 59
606 116 150
606 116 150
607 68 99
607 68 99
607 103 93
607 103 93
607 166 96
607 166 139
607 166 86
608 88 128
608 88 95
608 101 111
608 101 111
608 128 95
608 134 100
608 134 100
609 85 161
609 85 161
609 97 108
609 97 108
610 84 132
610 84 132
610 99 108
610 99 108
611 69 82
611 69 82
611 143 64
611 143 64
612 93 100
612 93 100
612 119 129
612 119 129
613 69 100
613 69 100
613 113 146
613 113 146
614 72 117
614 72 117
614 92 167
614 92 167
614 95 122
614 95 122
615 118 156
615 118 156
615 133 96
615 133 96
616 89 150
616 89 150
616 136 80
616 136 80
617 70 130
617 70 150
617 70 164
617 75 105
617 75 105
617 88 152
617 88 152
617 94 106
617 94 68
617 106 68
618 73 63
618 73 167
618 73 126
618 75 77
618 75 77
618 93 98
618 93 98
619 123 64
619 123 64
619 132 76
619 132 76
620 67 102
620 67 103
620 67 75
620 104 128
620 104 85
620 128 85
620 129 162
620 129 162
620 130 158
620 130 158
621 103 105
621 103 105
621 144 60
621 144 60
622 137 138
622 137 138
622 149 111
622 149 111
623 74 89
623 74 89
623 122 166
623 122 166
624 94 123
624 94 123
624 145 83
624 145 83
625 88 90
625 88 90
625 132 76
625 132 76
626 68 69
626 68 69
626 148 157
626 148 157
626 159 89
626 159 165
626 159 86
627 124 104
627 124 104
627 133 94
627 133 94
628 156 89
628 156 89
628 157 161
628 157 161
629 115 161
629 115 150
629 115 145
629 145 66
629 145 66
629 152 70
629 152 70
630 84 115
630 84 115
630 107 90
630 107 90
631 106 97
631 106 97
631 155 143
631 155 143
631 168 169
631 168 163
631 168 78
632 106 146
632 106 146
632 124 130
632 124 130
632 170 171
632 170 131
632 170 155
633 67 99
633 67 99
633 75 133
633 75 133
634 101 161
634 101 161
634 140 170
634 140 170
635 69 161
635 69 161
635 167 151
635 167 151
636 117 133
636 117 133
636 145 59
636 145 59
637 68 83
637 68 83
637 80 155
637 80 155
637 166 64
637 166 67
637 166 89
638 91 103
638 91 103
638 168 139
638 168 139
639 72 161
639 72 161
639 96 91
639 96 91
640 60 107
640 60 109
640 68 141
640 68 141
640 107 109
640 160 171
640 160 171
641 75 172
641 75 172
641 82 160
641 82 160
641 126 167
641 126 167
642 71 170
642 71 170
642 124 148
642 124 101
642 148 101
642 163 90
642 163 90
643 74 147
643 74 147
643 83 84
643 83 84
644 65 81
644 65 81
644 75 117
644 75 117
645 138 143
645 138 143
645 154 79
645 154 79
646 64 66
646 64 81
646 64 93
646 112 162
646 112 162
646 126 144
646 126 144
647 118 168
647 118 151
647 118 167
647 124 149
647 124 149
647 156 77
647 156 77
648 69 70
648 69 70
648 90 145
648 90 145
649 118 121
649 118 121
649 155 156
649 155 156
649 173 174
649 173 136
649 173 134
650 150 71
650 150 71
650 158 156
650 158 156
651 139 117
651 139 117
651 161 123
651 161 123
652 60 169
652 60 169
652 132 149
652 132 149
653 72 71
653 72 71
653 122 68
653 122 68
654 117 127
654 117 127
654 125 103
654 125 103
655 65 116
655 65 116
655 94 77
655 129 159
655 129 159
655 152 94
655 152 77
656 109 60
656 109 60
656 158 155
656 158 155
657 89 129
657 89 129
657 139 121
657 139 121
658 126 155
658 126 155
658 167 169
658 167 169
659 119 113
659 119 113
659 126 170
659 126 170
659 171 175
659 171 175
660 127 93
660 127 93
660 158 167
660 158 167
661 131 132
661 131 132
661 136 164
661 136 164
661 156 165
661 156 121
661 165 121
661 176 80
661 176 84
661 176 83
662 87 104
662 87 104
662 152 139
662 152 139
663 87 113
663 87 113
663 164 71
663 164 71
664 114 101
664 124 149
664 124 149
664 130 101
664 144 101
664 171 108
664 171 108
665 70 113
665 70 113
665 97 75
665 97 75
666 65 111
666 65 111
666 66 143
666 66 143
666 135 177
666 135 177
667 129 69
667 129 69
667 158 123
667 158 123
668 141 130
668 141 130
668 142 133
668 142 133
669 64 97
669 64 97
669 85 163
669 85 163
670 97 134
670 97 134
670 162 84
670 162 160
670 162 146
670 164 163
670 164 163
671 85 72
671 85 72
671 143 114
671 143 114
672 73 134
672 73 134
672 172 125
672 172 125
673 94 143
673 94 143
673 152 70
673 152 139
673 152 76
673 159 70
673 159 70
673 178 115
673 178 112
673 178 175
674 121 92
674 121 92
674 135 66
674 135 139
674 135 165
674 150 63
674 175 98
674 175 98
674 179 150
674 179 63
675 72 139
675 72 139
675 159 152
675 159 152
676 102 70
676 106 174
676 106 174
676 111 70
676 121 70
676 143 86
676 143 86
677 139 167
677 139 167
677 173 112
677 173 112
678 91 115
678 91 115
678 174 80
678 174 80
679 89 156
679 89 156
679 149 130
679 149 130
680 80 124
680 80 124
680 116 79
680 116 79
680 132 98
680 132 159
680 132 77
681 73 145
681 73 145
681 140 129
681 140 129
682 63 142
682 63 142
682 139 66
682 139 66
683 128 103
683 128 103
683 132 159
683 132 159
684 178 67
684 178 67
684 179 94
684 179 94
685 68 74
685 68 74
685 90 63
685 90 63
686 131 120
686 131 120
686 138 148
686 138 148
687 141 103
687 141 103
687 163 70
687 163 70
688 73 168
688 73 168
688 79 168
688 79 103
688 79 165
688 170 132
688 170 132
689 59 130
689 59 151
689 91 81
689 91 81
689 108 154
689 108 154
689 130 151
690 104 76
690 104 76
690 166 104
690 166 104
691 91 174
691 91 174
691 177 64
691 177 157
691 177 92
691 179 75
691 179 75
692 97 111
692 97 111
692 145 112
692 145 112
693 109 135
693 109 135
693 151 121
693 151 121
694 84 164
694 84 164
694 118 70
694 118 70
695 79 91
695 79 91
695 84 127
695 84 144
695 84 158
695 89 114
695 89 114
696 100 79
696 100 79
696 106 164
696 106 164
697 117 120
697 117 120
697 129 99
697 129 99
697 175 180
697 175 180
698 76 75
698 76 75
698 176 136
698 176 136
699 69 141
699 69 141
699 94 85
699 94 85
700 136 86
700 136 86
700 145 97
700 145 97
701 63 168
701 63 168
701 93 149
701 93 163
701 93 139
701 151 134
701 151 134
701 162 181
701 162 181
702 90 104
702 90 104
702 105 112
702 105 112
703 95 182
703 95 182
703 132 78
703 132 78
703 167 108
703 167 108
704 71 125
704 71 181
704 73 112
704 73 112
704 125 181
704 161 131
704 161 131
705 95 65
705 95 65
705 125 136
705 125 136
706 87 103
706 87 134
706 87 73
706 105 152
706 105 152
706 159 174
706 159 174
707 115 152
707 115 152
707 137 138
707 137 138
708 64 72
708 64 72
708 69 91
708 69 91
709 71 178
709 71 178
709 109 111
709 109 111
710 112 116
710 112 116
710 153 84
710 153 84
711 78 132
711 78 132
711 166 97
711 166 97
712 121 75
712 121 75
712 170 173
712 170 173
712 177 118
712 177 143
712 177 171
712 182 183
712 182 183
713 85 169
713 85 169
713 103 82
713 103 76
713 103 147
713 159 148
713 159 148
714 106 98
714 106 98
714 152 122
714 152 122
715 72 157
715 72 157
715 140 96
715 140 96
716 154 157
716 154 157
716 156 177
716 156 177
717 126 97
717 126 97
717 175 91
717 175 91
718 165 128
718 165 128
718 176 164
718 176 164
719 115 134
719 115 134
719 183 130
719 183 130
720 141 162
720 141 162
720 169 144
720 169 144
721 92 115
721 92 135
721 92 137
721 113 148
721 113 148
721 173 119
721 173 119
721 184 65
721 184 123
721 184 69
722 67 106
722 67 106
722 162 169
722 162 169
723 79 144
723 79 144
723 172 105
723 172 105
724 124 129
724 124 129
724 151 86
724 151 86
725 74 185
725 74 185
725 82 152
725 82 152
725 172 70
725 172 70
726 78 112
726 78 112
726 120 183
726 120 183
727 95 180
727 95 180
727 124 91
727 124 91
727 130 92
727 130 60
727 130 120
728 97 89
728 97 89
728 180 127
728 180 127
729 129 159
729 129 159
729 144 164
729 144 164
730 80 99
730 80 99
730 142 85
730 142 85
730 142 122
730 142 104
730 142 108
730 154 186
730 154 186
731 94 103
731 94 103
731 168 118
731 168 118
732 103 172
732 103 172
732 143 157
732 143 157
733 133 109
733 133 109
733 151 156
733 151 156
734 78 72
734 78 72
734 82 145
734 82 145
735 89 82
735 89 82
735 162 78
735 162 78
736 75 150
736 75 150
736 102 185
736 102 75
736 102 133
736 169 183
736 169 183
737 138 106
737 138 106
737 148 87
737 148 87
738 64 103
738 64 103
738 162 126
738 162 126
739 81 154
739 81 154
739 161 91
739 161 91
740 119 151
740 119 151
740 158 129
740 158 129
741 164 130
741 164 130
741 182 119
741 182 119
742 69 101
742 69 101
742 130 151
742 130 151
742 132 96
742 132 150
742 132 140
742 187 102
742 187 179
742 187 145
743 92 84
743 92 84
743 132 94
743 132 94
744 124 154
744 124 154
744 143 113
744 143 113
745 68 129
745 68 129
745 146 72
745 146 72
746 66 188
746 66 188
746 144 181
746 144 181
746 162 151
746 162 151
747 145 70
747 145 70
747 172 63
747 172 63
748 140 166
748 140 109
748 140 78
748 160 105
748 160 105
748 170 126
748 170 126
749 70 169
749 70 169
749 99 75
749 99 75
749 103 161
749 103 177
749 103 150
750 70 103
750 70 103
750 74 184
750 74 124
750 162 159
750 162 159
750 184 124
751 70 72
751 70 72
751 123 71
751 123 71
752 117 80
752 117 91
752 117 70
752 125 103
752 125 103
752 133 166
752 170 133
752 170 166
752 173 65
752 173 65
753 88 90
753 88 90
753 141 84
753 141 84
753 167 189
753 167 189
754 92 190
754 92 190
754 167 117
754 167 117
754 171 124
754 171 124
755 84 147
755 84 147
755 182 73
755 182 73
756 90 191
756 90 191
756 145 170
756 145 170
756 159 133
756 159 133
756 168 156
756 168 179
756 168 59
757 78 121
757 78 121
757 85 128
757 85 118
757 123 108
757 123 108
757 128 118
758 106 84
758 106 120
758 106 95
758 117 74
758 117 74
758 138 180
758 138 180
759 89 187
759 89 187
759 89 138
759 137 138
759 137 89
759 140 176
759 140 176
759 192 64
759 192 155
759 192 185
760 103 90
760 103 90
760 188 82
760 188 82
761 98 79
761 98 79
761 154 101
761 154 101
761 160 193
761 160 193
762 76 143
762 76 143
762 177 95
762 177 95
763 129 148
763 129 148
763 145 69
763 145 69
764 101 194
764 101 194
764 107 108
764 107 88
764 107 102
764 179 168
764 179 168
764 182 149
764 182 149
765 149 111
765 149 111
765 161 110
765 161 110
766 141 186
766 141 186
766 180 140
766 180 140
767 70 120
767 70 120
767 97 168
767 97 81
767 97 133
767 144 84
767 144 84
768 93 92
768 93 83
768 93 139
768 132 130
768 132 130
768 194 110
768 194 110
769 138 108
769 138 108
769 150 162
769 150 162
770 97 168
770 97 168
770 117 157
770 117 157
770 117 146
770 117 161
770 117 68
771 120 116
771 120 116
771 135 95
771 135 95
772 128 159
772 128 159
772 168 139
772 168 139
773 78 164
773 78 164
773 131 65
773 131 65
774 90 141
774 90 141
774 111 72
774 111 72
775 84 130
775 84 130
775 93 138
775 93 138
775 195 165
775 195 75
775 195 79
776 107 104
776 107 104
776 125 143
776 125 86
776 125 97
776 141 165
776 141 165
777 72 83
777 72 89
777 72 124
777 108 122
777 108 122
777 149 63
777 149 63
778 80 76
778 80 76
778 188 81
778 188 81
779 124 159
779 124 159
779 169 135
779 169 135
780 71 59
780 71 59
780 75 82
780 75 83
780 82 83
780 110 181
780 110 181
781 63 182
781 135 145
781 135 145
781 154 137
781 154 137
781 156 63
781 156 182
782 67 73
782 67 73
782 129 146
782 129 146
783 102 97
783 102 97
783 137 84
783 137 84
784 161 122
784 161 122
784 171 105
784 171 105
784 189 168
784 189 145
784 189 88
785 150 97
785 150 97
785 156 189
785 156 189
786 78 196
786 78 196
786 87 189
786 87 189
786 137 79
786 137 79
787 68 87
787 68 87
787 133 85
787 133 85
788 67 91
788 67 91
788 70 146
788 70 146
788 197 143
788 197 119
788 197 109
789 126 146
789 126 146
789 130 192
789 130 192
790 158 79
790 158 79
790 168 118
790 168 118
791 139 132
791 139 132
791 164 72
791 164 72
792 114 179
792 114 179
792 133 142
792 133 142
793 147 73
793 147 73
793 192 111
793 192 111
794 131 83
794 131 83
794 191 153
794 191 153
795 65 70
795 65 70
795 97 102
795 97 102
796 94 103
796 94 184
796 94 130
796 142 134
796 142 134
796 175 131
796 175 131
797 75 168
797 75 168
797 124 127
797 124 101
797 124 182
797 124 182
797 124 112
798 134 153
798 134 153
798 134 197
798 134 169
798 134 68
798 146 189
798 146 189
799 77 65
799 77 65
799 113 116
799 113 116
800 125 110
800 125 110
800 150 128
800 150 128
801 76 119
801 76 119
801 80 128
801 80 128
801 149 90
801 149 193
801 149 154
802 81 120
802 81 120
802 175 104
802 175 104
803 189 110
803 189 110
803 194 118
803 194 118
804 172 92
804 172 92
804 178 158
804 178 158
805 70 171
805 70 171
805 132 102
805 132 177
805 132 192
805 153 122
805 153 122
806 142 163
806 142 163
806 161 165
806 161 165
807 72 181
807 72 181
807 156 167
807 156 167
808 105 116
808 105 116
808 124 112
808 124 72
808 124 125
808 136 100
808 136 100
809 98 141
809 98 189
809 119 106
809 119 106
809 132 83
809 132 83
809 141 189
809 150 198
809 150 198
810 159 79
810 159 79
810 191 150
810 191 150
811 153 112
811 153 112
811 166 94
811 166 161
811 166 143
811 191 168
811 191 168
812 135 136
812 135 136
812 154 196
812 154 196
813 148 90
813 148 90
813 174 197
813 174 197
814 83 139
814 83 128
814 83 71
814 113 151
814 113 151
814 172 144
814 172 144
815 112 199
815 112 199
815 164 132
815 164 132
815 181 171
815 181 171
816 67 133
816 67 133
816 127 107
816 127 107
817 74 174
817 74 174
817 112 156
817 144 112
817 144 156
817 188 121
817 188 121
818 111 65
818 111 65
818 118 107
818 118 107
819 101 83
819 101 83
819 111 128
819 111 128
819 158 118
819 158 164
819 158 148
820 89 127
820 89 127
820 100 196
820 100 196
821 89 72
821 89 72
821 143 165
821 143 165
822 112 81
822 112 81
822 113 134
822 113 134
823 74 90
823 74 90
823 187 124
823 187 124
824 88 142
824 88 142
824 134 77
824 134 77
824 176 150
824 176 74
824 176 110
824 200 201
824 200 201
825 168 119
825 168 119
825 195 196
825 195 196
826 71 123
826 71 123
826 89 138
826 89 138
826 138 202
826 138 202
826 169 93
826 169 94
826 169 120
827 78 191
827 78 191
827 106 191
827 106 191
827 203 189
827 203 199
827 203 93
828 119 69
828 119 69
828 143 93
828 143 93
829 72 85
829 72 85
829 182 150
829 182 150
829 185 179
829 185 115
829 185 112
830 59 77
830 59 77
830 155 189
830 155 189
831 132 74
831 132 74
831 159 130
831 159 130
832 86 166
832 86 166
832 156 67
832 156 67
832 176 127
832 176 183
832 176 184
833 81 108
833 81 108
833 177 154
833 177 154
834 154 102
834 154 102
834 174 172
834 174 172
835 118 70
835 118 70
835 184 78
835 184 78
836 87 139
836 87 139
836 191 200
836 191 200
837 158 137
837 158 137
837 160 70
837 160 70
838 82 145
838 82 145
838 117 137
838 117 102
838 117 75
838 126 195
838 126 195
839 115 79
839 115 79
839 118 124
839 118 124
840 70 129
840 70 126
840 70 135
840 92 119
840 92 119
840 94 115
840 94 115
841 66 203
841 66 203
841 75 83
841 75 190
841 75 185
841 102 164
841 102 164
842 167 202
842 167 202
842 183 69
842 183 69
843 95 88
843 95 88
843 152 202
843 152 202
844 79 86
844 135 83
844 135 83
844 169 171
844 169 171
844 204 79
844 204 86
845 80 195
845 95 205
845 95 205
845 156 154
845 156 163
845 156 198
845 163 172
845 163 172
845 190 99
845 190 99
845 206 80
845 206 195
846 167 124
846 167 124
846 188 163
846 188 154
846 188 176
846 204 145
846 204 145
847 67 80
847 67 80
847 161 87
847 161 87
848 170 207
848 170 207
848 172 166
848 172 166
848 177 174
848 177 174
849 63 137
849 63 137
849 94 115
849 94 115
850 72 178
850 72 178
850 207 197
850 207 197
851 68 143
851 68 143
851 87 141
851 87 141
852 89 99
852 89 99
852 113 139
852 113 139
853 100 75
853 100 59
853 100 68
853 118 140
853 118 140
853 149 71
853 149 71
854 89 125
854 89 125
854 143 190
854 143 190
855 113 205
855 113 205
855 179 165
855 179 165
856 73 68
856 73 59
856 73 88
856 175 70
856 175 70
856 204 72
856 204 72
857 93 86
857 93 86
857 105 155
857 105 119
857 105 163
857 130 69
857 130 69
858 60 128
858 60 128
858 156 159
858 156 159
859 155 151
859 155 151
859 199 168
859 199 168
860 98 134
860 98 134
860 128 132
860 128 132
861 93 148
861 93 148
861 173 135
861 173 135
862 143 124
862 143 124
862 170 195
862 170 195
863 138 178
863 138 178
863 173 95
863 173 95
864 136 90
864 136 90
864 192 185
864 192 185
865 138 200
865 138 200
865 172 100
865 172 100
866 197 183
866 197 183
866 202 157
866 202 157
867 152 111
867 152 111
867 155 169
867 155 169
868 100 167
868 100 167
868 183 160
868 183 160
868 208 189
868 208 207
868 208 131
869 159 128
869 159 128
869 161 155
869 161 155
869 196 167
869 202 196
869 202 167
869 209 132
869 209 157
869 209 113
870 86 78
870 86 78
870 185 112
870 185 112
870 200 176
870 200 177
870 200 181
871 70 136
871 70 136
871 81 181
871 81 181
872 67 65
872 67 65
872 89 182
872 89 182
873 154 132
873 154 132
873 186 206
873 186 206
874 84 154
874 84 154
874 133 148
874 162 89
874 162 89
874 210 133
874 210 148
874 211 114
874 211 170
874 211 77
875 123 212
875 123 212
875 145 131
875 145 131
875 182 202
875 182 202
875 213 183
875 213 92
875 213 159
876 81 83
876 81 83
876 198 164
876 198 164
