0 18 19
0 18 19
1 18 19
1 18 19
1 18 19
1 18 19
2 18 19
2 18 19
2 19 18
2 19 18
3 19 18
3 19 18
3 19 18
3 19 18
4 19 18
4 19 18
4 19 18
4 19 18
5 18 21
5 18 21
5 19 18
5 19 18
5 19 18
5 19 18
6 18 19
6 18 19
6 21 18
6 21 18
7 18 21
7 18 21
7 18 22
7 18 22
7 19 21
7 19 21
8 21 22
8 21 22
8 21 19
8 21 19
9 18 19
9 18 19
9 21 19
9 21 19
10 21 22
10 21 22
10 22 23
10 22 23
10 22 18
10 22 18
10 24 21
10 24 22
10 24 18
11 19 21
11 19 21
11 22 23
11 22 23
11 22 18
11 22 21
11 22 19
12 21 19
12 21 19
12 22 18
12 22 18
13 19 21
13 19 21
13 22 21
13 22 21
13 25 19
13 25 24
13 25 21
14 22 21
14 22 21
14 23 22
14 23 22
15 18 23
15 18 23
15 22 21
15 22 24
15 22 24
15 22 24
15 22 25
16 18 19
16 18 19
16 23 21
16 23 21
17 25 23
17 25 23
17 25 23
17 25 23
18 18 19
18 18 25
18 18 25
18 22 23
18 22 18
18 22 24
18 23 18
18 23 19
18 25 22
18 25 22
19 21 23
19 21 23
19 24 25
19 24 25
20 22 23
20 22 23
20 22 26
20 22 26
20 24 19
20 24 19
21 23 26
21 23 26
21 26 18
21 26 18
22 23 25
22 23 25
22 25 26
22 25 26
23 23 24
23 23 24
23 25 26
23 25 26
24 23 22
24 23 22
24 26 25
24 26 25
25 24 22
25 24 25
25 24 23
25 25 26
25 25 26
25 26 23
25 26 23
26 19 21
26 19 21
26 21 18
26 21 18
26 22 27
26 22 27
27 24 23
27 24 23
27 26 19
27 26 19
27 28 24
27 28 22
27 28 18
28 23 28
28 23 28
28 24 26
28 24 26
29 18 26
29 18 26
29 22 28
29 22 28
30 24 25
30 24 25
30 28 18
30 28 18
31 19 21
31 19 21
31 25 27
31 25 27
32 23 24
32 23 24
32 27 21
32 27 21
33 18 25
33 18 25
33 25 26
33 25 26
34 19 28
34 19 28
34 19 27
34 19 27
35 18 22
35 18 22
35 28 18
35 28 18
36 21 24
36 21 24
36 24 23
36 24 23
36 25 24
36 25 22
36 25 18
37 25 28
37 25 28
37 27 26
37 27 26
38 24 19
38 24 19
38 27 28
38 27 28
39 25 24
39 25 24
39 27 26
39 27 26
40 18 24
40 18 24
40 28 27
40 28 27
41 21 22
41 21 22
41 26 22
41 26 22
42 19 28
42 19 28
42 27 18
42 27 18
43 18 26
43 18 26
43 18 26
43 18 26
44 21 27
44 21 27
44 25 26
44 25 26
44 26 25
44 26 24
44 26 27
45 18 27
45 18 27
45 22 25
45 22 25
45 29 21
45 29 28
45 29 27
46 18 19
46 18 19
46 18 19
46 18 19
47 26 27
47 26 27
47 28 27
47 28 27
48 18 19
48 18 19
48 24 25
48 24 26
48 24 29
48 29 28
48 29 28
49 22 24
49 22 24
49 26 24
49 26 24
50 22 21
50 22 21
50 29 18
50 29 18
51 25 23
51 25 23
51 29 19
51 29 19
52 18 19
52 19 24
52 19 24
52 24 28
52 24 28
52 28 18
52 28 19
53 19 28
53 19 28
53 25 29
53 25 29
54 19 22
54 19 22
54 27 22
54 27 22
55 19 23
55 19 23
55 22 18
55 22 18
56 24 21
56 24 18
56 24 25
56 24 25
56 24 19
56 27 29
56 27 29
56 30 31
56 30 31
57 23 31
57 23 31
57 28 25
57 28 25
58 19 27
58 19 27
58 22 26
58 22 26
58 29 21
58 29 19
58 29 30
59 21 18
59 21 18
59 24 27
59 24 27
60 19 21
60 19 21
60 26 21
60 26 21
60 30 24
60 30 29
60 30 23
61 19 31
61 19 31
61 22 21
61 23 21
61 31 19
61 31 19
61 31 21
62 26 27
62 26 27
62 26 30
62 26 30
63 21 28
63 21 28
63 22 23
63 22 23
64 21 26
64 21 26
64 22 32
64 22 32
64 28 18
64 28 18
65 23 21
65 23 21
65 32 27
65 32 27
66 19 24
66 19 24
66 26 25
66 26 25
66 31 19
66 31 30
66 31 29
66 33 31
66 33 28
66 33 19
67 19 31
67 19 31
67 23 22
67 23 29
67 23 30
67 25 19
67 25 19
68 23 26
68 23 29
68 23 32
68 27 28
68 27 28
68 31 28
68 31 28
69 21 29
69 21 29
69 30 23
69 30 23
70 28 25
70 28 25
70 29 28
70 29 27
70 29 24
70 33 31
70 33 31
70 33 34
70 33 34
71 29 30
71 29 30
71 29 25
71 29 25
72 30 34
72 30 34
72 33 28
72 33 28
73 19 18
73 19 18
73 25 29
73 25 29
74 25 33
74 25 33
74 28 30
74 28 30
74 29 30
74 29 32
74 29 33
75 24 26
75 24 29
75 26 30
75 26 30
75 26 29
75 30 25
75 30 25
76 23 22
76 23 22
76 29 18
76 29 31
76 29 22
76 34 27
76 34 27
76 35 24
76 35 25
76 35 19
77 30 33
77 30 21
77 30 18
77 33 23
77 33 23
77 35 21
77 35 21
78 22 30
78 22 30
78 27 33
78 27 33
79 21 19
79 21 19
79 30 26
79 30 26
80 18 24
80 18 24
80 19 36
80 19 36
80 21 31
80 21 31
81 24 33
81 24 33
81 29 23
81 29 23
82 23 19
82 23 19
82 26 34
82 26 34
82 31 28
82 31 32
82 31 35
83 31 33
83 31 33
83 33 30
83 33 30
84 24 26
84 24 26
84 32 18
84 32 18
85 19 37
85 19 37
85 34 21
85 34 21
85 36 21
85 36 21
86 25 19
86 25 19
86 34 38
86 34 38
86 35 29
86 35 29
87 27 29
87 27 29
87 30 33
87 30 33
88 19 21
88 19 30
88 24 29
88 24 29
88 30 21
88 38 24
88 38 24
89 29 26
89 29 26
89 32 28
89 32 28
90 26 24
90 26 24
90 38 18
90 38 18
91 22 28
91 22 28
91 25 38
91 25 38
92 23 38
92 23 38
92 25 24
92 25 18
92 25 34
92 32 36
92 32 36
93 19 36
93 19 36
93 25 30
93 25 30
94 25 35
94 25 35
94 27 28
94 27 28
95 30 29
95 30 29
95 35 27
95 35 27
96 22 23
96 22 23
96 34 28
96 34 28
97 27 28
97 27 28
97 31 38
97 31 38
98 27 36
98 27 36
98 33 23
98 33 23
99 24 37
99 24 37
99 27 19
99 27 19
100 28 18
100 28 18
100 37 35
100 37 35
100 37 36
100 37 34
100 37 19
101 25 37
101 25 37
101 26 25
101 26 25
101 39 25
101 39 22
101 39 19
102 23 27
102 23 27
102 29 33
102 29 33
102 37 36
102 37 38
102 37 28
103 26 35
103 26 35
103 37 31
103 37 31
103 40 37
103 40 26
103 40 32
104 18 41
104 18 41
104 22 30
104 22 29
104 22 35
104 32 29
104 32 29
104 36 38
104 36 38
105 22 30
105 22 30
105 36 21
105 36 21
106 32 36
106 32 36
106 41 24
106 41 24
107 18 19
107 18 19
107 24 25
107 24 25
108 21 26
108 21 26
108 36 39
108 36 39
108 42 43
108 42 43
109 27 22
109 27 22
109 28 33
109 28 33
110 27 43
110 27 43
110 29 25
110 29 25
111 21 24
111 21 24
111 26 21
111 26 21
112 31 32
112 31 32
112 32 19
112 32 19
113 26 38
113 26 38
113 43 35
113 43 35
114 19 41
114 19 41
114 31 43
114 31 22
114 31 27
114 39 42
114 39 42
115 18 19
115 23 38
115 23 38
115 31 33
115 31 33
115 42 18
115 42 19
116 30 41
116 30 41
116 36 33
116 36 33
117 18 36
117 18 36
117 25 44
117 25 44
117 42 37
117 42 37
118 21 44
118 21 44
118 33 28
118 33 28
119 18 45
119 18 45
119 28 39
119 28 39
119 43 38
119 43 38
120 27 29
120 27 29
120 38 24
120 38 34
120 38 39
120 45 38
120 45 38
121 24 22
121 24 30
121 24 39
121 25 21
121 25 21
121 40 43
121 40 43
122 24 34
122 28 24
122 28 34
122 39 43
122 39 43
122 42 30
122 42 30
123 18 31
123 18 31
123 32 27
123 32 27
123 38 31
123 42 38
123 42 31
124 25 33
124 25 41
124 28 39
124 28 39
124 33 41
124 36 19
124 36 19
125 23 21
125 23 21
125 34 24
125 34 24
125 46 18
125 46 39
125 46 33
126 22 44
126 22 44
126 25 32
126 25 32
127 30 33
127 30 33
127 33 35
127 33 35
127 47 45
127 47 39
127 47 28
128 24 35
128 24 35
128 45 21
128 45 21
129 28 40
129 28 40
129 35 46
129 35 46
130 21 19
130 21 19
130 21 36
130 21 36
130 41 38
130 41 42
130 41 31
131 30 39
131 30 39
131 32 19
131 32 19
132 19 25
132 19 25
132 25 27
132 25 27
133 24 27
133 24 27
133 40 34
133 40 34
134 32 42
134 32 42
134 44 43
134 44 43
135 28 48
135 28 48
135 28 29
135 28 29
135 42 19
135 42 19
136 30 31
136 30 31
136 48 30
136 48 30
137 24 31
137 24 31
137 30 24
137 30 24
137 38 34
137 38 47
137 38 36
137 49 36
137 49 32
137 49 41
138 31 36
138 31 36
138 47 43
138 47 43
139 36 42
139 36 42
139 43 27
139 43 27
140 19 46
140 19 46
140 32 19
140 32 39
140 32 25
140 41 32
140 41 32
141 19 42
141 19 42
141 49 21
141 49 21
142 33 34
142 33 34
142 36 25
142 36 25
142 49 27
142 49 24
142 49 22
143 26 21
143 26 21
143 41 46
143 41 46
144 34 42
144 34 42
144 45 46
144 45 46
145 34 46
145 34 46
145 41 32
145 41 32
146 21 26
146 21 26
146 28 36
146 28 36
146 33 35
146 33 43
146 33 24
147 38 37
147 38 37
147 42 40
147 42 40
148 21 40
148 21 40
148 41 19
148 41 19
149 37 22
149 37 22
149 46 33
149 46 33
149 46 29
149 46 25
149 46 47
149 50 51
149 50 51
150 24 39
150 24 39
150 33 31
150 33 31
151 18 21
151 18 21
151 34 19
151 34 19
152 37 28
152 37 28
152 37 43
152 37 43
152 52 24
152 52 41
152 52 19
153 22 37
153 22 37
153 50 25
153 50 25
154 29 26
154 29 26
154 38 33
154 38 33
155 19 39
155 19 39
155 36 37
155 36 37
156 23 26
156 23 26
156 41 53
156 41 53
156 45 28
156 45 41
156 45 42
156 52 43
156 52 43
157 18 52
157 18 52
157 41 48
157 41 48
158 39 29
158 39 29
158 48 42
158 48 42
158 54 34
158 54 21
158 54 44
159 26 32
159 26 32
159 45 23
159 45 23
160 24 30
160 24 30
160 33 36
160 33 32
160 36 32
160 45 25
160 45 25
161 22 26
161 22 48
161 22 31
161 46 50
161 46 50
161 50 30
161 50 30
162 23 32
162 23 54
162 32 54
162 52 53
162 52 53
162 54 22
162 54 22
163 34 23
163 34 23
163 52 21
163 52 21
164 32 43
164 32 21
164 36 25
164 36 18
164 36 44
164 43 39
164 43 39
164 43 21
164 44 41
164 44 41
164 55 33
164 55 40
164 55 23
165 24 35
165 24 35
165 50 19
165 50 19
166 28 30
166 28 30
166 29 37
166 29 37
166 42 56
166 42 56
167 21 50
167 21 50
167 23 37
167 23 37
167 57 58
167 57 33
167 57 29
168 28 59
168 28 59
168 30 24
168 30 24
168 30 33
168 30 33
169 39 58
169 39 58
169 39 27
169 39 27
170 38 44
170 38 44
170 45 23
170 45 23
171 24 19
171 24 27
171 24 59
171 29 48
171 29 48
171 34 22
171 34 22
172 32 24
172 32 24
172 41 27
172 41 27
173 32 51
173 32 50
173 43 26
173 43 26
173 51 50
173 56 59
173 56 59
174 32 28
174 32 28
174 33 35
174 33 50
174 33 39
174 45 19
174 45 19
174 60 56
174 60 25
174 60 45
175 18 52
175 18 52
175 26 27
175 26 27
175 38 34
175 38 48
175 38 58
176 32 39
176 32 49
176 32 34
176 34 39
176 34 39
176 41 53
176 41 53
177 24 26
177 24 26
177 52 46
177 52 46
178 23 26
178 23 26
178 46 49
178 46 49
179 26 23
179 26 22
179 26 30
179 39 61
179 39 61
179 50 58
179 50 58
179 51 49
179 51 49
179 62 25
179 62 33
179 62 24
180 42 31
180 42 31
180 44 58
180 44 58
181 35 38
181 35 38
181 47 29
181 47 29
181 63 54
181 63 39
181 63 19
182 35 49
182 35 49
182 55 28
182 55 28
183 52 36
183 52 36
183 56 38
183 56 38
184 31 26
184 31 51
184 31 18
184 47 52
184 47 52
184 59 55
184 59 55
185 18 28
185 18 28
185 30 34
185 30 34
185 58 29
185 58 27
185 58 18
186 27 56
186 27 56
186 53 57
186 53 57
187 19 27
187 19 47
187 19 56
187 38 51
187 38 51
187 44 22
187 44 22
188 30 24
188 30 24
188 63 45
188 63 45
189 22 19
189 22 19
189 63 22
189 63 22
190 46 36
190 46 36
190 60 36
190 60 36
191 25 57
191 25 57
191 27 18
191 27 18
192 44 47
192 44 47
192 59 41
192 59 41
193 21 54
193 21 54
193 32 52
193 32 52
194 55 40
194 55 61
194 55 37
194 56 35
194 56 35
194 61 35
194 61 35
195 38 31
195 38 31
195 52 35
195 52 35
195 58 64
195 58 64
196 19 26
196 19 26
196 43 48
196 43 48
197 37 35
197 37 35
197 57 48
197 57 48
198 27 36
198 27 36
198 54 39
198 54 39
198 65 19
198 65 60
198 65 58
199 22 58
199 22 58
199 46 34
199 46 34
200 25 57
200 25 57
200 65 23
200 65 23
201 21 37
201 21 37
201 36 19
201 36 19
202 19 56
202 19 56
202 50 66
202 50 66
202 55 33
202 55 60
202 55 48
202 56 31
202 56 31
203 44 49
203 44 49
203 47 54
203 47 54
204 31 36
204 31 36
204 37 67
204 37 67
204 47 52
204 47 44
204 47 41
204 61 34
204 61 34
204 68 31
204 68 25
204 68 21
205 66 36
205 66 36
205 67 42
205 67 42
206 60 67
206 60 67
206 62 42
206 62 42
207 25 39
207 25 39
207 33 22
207 33 22
208 37 33
208 37 33
208 50 62
208 50 62
209 18 45
209 18 49
209 18 56
209 30 36
209 30 36
209 60 52
209 60 52
210 22 26
210 22 26
210 31 47
210 31 47
211 21 62
211 21 62
211 53 36
211 53 36
212 29 33
212 29 33
212 62 55
212 62 55
213 35 60
213 35 60
213 41 31
213 41 31
214 38 44
214 38 44
214 51 63
214 51 63
215 47 43
215 47 43
215 61 62
215 61 62
216 54 64
216 54 64
216 55 29
216 55 29
217 21 32
217 21 32
217 48 56
217 48 56
218 18 36
218 30 26
218 30 39
218 30 65
218 34 38
218 34 38
218 44 33
218 44 33
218 61 18
218 61 36
219 33 23
219 33 23
219 37 64
219 37 64
219 48 69
219 48 69
220 49 26
220 49 26
220 68 51
220 68 51
221 31 30
221 31 30
221 38 57
221 38 57
222 21 18
222 21 18
222 45 62
222 45 62
223 30 29
223 30 29
223 42 60
223 42 60
224 37 30
224 37 30
224 55 65
224 55 65
225 22 66
225 22 66
225 42 18
225 42 46
225 42 29
225 49 56
225 49 56
226 25 19
226 25 19
226 33 41
226 33 41
227 30 18
227 30 18
227 44 47
227 44 47
228 26 65
228 26 65
228 38 22
228 38 22
229 33 23
229 33 52
229 33 55
229 35 38
229 35 38
229 64 23
229 64 23
230 37 55
230 37 55
230 61 19
230 61 19
231 27 35
231 27 35
231 61 26
231 61 26
232 32 45
232 32 45
232 61 55
232 61 55
233 26 68
233 26 60
233 40 37
233 40 37
233 63 26
233 63 26
233 68 60
234 39 25
234 39 50
234 39 21
234 57 34
234 57 34
234 69 51
234 69 51
235 33 43
235 33 43
235 37 31
235 37 31
236 50 67
236 50 67
236 62 27
236 62 27
237 25 31
237 25 31
237 48 31
237 48 31
237 70 37
237 70 48
237 70 18
238 24 48
238 24 48
238 30 71
238 30 71
238 57 22
238 57 22
239 46 44
239 46 44
239 66 25
239 66 25
240 21 69
240 21 69
240 48 65
240 48 65
241 31 33
241 31 33
241 35 65
241 35 44
241 35 71
241 54 68
241 54 68
242 23 33
242 23 33
242 38 70
242 38 70
243 18 32
243 18 32
243 46 51
243 46 51
244 18 62
244 18 62
244 33 56
244 33 56
245 42 23
245 42 23
245 69 41
245 69 41
246 41 37
246 41 37
246 71 25
246 71 25
247 37 35
247 37 35
247 71 70
247 71 70
248 53 60
248 53 60
248 57 61
248 57 28
248 57 59
248 65 56
248 65 56
249 30 66
249 30 66
249 71 68
249 71 68
250 24 72
250 24 72
250 40 22
250 40 22
250 68 26
250 68 18
250 68 37
250 69 43
250 69 43
251 38 53
251 38 53
251 50 35
251 50 35
252 36 18
252 36 18
252 65 71
252 65 71
253 41 47
253 41 47
253 57 26
253 57 26
254 27 68
254 27 68
254 27 47
254 27 47
254 39 73
254 39 73
254 41 59
254 41 18
254 41 51
255 26 51
255 26 51
255 46 55
255 46 55
255 65 67
255 65 59
255 65 40
256 40 73
256 40 73
256 62 63
256 62 63
257 40 66
257 40 66
257 44 43
257 44 19
257 44 23
257 52 45
257 52 45
258 22 71
258 22 71
258 54 34
258 54 34
259 18 66
259 18 66
259 35 22
259 35 22
260 18 68
260 18 59
260 46 25
260 46 25
260 53 64
260 53 64
260 68 59
261 47 25
261 47 25
261 66 64
261 66 64
262 54 26
262 54 26
262 59 24
262 59 24
263 52 58
263 52 58
263 66 68
263 66 68
264 48 49
264 48 49
264 61 40
264 61 37
264 61 21
264 72 64
264 72 64
265 27 50
265 27 50
265 44 45
265 44 45
266 48 74
266 48 74
266 58 45
266 58 45
266 68 69
266 68 69
267 56 38
267 57 56
267 57 38
267 65 60
267 65 60
267 69 53
267 69 53
268 19 33
268 19 33
268 62 37
268 62 37
269 49 69
269 49 69
269 64 48
269 64 48
270 26 73
270 26 67
270 26 39
270 28 37
270 28 37
270 45 18
270 45 18
271 22 52
271 22 52
271 62 72
271 62 72
272 44 61
272 44 61
272 63 59
272 63 59
272 72 21
272 72 34
272 72 37
273 29 41
273 29 41
273 52 61
273 52 67
273 52 49
273 72 41
273 72 41
274 28 55
274 28 55
274 46 75
274 46 75
274 55 32
274 55 32
275 25 62
275 25 62
275 74 38
275 74 38
276 37 62
276 37 62
276 64 73
276 64 73
277 29 28
277 29 28
277 39 43
277 39 43
278 41 65
278 41 65
278 48 53
278 48 53
279 47 52
279 47 52
279 71 34
279 71 34
280 27 49
280 27 49
280 62 35
280 62 35
281 48 60
281 48 60
281 63 50
281 63 50
282 38 24
282 38 24
282 41 32
282 41 32
283 27 55
283 27 55
283 45 35
283 45 35
284 19 61
284 19 61
284 60 44
284 60 44
285 32 35
285 32 35
285 67 70
285 67 70
286 37 22
286 37 22
286 65 39
286 65 39
287 41 72
287 41 72
287 73 59
287 73 59
288 61 44
288 61 44
288 61 47
288 61 47
289 41 34
289 41 34
289 59 39
289 59 39
290 47 41
290 47 41
290 47 48
290 73 23
290 73 23
290 76 47
290 76 48
291 51 30
291 51 30
291 59 50
291 59 50
292 35 54
292 35 54
292 42 65
292 42 65
293 21 50
293 21 50
293 54 39
293 54 39
294 38 76
294 38 76
294 57 77
294 57 77
294 61 18
294 61 18
295 18 66
295 18 66
295 36 39
295 36 39
296 65 56
296 65 56
296 72 33
296 72 33
297 66 60
297 66 60
297 69 51
297 69 51
298 27 22
298 27 22
298 44 22
298 44 22
298 44 38
298 44 31
298 44 65
299 52 75
299 52 75
299 77 58
299 77 58
299 78 55
299 78 22
299 78 31
300 30 44
300 30 44
300 57 42
300 57 42
301 36 23
301 36 23
301 69 54
301 69 54
302 24 27
302 24 27
302 70 69
302 70 69
303 21 76
303 21 76
303 25 74
303 25 74
303 37 63
303 37 21
303 63 21
304 41 79
304 41 79
304 55 63
304 55 63
304 55 70
304 55 70
304 65 55
304 65 78
304 65 73
305 28 62
305 28 62
305 69 32
305 69 32
305 71 80
305 71 80
306 29 69
306 29 69
306 53 51
306 53 51
307 39 79
307 39 79
307 55 48
307 55 53
307 55 46
307 80 35
307 80 35
308 64 53
308 64 53
308 68 24
308 68 24
309 55 63
309 55 63
309 66 34
309 66 34
310 57 30
310 57 30
310 67 53
310 67 53
311 40 32
311 40 32
311 47 35
311 47 35
312 29 28
312 29 28
312 37 30
312 37 30
313 65 19
313 65 19
313 80 23
313 80 23
314 23 77
314 23 77
314 75 31
314 75 31
315 21 55
315 21 55
315 24 63
315 24 63
316 52 67
316 52 67
316 72 58
316 72 58
317 44 28
317 44 28
317 55 71
317 55 66
317 71 66
317 73 40
317 73 40
317 81 82
317 81 82
318 27 71
318 27 71
318 63 60
318 63 60
318 78 31
318 78 24
318 78 64
319 50 22
319 50 22
319 51 25
319 51 25
320 28 26
320 28 26
320 34 77
320 34 70
320 34 73
320 70 37
320 70 37
321 28 48
321 28 48
321 33 31
321 33 31
322 45 59
322 45 59
322 77 50
322 77 50
323 31 35
323 31 35
323 31 48
323 40 34
323 40 46
323 40 19
323 41 38
323 41 38
323 83 31
323 83 48
324 37 19
324 37 60
324 37 80
324 40 70
324 40 74
324 49 79
324 49 79
324 70 52
324 70 52
324 70 74
325 26 81
325 26 81
325 36 50
325 36 50
326 33 34
326 33 34
326 39 83
326 39 83
326 41 50
326 55 41
326 55 50
326 59 84
326 59 84
327 21 59
327 21 59
327 58 39
327 58 39
328 46 75
328 46 75
328 60 21
328 60 21
328 85 83
328 85 50
328 85 33
329 31 60
329 31 60
329 33 30
329 33 30
330 19 70
330 19 32
330 56 55
330 56 55
330 60 61
330 60 61
330 70 32
331 22 55
331 22 55
331 28 74
331 28 74
332 21 60
332 21 60
332 43 29
332 43 29
333 24 26
333 24 26
333 43 82
333 43 82
334 52 54
334 52 54
334 59 25
334 59 25
334 71 86
334 71 86
335 29 59
335 29 59
335 34 35
335 34 35
336 46 82
336 46 82
336 53 75
336 53 75
337 64 80
337 64 80
337 64 65
337 64 65
337 72 52
337 72 76
337 72 73
337 87 83
337 87 81
337 87 74
338 41 55
338 41 55
338 63 49
338 63 49
339 31 38
339 31 38
339 42 63
339 42 79
339 42 27
339 85 54
339 85 54
340 26 86
340 26 86
340 35 56
340 35 56
340 58 88
340 58 88
341 32 84
341 32 84
341 63 71
341 63 27
341 63 65
341 65 86
341 65 86
342 67 24
342 67 24
342 81 80
342 81 80
343 25 26
343 25 26
343 83 32
343 83 32
344 43 55
344 43 55
344 55 66
344 55 66
345 26 79
345 26 79
345 30 69
345 30 69
345 35 69
345 35 41
345 35 26
346 37 38
346 37 38
346 63 33
346 63 33
347 37 49
347 37 49
347 59 21
347 59 21
347 60 85
347 61 85
347 70 85
348 45 51
348 45 39
348 45 44
348 59 36
348 59 36
348 77 53
348 77 53
349 63 38
349 63 38
349 76 19
349 76 19
350 49 37
350 49 37
350 60 51
350 60 51
350 64 73
350 64 53
350 64 31
350 89 45
350 89 43
350 89 57
351 75 28
351 75 28
351 81 54
351 81 54
352 29 41
352 29 41
352 44 22
352 44 22
353 27 35
353 27 80
353 35 80
353 78 33
353 78 33
353 86 82
353 86 82
354 25 24
354 25 24
354 26 84
354 26 84
354 31 60
354 31 45
354 31 73
355 25 70
355 25 70
355 32 68
355 32 68
356 50 58
356 50 31
356 50 26
356 61 44
356 61 44
356 69 86
356 69 86
357 35 26
357 35 26
357 58 30
357 58 30
358 43 39
358 43 39
358 65 25
358 67 57
358 67 57
358 80 65
358 80 25
359 51 68
359 51 68
359 65 75
359 65 75
360 43 29
360 43 29
360 52 43
360 52 43
360 73 51
360 73 37
360 73 84
361 40 37
361 40 37
361 58 85
361 58 85
362 82 46
362 82 46
362 88 48
362 88 48
362 89 79
362 89 71
362 89 65
363 48 71
363 48 71
363 84 80
363 84 80
364 51 22
364 51 22
364 71 87
364 71 87
365 31 46
365 31 46
365 32 47
365 32 47
366 22 31
366 22 31
366 80 26
366 80 26
367 22 40
367 22 40
367 25 90
367 25 90
367 88 51
367 88 51
368 44 35
368 44 35
368 62 71
368 62 71
369 33 81
369 33 81
369 37 25
369 37 25
369 41 91
369 41 91
370 74 62
370 74 62
370 77 57
370 77 57
371 40 39
371 40 39
371 78 73
371 78 73
372 36 31
372 36 31
372 59 76
372 59 76
373 23 92
373 23 92
373 34 88
373 34 88
373 74 27
373 74 27
374 44 90
374 44 90
374 78 82
374 78 82
375 38 73
375 38 60
375 38 30
375 41 53
375 41 53
375 90 33
375 90 33
375 93 88
375 93 36
375 93 45
376 31 30
376 31 45
376 31 39
376 32 24
376 32 24
376 73 31
376 73 31
377 74 85
377 74 85
377 75 28
377 75 28
378 24 23
378 24 23
378 78 72
378 78 72
379 44 30
379 44 83
379 44 68
379 49 39
379 49 39
379 64 45
379 64 45
380 83 58
380 83 58
380 85 40
380 85 40
380 90 48
380 90 40
380 90 81
381 24 46
381 24 46
381 27 50
381 27 90
381 27 76
381 36 89
381 36 89
381 94 50
381 94 48
381 94 69
382 48 74
382 48 74
382 65 60
382 65 60
383 41 87
383 41 87
383 50 49
383 50 49
384 44 75
384 44 75
384 87 52
384 87 52
385 42 86
385 42 86
385 90 85
385 90 85
386 41 95
386 41 95
386 67 40
386 67 40
386 72 81
386 72 81
387 28 81
387 28 81
387 84 57
387 84 57
388 27 72
388 27 72
388 32 36
388 32 36
389 44 72
389 44 72
389 52 30
389 52 30
390 40 27
390 53 50
390 53 50
390 63 23
390 63 23
390 96 40
390 96 27
391 52 46
391 52 56
391 52 93
391 83 63
391 83 63
391 84 70
391 84 70
392 35 84
392 35 84
392 39 50
392 39 49
392 49 50
392 79 25
392 79 74
392 79 31
392 89 97
392 89 97
392 96 79
392 96 79
393 21 82
393 21 82
393 85 30
393 85 30
394 73 43
394 73 43
394 78 73
394 78 83
394 78 67
394 95 49
394 95 49
395 28 58
395 28 58
395 64 24
395 64 24
396 57 54
396 57 54
396 78 64
396 78 93
396 78 69
396 87 60
396 87 60
397 22 98
397 22 98
397 64 89
397 64 89
397 87 36
397 87 36
398 18 89
398 18 89
398 39 79
398 39 79
398 75 55
398 75 72
398 75 25
399 51 49
399 51 49
399 98 92
399 98 92
400 81 77
400 81 77
400 84 67
400 84 67
401 30 87
401 30 87
401 50 85
401 50 85
402 34 23
402 34 23
402 36 55
402 36 71
402 36 94
402 51 54
402 51 54
403 85 78
403 85 78
403 96 21
403 96 21
404 42 77
404 42 77
404 71 75
404 71 75
405 31 30
405 31 29
405 31 58
405 44 42
405 44 42
405 74 96
405 74 96
406 40 63
406 40 63
406 50 28
406 50 28
406 51 66
406 51 24
406 66 24
407 39 73
407 39 73
407 56 83
407 56 83
408 21 18
408 32 18
408 48 99
408 48 99
408 48 93
408 48 93
408 53 18
408 93 67
408 93 67
409 67 54
409 67 54
409 98 32
409 98 32
409 98 27
409 98 71
409 98 22
410 59 40
410 75 46
410 75 46
410 85 57
410 85 57
410 95 59
410 95 40
411 33 19
411 33 55
411 33 59
411 47 89
411 47 89
411 77 85
411 77 85
412 82 93
412 82 93
412 84 76
412 84 76
413 57 43
413 57 43
413 82 45
413 82 45
414 55 98
414 55 98
414 91 87
414 91 87
415 30 97
415 30 95
415 30 22
415 44 34
415 44 34
415 46 83
415 46 83
416 36 100
416 36 100
416 43 60
416 43 60
416 64 31
416 64 31
417 69 34
417 69 34
417 84 26
417 84 26
418 41 77
418 41 77
418 69 67
418 69 67
418 101 48
418 101 95
418 101 31
419 56 35
419 56 55
419 56 21
419 81 24
419 81 24
419 81 38
419 81 38
420 31 39
420 31 39
420 53 31
420 53 31
421 26 23
421 26 23
421 38 93
421 38 93
421 78 30
421 78 59
421 78 66
422 22 32
422 22 32
422 56 57
422 56 57
423 29 90
423 29 90
423 34 70
423 34 70
424 73 60
424 73 60
424 99 31
424 99 31
425 37 79
425 37 79
425 47 44
425 47 44
426 37 87
426 37 87
426 44 52
426 44 52
427 26 34
427 26 40
427 26 54
427 76 46
427 76 46
427 86 75
427 86 75
428 27 92
428 27 92
428 80 102
428 80 102
428 86 49
428 86 49
429 30 24
429 30 24
429 93 77
429 93 77
429 103 104
429 103 104
430 27 31
430 27 31
430 37 83
430 37 83
431 21 62
431 21 62
431 27 58
431 27 58
432 24 77
432 24 77
432 26 101
432 26 101
432 104 105
432 104 105
433 34 22
433 34 22
433 39 35
433 39 35
434 63 74
434 63 74
434 80 45
434 80 45
435 56 25
435 56 25
435 61 106
435 61 106
435 88 48
435 88 48
436 60 101
436 60 101
436 64 49
436 64 49
437 33 79
437 33 79
437 69 79
437 69 71
437 69 30
437 71 77
437 71 77
438 29 88
438 29 78
438 29 102
438 89 80
438 89 80
438 96 75
438 96 75
439 31 90
439 31 90
439 38 63
439 38 63
440 25 87
440 25 87
440 72 66
440 72 66
441 46 87
441 46 87
441 82 35
441 82 35
442 18 78
442 18 78
442 66 107
442 66 107
442 75 81
442 75 81
443 60 65
443 60 65
443 107 32
443 107 32
444 54 97
444 54 97
444 87 59
444 87 59
445 30 29
445 30 29
445 79 58
445 79 58
446 84 67
446 84 67
446 90 38
446 90 38
447 63 89
447 63 89
447 99 51
447 99 51
448 65 98
448 65 98
448 103 54
448 103 54
448 105 53
448 105 60
448 105 47
449 23 24
449 23 24
449 83 34
449 83 34
450 40 56
450 40 56
450 98 83
450 98 83
451 62 79
451 62 79
451 68 38
451 68 38
452 69 62
452 69 62
452 82 74
452 82 74
453 23 64
453 23 64
453 55 64
453 55 64
454 30 38
454 30 38
454 45 34
454 45 34
455 28 89
455 28 89
455 39 108
455 39 108
455 64 24
455 64 24
455 109 65
455 109 58
455 109 77
456 21 18
456 21 18
456 105 28
456 105 28
457 67 84
457 67 84
457 99 82
457 99 82
458 59 27
458 59 27
458 72 42
458 72 42
459 22 103
459 34 103
459 82 103
459 87 55
459 87 55
459 94 99
459 94 99
459 110 50
459 110 26
459 110 93
460 32 71
460 32 71
460 89 34
460 89 34
461 67 104
461 67 104
461 77 74
461 77 48
461 77 88
461 86 31
461 86 31
462 29 106
462 29 106
462 36 76
462 36 76
463 35 105
463 35 105
463 86 48
463 86 48
464 95 104
464 95 104
464 107 30
464 107 30
465 63 36
465 63 36
465 103 63
465 103 63
466 52 85
466 52 85
466 82 87
466 82 87
467 39 72
467 39 72
467 58 91
467 58 91
468 63 45
468 63 45
468 103 106
468 103 106
469 27 53
469 27 53
469 97 55
469 97 55
470 87 25
470 87 25
470 110 49
470 110 49
471 39 51
471 39 51
471 104 49
471 104 49
472 34 80
472 34 80
472 49 59
472 49 59
473 18 92
473 18 92
473 70 101
473 70 101
474 38 105
474 38 105
474 81 96
474 81 96
474 111 22
474 111 44
474 111 30
475 63 64
475 63 64
475 104 70
475 104 70
476 19 56
476 19 56
476 45 76
476 45 76
477 39 95
477 39 62
477 39 52
477 63 79
477 63 79
477 74 31
477 74 31
477 109 112
477 109 112
478 39 43
478 39 43
478 47 40
478 47 40
478 91 26
478 91 29
478 91 93
479 52 31
479 52 31
479 60 92
479 60 92
480 86 76
480 86 76
480 88 96
480 88 96
481 70 61
481 70 61
481 100 19
481 100 19
481 113 87
481 113 29
481 113 75
482 44 35
482 44 35
482 76 115
482 90 69
482 90 69
482 114 76
482 114 115
483 43 98
483 43 94
483 43 102
483 56 60
483 56 60
483 99 28
483 99 28
484 21 59
484 21 59
484 108 70
484 108 70
485 41 115
485 41 115
485 109 67
485 109 67
486 28 29
486 28 29
486 33 18
486 33 18
487 22 105
487 22 105
487 95 112
487 95 112
487 107 90
487 107 54
487 107 61
488 18 99
488 18 34
488 18 50
488 51 109
488 51 109
488 94 52
488 94 52
489 75 67
489 75 51
489 75 107
489 79 97
489 79 97
489 99 21
489 99 21
490 99 23
490 99 23
490 108 50
490 108 50
491 45 110
491 45 110
491 76 29
491 76 29
492 24 94
492 24 94
492 72 38
492 72 31
492 72 45
492 104 61
492 104 61
492 116 94
492 116 71
492 116 59
493 92 89
493 92 89
493 93 100
493 93 100
494 56 89
494 56 89
494 69 55
494 69 55
494 117 118
494 117 46
494 117 93
495 31 107
495 31 107
495 101 25
495 101 25
496 107 83
496 107 83
496 111 23
496 111 23
497 80 78
497 80 78
497 96 46
497 96 46
498 23 24
498 23 44
498 23 49
498 79 62
498 79 62
498 110 94
498 110 94
499 61 97
499 61 97
499 71 35
499 71 35
500 66 40
500 66 40
500 74 39
500 74 39
501 59 23
501 59 23
501 107 46
501 107 46
502 50 26
502 50 26
502 99 54
502 99 54
502 119 36
502 119 40
502 119 29
503 46 96
503 82 34
503 82 34
503 100 93
503 100 69
503 100 65
503 102 46
503 102 96
503 111 24
503 111 24
504 25 106
504 25 106
504 105 77
504 105 77
504 120 55
504 120 107
504 120 77
505 26 59
505 26 59
505 89 67
505 89 67
506 61 103
506 61 103
506 104 63
506 104 63
507 32 79
507 32 79
507 71 87
507 71 87
508 83 102
508 83 102
508 120 31
508 120 31
509 21 83
509 21 83
509 45 70
509 45 37
509 45 114
509 117 76
509 117 76
510 39 108
510 39 108
510 105 72
510 105 72
511 66 49
511 66 49
511 113 40
511 113 40
512 62 39
512 62 39
512 67 64
512 67 64
513 28 89
513 28 89
513 75 93
513 75 93
514 97 61
514 97 61
514 106 43
514 106 43
515 37 91
515 73 52
515 73 52
515 96 65
515 96 81
515 96 51
515 97 91
515 101 91
515 102 30
515 102 30
516 103 59
516 103 59
516 111 105
516 111 105
517 29 76
517 29 76
517 60 41
517 60 41
518 53 89
518 53 89
518 116 59
518 116 59
519 40 29
519 40 29
519 41 50
519 41 117
519 41 44
519 51 121
519 51 121
519 88 120
519 88 120
520 39 48
520 39 48
520 68 26
520 68 26
521 52 109
521 52 109
521 63 90
521 63 90
522 52 53
522 52 53
522 92 122
522 92 122
522 100 113
522 100 113
523 47 48
523 49 48
523 60 63
523 60 63
523 66 48
523 69 114
523 69 114
524 29 59
524 29 59
524 37 52
524 37 84
524 37 107
524 49 83
524 49 83
525 99 83
525 99 83
525 112 45
525 112 45
526 71 111
526 71 111
526 122 51
526 122 51
527 72 30
527 72 30
527 91 70
527 91 70
528 23 36
528 23 36
528 52 59
528 52 59
529 74 94
529 74 94
529 104 57
529 104 57
530 27 29
530 27 29
530 29 106
530 29 106
530 90 42
530 90 61
530 90 73
531 70 42
531 70 42
531 113 87
531 113 87
531 123 124
531 123 37
531 123 84
532 74 116
532 74 116
532 94 73
532 94 73
533 24 59
533 24 59
533 48 35
533 48 35
534 31 72
534 31 72
534 35 67
534 35 67
535 38 41
535 38 29
535 38 64
535 68 19
535 68 19
535 113 58
535 113 58
536 77 118
536 77 118
536 118 91
536 118 91
537 52 124
537 52 124
537 65 123
537 65 123
537 73 60
537 73 29
537 73 41
538 24 98
538 24 98
538 84 103
538 84 100
538 84 25
538 98 23
538 98 23
539 81 33
539 81 33
539 104 89
539 104 89
540 104 46
540 104 46
540 114 64
540 114 64
541 89 106
541 89 106
541 120 87
541 120 87
542 61 118
542 61 118
542 97 67
542 97 67
543 32 58
543 32 58
543 122 54
543 122 54
544 46 54
544 46 54
544 92 49
544 92 49
544 125 97
544 125 89
544 125 72
545 43 89
545 43 89
545 67 90
545 94 46
545 94 46
545 103 67
545 103 90
546 91 114
546 91 114
546 99 58
546 99 58
547 40 124
547 40 124
547 114 112
547 114 40
547 114 19
547 121 110
547 121 110
548 74 120
548 74 120
548 81 39
548 81 39
549 42 116
549 42 116
549 111 66
549 111 66
550 38 114
550 38 114
550 117 60
550 117 60
551 34 60
551 34 60
551 60 126
551 60 126
551 73 45
551 73 45
552 35 53
552 35 53
552 109 81
552 109 81
552 124 107
552 124 18
552 124 94
553 82 85
553 82 85
553 107 23
553 107 23
554 55 92
554 55 92
554 58 122
554 58 122
555 59 96
555 59 96
555 77 96
555 77 96
556 30 42
556 30 42
556 95 39
556 103 95
556 103 39
556 121 62
556 121 62
557 44 101
557 44 101
557 66 46
557 66 46
558 62 67
558 62 91
558 62 73
558 73 48
558 73 48
558 77 89
558 77 89
559 21 49
559 21 49
559 46 45
559 46 45
559 84 90
559 84 48
559 84 113
559 91 127
559 91 127
560 73 107
560 73 107
560 86 57
560 86 57
561 87 42
561 87 42
561 94 127
561 94 127
562 72 85
562 72 85
562 119 35
562 119 35
562 126 36
562 126 60
562 126 73
563 80 99
563 80 99
563 92 66
563 92 74
563 92 91
563 127 22
563 127 22
564 51 112
564 51 112
564 88 99
564 88 99
565 34 73
565 34 73
565 82 55
565 82 55
566 48 127
566 48 127
566 126 23
566 126 23
566 127 128
566 127 128
567 40 45
567 40 45
567 74 44
567 74 44
568 57 28
568 57 28
568 57 94
568 57 94
569 30 126
569 30 126
569 95 124
569 95 124
570 18 100
570 42 90
570 42 90
570 55 18
570 55 100
570 68 48
570 68 48
571 28 84
571 28 84
571 127 62
571 127 62
572 56 36
572 56 36
572 101 66
572 101 66
573 78 68
573 78 68
573 95 88
573 95 88
574 93 37
574 93 110
574 93 111
574 108 23
574 108 23
574 118 90
574 118 90
574 129 63
574 129 18
574 129 34
575 58 127
575 58 127
575 60 70
575 60 116
575 70 116
575 93 67
575 93 67
575 130 85
575 130 59
575 130 101
576 24 89
576 24 89
576 109 45
576 109 45
576 109 124
576 109 60
576 109 91
577 41 74
577 41 74
577 118 33
577 118 33
577 130 131
577 130 131
578 56 77
578 56 77
578 93 31
578 93 31
579 24 62
579 24 62
579 31 116
579 31 116
580 22 94
580 22 94
580 91 40
580 91 40
580 119 80
580 132 119
580 132 80
581 69 44
581 69 44
581 93 102
581 93 102
582 49 83
582 49 83
582 82 43
582 82 43
583 47 73
583 47 73
583 85 66
583 85 66
584 92 19
584 92 19
584 103 97
584 103 97
585 89 79
585 89 67
585 89 64
585 98 49
585 98 49
585 129 49
585 129 49
586 24 47
586 24 47
586 50 36
586 50 36
587 26 45
587 26 45
587 74 83
587 74 83
588 63 123
588 63 123
588 88 100
588 88 100
589 56 30
589 56 30
589 59 112
589 59 112
590 39 104
590 39 104
590 52 23
590 52 23
591 38 31
591 38 31
591 72 125
591 72 125
592 33 36
592 33 36
592 45 58
592 45 58
593 26 36
593 26 36
593 130 26
593 130 26
594 27 62
594 27 62
594 100 62
594 100 62
595 55 69
595 55 69
595 128 99
595 128 99
596 45 119
596 45 119
596 48 74
596 48 74
597 107 110
597 107 110
597 126 81
597 126 81
598 21 74
598 21 74
598 49 69
598 49 69
598 133 116
598 133 41
598 133 101
599 50 29
599 50 29
599 75 27
599 75 27
600 27 78
600 27 78
600 38 126
600 38 126
601 32 126
601 32 114
601 32 65
601 97 107
601 97 107
601 112 70
601 112 70
602 84 43
602 84 43
602 113 111
602 113 111
603 33 105
603 33 105
603 35 68
603 35 68
603 125 58
603 125 55
603 125 83
604 81 82
604 81 82
604 102 25
604 102 25
604 107 38
604 107 111
604 107 94
605 58 49
605 58 49
605 63 84
605 63 84
605 111 113
605 111 85
605 111 25
606 22 77
606 22 77
606 35 120
606 35 120
606 127 105
606 127 97
606 127 88
607 49 74
607 49 86
607 74 86
607 88 50
607 88 50
607 114 48
607 114 48
608 19 96
608 19 96
608 57 50
608 57 50
609 57 117
609 57 117
609 123 83
609 123 83
610 55 81
610 55 81
610 117 60
610 117 60
611 28 46
611 28 46
611 78 82
611 78 82
611 81 21
611 81 42
611 81 87
612 42 75
612 42 75
612 111 107
612 111 107
612 134 135
612 134 135
613 47 98
613 47 98
613 105 67
613 105 67
614 65 134
614 65 134
614 101 121
614 101 58
614 101 49
614 129 99
614 129 99
615 52 79
615 52 79
615 75 50
615 75 50
616 41 74
616 41 74
616 121 57
616 121 57
617 48 73
617 48 73
617 70 96
617 70 87
617 70 64
617 89 94
617 89 94
617 136 27
617 136 35
617 136 62
618 67 99
618 67 121
618 67 108
618 75 119
618 75 119
618 108 40
618 108 40
619 30 22
619 30 22
619 110 57
619 110 57
620 50 57
620 50 57
620 73 78
620 73 78
620 91 40
620 91 54
620 91 88
621 74 27
621 74 27
621 104 42
621 104 42
622 32 52
622 32 52
622 97 133
622 97 133
623 50 19
623 50 19
623 74 35
623 74 35
623 114 40
623 114 83
623 114 93
624 49 21
624 49 21
624 118 84
624 118 84
625 29 126
625 29 54
625 97 24
625 97 24
625 98 58
625 98 58
625 126 54
625 127 84
625 127 68
625 127 33
626 80 55
626 80 55
626 92 93
626 92 93
627 57 38
627 57 123
627 57 120
627 69 26
627 69 26
627 111 127
627 111 127
628 56 32
628 56 32
628 61 65
628 61 65
629 93 124
629 93 126
629 93 28
629 125 52
629 125 52
629 136 94
629 136 94
630 72 125
630 72 125
630 106 128
630 106 128
630 106 59
630 106 58
630 106 94
631 41 27
631 41 27
631 94 46
631 94 46
632 50 132
632 50 132
632 133 95
632 133 95
633 35 37
633 35 37
633 74 46
633 74 46
634 66 26
634 66 26
634 77 66
634 77 66
635 55 128
635 55 128
635 89 131
635 89 131
636 34 83
636 34 83
636 106 101
636 106 101
637 93 84
637 93 84
637 120 48
637 120 48
638 99 24
638 99 24
638 117 118
638 117 118
639 23 87
639 23 87
639 75 46
639 75 46
640 51 50
640 51 50
640 61 104
640 61 104
641 50 52
641 50 52
641 128 51
641 128 51
642 18 31
642 18 104
642 18 84
642 80 104
642 80 104
642 84 108
642 84 108
643 38 59
643 38 59
643 112 58
643 112 58
644 51 71
644 51 71
644 98 137
644 98 137
644 120 58
644 120 58
645 61 43
645 61 43
645 63 64
645 63 64
646 22 111
646 22 111
646 72 120
646 72 120
647 37 46
647 37 46
647 79 94
647 79 94
648 79 49
648 79 49
648 104 55
648 104 55
649 37 75
649 37 75
649 110 126
649 110 130
649 110 43
649 131 24
649 131 24
650 22 100
650 22 100
650 136 137
650 136 137
651 32 52
651 32 52
651 84 22
651 84 22
652 84 74
652 84 74
652 124 69
652 124 69
653 63 137
653 63 137
653 99 128
653 99 128
654 64 123
654 64 123
654 107 62
654 107 62
655 41 29
655 41 29
655 102 105
655 102 105
655 134 58
655 134 43
655 134 96
656 49 111
656 49 111
656 90 134
656 90 134
657 25 104
657 25 104
657 118 84
657 118 84
658 64 112
658 64 112
658 109 21
658 109 21
659 59 72
659 59 72
659 68 44
659 68 44
660 62 76
660 62 48
660 65 95
660 65 95
660 76 48
660 106 97
660 106 97
661 94 127
661 94 127
661 112 67
661 112 67
662 29 107
662 29 107
662 93 70
662 93 70
663 74 58
663 74 58
663 75 64
663 75 64
664 30 19
664 30 19
664 96 130
664 96 130
665 80 81
665 80 101
665 80 24
665 132 32
665 132 32
665 137 105
665 137 105
666 56 25
666 56 25
666 123 46
666 123 46
667 44 109
667 44 109
667 137 102
667 137 102
668 19 114
668 19 114
668 122 89
668 122 89
669 69 42
669 69 42
669 115 133
669 115 133
670 114 47
670 114 47
670 127 131
670 127 131
670 138 101
670 138 72
670 138 51
671 39 139
671 39 139
671 99 45
671 99 45
671 112 84
671 112 84
672 51 55
672 51 55
672 124 104
672 124 104
673 108 68
673 108 68
673 139 115
673 139 115
674 69 89
674 69 89
674 77 46
674 77 46
675 36 94
675 36 94
675 127 33
675 127 33
676 66 136
676 66 136
676 96 100
676 96 100
676 140 23
676 140 48
676 140 88
677 71 93
677 71 93
677 86 79
677 86 79
678 77 118
678 77 118
678 109 123
678 109 123
679 54 108
679 54 108
679 113 114
679 113 45
679 114 45
679 129 83
679 129 83
680 82 135
680 82 135
680 90 128
680 90 128
681 123 61
681 123 61
681 131 103
681 131 103
682 36 39
682 36 131
682 39 131
682 75 127
682 75 127
682 79 55
682 79 55
683 60 104
683 81 110
683 81 89
683 81 46
683 90 53
683 90 53
683 96 104
683 126 52
683 126 52
683 135 104
684 83 69
684 83 69
684 133 113
684 133 113
685 63 59
685 63 59
685 102 58
685 102 58
685 129 141
685 129 141
686 105 50
686 105 50
686 134 109
686 134 109
687 19 18
687 19 18
687 95 84
687 114 95
687 114 84
687 118 40
687 118 40
687 142 57
687 142 123
687 142 128
688 54 31
688 54 31
688 86 112
688 86 112
689 62 124
689 62 124
689 80 140
689 80 140
690 37 114
690 37 114
690 126 30
690 126 30
691 34 70
691 34 70
691 95 112
691 95 112
692 97 78
692 97 78
692 108 46
692 108 46
692 134 141
692 134 94
692 134 95
693 93 29
693 93 29
693 100 41
693 100 41
694 24 65
694 24 65
694 93 110
694 93 110
694 126 99
694 126 83
694 126 63
695 38 77
695 38 77
695 69 80
695 69 80
696 83 56
696 83 56
696 100 19
696 100 19
697 97 40
697 97 40
697 125 127
697 125 127
698 30 37
698 30 37
698 115 101
698 115 101
699 37 83
699 37 83
699 107 32
699 107 30
699 107 31
699 136 49
699 136 49
700 123 90
700 123 90
700 126 49
700 126 49
701 87 53
701 87 53
701 97 110
701 97 110
702 41 109
702 41 109
702 41 128
702 41 128
703 76 25
703 76 25
703 121 65
703 121 65
704 42 143
704 42 143
704 64 94
704 64 94
704 120 46
704 120 46
705 44 57
705 44 57
705 72 24
705 72 24
706 100 136
706 100 136
706 101 65
706 101 65
707 57 101
707 57 101
707 61 105
707 61 105
708 21 144
708 21 144
708 40 65
708 40 102
708 65 102
708 107 53
708 107 53
708 115 23
708 115 23
709 48 59
709 48 59
709 99 52
709 99 52
710 19 145
710 19 145
710 25 129
710 25 129
710 99 60
710 99 60
711 46 119
711 46 72
711 88 47
711 88 47
711 119 72
711 141 34
711 141 34
712 25 146
712 25 146
712 64 143
712 64 143
712 107 56
712 107 56
713 55 90
713 55 90
713 59 96
713 59 96
714 77 147
714 77 147
714 92 55
714 92 55
714 129 126
714 129 126
715 18 36
715 18 36
715 62 48
715 62 87
715 62 105
715 133 131
715 133 131
716 28 81
716 28 81
716 105 110
716 105 93
716 105 96
716 122 69
716 122 69
717 101 119
717 101 119
717 111 120
717 111 120
718 59 89
718 59 89
718 77 94
718 77 94
719 63 118
719 63 118
719 122 127
719 122 127
720 57 22
720 57 22
720 131 82
720 131 82
721 31 107
721 31 42
721 68 59
721 68 59
721 107 42
721 124 111
721 124 111
722 128 85
722 128 85
722 144 88
722 144 88
723 64 28
723 64 28
723 118 28
723 118 28
724 29 80
724 29 80
724 95 146
724 95 108
724 95 141
724 133 40
724 133 40
725 67 59
725 67 59
725 136 142
725 136 142
726 24 68
726 24 68
726 51 117
726 51 117
727 34 118
727 34 118
727 117 141
727 117 141
728 22 103
728 22 108
728 103 138
728 103 138
728 108 103
728 134 106
728 134 106
729 48 122
729 48 122
729 62 63
729 62 63
730 109 33
730 109 33
730 111 142
730 111 142
731 65 60
731 65 60
731 122 77
731 122 77
732 41 120
732 42 112
732 42 112
732 117 41
732 117 120
732 122 117
732 122 117
733 33 74
733 33 74
733 73 101
733 73 101
734 26 86
734 46 99
734 46 99
734 48 26
734 48 86
734 118 94
734 118 94
735 74 70
735 74 70
735 117 67
735 117 67
735 148 28
735 148 47
735 148 90
736 61 96
736 61 96
736 147 39
736 147 39
737 75 70
737 75 70
737 87 130
737 87 130
737 117 60
737 117 107
737 117 86
738 117 87
738 117 87
738 142 18
738 142 18
739 18 141
739 18 141
739 116 58
739 116 58
740 117 90
740 117 90
740 125 88
740 125 88
741 36 81
741 36 81
741 37 67
741 37 67
742 37 80
742 37 80
742 78 18
742 78 18
742 109 149
742 109 149
743 35 28
743 35 28
743 85 148
743 85 148
744 60 121
744 60 121
744 145 53
744 145 53
745 27 111
745 27 111
745 46 108
745 46 108
746 120 99
746 120 99
746 139 62
746 139 62
747 107 148
747 107 148
747 135 108
747 135 108
748 28 66
748 28 66
748 60 50
748 60 50
749 50 36
749 50 36
749 66 85
749 66 85
750 63 124
750 63 124
750 112 37
750 112 37
751 75 118
751 75 118
751 121 117
751 121 79
751 121 122
751 125 66
751 125 66
752 45 150
752 45 150
752 77 76
752 77 76
752 123 145
752 123 145
753 42 71
753 42 71
753 53 48
753 66 48
753 66 53
753 112 55
753 112 55
753 151 87
753 151 109
753 151 27
754 122 118
754 122 118
754 146 130
754 146 130
755 69 88
755 69 88
755 103 102
755 103 78
755 103 109
755 141 56
755 141 56
756 21 122
756 21 122
756 37 28
756 37 28
756 63 22
756 63 130
756 63 143
757 59 40
757 59 40
757 121 152
757 121 152
757 140 90
757 140 90
758 25 100
758 25 100
758 39 63
758 39 63
759 19 22
759 19 88
759 19 142
759 80 21
759 80 21
759 111 78
759 111 78
760 96 92
760 96 92
760 126 150
760 126 150
760 142 153
760 142 153
761 21 76
761 21 76
761 91 81
761 91 81
762 47 130
762 47 130
762 98 58
762 98 58
763 88 32
763 88 32
763 121 37
763 121 37
764 49 115
764 49 97
764 92 116
764 92 116
764 107 62
764 107 62
764 115 97
765 77 146
765 77 146
765 97 116
765 97 116
766 86 129
766 86 129
766 130 154
766 130 154
766 153 57
766 153 57
767 38 19
767 38 19
767 93 70
767 93 70
767 133 36
767 133 49
767 133 66
767 155 156
767 155 116
767 155 34
768 24 106
768 24 106
768 60 66
768 60 66
769 102 40
769 102 40
769 138 104
769 138 104
770 97 114
770 97 114
770 140 135
770 140 135
771 75 92
771 75 92
771 122 61
771 122 61
771 125 90
771 125 113
771 125 129
772 98 52
772 98 52
772 124 48
772 124 48
773 39 101
773 39 36
773 39 77
773 74 111
773 74 111
773 91 35
773 91 35
774 38 147
774 38 147
774 121 112
774 121 112
775 26 34
775 26 34
775 34 37
775 34 37
775 141 56
775 141 72
775 141 155
776 95 105
776 95 105
776 102 130
776 102 130
777 119 36
777 119 36
777 153 62
777 153 62
778 95 29
778 95 29
778 147 82
778 147 82
779 52 36
779 52 36
779 105 30
779 105 30
780 61 157
780 69 157
780 78 157
780 104 146
780 104 146
780 137 92
780 137 92
781 29 35
781 29 103
781 35 103
781 121 59
781 121 59
781 142 71
781 142 71
782 94 146
782 94 146
782 105 52
782 105 52
783 88 155
783 88 155
783 100 121
783 100 121
784 62 65
784 62 65
784 130 94
784 130 94
785 50 139
785 50 139
785 54 136
785 54 136
786 24 72
786 24 72
786 71 96
786 71 96
787 32 158
787 32 158
787 51 123
787 51 123
787 148 152
787 148 152
787 148 57
787 148 121
787 148 146
788 34 126
788 34 126
788 120 39
788 120 39
789 23 22
789 23 22
789 86 52
789 86 52
790 19 21
790 19 21
790 72 111
790 72 111
790 134 159
790 134 159
791 132 72
791 132 72
791 154 106
791 154 106
792 71 145
792 71 145
792 143 74
792 143 74
793 71 25
793 71 96
793 71 107
793 82 69
793 82 69
793 134 117
793 134 117
794 59 90
794 59 90
794 143 42
794 143 42
794 160 161
794 160 126
794 160 63
795 68 18
795 68 18
795 96 34
795 96 43
795 96 119
795 101 108
795 101 108
796 72 132
796 72 132
796 92 86
796 92 86
797 27 128
797 27 128
797 83 87
797 83 103
797 87 103
797 112 59
797 112 59
798 27 34
798 27 34
798 33 32
798 33 32
799 127 43
799 127 43
799 130 88
799 130 88
800 65 129
800 65 129
800 97 62
800 97 62
801 39 72
801 39 63
801 39 34
801 58 133
801 58 133
801 85 82
801 85 82
802 79 84
802 79 84
802 84 153
802 84 153
803 30 147
803 30 147
803 103 148
803 103 148
804 34 39
804 34 39
804 152 68
804 152 68
804 162 81
804 162 158
804 162 69
805 79 82
805 79 82
805 134 107
805 134 107
806 72 40
806 72 40
806 123 113
806 123 113
807 123 117
807 123 117
807 145 72
807 145 72
808 42 54
808 42 54
808 108 106
808 108 106
809 96 149
809 96 149
809 157 161
809 157 161
810 56 157
810 56 157
810 59 161
810 59 161
810 117 104
810 117 130
810 117 123
811 78 139
811 78 139
811 119 125
811 119 18
811 119 105
811 139 52
811 139 52
811 150 163
811 150 163
812 66 48
812 66 48
812 156 164
812 156 164
812 163 158
812 163 158
813 25 86
813 25 86
813 137 121
813 137 121
814 23 122
814 91 151
814 91 151
814 119 116
814 119 116
814 151 23
814 151 122
815 79 110
815 79 110
815 101 97
815 101 97
815 165 38
815 165 39
815 165 140
816 78 138
816 78 138
816 149 111
816 149 111
817 121 134
817 121 134
817 155 57
817 155 57
818 80 103
818 80 103
818 96 99
818 96 99
819 24 113
819 24 113
819 119 89
819 119 89
820 61 29
820 61 29
820 93 166
820 93 166
820 154 129
820 154 129
821 45 140
821 45 140
821 109 162
821 109 162
821 167 40
821 167 137
821 167 76
822 38 161
822 84 147
822 84 147
822 117 159
822 117 159
822 153 38
822 153 161
823 34 132
823 34 132
823 49 19
823 49 132
823 49 95
823 83 105
823 83 105
823 168 169
823 168 169
824 43 134
824 43 134
824 70 56
824 70 56
825 35 156
825 96 170
825 96 170
825 98 145
825 98 145
825 123 35
825 123 156
825 150 145
825 150 145
826 39 26
826 39 26
826 98 171
826 98 171
826 152 46
826 152 46
826 172 87
826 172 127
826 172 101
827 131 72
827 131 72
827 157 32
827 157 145
827 157 47
827 161 23
827 161 23
828 31 101
828 31 101
828 108 114
828 108 114
829 32 104
829 47 32
829 47 104
829 107 31
829 107 31
829 163 165
829 163 165
830 51 146
830 51 146
830 62 42
830 62 42
831 46 58
831 46 58
831 86 84
831 86 84
832 139 132
832 139 132
832 171 90
832 171 90
833 51 113
833 51 113
833 128 125
833 128 125
834 43 143
834 43 143
834 165 65
834 165 65
834 172 41
834 172 75
834 172 91
834 173 104
834 173 133
834 173 148
835 31 75
835 31 75
835 51 106
835 68 80
835 68 122
835 68 156
835 73 37
835 73 37
835 98 51
835 98 106
836 39 165
836 39 165
836 108 165
836 108 165
836 174 175
836 174 175
837 72 117
837 72 117
837 115 124
837 115 124
838 44 41
838 44 41
838 175 70
838 175 70
838 176 95
838 176 131
838 176 90
839 97 124
839 97 124
839 110 162
839 110 162
839 171 77
839 171 24
839 171 135
840 33 35
840 33 35
840 82 118
840 82 118
840 92 31
840 92 73
840 92 155
841 44 163
841 44 163
841 86 161
841 86 161
842 87 163
842 87 163
842 132 163
842 132 163
843 34 49
843 34 55
843 34 66
843 71 137
843 71 137
843 123 110
843 123 110
844 74 85
844 74 85
844 162 26
844 162 26
845 26 65
845 26 65
845 49 146
845 49 146
846 94 28
846 94 28
846 122 158
846 122 158
847 73 160
847 73 160
847 127 149
847 127 149
848 60 104
848 60 104
848 94 105
848 94 105
848 107 144
848 123 107
848 123 144
849 32 132
849 32 132
849 50 89
849 50 89
850 113 102
850 113 102
850 115 65
850 115 65
851 47 93
851 47 93
851 147 48
851 147 48
852 26 22
852 26 22
852 48 29
852 48 29
853 106 104
853 106 124
853 106 152
853 112 95
853 112 95
853 162 66
853 162 66
854 100 53
854 100 53
854 144 105
854 144 105
855 58 35
855 58 35
855 74 155
855 74 155
856 39 133
856 39 133
856 56 143
856 56 143
857 19 124
857 19 124
857 64 177
857 64 177
857 141 99
857 141 99
858 129 121
858 129 121
858 172 68
858 172 68
859 113 177
859 113 177
859 164 96
859 164 96
860 118 111
860 118 111
860 123 112
860 123 112
861 27 42
861 27 42
861 51 115
861 51 115
862 70 178
862 70 178
862 71 63
862 71 63
862 166 50
862 166 50
863 34 134
863 34 134
863 40 41
863 40 23
863 40 44
863 123 160
863 123 160
864 60 179
864 60 179
864 85 61
864 85 61
864 103 43
864 103 43
865 27 18
865 27 18
865 130 131
865 130 131
866 73 158
866 73 158
866 150 164
866 150 164
867 126 21
867 126 21
867 144 87
867 144 87
867 180 181
867 180 181
868 96 24
868 96 24
868 120 47
868 120 47
869 79 74
869 79 74
869 85 182
869 85 182
869 170 19
869 170 19
870 115 77
870 115 77
870 136 116
870 136 116
871 94 65
871 94 65
871 98 55
871 98 55
872 40 78
872 46 40
872 46 78
872 155 50
872 155 50
872 155 93
872 155 93
873 55 172
873 55 172
873 79 138
873 79 138
874 29 126
874 29 126
874 127 163
874 127 163
875 161 101
875 161 101
875 181 88
875 181 88
876 65 134
876 65 134
876 79 180
876 79 180
876 183 158
876 183 27
876 183 62
877 39 176
877 39 176
877 177 172
877 177 172
878 42 125
878 42 125
878 182 60
878 182 60
879 25 99
879 25 99
879 164 34
879 164 34
880 61 184
880 61 184
880 66 147
880 66 147
880 111 69
880 111 69
881 121 105
881 121 105
881 157 125
881 157 125
882 46 160
882 46 160
882 66 103
882 66 103
882 135 99
882 179 135
882 179 99
882 181 163
882 181 182
882 181 117
883 125 27
883 125 27
883 127 82
883 127 82
884 31 171
884 31 171
884 184 80
884 184 80
885 97 185
885 97 185
885 144 137
885 144 52
885 144 141
885 173 38
885 173 38
885 184 142
885 184 142
886 177 149
886 177 149
886 181 112
886 181 112
887 23 18
887 23 18
887 182 60
887 182 60
888 153 133
888 153 133
888 171 76
888 171 76
889 80 27
889 80 27
889 84 152
889 84 152
890 58 120
890 58 120
890 105 153
890 105 122
890 129 164
890 129 164
890 153 122
891 22 165
891 22 165
891 45 142
891 45 163
891 116 132
891 116 132
891 142 163
892 23 75
892 27 75
892 63 57
892 63 57
892 76 75
892 91 22
892 97 91
892 97 22
892 102 29
892 102 180
892 102 109
892 108 83
892 108 83
893 25 19
893 25 19
893 108 120
893 108 146
893 108 147
893 130 70
893 130 70
894 19 110
894 19 110
894 121 137
894 121 137
895 47 156
895 47 156
895 102 124
895 102 124
896 29 28
896 29 28
896 47 119
896 47 119
897 149 73
897 149 73
897 161 147
897 161 147
898 41 139
898 41 139
898 110 173
898 110 173
899 33 44
899 33 44
899 158 175
899 158 55
899 158 56
899 179 73
899 179 73
900 80 54
900 80 54
900 91 178
900 91 178
901 167 134
901 167 134
901 173 181
901 173 181
902 53 99
902 53 99
902 79 181
902 79 181
903 37 50
903 37 145
903 37 175
903 44 30
903 44 30
903 183 61
903 183 61
904 69 79
904 69 79
904 121 102
904 152 156
904 152 156
904 174 121
904 174 102
905 89 34
905 89 148
905 137 110
905 137 110
905 148 34
905 171 186
905 171 186
905 178 77
905 178 77
905 187 71
905 187 145
905 187 110
906 24 147
906 24 147
906 159 62
906 159 62
906 168 75
906 168 89
906 168 45
907 146 71
907 146 71
907 175 174
907 175 174
907 188 33
907 188 131
907 188 174
908 65 31
908 65 31
908 143 38
908 143 38
909 46 130
909 46 130
909 91 148
909 91 148
910 28 169
910 28 169
910 85 128
910 85 128
911 55 125
911 55 125
911 90 69
911 90 69
911 127 189
911 127 189
912 53 51
912 53 51
912 109 157
912 109 157
913 37 171
913 37 171
913 78 129
913 78 129
914 95 18
914 95 18
914 132 103
914 132 103
915 27 23
915 27 184
915 27 86
915 51 48
915 51 48
915 75 55
915 75 55
916 45 70
916 45 70
916 45 118
916 45 118
917 56 72
917 56 122
917 56 105
917 87 58
917 87 58
917 89 154
917 89 154
918 37 162
918 37 162
918 175 187
918 175 187
919 40 64
919 40 64
919 97 49
919 97 49
920 107 129
920 107 129
920 117 41
920 117 108
920 117 146
920 167 28
920 167 28
921 156 171
921 156 171
921 179 157
921 179 157
922 76 170
922 76 170
922 140 62
922 140 62
923 59 91
923 59 91
923 164 44
923 164 44
924 137 48
924 137 48
924 148 71
924 148 71
925 81 65
925 81 152
925 81 98
925 146 83
925 146 83
925 155 172
925 155 172
926 176 146
926 176 146
926 181 147
926 181 147
927 51 99
927 51 99
927 177 135
927 177 135
928 79 101
928 79 101
928 159 85
928 159 168
928 159 25
928 173 142
928 173 142
928 190 171
928 190 85
928 190 111
929 149 109
929 149 109
929 155 162
929 155 162
930 111 52
930 111 52
930 165 37
930 165 37
931 49 92
931 49 92
931 68 100
931 68 164
931 68 101
931 115 181
931 115 181
932 180 134
932 180 134
932 181 65
932 181 65
933 135 148
933 135 148
933 156 94
933 156 94
934 39 59
934 39 59
934 50 133
934 50 133
935 25 151
935 25 151
935 107 38
935 107 38
935 144 114
935 144 71
935 144 78
936 54 75
936 54 75
936 171 115
936 171 115
937 104 151
937 104 151
937 143 135
937 143 135
938 85 191
938 85 191
938 133 119
938 133 119
938 171 90
938 171 90
938 192 49
938 192 183
938 192 87
939 89 136
939 89 136
939 162 141
939 162 141
940 67 73
940 84 67
940 84 73
940 108 190
940 108 190
940 160 119
940 160 119
941 37 136
941 37 136
941 73 185
941 73 185
942 50 124
942 50 124
942 136 181
942 136 181
943 162 154
943 162 154
943 191 186
943 191 186
944 70 193
944 70 193
944 87 149
944 87 149
944 101 48
944 101 48
945 18 19
945 18 19
945 186 55
945 186 55
946 31 110
946 31 110
946 52 34
946 52 34
947 30 29
947 30 29
947 53 19
947 53 21
947 53 175
947 117 33
947 117 33
947 149 194
947 149 194
948 97 70
948 97 70
948 186 171
948 186 171
949 45 166
949 45 166
949 126 96
949 126 96
950 55 142
950 55 142
950 103 141
950 103 141
951 144 73
951 144 73
951 166 32
951 166 32
952 43 101
952 43 101
952 153 165
952 153 165
953 120 161
953 120 161
953 127 113
953 127 113
954 47 182
954 47 182
954 140 33
954 140 33
955 38 114
955 38 114
955 126 132
955 126 132
955 137 158
955 137 191
955 137 187
956 123 29
956 123 29
956 126 52
956 126 52
957 111 108
957 111 108
957 177 22
957 177 22
958 55 56
958 55 175
958 55 158
958 63 125
958 63 125
958 149 152
958 149 152
959 103 89
959 103 89
959 173 181
959 173 181
960 144 163
960 144 163
960 170 70
960 170 70
961 66 81
961 66 81
961 111 194
961 111 194
962 119 159
962 119 159
962 185 127
962 185 127
963 56 154
963 56 154
963 93 110
963 93 110
964 56 163
964 56 163
964 156 18
964 156 18
965 46 90
965 46 90
965 99 159
965 123 172
965 123 59
965 123 161
965 184 146
965 184 146
965 195 99
965 195 159
966 36 187
966 36 187
966 91 25
966 91 25
967 70 119
967 70 119
967 129 182
967 129 182
968 80 40
968 80 40
968 121 92
968 121 92
969 112 86
969 112 86
969 169 19
969 169 19
970 143 111
970 143 68
970 143 187
970 147 136
970 147 136
970 190 125
970 190 125
971 86 125
971 86 125
971 127 133
971 127 133
972 182 117
972 182 117
972 191 140
972 191 140
973 70 52
973 70 112
973 112 52
973 146 83
973 146 83
973 191 148
973 191 148
974 47 105
974 47 105
974 192 28
974 192 28
975 81 158
975 81 158
975 162 105
975 162 105
976 26 95
976 26 95
976 151 160
976 151 160
977 63 54
977 63 54
977 189 74
977 189 74
978 119 95
978 119 95
978 159 21
978 159 21
979 59 63
979 59 63
979 194 135
979 194 135
980 62 65
980 62 65
980 88 123
980 88 123
981 47 135
981 47 135
981 166 45
981 166 45
981 173 33
981 173 170
981 173 92
982 171 122
982 171 122
982 184 26
982 184 26
983 91 160
983 91 160
983 173 189
983 173 189
984 37 34
984 37 34
984 161 148
984 161 148
985 167 182
985 167 182
985 191 143
985 191 143
986 135 166
986 135 166
986 160 142
986 160 142
987 48 68
987 48 162
987 62 114
987 62 114
987 68 162
987 154 22
987 154 22
987 196 109
987 196 164
987 196 123
988 80 74
988 80 74
988 99 52
988 99 52
989 60 81
989 60 81
989 159 116
989 159 116
990 98 183
990 98 183
990 112 89
990 112 89
991 119 151
991 119 151
991 192 51
991 192 51
992 94 169
992 94 169
992 168 19
992 168 19
993 49 114
993 49 114
993 76 136
993 76 136
993 78 123
993 78 116
993 123 116
994 113 170
994 113 170
994 127 110
994 127 110
995 56 186
995 56 186
995 63 58
995 63 58
995 197 19
995 197 170
995 197 142
996 50 78
996 50 78
996 92 50
996 92 50
997 86 173
997 86 173
997 138 165
997 138 165
998 72 114
998 72 151
998 72 161
998 156 42
998 156 42
998 178 50
998 178 50
999 69 53
999 69 53
999 119 110
999 119 110
1000 39 46
1000 39 46
1000 107 190
1000 107 190
1001 85 125
1001 85 125
1001 117 55
1001 117 55
1002 69 119
1002 69 119
1002 82 118
1002 82 118
1003 32 186
1003 32 186
1003 110 172
1003 110 172
1004 37 197
1004 37 197
1004 47 189
1004 47 189
1005 146 77
1005 146 77
1005 155 160
1005 155 160
1006 43 157
1006 43 197
1006 101 26
1006 101 26
1006 157 197
1006 181 25
1006 181 25
1007 74 122
1007 74 122
1007 159 185
1007 159 185
1008 82 166
1008 82 166
1008 192 88
1008 192 88
1009 51 70
1009 51 70
1009 102 76
1009 102 42
1009 102 150
1009 122 179
1009 122 179
1010 42 47
1010 42 47
1010 53 151
1010 53 151
1011 21 54
1011 21 54
1011 45 198
1011 45 198
1011 175 48
1011 175 48
1012 59 136
1012 59 136
1012 92 198
1012 92 198
1013 125 29
1013 136 125
1013 136 29
1013 164 103
1013 164 103
1013 193 64
1013 193 64
1014 101 154
1014 101 154
1014 108 137
1014 108 137
1015 25 70
1015 27 199
1015 27 199
1015 32 145
1015 32 145
1015 72 149
1015 72 149
1015 113 70
1015 194 70
1016 24 114
1016 24 114
1016 73 48
1016 73 48
1017 83 85
1017 83 85
1017 83 190
1017 83 190
1017 188 145
1017 188 153
1017 188 37
1018 86 103
1018 86 103
1018 137 56
1018 137 56
1019 78 200
1019 78 200
1019 128 132
1019 128 132
1019 165 19
1019 165 19
1020 85 165
1020 85 165
1020 191 150
1020 191 150
1021 118 178
1021 118 178
1021 172 124
1021 172 124
1022 30 38
1022 30 38
1022 52 43
1022 52 183
1022 52 39
1022 64 183
1022 100 63
1022 100 63
1022 113 201
1022 113 201
1022 202 64
1022 202 183
1023 59 194
1023 59 194
1023 109 161
1023 109 161
1024 76 66
1024 76 66
1024 152 161
1024 152 161
1025 38 48
1025 38 195
1025 38 152
1025 41 112
1025 41 112
1025 77 203
1025 77 203
1025 174 104
1025 174 104
1026 34 81
1026 34 81
1026 173 104
1026 173 104
1026 204 62
1026 204 136
1026 204 150
1027 63 55
1027 63 55
1027 133 22
1027 133 22
1028 24 162
1028 24 162
1028 88 164
1028 88 144
1028 88 103
1028 183 31
1028 183 31
1029 52 158
1029 52 158
1029 88 187
1029 88 187
1029 118 205
1029 118 205
1029 206 76
1029 206 125
1029 206 140
1030 96 87
1030 96 87
1030 204 65
1030 204 65
1031 95 96
1031 95 96
1031 119 162
1031 119 162
1032 201 181
1032 201 181
1032 206 60
1032 206 60
1033 84 28
1033 84 28
1033 173 183
1033 173 183
1033 207 192
1033 207 101
1033 207 38
1034 140 175
1034 140 175
1034 156 60
1034 156 60
1035 168 60
1035 168 60
1035 177 47
1035 177 47
1036 63 108
1036 63 44
1036 63 67
1036 70 170
1036 70 170
1036 135 202
1036 135 202
1037 100 101
1037 100 101
1037 126 141
1037 126 141
1037 129 126
1037 129 125
1037 129 31
1038 101 62
1038 101 62
1038 169 65
1038 169 65
1039 86 101
1039 86 101
1039 149 208
1039 149 208
1039 154 95
1039 154 95
1040 179 43
1040 179 43
1040 208 149
1040 208 149
1041 105 88
1041 105 88
1041 161 26
1041 161 26
1042 32 104
1042 32 104
1042 206 147
1042 206 147
1043 99 85
1043 99 85
1043 190 138
1043 190 138
1044 59 62
1044 59 62
1044 174 50
1044 178 93
1044 178 93
1044 209 174
1044 209 50
