0 13 14
0 13 14
1 14 13
1 14 13
1 14 13
1 14 13
2 13 14
2 13 14
2 14 13
2 14 13
3 13 14
3 13 14
3 13 14
3 13 14
4 14 13
4 14 13
4 14 13
4 14 13
5 13 14
5 13 14
5 14 13
5 14 13
6 14 13
6 14 13
6 14 13
6 14 13
7 13 14
7 13 14
7 14 13
7 14 13
8 13 14
8 13 14
8 14 13
8 14 13
9 13 14
9 13 14
9 14 13
9 14 13
10 13 14
10 13 14
10 14 13
10 14 13
11 14 13
11 14 13
11 14 13
11 14 13
12 13 14
12 13 14
12 13 14
12 13 14
13 13 14
13 13 14
13 14 13
13 14 13
13 15 16
13 15 14
13 15 13
14 13 16
14 13 16
14 15 14
14 15 14
15 14 15
15 14 15
15 14 15
15 14 15
16 13 14
16 13 14
16 13 15
16 13 15
16 17 16
16 17 13
16 17 15
17 13 14
17 13 15
17 13 17
17 13 17
17 14 17
17 15 13
17 15 13
17 16 17
17 17 15
17 17 15
18 14 13
18 14 13
18 17 16
18 17 13
18 17 15
18 17 15
18 17 15
18 17 18
18 17 18
19 15 16
19 15 16
19 15 18
19 15 18
20 14 16
20 14 16
20 15 13
20 15 13
21 18 13
21 18 13
21 18 13
21 18 15
21 18 15
21 18 14
21 18 17
22 15 18
22 15 18
22 17 15
22 17 15
23 13 16
23 16 14
23 16 14
23 17 16
23 17 16
23 17 18
23 17 14
23 18 13
23 18 13
23 18 16
24 13 14
24 13 14
24 17 18
24 17 18
25 14 13
25 14 17
25 16 13
25 16 13
25 17 16
25 17 16
25 17 13
26 13 18
26 13 18
26 14 17
26 14 17
27 14 13
27 14 13
27 14 18
27 14 18
28 14 13
28 14 13
28 16 17
28 16 17
29 14 15
29 16 13
29 16 13
29 17 15
29 17 15
29 17 15
29 17 14
30 13 14
30 13 14
30 14 13
30 14 16
30 16 13
30 17 15
30 17 15
31 14 18
31 14 18
31 18 14
31 18 14
32 13 17
32 13 17
32 18 13
32 18 13
32 18 19
32 18 19
33 14 15
33 14 15
33 14 15
33 14 18
33 14 19
33 16 15
33 16 15
34 13 18
34 13 18
34 17 18
34 17 18
34 18 13
34 18 14
34 18 16
34 20 13
34 20 17
34 20 14
35 17 16
35 17 16
35 19 13
35 19 13
36 13 20
36 13 20
36 14 20
36 14 20
36 16 18
36 16 19
36 16 20
37 13 18
37 13 18
37 18 19
37 18 19
38 14 19
38 14 19
38 17 18
38 17 18
39 14 13
39 14 16
39 14 20
39 18 15
39 18 15
39 20 17
39 20 17
40 16 14
40 16 14
40 17 16
40 17 15
40 17 19
40 19 15
40 19 15
41 20 13
41 20 17
41 20 14
41 20 14
41 20 18
41 20 18
41 20 18
42 15 18
42 15 18
42 19 20
42 19 20
43 13 17
43 13 17
43 20 17
43 20 17
44 15 14
44 15 14
44 15 17
44 15 17
44 20 13
44 20 16
44 20 15
45 13 14
45 13 14
45 14 15
45 14 15
45 21 22
45 21 19
45 21 20
46 14 17
46 14 17
46 18 20
46 18 20
47 13 15
47 13 15
47 15 18
47 17 15
47 17 18
47 18 17
47 18 17
48 13 23
48 13 23
48 13 21
48 13 21
48 18 22
48 18 22
49 14 21
49 14 21
49 15 22
49 15 22
50 14 16
50 14 16
50 15 18
50 15 18
51 14 22
51 14 22
51 19 24
51 19 24
51 20 22
51 20 22
52 15 16
52 15 16
52 20 13
52 20 13
53 14 15
53 14 15
53 18 15
53 18 14
53 18 21
53 23 22
53 23 22
54 20 24
54 20 24
54 23 24
54 23 24
55 14 20
55 14 20
55 20 18
55 20 18
56 15 18
56 15 18
56 22 21
56 22 21
57 14 13
57 14 13
57 17 15
57 17 15
58 14 21
58 14 21
58 18 15
58 18 15
59 14 15
59 14 15
59 17 18
59 17 18
60 13 22
60 13 22
60 16 18
60 16 18
61 14 13
61 14 20
61 14 22
61 22 16
61 22 16
61 24 13
61 24 13
61 25 23
61 25 20
61 25 13
62 15 16
62 15 16
62 25 23
62 25 23
63 14 13
63 14 13
63 22 23
63 22 23
64 13 22
64 13 22
64 24 18
64 24 18
65 16 17
65 16 17
65 19 23
65 19 23
66 14 13
66 14 13
66 15 24
66 15 24
67 18 21
67 18 21
67 22 16
67 22 16
68 13 17
68 13 17
68 21 25
68 21 13
68 24 17
68 24 17
68 25 13
68 26 24
68 26 19
68 26 20
69 18 19
69 18 19
69 25 21
69 25 21
70 15 20
70 15 20
70 17 25
70 17 25
71 17 23
71 17 23
71 21 19
71 21 23
71 21 15
71 24 19
71 24 19
72 21 26
72 21 26
72 24 25
72 24 25
73 16 15
73 16 15
73 22 23
73 22 26
73 22 26
73 22 24
73 23 24
73 27 26
73 27 20
73 27 25
74 14 20
74 14 20
74 22 13
74 22 13
75 16 22
75 16 22
75 23 26
75 23 26
76 14 20
76 14 20
76 18 26
76 18 26
76 21 26
76 21 16
76 21 17
77 15 19
77 15 19
77 20 22
77 20 22
78 13 14
78 17 14
78 18 22
78 18 22
78 21 13
78 21 13
78 24 14
79 22 13
79 22 13
79 22 20
79 22 20
80 22 27
80 22 27
80 23 27
80 23 27
81 13 21
81 13 21
81 20 13
81 20 13
81 27 15
81 27 14
81 27 13
82 13 23
82 13 23
82 17 16
82 17 13
82 17 21
82 18 15
82 18 15
83 15 21
83 15 21
83 26 17
83 26 17
84 13 18
84 13 18
84 13 24
84 13 24
85 18 16
85 18 16
85 22 13
85 22 13
86 13 26
86 13 26
86 18 23
86 18 23
87 16 22
87 16 22
87 18 22
87 18 22
87 19 25
87 23 19
87 23 25
88 14 15
88 14 15
88 16 22
88 16 22
89 17 26
89 17 26
89 22 13
89 22 13
89 24 28
89 24 28
90 18 19
90 18 19
90 22 23
90 22 23
91 18 16
91 18 16
91 22 16
91 22 16
92 20 21
92 20 21
92 26 17
92 26 17
93 18 26
93 18 26
93 28 27
93 28 27
94 17 28
94 17 28
94 18 21
94 18 21
95 18 27
95 18 27
95 24 15
95 24 15
96 16 17
96 16 17
96 18 13
96 18 14
96 18 22
96 27 22
96 27 22
97 21 17
97 21 17
97 25 15
97 25 15
98 13 14
98 13 14
98 26 27
98 26 27
99 17 19
99 17 19
99 25 17
99 25 17
100 17 28
100 17 28
100 20 29
100 20 29
100 25 20
100 25 20
100 28 25
100 28 23
100 28 24
101 25 21
101 25 21
101 28 14
101 28 14
102 13 15
102 13 15
102 20 18
102 20 16
102 20 22
102 29 20
102 29 20
103 14 29
103 14 29
103 16 17
103 16 17
104 15 27
104 15 27
104 16 17
104 16 17
105 19 24
105 19 24
105 28 24
105 28 24
106 16 17
106 16 17
106 26 19
106 26 17
106 26 21
106 27 22
106 27 22
107 14 27
107 14 27
107 15 14
107 15 23
107 16 17
107 16 13
107 16 23
107 17 18
107 17 18
107 23 14
107 30 27
107 30 23
107 30 28
108 13 21
108 13 21
108 24 20
108 24 20
109 16 19
109 16 19
109 26 28
109 26 28
110 16 27
110 16 27
110 27 18
110 27 18
111 18 14
111 18 14
111 18 28
111 18 28
112 13 30
112 13 30
112 24 13
112 24 13
113 18 14
113 18 19
113 18 25
113 23 17
113 23 17
113 24 26
113 24 26
114 19 29
114 19 29
114 24 30
114 24 30
115 23 25
115 23 25
115 30 28
115 30 28
116 20 27
116 20 27
116 22 24
116 28 16
116 28 16
116 30 22
116 30 24
117 16 28
117 16 28
117 27 22
117 27 22
118 14 27
118 14 27
118 27 21
118 27 21
119 21 20
119 21 20
119 30 25
119 30 25
120 13 25
120 13 25
120 21 30
120 21 30
121 19 16
121 19 16
121 30 15
121 30 15
122 16 27
122 16 27
122 27 19
122 27 19
123 18 29
123 18 29
123 28 21
123 28 21
124 18 26
124 18 26
124 27 19
124 27 19
125 18 19
125 18 19
125 20 15
125 20 15
126 14 27
126 14 27
126 20 19
126 20 19
127 13 29
127 13 29
127 25 15
127 25 15
128 13 21
128 13 21
128 24 25
128 24 25
129 17 18
129 17 18
129 23 19
129 23 19
130 13 17
130 13 20
130 13 26
130 27 28
130 27 28
130 29 14
130 29 14
131 13 16
131 13 21
131 13 28
131 20 26
131 20 26
131 23 19
131 23 19
132 18 16
132 18 19
132 18 21
132 20 21
132 20 21
132 28 27
132 28 27
133 15 29
133 15 29
133 24 18
133 24 18
133 26 31
133 26 31
134 15 22
134 15 22
134 28 21
134 28 21
134 32 25
134 32 29
134 32 24
135 20 15
135 20 15
135 20 30
135 20 30
136 20 16
136 20 16
136 32 18
136 32 18
137 19 20
137 19 20
137 22 19
137 22 19
138 22 18
138 22 18
138 26 25
138 26 25
139 26 30
139 26 30
139 28 30
139 28 30
140 17 30
140 17 30
140 18 17
140 18 17
141 19 21
141 19 21
141 23 31
141 23 31
142 21 32
142 21 32
142 32 24
142 32 24
143 14 15
143 14 27
143 15 27
143 24 18
143 24 18
143 26 27
143 26 27
144 13 14
144 13 14
144 18 13
144 18 13
145 25 26
145 25 26
145 26 29
145 26 29
146 19 25
146 19 25
146 23 27
146 23 27
147 25 20
147 25 20
147 27 21
147 27 21
148 13 14
148 13 22
148 13 31
148 13 31
148 13 27
148 32 21
148 32 21
149 13 25
149 13 25
149 31 32
149 31 32
150 22 29
150 22 29
150 29 31
150 29 31
151 20 24
151 20 24
151 22 13
151 22 17
151 22 32
151 31 21
151 31 21
151 33 31
151 33 27
151 33 32
152 21 25
152 21 26
152 21 14
152 22 20
152 22 20
152 26 22
152 26 22
152 34 35
152 34 35
153 32 18
153 32 15
153 32 13
153 34 20
153 34 20
153 35 25
153 35 25
154 26 13
154 26 13
154 26 33
154 26 33
155 25 17
155 25 24
155 25 35
155 26 27
155 26 27
155 28 27
155 28 27
156 23 29
156 23 29
156 31 21
156 31 21
157 23 24
157 23 24
157 29 15
157 29 15
158 33 31
158 33 31
158 33 32
158 33 32
159 15 13
159 15 13
159 23 20
159 23 20
160 14 20
160 14 20
160 15 16
160 15 17
160 15 27
160 22 25
160 22 25
161 20 14
161 20 14
161 29 19
161 29 19
161 34 20
161 34 30
161 34 21
162 13 19
162 13 19
162 18 13
162 18 13
162 20 36
162 20 36
163 15 23
163 19 29
163 19 29
163 24 18
163 24 25
163 24 15
163 25 17
163 25 35
163 27 16
163 27 16
163 32 23
163 33 23
163 35 17
164 13 24
164 13 24
164 20 15
164 20 15
165 19 36
165 19 36
165 32 34
165 32 34
165 37 34
165 37 29
165 37 23
166 22 26
166 22 24
166 22 31
166 24 13
166 24 13
166 36 24
166 36 24
167 25 33
167 25 33
167 27 21
167 27 21
167 37 38
167 37 38
168 13 15
168 13 15
168 27 30
168 27 30
169 24 32
169 24 32
169 35 26
169 35 26
170 13 14
170 13 14
170 15 32
170 15 32
171 14 18
171 14 18
171 35 33
171 35 33
172 18 32
172 18 32
172 22 16
172 22 16
173 32 29
173 32 29
173 32 17
173 32 17
174 19 20
174 19 25
174 19 26
174 26 15
174 26 15
174 27 33
174 27 33
175 29 35
175 29 35
175 35 29
175 35 29
175 35 31
175 35 21
175 35 27
176 19 32
176 19 32
176 30 19
176 30 19
176 33 39
176 33 39
176 35 24
176 35 36
176 35 37
177 14 29
177 14 29
177 27 16
177 27 34
177 27 37
177 32 28
177 32 28
178 15 19
178 15 19
178 15 39
178 15 39
179 20 35
179 20 35
179 37 35
179 37 35
180 17 40
180 17 40
180 23 15
180 23 15
180 37 21
180 37 21
181 17 38
181 17 38
181 25 36
181 25 36
182 14 31
182 14 31
182 39 36
182 39 36
183 30 16
183 30 16
183 37 26
183 37 26
184 14 22
184 14 22
184 37 14
184 37 14
185 18 21
185 18 21
185 24 26
185 24 26
185 32 29
185 32 18
185 32 14
186 24 26
186 24 26
186 38 19
186 38 19
187 35 36
187 35 36
187 40 31
187 40 31
188 17 14
188 17 14
188 27 23
188 27 23
189 30 26
189 30 26
189 33 40
189 33 40
190 14 24
190 14 24
190 29 31
190 29 31
190 31 41
190 31 41
191 18 34
191 18 34
191 20 22
191 20 22
191 21 41
191 21 33
191 21 37
192 15 39
192 15 39
192 31 32
192 31 32
193 29 15
193 29 15
193 36 23
193 36 14
193 36 25
193 37 14
193 37 14
194 22 33
194 22 33
194 25 33
194 25 33
195 21 22
195 21 22
195 35 19
195 35 19
195 38 42
195 38 42
196 20 28
196 20 28
196 36 14
196 36 14
197 25 26
197 25 26
197 33 39
197 33 39
198 30 15
198 30 15
198 31 37
198 35 31
198 35 37
198 41 13
198 41 13
199 14 15
199 14 15
199 15 29
199 15 29
200 15 16
200 15 16
200 32 39
200 32 39
200 43 35
200 43 13
200 43 36
201 33 17
201 33 17
201 39 32
201 39 32
202 19 43
202 19 43
202 26 20
202 26 20
203 14 43
203 14 43
203 30 44
203 30 44
203 34 39
203 34 39
204 14 15
204 14 15
204 40 41
204 40 41
205 17 21
205 17 21
205 32 35
205 32 35
206 21 16
206 21 16
206 34 18
206 34 18
207 22 19
207 22 19
207 22 29
207 22 29
208 18 37
208 18 37
208 40 31
208 40 23
208 40 22
208 41 31
208 41 31
208 44 45
208 44 45
209 22 38
209 22 38
209 29 23
209 29 30
209 29 25
209 30 32
209 30 32
210 16 38
210 16 38
210 37 39
210 37 39
211 21 18
211 21 18
211 30 14
211 30 35
211 30 37
211 35 13
211 35 13
212 31 42
212 31 42
212 32 25
212 32 25
213 18 37
213 18 37
213 37 33
213 37 33
214 31 32
214 31 32
214 37 29
214 37 29
214 46 30
214 46 13
214 46 24
215 36 43
215 36 43
215 42 13
215 42 13
216 13 32
216 13 32
216 44 34
216 44 34
217 24 19
217 24 45
217 24 22
217 39 33
217 39 33
217 44 35
217 44 35
218 22 39
218 22 39
218 46 14
218 46 14
219 20 39
219 20 39
219 23 16
219 23 16
220 26 44
220 26 44
220 32 21
220 32 21
220 47 26
220 47 17
220 47 15
221 24 22
221 24 22
221 36 48
221 36 48
221 42 28
221 42 34
221 42 44
221 43 45
221 43 45
222 16 31
222 19 26
222 19 47
222 19 37
222 23 18
222 23 18
222 39 33
222 39 33
222 39 16
222 39 31
223 45 46
223 45 46
223 48 16
223 48 16
224 31 23
224 31 23
224 31 39
224 31 39
225 33 15
225 33 15
225 35 24
225 35 24
226 39 15
226 39 15
226 48 43
226 48 43
227 36 14
227 36 14
227 36 28
227 36 28
228 33 15
228 33 15
228 41 46
228 41 46
229 17 46
229 17 46
229 25 40
229 25 40
230 13 43
230 13 43
230 23 25
230 23 25
231 14 25
231 14 23
231 14 26
231 27 28
231 27 28
231 27 40
231 27 40
232 21 35
232 21 35
232 27 14
232 27 37
232 27 23
232 32 24
232 32 24
233 19 41
233 19 41
233 20 33
233 20 33
234 13 33
234 13 33
234 47 39
234 47 39
235 14 23
235 14 23
235 28 39
235 28 39
236 39 25
236 39 25
236 46 13
236 46 13
237 42 19
237 42 19
237 44 14
237 44 14
238 31 40
238 31 40
238 35 21
238 38 21
238 38 21
238 41 35
238 41 21
239 35 25
239 35 25
239 40 14
239 40 14
240 13 29
240 13 43
240 13 33
240 13 33
240 13 33
240 40 13
240 40 13
241 16 37
241 16 37
241 18 21
241 18 47
241 18 24
241 23 31
241 23 31
242 30 43
242 30 43
242 32 33
242 32 33
243 31 14
243 31 14
243 36 28
243 36 28
244 17 34
244 17 34
244 38 43
244 38 43
244 38 27
244 38 13
244 38 37
245 19 47
245 19 47
245 39 27
245 39 27
246 33 20
246 33 20
246 37 20
246 37 20
247 27 16
247 27 16
247 45 46
247 45 46
248 19 21
248 19 14
248 19 22
248 20 43
248 20 43
248 22 42
248 22 42
249 40 32
249 40 32
249 41 46
249 41 46
250 16 31
250 16 31
250 40 20
250 40 20
251 20 44
251 20 44
251 38 19
251 38 19
252 42 15
252 42 15
252 42 27
252 42 27
253 42 38
253 42 38
253 46 18
253 46 18
254 15 18
254 15 24
254 24 18
254 32 23
254 32 44
254 32 38
254 42 40
254 42 40
254 45 22
254 45 22
255 26 19
255 26 19
255 33 39
255 33 43
255 43 39
255 46 24
255 46 24
256 32 30
256 32 30
256 43 36
256 43 36
257 18 44
257 18 44
257 21 30
257 21 39
257 29 23
257 29 23
257 39 30
258 20 48
258 20 48
258 45 17
258 45 17
259 15 34
259 15 34
259 30 27
259 30 27
260 35 29
260 35 29
260 40 35
260 40 35
261 28 18
261 28 18
261 41 18
261 41 18
262 30 38
262 30 38
262 38 17
262 38 17
263 24 29
263 24 29
263 45 26
263 45 26
264 20 41
264 20 41
264 24 23
264 24 23
265 13 45
265 13 45
265 27 20
265 27 24
265 27 36
265 43 13
265 43 13
265 49 32
265 49 42
265 49 43
266 39 36
266 39 36
266 43 45
266 43 45
267 28 23
267 28 23
267 40 48
267 40 48
268 44 41
268 44 41
268 49 47
268 49 47
269 29 20
269 29 20
269 44 36
269 44 36
270 20 30
270 20 30
270 22 18
270 22 18
270 50 51
270 50 34
270 50 33
271 28 51
271 28 50
271 31 23
271 31 23
271 43 23
271 43 23
271 51 50
272 17 21
272 17 21
272 35 14
272 35 14
273 17 39
273 17 39
273 32 23
273 32 23
273 35 28
273 35 49
273 35 46
274 40 46
274 40 46
274 48 16
274 48 16
274 52 53
274 52 33
274 52 45
275 19 35
275 19 35
275 39 44
275 39 44
276 15 44
276 15 44
276 22 14
276 22 14
277 29 30
277 29 30
277 47 39
277 47 24
277 47 44
277 51 22
277 51 22
278 45 22
278 45 22
278 48 21
278 48 21
279 19 45
279 19 45
279 45 51
279 45 51
280 15 40
280 15 40
280 22 20
280 22 20
281 23 39
281 23 39
281 26 14
281 26 14
282 26 27
282 26 27
282 44 18
282 44 18
282 54 20
282 54 13
282 54 42
283 21 14
283 21 14
283 40 16
283 40 16
284 32 29
284 32 29
284 52 34
284 52 34
285 29 17
285 29 17
285 43 34
285 43 34
286 52 53
286 52 53
286 53 54
286 53 54
287 14 52
287 14 52
287 33 53
287 33 53
288 22 15
288 22 15
288 47 31
288 47 31
289 22 44
289 22 44
289 23 47
289 23 47
289 43 53
289 43 37
289 43 20
290 27 43
290 27 43
290 32 53
290 32 53
291 39 34
291 39 34
291 43 41
291 43 41
292 28 18
292 28 18
292 49 43
292 49 43
293 19 51
293 19 51
293 50 14
293 50 14
293 55 28
293 55 46
293 55 26
294 35 56
294 35 56
294 44 45
294 44 45
294 48 31
294 48 31
295 20 14
295 20 14
295 30 37
295 30 37
296 15 32
296 15 32
296 31 51
296 31 51
297 19 44
297 19 44
297 30 44
297 30 44
297 33 39
297 33 43
297 33 42
298 20 16
298 20 16
298 38 44
298 38 44
299 14 15
299 14 15
299 16 19
299 16 52
299 16 26
299 32 14
299 32 14
300 20 13
300 20 13
300 53 20
300 53 20
301 21 29
301 21 29
301 31 43
301 31 43
302 22 20
302 22 20
302 24 45
302 24 36
302 24 50
302 53 21
302 53 21
303 30 32
303 30 32
303 51 50
303 51 50
304 33 47
304 33 47
304 37 13
304 37 13
304 57 44
304 57 33
304 57 48
305 15 17
305 15 17
305 35 39
305 35 39
305 46 58
305 46 58
306 28 32
306 28 32
306 42 56
306 42 56
307 18 20
307 18 20
307 37 55
307 37 55
308 31 14
308 31 14
308 43 52
308 43 52
309 16 14
309 16 14
309 39 24
309 39 24
309 57 59
309 57 59
310 29 41
310 29 41
310 51 14
310 51 14
311 36 56
311 36 56
311 51 13
311 51 13
312 13 14
312 13 14
312 16 60
312 16 60
312 53 33
312 53 33
313 27 28
313 27 47
313 47 28
313 52 25
313 52 25
313 56 47
313 56 47
313 58 61
313 58 61
314 51 23
314 51 23
314 53 62
314 53 62
314 58 36
314 58 36
315 16 61
315 16 61
315 62 33
315 62 33
316 31 42
316 31 42
316 62 20
316 62 20
317 27 49
317 27 49
317 29 49
317 29 49
317 63 64
317 63 36
317 63 22
318 13 32
318 13 32
318 27 49
318 27 49
319 15 39
319 15 39
319 42 46
319 42 46
320 13 17
320 13 17
320 42 44
320 42 44
321 16 30
321 16 30
321 24 43
321 24 43
322 52 44
322 52 44
322 57 32
322 57 32
323 23 13
323 23 13
323 49 51
323 49 51
324 18 15
324 18 15
324 42 55
324 42 55
324 45 65
324 45 65
325 16 42
325 16 42
325 33 15
325 33 57
325 33 41
325 49 21
325 51 21
325 54 21
325 61 44
325 61 44
326 24 27
326 24 27
326 33 22
326 33 22
326 42 66
326 42 66
327 26 27
327 26 27
327 65 22
327 65 22
328 37 62
328 37 62
328 48 46
328 48 46
329 65 18
329 65 18
329 66 59
329 66 59
330 29 19
330 29 19
330 56 44
330 56 44
331 56 47
331 56 47
331 58 66
331 58 66
332 46 53
332 46 53
332 65 51
332 65 51
333 35 27
333 35 63
333 35 45
333 37 17
333 37 17
333 59 38
333 59 38
334 50 29
334 50 29
334 51 28
334 51 28
335 24 18
335 24 18
335 31 39
335 31 47
335 47 39
335 66 18
335 66 18
336 60 30
336 60 30
336 66 48
336 66 48
337 19 31
337 19 31
337 35 24
337 35 22
337 35 30
337 62 43
337 62 43
338 16 15
338 16 15
338 62 41
338 62 41
339 24 52
339 24 52
339 30 18
339 30 18
339 67 49
339 67 63
339 67 13
340 35 21
340 35 21
340 35 46
340 35 46
341 29 67
341 29 67
341 39 46
341 39 46
342 48 24
342 48 24
342 62 51
342 62 51
343 14 44
343 14 44
343 24 46
343 24 46
344 22 18
344 22 18
344 39 66
344 39 66
345 20 56
345 20 56
345 55 40
345 55 40
346 22 58
346 22 58
346 43 63
346 43 63
347 14 28
347 14 28
347 37 28
347 37 28
348 26 38
348 26 38
348 50 66
348 50 66
349 36 61
349 36 61
349 49 40
349 49 40
349 68 59
349 68 41
349 68 26
350 19 14
350 19 14
350 23 20
350 23 20
350 32 15
350 32 35
350 32 43
350 69 46
350 69 21
350 69 68
351 16 53
351 16 53
351 36 52
351 36 52
352 28 20
352 28 20
352 34 69
352 34 69
352 57 70
352 57 70
353 37 40
353 37 40
353 57 55
353 57 55
354 15 34
354 15 34
354 54 50
354 54 50
355 62 26
355 62 26
355 64 14
355 64 14
356 27 26
356 27 15
356 27 70
356 56 55
356 56 55
356 68 35
356 68 35
357 20 53
357 20 53
357 69 34
357 69 34
358 45 24
358 45 24
358 47 61
358 47 61
359 49 70
359 49 70
359 60 21
359 60 21
360 16 19
360 16 52
360 16 32
360 18 51
360 18 51
360 21 71
360 21 71
360 46 63
360 46 63
361 46 48
361 46 48
361 51 36
361 51 36
362 17 33
362 17 33
362 70 40
362 70 40
363 35 36
363 35 36
363 64 60
363 64 60
364 28 21
364 28 21
364 35 51
364 35 23
364 35 41
364 44 43
364 44 43
364 72 73
364 72 73
365 27 23
365 27 23
365 43 30
365 43 31
365 43 46
365 60 32
365 60 32
366 20 26
366 20 26
366 23 61
366 23 61
366 54 74
366 54 74
367 19 58
367 19 55
367 22 75
367 22 75
367 34 66
367 34 66
367 39 64
367 39 64
367 58 55
368 24 65
368 24 65
368 38 23
368 38 14
368 38 20
368 41 76
368 41 76
368 64 68
368 64 68
369 32 33
369 32 33
369 58 19
369 58 19
370 19 51
370 19 51
370 35 40
370 35 40
371 14 53
371 14 53
371 28 78
371 74 60
371 74 60
371 77 28
371 77 78
372 60 37
372 60 37
372 74 73
372 74 73
372 79 44
372 79 30
372 79 75
373 13 78
373 13 78
373 20 36
373 20 36
374 48 31
374 48 31
374 59 52
374 59 52
375 27 61
375 27 61
375 46 54
375 46 54
375 46 16
375 46 78
375 46 71
375 80 16
375 80 60
375 80 18
376 33 48
376 33 48
376 47 56
376 47 56
377 19 43
377 19 71
377 19 75
377 25 81
377 25 81
377 45 23
377 45 23
377 63 28
377 63 28
378 42 32
378 42 32
378 44 48
378 44 48
379 14 43
379 14 43
379 26 82
379 26 82
379 70 57
379 70 57
380 21 56
380 21 56
380 71 48
380 71 48
381 55 51
381 55 51
381 65 37
381 65 37
382 46 77
382 46 77
382 81 50
382 81 50
383 15 48
383 15 48
383 38 20
383 38 20
384 48 52
384 48 52
384 61 69
384 61 69
385 18 16
385 18 16
385 53 66
385 53 66
386 40 57
386 40 57
386 74 58
386 74 58
387 23 17
387 23 17
387 28 14
387 28 13
387 28 60
387 54 42
387 54 42
388 31 21
388 31 21
388 36 23
388 36 23
388 65 22
388 65 26
388 65 23
389 51 80
389 51 80
389 67 68
389 67 68
390 39 17
390 39 17
390 62 78
390 62 78
391 24 20
391 24 20
391 25 61
391 25 61
392 63 29
392 63 29
392 80 61
392 80 61
393 31 83
393 31 83
393 77 17
393 77 17
393 79 61
393 79 61
394 27 56
394 27 56
394 73 82
394 73 82
395 17 41
395 17 41
395 28 27
395 28 27
396 39 84
396 39 84
396 48 27
396 48 27
396 80 24
396 80 24
397 53 64
397 53 64
397 56 67
397 56 67
398 19 43
398 19 43
398 75 35
398 75 42
398 75 22
398 81 76
398 81 76
399 33 58
399 33 58
399 54 71
399 54 71
400 22 52
400 22 52
400 54 57
400 54 57
401 63 65
401 63 65
401 69 73
401 69 73
402 18 47
402 18 47
402 52 53
402 52 53
402 75 80
402 84 75
402 84 80
403 43 69
403 43 69
403 83 20
403 83 20
404 23 29
404 23 29
404 30 73
404 30 73
405 21 25
405 21 25
405 75 67
405 75 67
405 85 86
405 85 73
405 85 25
406 66 68
406 66 68
406 74 38
406 74 38
407 37 36
407 37 36
407 79 78
407 79 78
408 46 28
408 46 28
408 68 34
408 68 34
409 32 26
409 32 26
409 45 76
409 45 76
410 30 18
410 30 18
410 79 28
410 79 28
411 34 73
411 34 73
411 45 80
411 45 80
412 25 77
412 25 77
412 59 39
412 59 39
413 65 67
413 65 67
413 84 21
413 84 21
414 36 59
414 36 59
414 66 31
414 66 31
415 34 87
415 34 87
415 34 79
415 34 79
415 37 23
415 37 23
416 39 43
416 39 43
416 40 71
416 40 71
417 15 58
417 15 58
417 38 76
417 38 76
418 18 35
418 18 35
418 73 42
418 73 42
419 33 30
419 33 30
419 63 22
419 63 22
420 20 53
420 20 53
420 40 29
420 40 29
421 43 63
421 43 63
421 56 71
421 56 71
422 43 75
422 43 75
422 68 45
422 68 45
422 86 17
422 86 85
422 86 34
423 35 75
423 35 75
423 86 18
423 86 18
424 24 16
424 24 16
424 53 47
424 53 77
424 53 50
424 69 53
424 69 53
425 20 75
425 20 75
425 56 65
425 56 65
426 39 87
426 39 87
426 60 82
426 60 82
427 42 80
427 42 80
427 69 78
427 69 78
427 81 57
427 81 14
427 81 39
428 38 21
428 38 21
428 52 80
428 52 80
429 18 13
429 18 13
429 86 48
429 86 48
430 18 41
430 18 41
430 71 30
430 71 30
431 19 68
431 19 68
431 45 74
431 45 74
432 71 48
432 71 48
432 81 45
432 81 45
433 32 17
433 32 17
433 64 61
433 64 61
434 45 77
434 45 77
434 58 25
434 58 25
435 38 72
435 38 33
435 38 67
435 65 59
435 65 59
435 86 63
435 86 63
436 59 47
436 59 47
436 63 64
436 63 64
436 76 42
436 76 67
436 76 34
437 20 21
437 20 56
437 56 21
437 57 63
437 57 63
437 60 86
437 60 86
438 72 73
438 72 73
438 82 16
438 82 16
439 21 16
439 21 16
439 23 79
439 23 79
439 33 30
439 33 29
439 33 69
440 15 21
440 15 21
440 64 50
440 64 50
441 44 46
441 44 46
441 71 84
441 71 84
442 18 19
442 18 19
442 67 42
442 67 42
443 42 52
443 42 52
443 72 87
443 72 87
444 30 20
444 30 20
444 83 88
444 83 88
444 84 16
444 84 16
445 43 89
445 43 89
445 49 30
445 49 30
445 73 84
445 73 84
446 59 66
446 59 66
446 68 79
446 68 79
447 47 21
447 47 20
447 47 63
447 74 40
447 74 40
447 86 60
447 86 60
448 20 70
448 20 70
448 47 89
448 47 67
448 47 80
448 60 73
448 60 89
448 73 89
448 78 71
448 78 71
448 90 91
448 90 91
449 78 72
449 78 72
449 84 18
449 84 18
450 52 47
450 52 47
450 54 26
450 54 26
450 57 92
450 57 92
451 15 49
451 15 49
451 48 54
451 48 54
451 88 57
451 88 39
451 88 49
452 16 46
452 16 46
452 85 91
452 85 91
453 57 65
453 57 25
453 57 73
453 84 48
453 84 48
453 87 67
453 87 67
454 39 38
454 57 39
454 57 38
454 60 53
454 60 53
454 67 76
454 67 76
455 62 87
455 62 87
455 84 64
455 84 64
456 40 62
456 40 62
456 52 44
456 52 44
457 54 23
457 54 23
457 92 65
457 92 65
458 70 29
458 70 29
458 71 73
458 71 73
459 31 61
459 31 61
459 78 83
459 78 83
460 63 35
460 63 35
460 86 90
460 86 90
461 17 86
461 17 86
461 66 13
461 66 13
462 28 29
462 28 29
462 31 50
462 31 50
462 65 39
462 65 60
462 65 75
463 56 26
463 56 26
463 72 27
463 72 27
464 16 17
464 16 17
464 24 34
464 24 34
465 49 60
465 49 60
465 50 86
465 50 86
465 71 93
465 71 93
466 30 91
466 30 91
466 90 30
466 90 30
467 63 50
467 63 50
467 88 65
467 88 65
468 51 59
468 51 59
468 62 20
468 62 20
469 27 57
469 27 57
469 71 57
469 71 57
470 27 68
470 27 68
470 72 65
470 72 65
471 13 40
471 13 40
471 74 36
471 74 36
472 29 35
472 29 35
472 69 44
472 69 44
473 39 26
473 39 26
473 81 52
473 81 52
474 27 83
474 27 83
474 83 26
474 83 26
475 19 45
475 19 45
475 34 89
475 34 89
476 30 38
476 30 57
476 30 61
476 75 94
476 75 94
476 75 72
476 75 72
476 87 88
476 87 88
477 14 17
477 14 17
477 54 47
477 54 47
478 18 58
478 18 58
478 24 25
478 24 25
478 66 61
478 66 25
478 66 22
479 32 67
479 32 67
479 42 41
479 42 41
479 44 82
479 44 57
479 44 83
480 72 36
480 72 36
480 82 90
480 82 90
481 23 58
481 23 58
481 47 34
481 47 34
481 95 93
481 95 81
481 95 59
482 29 51
482 29 51
482 65 28
482 65 28
483 28 95
483 28 95
483 52 77
483 52 77
484 28 71
484 28 71
484 94 64
484 94 64
485 27 96
485 27 96
485 29 13
485 29 13
485 62 21
485 62 21
486 15 33
486 15 33
486 23 26
486 23 26
487 45 54
487 45 54
487 60 32
487 60 32
487 97 98
487 97 98
488 61 42
488 61 42
488 89 27
488 89 27
489 53 85
489 53 85
489 86 52
489 86 52
490 32 15
490 32 39
490 32 81
490 48 66
490 48 66
490 93 78
490 93 78
491 76 17
491 76 17
491 76 93
491 76 93
492 27 54
492 27 54
492 81 63
492 81 63
493 35 14
493 35 14
493 36 40
493 36 40
493 99 100
493 99 100
494 17 33
494 17 33
494 22 101
494 22 101
494 57 39
494 57 39
494 102 82
494 102 34
494 102 26
495 52 14
495 52 89
495 52 26
495 64 51
495 64 51
495 87 16
495 87 16
496 28 89
496 28 89
496 56 62
496 56 62
496 95 103
496 95 103
497 32 104
497 32 104
497 32 55
497 32 55
497 61 33
497 61 66
497 61 27
497 81 103
497 81 103
498 15 56
498 15 56
498 27 72
498 27 72
499 16 22
499 16 22
499 41 34
499 41 34
500 13 78
500 13 78
500 59 92
500 59 92
501 25 26
501 25 26
501 87 51
501 87 51
502 22 71
502 22 71
502 61 68
502 61 68
503 25 14
503 25 14
503 45 49
503 53 91
503 53 91
503 78 45
503 78 49
504 27 23
504 27 36
504 27 90
504 34 35
504 34 35
504 90 67
504 90 67
505 27 101
505 27 101
505 79 104
505 79 104
506 13 36
506 13 36
506 25 28
506 25 28
507 86 32
507 86 32
507 95 65
507 95 65
507 100 37
507 100 32
507 100 29
508 22 95
508 22 95
508 101 81
508 101 81
509 42 28
509 42 28
509 57 55
509 57 55
509 62 105
509 62 105
510 33 84
510 33 84
510 41 53
510 41 53
511 53 57
511 53 57
511 99 52
511 99 52
512 71 25
512 71 25
512 103 67
512 103 67
513 21 46
513 21 46
513 68 14
513 68 14
513 74 25
513 74 80
513 74 62
514 37 72
514 37 72
514 99 96
514 99 96
515 26 31
515 26 31
515 79 52
515 79 52
516 33 59
516 33 59
516 39 53
516 39 53
517 35 94
517 35 94
517 81 13
517 81 13
518 21 64
518 21 64
518 53 106
518 53 106
518 60 87
518 60 87
519 15 38
519 15 38
519 87 53
519 87 53
520 30 73
520 30 73
520 89 21
520 89 21
521 66 14
521 66 14
521 91 28
521 91 67
521 91 53
521 92 36
521 92 36
521 107 108
521 107 83
521 107 100
522 22 50
522 22 92
522 36 103
522 36 103
522 50 92
522 89 90
522 89 90
522 97 18
522 97 108
522 97 65
523 47 73
523 47 73
523 48 21
523 48 21
524 22 44
524 22 44
524 26 80
524 26 80
525 62 57
525 62 57
525 73 24
525 73 24
526 96 97
526 96 97
526 99 61
526 99 61
527 24 78
527 24 78
527 95 68
527 95 68
528 41 88
528 41 88
528 108 101
528 108 101
529 72 96
529 72 96
529 93 106
529 93 106
530 52 43
530 52 43
530 78 87
530 78 87
530 95 44
530 95 15
530 95 50
531 21 98
531 21 98
531 36 39
531 36 39
532 68 62
532 68 62
532 80 76
532 80 76
532 105 95
532 105 46
532 105 91
533 50 60
533 50 60
533 78 59
533 78 59
534 87 41
534 87 23
534 87 90
534 99 98
534 99 98
534 101 95
534 101 95
535 42 51
535 42 51
535 93 45
535 93 45
536 15 60
536 15 60
536 47 44
536 47 44
537 14 79
537 14 79
537 38 31
537 38 31
537 99 53
537 99 22
537 99 91
538 66 57
538 66 57
538 76 83
538 76 83
539 78 102
539 78 102
539 100 27
539 100 27
540 26 78
540 26 78
540 41 88
540 41 89
540 41 42
540 107 60
540 107 60
541 34 81
541 34 81
541 41 85
541 41 85
542 33 101
542 33 101
542 51 106
542 51 106
543 15 16
543 15 16
543 64 84
543 64 84
544 14 81
544 14 81
544 74 22
544 74 22
545 94 26
545 94 26
545 105 52
545 105 52
546 16 98
546 16 98
546 66 68
546 66 68
547 37 86
547 37 86
547 54 88
547 54 59
547 54 82
547 94 92
547 94 92
548 69 41
548 69 41
548 93 77
548 93 77
548 102 53
548 102 20
548 102 14
549 59 61
549 59 61
549 86 98
549 86 98
550 74 42
550 74 42
550 87 84
550 87 84
551 30 63
551 30 63
551 52 18
551 52 18
552 27 69
552 27 69
552 49 68
552 49 68
553 90 19
553 90 19
553 101 102
553 101 102
554 51 47
554 51 47
554 55 25
554 55 25
555 14 56
555 14 56
555 41 95
555 41 95
556 79 98
556 79 98
556 88 35
556 88 35
557 50 53
557 50 53
557 67 102
557 67 102
557 102 109
557 102 109
558 43 60
558 43 60
558 56 104
558 56 104
559 55 83
559 55 83
559 74 48
559 74 48
560 50 52
560 50 52
560 92 89
560 92 89
560 100 110
560 100 110
561 41 100
561 41 100
561 75 82
561 75 82
562 66 83
562 66 83
562 101 90
562 101 90
563 79 46
563 79 46
563 95 21
563 95 21
564 45 61
564 45 61
564 49 25
564 49 97
564 49 38
564 108 72
564 108 72
565 60 97
565 60 97
565 81 86
565 81 86
566 63 91
566 63 91
566 95 44
566 95 44
567 69 42
567 69 42
567 102 42
567 102 42
568 36 25
568 36 25
568 97 31
568 97 31
569 31 109
569 31 109
569 107 49
569 107 49
570 58 47
570 58 47
570 74 44
570 74 44
571 84 62
571 92 57
571 92 57
571 95 19
571 95 19
571 111 84
571 111 62
572 84 102
572 84 102
572 108 86
572 108 86
573 65 16
573 65 16
573 95 93
573 95 93
574 64 43
574 64 43
574 82 68
574 82 68
574 112 39
574 112 81
574 112 54
575 42 92
575 42 92
575 58 82
575 58 82
576 45 61
576 45 61
576 91 65
576 91 65
577 13 76
577 13 76
577 38 84
577 38 84
578 14 22
578 14 57
578 14 67
578 26 16
578 26 16
578 98 17
578 98 17
579 27 28
579 27 90
579 28 90
579 96 82
579 96 82
579 99 96
579 99 96
580 46 89
580 46 89
580 72 16
580 72 16
581 75 87
581 75 87
581 108 71
581 108 71
582 61 44
582 61 44
582 88 46
582 88 46
583 69 33
583 69 33
583 83 46
583 83 46
583 113 114
583 113 114
584 19 58
584 19 58
584 45 91
584 45 91
585 17 34
585 17 34
585 52 41
585 52 41
585 97 115
585 97 115
586 70 92
586 70 92
586 84 37
586 84 37
587 34 101
587 34 101
587 108 78
587 108 78
588 80 42
588 80 42
588 108 22
588 108 22
589 22 88
589 22 88
589 69 116
589 69 116
589 74 64
589 74 71
589 74 24
589 98 78
589 98 78
590 14 56
590 14 56
590 60 100
590 60 100
590 108 71
590 108 22
590 108 26
591 50 69
591 50 69
591 66 34
591 66 34
591 74 46
591 74 108
591 74 13
592 79 101
592 79 101
592 91 105
592 91 105
593 39 80
593 39 56
593 79 50
593 79 50
593 80 56
593 93 19
593 93 75
593 93 86
593 106 67
593 106 67
594 55 108
594 55 108
594 107 26
594 107 26
595 26 30
595 26 54
595 30 54
595 80 108
595 80 108
595 95 67
595 95 67
596 21 110
596 21 110
596 80 79
596 80 79
596 82 43
596 82 49
596 82 37
597 46 33
597 46 33
597 114 66
597 114 66
598 54 59
598 54 59
598 83 55
598 83 55
599 22 54
599 22 54
599 71 79
599 71 79
600 54 37
600 54 37
600 103 77
600 103 77
601 23 75
601 23 75
601 25 81
601 25 31
601 31 81
601 82 17
601 82 17
602 29 60
602 29 60
602 98 89
602 98 89
603 17 27
603 17 27
603 83 62
603 83 62
604 60 34
604 60 34
604 107 91
604 107 91
605 14 105
605 14 105
605 47 71
605 47 71
606 18 58
606 18 58
606 62 25
606 62 25
607 36 100
607 36 100
607 53 37
607 53 37
608 25 51
608 25 51
608 59 49
608 59 49
609 91 104
609 91 104
609 99 109
609 116 68
609 116 68
609 117 99
609 117 109
610 93 31
610 93 31
610 94 57
610 94 57
611 57 73
611 57 73
611 78 118
611 78 118
611 79 61
611 79 61
612 47 52
612 47 52
612 115 17
612 115 17
613 32 89
613 32 89
613 104 83
613 104 83
614 21 67
614 21 67
614 31 67
614 31 67
615 13 103
615 13 103
615 43 18
615 43 18
616 61 35
616 61 35
616 101 102
616 101 102
617 30 71
617 30 71
617 80 108
617 82 80
617 82 108
617 109 45
617 109 45
618 63 55
618 63 55
618 64 111
618 64 111
619 25 46
619 25 46
619 80 27
619 80 27
620 63 108
620 63 108
620 104 20
620 104 20
621 14 112
621 14 112
621 46 14
621 46 14
621 77 119
621 77 119
622 30 48
622 30 48
622 83 82
622 83 82
623 57 118
623 57 118
623 62 45
623 62 45
624 33 113
624 33 55
624 33 13
624 52 86
624 52 86
624 113 14
624 113 14
625 49 23
625 49 104
625 49 106
625 85 64
625 85 64
625 101 25
625 101 25
626 21 86
626 21 86
626 35 73
626 35 118
626 35 60
626 101 118
626 101 118
627 106 92
627 106 92
627 115 71
627 115 71
628 56 71
628 56 71
628 98 120
628 98 120
628 114 15
628 114 15
629 58 98
629 58 98
629 96 40
629 96 40
629 112 48
629 112 63
629 112 104
630 64 34
630 64 34
630 92 82
630 92 82
631 90 109
631 90 109
631 111 62
631 111 34
631 111 115
631 120 90
631 120 90
632 65 73
632 65 73
632 100 27
632 100 27
633 90 25
633 90 25
633 94 64
633 94 110
633 94 45
633 107 113
633 107 113
634 52 87
634 52 87
634 56 78
634 56 78
634 121 89
634 121 111
634 121 62
635 21 19
635 21 18
635 21 27
635 32 117
635 32 117
635 114 72
635 114 72
636 58 121
636 58 121
636 76 93
636 76 93
637 16 35
637 16 66
637 16 79
637 20 58
637 20 58
637 22 119
637 22 119
638 18 49
638 18 49
638 75 59
638 75 59
639 27 108
639 27 108
639 41 58
639 41 75
639 41 47
639 91 98
639 91 16
639 98 16
639 119 94
639 119 94
639 122 19
639 122 93
639 122 46
640 45 17
640 45 17
640 118 107
640 118 107
641 46 14
641 46 14
641 54 111
641 54 80
641 54 83
641 106 122
641 106 122
642 114 39
642 114 39
642 120 99
642 120 99
643 46 62
643 46 62
643 95 37
643 95 37
644 13 58
644 13 58
644 119 85
644 119 85
645 31 13
645 31 13
645 49 92
645 49 92
645 109 37
645 109 68
645 109 71
646 71 123
646 71 123
646 96 58
646 96 58
646 104 33
646 104 33
646 124 98
646 124 83
646 124 54
647 70 80
647 70 80
647 77 113
647 77 101
647 77 124
647 100 110
647 100 110
648 71 51
648 71 51
648 104 76
648 104 76
649 39 78
649 39 116
649 78 116
649 105 107
649 105 107
649 118 114
649 118 114
650 45 117
650 45 117
650 64 115
650 64 115
650 125 63
650 125 92
650 125 19
651 75 81
651 75 81
651 88 17
651 88 17
652 33 93
652 33 93
652 37 126
652 37 126
652 67 19
652 67 19
653 43 62
653 43 62
653 69 82
653 69 82
654 64 75
654 64 75
654 124 39
654 124 39
655 21 37
655 21 37
655 48 100
655 48 100
656 72 94
656 72 94
656 80 36
656 80 36
657 72 111
657 72 111
657 81 37
657 81 37
658 107 80
658 107 80
658 123 59
658 123 59
659 16 25
659 16 59
659 16 50
659 78 95
659 78 95
659 100 19
659 100 19
660 42 71
660 42 71
660 69 97
660 69 97
661 70 71
661 70 71
661 94 77
661 94 77
661 127 16
661 127 30
661 127 78
662 65 34
662 65 34
662 120 112
662 120 112
663 49 114
663 49 114
663 62 43
663 62 43
664 91 113
664 91 113
664 124 46
664 124 46
665 29 116
665 75 89
665 75 89
665 112 19
665 112 19
665 128 29
665 128 116
666 36 110
666 36 110
666 70 129
666 70 129
666 115 85
666 115 85
667 33 130
667 33 130
667 65 64
667 65 64
667 83 99
667 83 99
667 128 31
667 128 57
667 128 120
668 69 92
668 69 92
668 128 35
668 128 35
669 59 76
669 59 76
669 92 18
669 92 18
670 65 113
670 65 113
670 81 66
670 81 66
671 18 79
671 18 79
671 26 50
671 26 50
672 98 58
672 98 58
672 124 92
672 124 92
673 13 34
673 13 34
673 100 61
673 100 61
674 83 78
674 83 78
674 97 105
674 97 105
675 45 80
675 45 80
675 60 62
675 60 62
676 16 17
676 16 17
676 60 65
676 60 65
676 61 89
676 61 47
676 61 46
677 46 72
677 46 72
677 91 74
677 91 74
678 24 118
678 24 118
678 74 76
678 74 76
679 21 65
679 21 65
679 51 91
679 51 91
679 131 125
679 131 40
679 131 18
680 36 102
680 36 102
680 61 68
680 61 115
680 61 119
680 82 21
680 82 21
681 72 132
681 72 132
681 97 111
681 97 111
681 118 58
681 118 58
682 35 14
682 35 14
682 128 23
682 128 23
683 47 45
683 47 45
683 85 68
683 85 68
684 24 32
684 24 32
684 122 83
684 122 83
685 18 79
685 18 79
685 91 59
685 91 59
686 43 83
686 43 83
686 113 128
686 113 128
687 62 108
687 62 108
687 83 110
687 83 107
687 83 120
687 104 126
687 104 126
688 13 115
688 13 115
688 78 103
688 78 103
689 27 99
689 27 129
689 27 81
689 72 86
689 72 86
689 98 116
689 98 116
690 28 31
690 28 31
690 80 96
690 80 96
690 119 95
690 119 40
690 119 20
691 121 102
691 121 102
691 128 18
691 128 18
692 16 78
692 16 78
692 81 113
692 81 113
693 100 83
693 100 83
693 126 121
693 126 121
694 39 133
694 39 133
694 78 44
694 78 44
694 82 80
694 82 80
695 39 30
695 39 30
695 95 112
695 95 112
696 15 94
696 15 94
696 63 58
696 63 58
697 98 94
697 98 94
697 125 55
697 125 55
698 42 127
698 42 127
698 111 115
698 111 115
699 19 128
699 19 128
699 100 34
699 100 34
699 134 104
699 134 81
699 134 70
700 21 40
700 21 40
700 107 37
700 107 37
701 47 101
701 47 101
701 57 18
701 57 18
702 104 46
702 104 46
702 123 78
702 123 78
703 40 101
703 40 101
703 116 41
703 116 41
704 15 33
704 15 41
704 15 109
704 60 101
704 60 101
704 133 58
704 133 58
705 28 19
705 28 19
705 51 88
705 51 88
706 30 123
706 30 123
706 84 99
706 84 128
706 99 128
706 120 80
706 120 80
706 135 136
706 135 76
706 135 23
707 100 122
707 100 122
707 128 103
707 128 103
708 116 131
708 116 131
708 121 20
708 121 20
709 35 73
709 35 64
709 35 62
709 59 137
709 59 137
709 72 28
709 101 133
709 101 133
709 105 110
709 105 110
709 111 72
709 111 28
710 83 123
710 83 123
710 125 37
710 125 37
711 91 88
711 91 88
711 137 83
711 137 83
712 17 69
712 17 85
712 69 85
712 79 50
712 79 50
712 79 117
712 79 117
712 120 33
712 120 135
712 120 72
713 46 43
713 46 133
713 46 52
713 100 39
713 100 39
713 120 111
713 120 111
714 46 121
714 46 121
714 68 52
714 68 52
715 16 29
715 16 29
715 77 33
715 77 33
716 67 50
716 67 50
716 86 59
716 86 59
717 82 98
717 82 98
717 89 121
717 89 121
717 135 138
717 135 138
718 57 75
718 57 75
718 129 126
718 129 126
719 13 42
719 21 139
719 21 139
719 44 63
719 44 63
719 48 13
719 48 42
719 89 116
719 89 91
719 89 110
719 135 63
719 135 63
720 18 57
720 18 57
720 82 84
720 82 84
721 100 82
721 100 82
721 122 60
721 122 60
722 32 25
722 32 25
722 64 34
722 64 34
723 99 28
723 99 28
723 135 85
723 135 85
724 109 81
724 109 81
724 114 25
724 114 27
724 114 138
724 131 16
724 131 16
725 59 135
725 59 135
725 104 39
725 104 39
726 40 140
726 40 140
726 103 126
726 103 126
726 132 61
726 132 61
727 38 62
727 38 62
727 83 126
727 83 126
727 137 98
727 137 120
727 137 103
728 77 56
728 77 56
728 107 119
728 107 119
729 48 66
729 48 66
729 124 104
729 124 104
730 68 73
730 68 73
730 94 67
730 94 67
731 55 75
731 55 75
731 120 97
731 120 97
732 97 136
732 97 136
732 123 69
732 123 69
732 132 47
732 132 113
732 132 120
733 45 132
733 45 132
733 73 57
733 73 57
734 124 72
734 124 72
734 138 126
734 138 126
735 18 61
735 18 61
735 44 101
735 44 101
736 31 80
736 31 80
736 59 123
736 59 123
736 141 57
736 141 134
736 141 94
737 54 39
737 54 53
737 54 63
737 78 51
737 78 51
737 139 44
737 139 44
738 20 70
738 20 70
738 23 135
738 23 135
739 101 121
739 101 121
739 126 112
739 126 112
740 15 46
740 15 46
740 91 69
740 91 69
741 27 135
741 27 135
741 117 54
741 117 54
742 113 32
742 113 32
742 133 93
742 133 93
743 19 38
743 19 38
743 61 27
743 61 22
743 61 78
743 103 16
743 103 16
744 54 45
744 54 77
744 54 58
744 82 19
744 82 19
744 136 61
744 136 61
745 55 29
745 55 29
745 61 87
745 67 61
745 67 87
745 90 78
745 90 78
746 104 58
746 104 58
746 110 132
746 110 132
747 19 125
747 19 125
747 92 117
747 92 117
748 97 27
748 97 27
748 138 33
748 138 33
749 34 134
749 34 134
749 128 57
749 128 57
750 99 115
750 99 115
750 124 28
750 124 28
751 99 16
751 99 16
751 123 46
751 123 46
752 82 136
752 82 136
752 92 142
752 92 142
752 141 32
752 141 32
753 69 86
753 69 37
753 69 17
753 78 140
753 78 140
753 79 114
753 79 114
753 112 143
753 112 143
754 63 25
754 63 25
754 114 118
754 114 118
755 30 123
755 30 123
755 94 102
755 94 102
756 25 47
756 25 47
756 108 50
756 108 50
757 102 116
757 102 116
757 130 38
757 130 38
758 27 112
758 80 27
758 80 112
758 109 27
758 109 27
758 120 13
758 120 13
759 52 134
759 52 134
759 110 109
759 110 109
760 31 70
760 31 70
760 98 89
760 98 136
760 98 114
760 116 52
760 116 52
761 31 57
761 31 57
761 138 37
761 138 37
762 50 55
762 50 58
762 55 58
762 99 127
762 99 127
762 116 24
762 116 24
763 57 60
763 57 60
763 63 56
763 63 56
763 115 83
763 115 143
763 115 87
764 83 46
764 83 46
764 85 100
764 85 100
765 86 106
765 86 106
765 108 22
765 108 22
765 123 24
765 123 118
765 123 90
766 68 25
766 68 25
766 134 16
766 134 16
767 51 17
767 51 17
767 66 48
767 66 48
768 29 64
768 29 88
768 29 28
768 39 98
768 39 98
768 39 13
768 39 13
769 16 81
769 16 81
769 79 101
769 79 101
769 144 45
769 144 97
769 144 135
770 14 37
770 14 37
770 139 107
770 139 107
770 145 70
770 145 30
770 145 142
771 45 107
771 45 107
771 134 85
771 134 85
772 55 118
772 55 118
772 76 42
772 76 42
773 26 36
773 26 36
773 45 117
773 45 117
773 141 146
773 141 146
773 147 108
773 147 22
773 147 66
774 30 61
774 30 40
774 30 114
774 87 88
774 87 88
774 103 112
774 103 112
775 42 52
775 42 98
775 42 48
775 77 49
775 77 49
775 130 21
775 130 21
776 23 49
776 23 49
776 126 23
776 126 23
776 148 136
776 148 81
776 148 111
777 48 109
777 48 109
777 49 69
777 49 69
778 30 14
778 30 14
778 47 48
778 47 48
779 50 59
779 50 59
779 78 26
779 114 145
779 114 145
779 120 78
779 120 26
780 29 13
780 29 13
780 89 37
780 89 37
780 112 118
780 112 146
780 112 117
781 25 147
781 25 147
781 101 137
781 124 26
781 124 26
781 149 101
781 149 137
782 27 148
782 117 148
782 118 148
782 126 66
782 126 66
782 136 99
782 136 145
782 136 29
782 147 20
782 147 20
783 45 23
783 45 23
783 123 86
783 123 86
784 24 19
784 24 19
784 43 92
784 43 92
784 103 34
784 103 35
784 103 58
785 35 77
785 35 77
785 118 71
785 118 71
786 124 121
786 124 121
786 139 95
786 139 95
787 119 57
787 119 57
787 137 33
787 137 33
788 24 36
788 24 36
788 61 57
788 61 57
789 21 130
789 21 130
789 126 141
789 126 86
789 126 135
789 146 69
789 146 69
790 27 54
790 27 54
790 101 93
790 101 93
791 49 43
791 49 43
791 52 21
791 52 21
792 51 78
792 51 78
792 51 67
792 51 67
793 71 13
793 71 13
793 104 150
793 104 150
793 147 25
793 147 25
794 71 86
794 71 86
794 111 137
794 111 141
794 111 39
794 131 118
794 131 118
795 126 110
795 126 110
795 148 45
795 148 45
796 69 129
796 69 129
796 130 57
796 130 57
797 63 141
797 63 141
797 79 30
797 79 30
797 150 151
797 150 151
798 71 27
798 71 56
798 71 28
798 116 64
798 116 64
798 127 17
798 127 17
799 33 129
799 49 61
799 49 61
799 134 15
799 134 15
799 142 129
799 151 129
800 14 17
800 14 126
800 14 120
800 108 97
800 108 97
800 121 22
800 121 22
800 152 153
800 152 105
800 152 108
801 38 139
801 38 139
801 44 113
801 44 113
802 31 18
802 31 18
802 37 62
802 37 62
803 36 86
803 36 86
803 70 137
803 70 137
804 54 21
804 54 21
804 78 116
804 78 116
805 89 32
805 89 32
805 96 107
805 96 107
806 17 146
806 17 146
806 35 52
806 35 52
807 34 103
807 34 103
807 40 41
807 40 41
808 20 17
808 20 17
808 45 40
808 45 40
809 29 30
809 29 30
809 67 129
809 67 129
810 61 41
810 61 41
810 72 154
810 98 154
810 124 154
810 130 60
810 130 60
811 95 155
811 95 155
811 126 22
811 126 22
811 140 44
811 140 44
812 67 145
812 67 145
812 107 23
812 107 23
813 83 126
813 83 126
813 127 108
813 127 108
813 147 33
813 147 117
813 147 92
814 30 117
814 30 117
814 112 130
814 112 130
815 16 150
815 16 150
815 27 74
815 27 74
816 72 147
816 72 147
816 128 91
816 128 91
816 131 138
816 131 55
816 131 48
817 68 25
817 68 25
817 139 20
817 139 20
818 59 30
818 59 30
818 87 82
818 87 82
819 16 136
819 16 136
819 106 75
819 106 75
820 63 100
820 63 100
820 105 61
820 105 61
821 27 73
821 27 145
821 27 149
821 36 108
821 36 108
821 74 75
821 74 75
821 156 28
821 156 40
821 156 98
822 118 145
822 118 145
822 120 117
822 120 117
823 57 63
823 57 63
823 62 94
823 62 94
824 39 28
824 39 28
824 63 122
824 63 122
824 66 140
824 84 66
824 84 140
825 23 31
825 23 31
825 121 127
825 121 127
826 79 117
826 79 117
826 100 80
826 100 80
826 126 98
826 126 65
826 126 28
827 28 118
827 28 118
827 47 154
827 47 154
828 32 152
828 32 152
828 109 44
828 109 44
829 131 89
829 131 89
829 144 50
829 144 50
830 44 137
830 44 137
830 132 105
830 132 105
831 73 75
831 73 75
831 83 47
831 83 47
831 157 128
831 157 125
831 157 54
832 17 158
832 17 158
832 47 127
832 47 127
832 79 56
832 100 133
832 100 133
832 138 79
832 138 56
833 64 91
833 64 91
833 91 26
833 91 26
834 37 46
834 37 46
834 150 100
834 150 100
835 43 128
835 43 128
835 156 36
835 156 36
836 22 39
836 22 39
836 67 151
836 67 151
837 25 112
837 25 112
837 54 124
837 54 124
837 107 65
837 107 42
837 107 128
838 109 128
838 109 128
838 154 84
838 154 84
839 19 54
839 19 54
839 32 99
839 105 88
839 105 88
839 125 99
839 134 99
840 129 113
840 129 113
840 132 147
840 132 147
841 40 33
841 40 110
841 40 87
841 70 45
841 70 45
841 123 138
841 123 138
842 93 52
842 93 52
842 143 76
842 143 76
843 46 156
843 46 156
843 90 36
843 90 148
843 90 89
843 118 99
843 118 99
843 159 94
843 159 34
843 159 101
844 16 29
844 16 29
844 119 111
844 119 111
845 57 100
845 57 100
845 136 55
845 136 55
846 85 149
846 85 149
846 120 23
846 120 23
847 88 21
847 88 21
847 88 15
847 88 15
848 18 138
848 18 138
848 64 146
848 64 146
849 118 95
849 118 95
849 159 26
849 159 26
850 51 18
850 51 18
850 141 101
850 141 101
850 160 159
850 160 74
850 160 76
851 121 127
851 121 127
851 136 115
851 136 115
852 67 24
852 67 24
852 130 121
852 130 121
853 86 161
853 86 161
853 114 145
853 114 145
853 135 35
853 135 35
854 17 61
854 17 61
854 125 81
854 125 81
855 74 92
855 74 92
855 107 128
855 107 134
855 107 81
855 121 154
855 121 154
856 13 115
856 13 115
856 41 162
856 41 162
856 140 99
856 140 99
857 24 122
857 24 122
857 114 61
857 114 61
858 73 22
858 73 22
858 146 54
858 146 54
859 62 140
859 62 140
859 92 150
859 136 92
859 136 150
859 146 76
859 146 76
859 163 164
859 163 124
859 163 48
860 71 33
860 71 33
860 115 33
860 115 33
861 56 79
861 56 79
861 79 112
861 79 112
862 37 66
862 37 66
862 126 56
862 126 56
863 20 54
863 20 54
863 55 149
863 55 149
864 84 24
864 84 24
864 162 99
864 162 99
865 19 100
865 50 57
865 50 57
865 64 164
865 64 164
865 66 19
865 66 100
866 48 116
866 48 116
866 108 135
866 108 135
867 61 154
867 61 154
867 61 83
867 61 83
868 141 26
868 141 26
868 148 30
868 148 30
869 86 98
869 86 98
869 94 100
869 94 100
870 30 141
870 30 141
870 40 34
870 40 34
871 67 163
871 67 163
871 99 24
871 99 24
872 72 16
872 72 16
872 159 122
872 159 122
873 87 40
873 87 40
873 93 102
873 93 102
873 165 166
873 165 166
874 81 87
874 81 87
874 161 35
874 161 35
875 22 31
875 22 31
875 24 103
875 24 103
876 116 100
876 116 100
876 146 41
876 146 41
877 63 131
877 63 131
877 110 60
877 110 60
877 167 160
877 167 97
877 167 150
878 40 107
878 40 107
878 136 167
878 136 167
879 85 163
879 85 163
879 155 36
879 155 36
880 54 115
880 54 115
880 166 31
880 166 31
881 30 130
881 67 44
881 67 44
881 93 56
881 93 56
881 138 30
881 138 130
881 168 169
881 168 169
882 26 88
882 26 88
882 99 129
882 99 129
883 44 38
883 44 38
883 77 140
883 77 140
884 74 28
884 74 28
884 125 159
884 125 159
885 32 109
885 32 109
885 137 135
885 137 135
885 170 51
885 170 154
885 170 120
886 14 35
886 14 35
886 41 143
886 41 143
886 124 171
886 124 171
887 132 38
887 132 38
887 132 118
887 132 118
887 144 117
887 144 138
887 144 161
888 38 140
888 38 140
888 91 36
888 91 36
889 23 21
889 23 21
889 116 76
889 116 76
889 149 172
889 149 172
890 26 153
890 82 164
890 82 164
890 102 26
890 102 160
890 102 160
890 102 153
891 16 93
891 16 93
891 56 81
891 56 81
891 146 120
891 146 26
891 146 94
892 128 85
892 128 85
892 161 22
892 161 22
893 108 157
893 108 157
893 108 167
893 108 121
893 108 29
893 156 159
893 156 159
894 16 33
894 16 33
894 88 104
894 88 104
895 47 104
895 47 104
895 69 82
895 69 82
896 87 99
896 87 99
896 132 24
896 132 24
897 56 98
897 56 98
897 83 73
897 83 73
898 26 32
898 26 32
898 74 26
898 74 26
899 121 64
899 121 64
899 153 66
899 153 66
900 71 82
900 71 82
900 138 159
900 138 159
900 173 142
900 173 159
900 173 165
901 53 62
901 53 62
901 169 87
901 169 87
902 54 173
902 54 173
902 157 135
902 157 135
903 146 115
903 146 115
903 163 28
903 163 28
904 50 99
904 50 99
904 131 151
904 131 151
905 40 82
905 40 82
905 108 115
905 108 115
906 108 51
906 108 51
906 163 157
906 163 157
907 15 118
907 15 107
907 91 161
907 91 161
907 118 107
907 126 44
907 126 44
908 18 60
908 18 60
908 76 40
908 76 40
909 27 118
909 27 118
909 100 80
909 100 80
910 67 85
910 67 85
910 160 111
910 160 111
911 67 75
911 67 39
911 75 39
911 76 146
911 76 146
911 78 49
911 78 92
911 78 68
911 98 160
911 98 160
911 174 166
911 174 56
911 174 53
912 142 152
912 142 152
912 156 98
912 156 98
913 16 160
913 16 160
913 152 15
913 152 30
913 152 57
913 154 48
913 154 48
914 24 19
914 24 19
914 123 55
914 123 55
915 53 30
915 53 30
915 131 106
915 131 106
916 14 68
916 14 68
916 143 38
916 143 38
917 31 95
917 31 95
917 109 20
917 109 20
918 76 128
918 76 128
918 174 20
918 174 20
919 35 146
919 35 146
919 86 132
919 86 132
920 76 94
920 76 94
920 155 52
920 155 52
921 66 61
921 66 122
921 118 97
921 118 97
921 122 61
921 159 74
921 159 74
922 51 32
922 51 32
922 163 123
922 163 123
923 61 48
923 61 48
923 156 106
923 156 106
924 93 154
924 93 154
924 145 34
924 145 34
924 175 37
924 175 84
924 175 114
925 92 153
925 92 153
925 157 128
925 157 128
926 46 50
926 46 42
926 50 42
926 112 119
926 112 119
926 123 137
926 123 137
927 49 123
927 49 123
927 90 106
927 90 106
927 176 155
927 176 46
927 176 89
928 29 50
928 29 50
928 72 153
928 75 152
928 75 152
928 160 153
928 173 153
929 47 76
929 47 76
929 107 165
929 107 165
930 51 160
930 51 160
930 138 30
930 138 30
931 92 34
931 92 34
931 150 92
931 150 92
932 119 36
932 119 36
932 164 17
932 164 17
933 49 103
933 49 103
933 116 57
933 116 57
934 36 91
934 36 91
934 82 44
934 82 44
934 141 106
934 141 125
934 141 31
935 23 75
935 31 170
935 31 170
935 58 125
935 58 125
935 170 23
935 170 75
936 21 108
936 21 108
936 32 86
936 32 86
936 94 126
936 94 21
936 94 137
937 100 166
937 100 166
937 122 17
937 122 17
938 40 66
938 40 66
938 41 68
938 41 68
939 61 48
939 61 48
939 65 149
939 65 149
939 72 52
939 72 127
939 72 33
940 41 169
940 41 169
940 114 15
940 114 82
940 114 24
940 157 141
940 157 141
940 177 21
940 177 119
940 177 153
941 37 134
941 37 134
941 48 163
941 48 163
941 129 17
941 129 70
941 129 72
942 78 35
942 78 35
942 89 95
942 89 95
943 46 145
943 46 145
943 160 126
943 160 126
943 178 15
943 178 147
943 178 85
944 59 104
944 59 104
944 130 60
944 130 60
945 53 28
945 53 28
945 59 167
945 59 53
945 59 67
945 136 67
945 136 67
946 135 165
946 135 165
946 152 121
946 152 121
947 53 68
947 53 68
947 85 32
947 85 32
948 65 32
948 65 32
948 145 167
948 145 167
949 21 97
949 21 31
949 21 118
949 59 106
949 59 106
949 126 147
949 126 147
950 36 39
950 36 39
950 139 179
950 139 179
950 163 15
950 163 15
951 39 75
951 39 75
951 130 44
951 130 44
952 19 43
952 19 43
952 176 149
952 176 149
952 180 181
952 180 132
952 180 124
953 47 81
953 47 81
953 104 31
953 104 80
953 104 99
953 171 38
953 171 38
954 57 24
954 57 24
954 152 65
954 152 65
955 28 73
955 28 73
955 124 68
955 124 68
956 23 112
956 23 112
956 31 38
956 31 38
956 138 112
956 138 76
956 138 49
957 62 149
957 62 149
957 71 164
957 71 164
958 125 155
958 125 155
958 155 122
958 155 122
959 134 152
959 134 152
959 167 118
959 167 118
960 56 131
960 56 131
960 167 181
960 167 181
960 182 183
960 182 80
960 182 103
961 141 170
961 141 170
961 176 153
961 176 153
962 154 171
962 154 171
962 166 24
962 166 24
962 168 81
962 168 179
962 168 14
963 28 84
963 28 84
963 98 93
963 98 93
963 127 129
963 184 127
963 184 129
964 16 178
964 16 178
964 105 86
964 105 86
964 106 84
964 135 106
964 135 84
965 44 22
965 44 22
965 183 102
965 183 102
965 185 20
965 185 91
965 185 152
966 89 173
966 89 173
966 95 43
966 95 43
967 19 152
967 19 152
967 117 97
967 117 97
968 115 47
968 115 47
968 146 71
968 146 71
969 60 82
969 60 82
969 106 112
969 106 112
970 52 136
970 52 136
970 113 126
970 113 126
971 56 129
971 56 129
971 141 59
971 141 59
972 40 62
972 40 156
972 40 108
972 104 61
972 104 61
972 180 76
972 180 76
973 46 57
973 46 117
973 46 31
973 48 117
973 48 117
973 66 46
973 66 46
974 135 120
974 135 120
974 141 167
974 141 167
975 50 70
975 50 16
975 70 16
975 163 31
975 163 31
975 171 147
975 171 147
976 81 62
976 81 62
976 118 186
976 118 186
976 131 55
976 131 55
977 70 14
977 70 14
977 172 128
977 172 128
978 30 180
978 30 180
978 132 78
978 132 78
978 187 63
978 187 103
978 187 70
979 47 77
979 47 77
979 100 168
979 100 168
980 34 125
980 34 125
980 53 73
980 53 73
981 106 17
981 106 17
981 165 21
981 165 23
981 165 124
981 183 65
981 183 65
982 48 113
982 48 113
982 80 186
982 80 186
983 51 108
983 51 108
983 155 32
983 155 32
984 81 127
984 81 127
984 99 169
984 99 169
985 163 142
985 163 142
985 166 188
985 166 188
985 185 77
985 185 77
986 21 157
986 21 157
986 131 160
986 131 102
986 131 51
986 178 62
986 178 62
987 46 27
987 46 27
987 130 91
987 130 91
987 189 180
987 189 181
987 189 162
988 17 81
988 17 81
988 81 149
988 81 149
988 164 168
988 164 52
988 168 52
989 83 100
989 83 100
989 97 121
989 97 121
989 112 153
989 112 24
989 112 115
989 135 190
989 135 190
990 79 109
990 79 109
990 182 66
990 182 173
990 182 20
990 183 145
990 183 145
991 53 72
991 53 136
991 53 156
991 92 36
991 92 36
991 127 105
991 127 105
991 191 157
991 191 36
991 191 20
992 17 137
992 17 137
992 146 121
992 146 121
992 192 150
992 192 182
992 192 35
993 60 77
993 60 77
993 88 150
993 88 150
994 34 14
994 34 14
994 114 191
994 114 191
995 34 115
995 34 115
995 163 156
995 163 156
996 41 132
996 41 132
996 87 69
996 87 69
997 34 20
997 34 99
997 34 108
997 120 111
997 120 111
997 163 114
997 163 114
997 193 48
997 193 140
997 193 61
998 61 191
998 61 191
998 174 128
998 174 128
999 99 106
999 99 106
999 116 161
999 116 28
999 161 28
999 169 97
999 169 97
1000 60 186
1000 60 186
1000 114 168
1000 114 104
1000 114 156
1000 156 123
1000 156 123
1001 54 130
1001 54 130
1001 55 16
1001 55 16
1001 194 46
1001 194 187
1001 194 161
1002 100 90
1002 100 90
1002 153 117
1002 153 117
1002 164 114
1002 164 115
1002 164 147
1002 195 196
1002 195 48
1002 195 125
1003 23 84
1003 23 84
1003 177 128
1003 177 128
1004 82 44
1004 82 44
1004 195 115
1004 195 115
1005 110 120
1005 110 120
1005 148 196
1005 148 196
1006 141 99
1006 141 99
1006 162 34
1006 162 34
1007 77 151
1007 77 151
1007 178 96
1007 178 96
1008 91 24
1008 91 24
1008 177 74
1008 177 74
1008 179 34
1008 179 184
1008 179 48
1009 23 138
1009 23 138
1009 164 117
1009 164 117
1010 142 82
1010 142 82
1010 176 65
1010 176 65
1011 27 61
1011 27 61
1011 127 166
1011 127 166
1012 157 97
1012 157 97
1012 187 124
1012 187 124
1013 166 63
1013 166 63
1013 188 143
1013 188 143
1014 56 58
1014 56 58
1014 178 77
1014 178 77
1015 20 116
1015 20 116
1015 125 25
1015 125 25
1015 165 24
1015 165 116
1015 165 118
1016 42 28
1016 42 28
1016 138 158
1016 138 158
1017 142 53
1017 142 53
1017 153 161
1017 153 161
1017 197 181
1017 197 53
1017 197 148
1018 105 83
1018 105 83
1018 109 110
1018 109 110
1018 125 198
1018 125 198
1019 115 139
1019 115 139
1019 133 199
1019 133 199
1019 175 157
1019 175 157
1020 149 122
1020 149 122
1020 179 86
1020 179 86
1021 44 42
1021 44 42
1021 86 13
1021 86 13
1022 14 189
1022 14 189
1022 111 152
1022 111 152
1023 45 156
1023 45 156
1023 61 137
1023 61 137
1024 118 160
1024 118 160
1024 193 125
1024 193 125
1025 64 143
1025 64 143
1025 149 17
1025 149 17
1026 81 142
1026 81 142
1026 94 43
1026 94 43
1027 23 39
1027 23 199
1027 23 129
1027 148 50
1027 148 50
1027 148 102
1027 148 102
1028 76 35
1028 76 35
1028 171 200
1028 171 200
1028 178 25
1028 178 25
1029 138 83
1029 138 83
1029 149 84
1029 149 84
1030 13 124
1030 13 124
1030 71 109
1030 71 109
1031 82 83
1031 82 83
1031 141 53
1031 141 53
1032 91 123
1032 91 123
1032 97 178
1032 97 178
1033 89 184
1033 89 184
1033 123 151
1033 123 151
1034 21 60
1034 21 60
1034 127 120
1034 127 120
1035 101 113
1035 101 113
1035 171 59
1035 171 59
1036 104 147
1036 104 147
1036 151 59
1036 151 123
1036 151 82
1036 169 131
1036 169 131
1037 120 74
1037 120 74
1037 185 177
1037 185 177
1038 71 114
1038 71 189
1038 114 189
1038 138 132
1038 138 132
1038 195 125
1038 195 125
1039 53 198
1039 53 198
1039 61 68
1039 61 68
1040 26 63
1040 26 63
1040 68 188
1040 68 188
1041 86 51
1041 86 51
1041 146 111
1041 146 111
1042 17 156
1042 17 156
1042 186 126
1042 186 126
1043 78 163
1043 78 163
1043 163 111
1043 163 111
1044 80 23
1044 80 23
1044 186 117
1044 186 117
1045 96 68
1045 96 68
1045 155 191
1045 155 191
1046 16 40
1046 16 40
1046 68 154
1046 68 154
1047 17 88
1047 77 180
1047 77 180
1047 115 17
1047 115 88
1047 134 27
1047 134 164
1047 134 26
1047 194 42
1047 194 42
1048 60 143
1048 60 143
1048 119 140
1048 119 140
1049 50 201
1049 50 201
1049 70 44
1049 70 44
1049 140 91
1049 140 91
1049 140 186
1049 140 175
1049 140 24
1050 108 141
1050 108 141
1050 194 76
1050 194 76
1051 121 115
1051 121 115
1051 128 130
1051 128 130
1052 35 144
1052 35 144
1052 182 54
1052 182 54
1053 74 163
1053 74 163
1053 180 179
1053 180 179
1054 164 81
1054 164 81
1054 189 170
1054 189 170
1055 14 125
1055 14 125
1055 92 68
1055 92 68
1055 133 122
1055 133 39
1055 133 187
1056 39 132
1056 39 132
1056 92 196
1056 92 196
1057 13 180
1057 13 180
1057 23 40
1057 23 40
1058 35 25
1058 35 98
1058 35 172
1058 106 192
1058 106 192
1058 190 115
1058 190 115
1059 45 202
1059 45 202
1059 81 195
1059 81 195
1059 136 51
1059 136 51
1060 112 163
1060 112 163
1060 127 151
1060 127 151
1060 143 156
1060 143 26
1060 143 97
1061 175 27
1061 175 27
1061 182 116
1061 182 116
1062 36 176
1062 36 176
1062 124 101
1062 124 101
1063 41 50
1063 41 50
1063 188 143
1063 188 143
1064 123 58
1064 123 58
1064 176 19
1064 176 19
1065 39 55
1065 39 55
1065 165 155
1065 165 155
1065 168 169
1065 168 14
1065 168 35
1066 28 129
1066 28 129
1066 105 34
1066 105 34
1067 108 163
1067 108 163
1067 192 126
1067 192 126
1068 73 68
1068 73 68
1068 103 164
1068 103 164
1069 17 24
1069 17 24
1069 25 13
1069 97 165
1069 97 92
1069 97 137
1069 159 93
1069 159 93
1069 165 25
1069 165 13
1070 31 155
1070 31 155
1070 158 107
1070 158 107
1071 30 94
1071 30 94
1071 173 150
1071 173 150
1072 64 167
1072 64 167
1072 90 79
1072 90 79
1072 195 21
1072 195 45
1072 195 37
1073 144 109
1073 144 109
1073 163 153
1073 163 153
1074 133 125
1074 133 125
1074 175 193
1074 175 193
1075 51 180
1075 51 180
1075 72 21
1075 72 21
1076 16 30
1076 16 30
1076 51 31
1076 51 31
1077 91 116
1077 91 116
1077 99 85
1077 99 95
1077 99 50
1077 188 141
1077 188 141
1078 15 106
1078 15 106
1078 188 24
1078 188 24
1079 50 22
1079 50 22
1079 200 146
1079 200 146
1080 100 124
1080 100 124
1080 112 103
1080 112 103
1081 29 45
1081 29 45
1081 31 164
1081 31 164
1082 37 22
1082 37 22
1082 46 202
1082 46 139
1082 46 102
1082 64 182
1082 64 182
1082 166 197
1082 203 166
1082 203 197
1083 40 128
1083 40 128
1083 53 55
1083 53 55
1083 200 79
1083 200 182
1083 200 104
1084 115 85
1084 115 85
1084 168 173
1084 168 173
1085 35 166
1085 35 166
1085 60 139
1085 60 139
1086 43 201
1086 43 201
1086 62 160
1086 62 160
1087 73 111
1087 73 111
1087 192 33
1087 199 140
1087 199 140
1087 204 192
1087 204 33
1088 58 48
1088 58 48
1088 168 79
1088 168 79
1089 122 35
1089 122 35
1089 148 166
1089 148 166
1090 75 53
1090 75 53
1090 182 107
1090 182 107
1091 24 125
1091 24 125
1091 59 88
1091 59 88
