0 14 15
0 14 15
1 14 15
1 14 15
1 15 14
1 15 14
2 14 15
2 14 15
2 15 14
2 15 14
3 14 15
3 14 15
3 15 14
3 15 14
4 14 15
4 14 15
4 15 14
4 15 14
5 14 15
5 14 15
5 14 15
5 14 15
6 14 16
6 14 16
6 15 14
6 15 14
6 15 14
6 15 14
7 16 17
7 16 17
7 16 14
7 16 14
7 16 14
7 16 14
8 16 15
8 16 15
8 17 14
8 17 14
9 16 17
9 16 17
9 16 17
9 16 14
9 16 15
9 17 14
9 17 14
10 16 17
10 16 17
10 16 17
10 16 17
11 16 17
11 16 17
11 16 14
11 16 14
12 15 17
12 15 17
12 16 14
12 16 14
12 18 19
12 18 14
12 18 16
13 16 15
13 16 18
13 18 19
13 18 19
13 18 15
13 19 15
13 19 15
14 15 18
14 15 18
14 19 18
14 19 18
15 17 18
15 17 18
15 18 14
15 18 14
16 14 19
16 14 19
16 16 17
16 16 17
17 14 18
17 14 18
17 18 16
17 18 16
18 14 19
18 14 19
18 16 15
18 16 15
19 15 18
19 15 18
19 16 17
19 16 14
19 16 15
19 19 18
19 19 18
20 16 19
20 16 19
20 19 14
20 19 14
21 14 17
21 14 17
21 16 17
21 16 18
21 16 19
21 19 14
21 19 14
22 15 14
22 15 14
22 18 19
22 18 19
23 14 18
23 14 18
23 16 14
23 16 15
23 16 19
23 18 15
23 18 15
24 15 16
24 15 16
24 16 17
24 16 17
24 20 18
24 20 17
24 20 19
25 16 17
25 16 18
25 16 19
25 18 19
25 18 19
25 18 16
25 18 16
26 16 20
26 16 20
26 18 17
26 18 17
27 14 15
27 14 15
27 17 14
27 18 15
27 18 15
27 19 14
27 19 17
28 14 17
28 14 17
28 19 15
28 19 15
29 18 16
29 18 16
29 19 15
29 19 15
30 18 14
30 18 14
30 19 17
30 19 17
31 14 15
31 14 16
31 14 17
31 14 17
31 14 20
31 18 19
31 18 19
32 17 20
32 17 20
32 18 16
32 18 16
33 14 20
33 14 20
33 16 18
33 16 18
33 20 19
33 20 14
33 20 15
34 16 17
34 16 17
34 19 15
34 19 20
34 19 16
34 20 19
34 20 19
35 15 14
35 15 14
35 19 16
35 20 19
35 20 19
35 21 19
35 21 16
36 15 14
36 15 14
36 17 18
36 17 18
37 14 15
37 14 15
37 21 17
37 21 17
38 16 17
38 16 17
38 18 21
38 18 21
39 15 16
39 15 16
39 15 21
39 15 21
40 18 14
40 18 20
40 19 14
40 19 14
40 20 14
40 20 14
40 20 14
41 16 17
41 16 17
41 17 18
41 17 18
42 15 21
42 15 21
42 19 16
42 19 16
42 22 20
42 22 18
42 22 15
43 15 18
43 15 18
43 17 20
43 17 20
44 16 14
44 16 14
44 20 21
44 20 16
44 20 22
44 22 16
44 22 16
45 14 20
45 14 20
45 19 16
45 19 16
46 16 14
46 16 14
46 22 19
46 22 19
47 14 15
47 14 15
47 18 19
47 18 16
47 18 16
47 18 21
47 18 20
48 19 20
48 19 20
48 21 16
48 21 17
48 21 22
48 21 22
48 21 22
49 19 22
49 19 22
49 21 16
49 21 16
49 23 17
49 23 18
49 23 19
50 14 15
50 14 16
50 14 18
50 16 15
50 16 15
50 20 18
50 20 18
51 16 17
51 16 17
51 20 15
51 20 15
52 16 19
52 16 19
52 20 22
52 20 22
53 15 21
53 15 21
53 17 22
53 17 22
54 16 20
54 16 20
54 23 18
54 23 18
54 24 17
54 24 14
54 24 18
55 17 22
55 17 22
55 19 17
55 19 17
55 25 17
55 25 16
55 25 24
56 19 20
56 19 20
56 25 14
56 25 14
57 18 14
57 18 14
57 23 18
57 23 18
57 26 16
57 26 25
57 26 14
58 14 25
58 14 25
58 21 16
58 21 16
59 16 17
59 16 17
59 16 22
59 16 22
60 16 18
60 16 18
60 26 17
60 26 17
61 16 20
61 16 20
61 24 18
61 24 18
62 14 21
62 14 21
62 19 17
62 19 17
62 27 14
62 27 19
62 27 16
63 18 26
63 18 26
63 22 27
63 22 27
64 23 18
64 23 18
64 23 26
64 23 26
64 27 14
64 27 20
64 27 15
65 22 25
65 22 25
65 23 24
65 23 24
66 17 18
66 17 18
66 20 15
66 20 16
66 20 24
66 21 14
66 21 14
67 19 21
67 19 21
67 20 23
67 20 23
68 18 21
68 18 21
68 18 28
68 18 28
68 25 24
68 25 24
69 17 28
69 17 28
69 24 28
69 24 28
70 24 22
70 24 22
70 26 15
70 26 15
71 14 25
71 14 25
71 25 14
71 25 14
72 14 24
72 14 24
72 15 28
72 15 28
73 18 15
73 18 15
73 26 16
73 26 16
74 17 18
74 17 18
74 26 14
74 26 14
74 29 22
74 29 19
74 29 23
75 14 18
75 14 17
75 14 26
75 15 14
75 15 14
75 25 21
75 25 21
76 22 14
76 22 14
76 23 17
76 23 17
77 21 22
77 21 22
77 29 14
77 29 14
77 30 31
77 30 31
78 16 14
78 16 14
78 27 28
78 27 28
79 15 21
79 15 21
79 24 23
79 24 23
80 14 19
80 14 19
80 23 28
80 23 28
81 20 22
81 20 22
81 23 18
81 23 18
82 19 24
82 19 24
82 30 28
82 30 28
83 26 16
83 26 16
83 27 18
83 27 18
84 15 26
84 15 26
84 24 17
84 24 17
84 32 28
84 32 14
84 32 20
85 26 27
85 26 27
85 31 18
85 31 18
86 25 15
86 25 15
86 32 31
86 32 31
87 14 23
87 14 23
87 16 33
87 16 33
87 22 26
87 22 26
87 32 25
87 32 23
87 32 26
88 15 33
88 15 33
88 19 26
88 19 26
88 20 34
88 20 34
89 23 16
89 23 16
89 26 29
89 26 29
90 21 23
90 21 23
90 33 34
90 33 34
91 14 20
91 14 20
91 16 33
91 16 33
92 16 28
92 16 28
92 24 21
92 24 21
93 21 32
93 21 32
93 25 29
93 25 29
94 15 31
94 15 31
94 32 14
94 32 14
95 17 34
95 17 34
95 30 17
95 30 17
96 17 26
96 17 26
96 20 31
96 20 31
97 18 20
97 18 20
97 23 22
97 23 22
97 30 17
97 30 14
97 30 23
98 14 15
98 14 15
98 16 14
98 16 14
99 15 16
99 15 16
99 16 29
99 16 32
99 27 33
99 27 33
99 29 32
100 29 21
100 29 21
100 31 15
100 31 15
100 32 20
100 32 25
100 32 17
101 18 17
101 18 17
101 33 34
101 33 34
102 15 16
102 15 26
102 15 25
102 17 31
102 17 31
102 29 31
102 29 31
103 14 35
103 14 35
103 15 18
103 15 18
103 24 21
103 24 21
103 36 20
103 36 25
103 36 17
104 16 21
104 16 21
104 29 31
104 29 31
104 37 28
104 37 29
104 37 23
105 22 26
105 22 26
105 28 18
105 28 18
106 14 15
106 14 19
106 14 32
106 26 35
106 26 35
106 37 33
106 37 33
107 15 27
107 15 27
107 26 23
107 33 14
107 33 14
107 38 26
107 38 23
108 22 15
108 22 24
108 22 34
108 24 19
108 24 19
108 27 23
108 27 23
109 26 19
109 26 19
109 29 21
109 29 21
110 15 16
110 15 16
110 26 24
110 26 24
110 38 15
110 38 37
110 38 14
111 20 31
111 20 31
111 34 25
111 34 25
112 22 26
112 22 26
112 26 30
112 26 30
113 21 34
113 21 34
113 38 33
113 38 33
114 34 23
114 34 18
114 34 35
114 35 34
114 35 34
114 37 14
114 37 14
115 28 22
115 30 15
115 30 15
115 31 20
115 31 20
115 34 28
115 34 22
116 21 19
116 21 38
116 28 29
116 28 29
116 33 35
116 33 35
116 38 19
117 16 31
117 16 31
117 21 16
117 21 16
117 35 30
117 35 36
117 35 19
118 23 27
118 23 27
118 30 16
118 30 16
119 14 33
119 14 33
119 30 27
119 30 27
119 39 37
119 39 36
119 39 24
120 19 34
120 19 34
120 24 22
120 24 22
121 29 32
121 29 32
121 36 30
121 36 30
122 14 15
122 14 15
122 15 35
122 15 35
123 25 15
123 25 37
123 25 32
123 36 29
123 36 29
123 36 37
123 36 37
124 18 38
124 18 38
124 34 16
124 34 16
125 14 28
125 14 28
125 31 35
125 31 30
125 31 19
125 37 38
125 37 38
126 22 40
126 22 40
126 33 34
126 33 34
126 37 35
126 37 35
127 17 37
127 17 37
127 30 25
127 30 25
128 20 26
128 20 26
128 24 35
128 24 25
128 29 20
128 29 20
128 35 25
129 18 22
129 18 22
129 32 24
129 32 24
130 16 17
130 16 17
130 30 26
130 30 26
131 16 33
131 16 33
131 27 19
131 27 19
132 20 30
132 20 30
132 29 27
132 29 27
133 26 30
133 26 30
133 27 33
133 27 33
134 15 18
134 15 18
134 31 29
134 31 29
135 15 16
135 15 16
135 25 29
135 25 34
135 25 35
135 38 26
135 38 26
136 18 19
136 18 19
136 29 32
136 29 40
136 29 36
136 40 26
136 40 26
137 23 40
137 23 40
137 30 26
137 31 26
137 34 26
137 35 15
137 35 15
138 14 29
138 14 29
138 38 33
138 38 33
139 19 37
139 19 37
139 33 34
139 33 34
139 35 41
139 35 41
140 26 37
140 26 37
140 30 31
140 30 31
141 15 31
141 15 31
141 22 19
141 22 27
141 22 28
141 30 20
141 30 20
142 32 26
142 32 26
142 41 16
142 41 16
143 17 25
143 17 25
143 33 21
143 33 21
144 17 18
144 17 18
144 32 16
144 32 16
145 29 36
145 29 36
145 29 41
145 29 41
146 23 19
146 23 24
146 23 22
146 23 22
146 23 27
146 23 37
146 23 38
146 24 37
146 38 31
146 38 31
147 25 26
147 25 26
147 33 41
147 33 41
148 20 33
148 20 33
148 21 29
148 27 21
148 27 29
148 33 20
148 33 20
149 18 23
149 18 23
149 29 16
149 29 16
149 35 42
149 35 42
150 19 40
150 19 40
150 33 35
150 33 35
151 36 32
151 36 35
151 36 41
151 39 30
151 39 30
151 41 39
151 41 39
152 20 33
152 20 33
152 22 19
152 22 19
152 34 43
152 34 43
153 15 31
153 15 31
153 16 44
153 16 44
153 22 24
153 22 24
154 40 34
154 40 34
154 41 17
154 41 17
155 15 32
155 15 32
155 26 20
155 26 20
156 25 32
156 25 32
156 27 34
156 27 34
157 23 19
157 23 19
157 30 28
157 30 28
158 17 20
158 17 26
158 17 25
158 34 22
158 34 22
158 35 23
158 35 23
159 14 42
159 14 42
159 35 28
159 35 28
160 18 14
160 18 22
160 18 27
160 18 27
160 19 23
160 19 23
160 22 14
161 24 35
161 24 35
161 40 41
161 40 41
162 14 39
162 14 39
162 16 45
162 16 45
162 23 25
162 23 25
163 31 23
163 31 23
163 35 36
163 35 25
163 35 14
163 38 32
163 38 32
163 46 16
163 46 36
163 46 14
164 14 18
164 14 18
164 32 16
164 32 35
164 32 18
164 46 25
164 46 25
165 34 38
165 34 44
165 34 32
165 39 40
165 44 30
165 44 30
165 45 37
165 45 37
165 45 39
165 45 40
166 15 37
166 15 37
166 22 43
166 22 43
166 47 48
166 47 48
167 34 45
167 34 45
167 46 21
167 46 21
168 21 41
168 21 41
168 30 47
168 30 47
168 42 24
168 42 18
168 42 31
169 35 27
169 35 27
169 44 32
169 44 32
170 23 36
170 23 47
170 23 48
170 39 47
170 39 47
170 44 25
170 44 25
171 28 33
171 28 33
171 36 33
171 36 33
172 17 34
172 17 34
172 31 35
172 31 35
172 49 45
172 49 23
172 49 39
173 14 33
173 14 33
173 23 17
173 23 17
174 16 37
174 16 37
174 49 22
174 49 22
175 22 42
175 22 42
175 29 39
175 29 39
176 19 24
176 19 24
176 40 45
176 40 45
177 28 47
177 28 47
177 31 39
177 31 47
177 31 17
177 41 34
177 41 34
178 34 38
178 34 38
178 35 27
178 35 46
178 35 37
178 43 25
178 43 25
179 21 40
179 21 40
179 45 27
179 45 27
179 50 51
179 50 29
179 50 28
180 16 37
180 16 37
180 34 42
180 34 42
180 50 52
180 50 52
181 37 30
181 37 30
181 52 43
181 52 43
182 30 24
182 30 24
182 52 23
182 52 23
183 17 30
183 17 30
183 40 50
183 40 50
184 18 51
184 18 51
184 20 25
184 20 25
184 32 28
184 32 19
184 32 45
185 23 45
185 23 45
185 41 32
185 41 32
185 53 41
185 53 28
185 53 36
186 39 31
186 39 31
186 42 33
186 42 33
186 54 30
186 54 26
186 54 46
187 45 17
187 45 17
187 50 29
187 50 29
187 54 48
187 54 49
187 54 36
188 36 40
188 36 40
188 47 35
188 47 35
189 47 48
189 47 23
189 47 23
189 47 21
189 47 39
189 50 51
189 50 51
190 16 15
190 16 15
190 17 51
190 17 51
191 21 46
191 22 28
191 22 28
191 30 24
191 30 24
191 37 21
191 37 46
192 32 21
192 32 21
192 39 22
192 39 22
193 29 40
193 29 40
193 54 27
193 54 27
194 29 55
194 29 55
194 39 31
194 39 31
194 46 35
194 46 35
195 33 27
195 33 27
195 39 38
195 39 38
196 17 14
196 17 14
196 31 33
196 31 48
196 33 48
196 55 30
196 55 30
197 21 32
197 21 32
197 26 35
197 26 35
198 16 50
198 16 50
198 31 21
198 31 21
198 50 52
198 50 43
198 50 24
199 29 38
199 29 38
199 44 35
199 44 35
200 37 31
200 37 31
200 38 37
200 38 37
200 56 57
200 56 20
200 56 46
201 36 34
201 36 34
201 42 35
201 42 45
201 42 39
201 46 18
201 46 18
202 18 34
202 18 34
202 44 35
202 44 35
202 54 30
202 54 15
202 54 29
203 17 22
203 17 49
203 17 55
203 23 50
203 23 50
203 43 23
203 43 23
204 21 25
204 21 25
204 28 24
204 28 24
205 18 25
205 18 25
205 21 52
205 21 52
206 24 32
206 24 32
206 55 26
206 55 26
207 28 31
207 28 31
207 44 25
207 44 25
208 20 22
208 20 22
208 31 21
208 31 21
209 45 53
209 45 53
209 46 51
209 46 20
209 46 44
209 53 40
209 53 40
210 35 20
210 35 20
210 57 17
210 57 17
211 35 24
211 35 24
211 37 20
211 37 20
211 58 17
211 58 18
211 58 55
212 43 27
212 43 27
212 57 22
212 57 22
213 22 28
213 22 28
213 38 57
213 38 57
214 23 15
214 23 15
214 37 15
214 37 15
215 14 15
215 14 15
215 39 56
215 39 56
215 53 37
215 53 39
215 53 51
216 18 50
216 18 50
216 31 59
216 31 59
216 40 31
216 40 31
217 37 38
217 37 38
217 45 39
217 45 39
218 23 16
218 23 16
218 40 42
218 40 42
219 22 58
219 39 26
219 39 26
219 46 22
219 46 58
219 51 57
219 51 57
220 14 41
220 14 41
220 14 31
220 14 31
221 45 47
221 45 47
221 54 36
221 54 36
222 16 15
222 16 15
222 19 24
222 19 24
223 22 48
223 22 48
223 29 39
223 29 39
224 36 51
224 36 51
224 52 40
224 52 40
225 30 25
225 30 25
225 47 30
225 47 28
225 47 25
225 56 14
225 56 14
226 14 17
226 14 24
226 14 35
226 21 56
226 21 56
226 48 28
226 48 28
227 28 15
227 28 15
227 46 34
227 46 34
227 60 21
227 60 52
227 60 20
228 14 24
228 14 24
228 16 33
228 16 33
228 25 61
228 25 61
229 49 50
229 49 50
229 56 19
229 56 19
230 29 26
230 29 60
230 29 45
230 30 31
230 30 31
230 55 24
230 55 24
231 41 27
231 41 27
231 61 21
231 61 21
232 33 23
232 33 23
232 49 61
232 49 61
233 35 17
233 35 17
233 52 20
233 52 20
234 42 47
234 42 47
234 58 59
234 58 59
235 20 45
235 20 45
235 34 21
235 34 21
236 36 33
236 36 33
236 47 39
236 47 39
237 24 25
237 24 25
237 55 38
237 55 38
238 20 34
238 20 31
238 20 60
238 30 26
238 30 26
238 37 56
238 37 56
239 41 60
239 41 60
239 46 53
239 46 53
240 19 25
240 19 25
240 56 50
240 56 50
241 38 30
241 38 30
241 40 45
241 40 24
241 40 24
241 40 61
241 40 27
242 38 55
242 38 55
242 43 60
242 43 60
243 17 61
243 17 61
243 30 31
243 30 31
244 25 18
244 25 18
244 41 51
244 41 51
245 15 41
245 15 41
245 38 16
245 38 16
245 62 16
245 62 51
245 62 22
246 51 29
246 51 29
246 53 57
246 53 57
247 33 16
247 33 16
247 36 55
247 36 55
248 20 62
248 20 62
248 27 21
248 27 21
248 41 18
248 42 18
248 42 41
249 31 43
249 31 43
249 36 47
249 36 47
250 43 16
250 43 16
250 53 28
250 53 28
251 30 48
251 30 48
251 62 25
251 62 25
252 18 35
252 18 35
252 40 44
252 40 44
253 26 39
253 26 39
253 49 15
253 49 15
254 34 28
254 34 28
254 57 47
254 57 47
255 18 50
255 18 50
255 43 28
255 43 28
256 39 42
256 39 42
256 59 25
256 59 25
257 21 62
257 21 62
257 39 45
257 39 45
257 59 63
257 59 63
258 35 31
258 35 31
258 46 18
258 46 18
259 27 52
259 27 52
259 39 29
259 39 29
259 58 64
259 58 64
260 22 41
260 22 41
260 38 34
260 38 34
261 35 61
261 35 61
261 55 49
261 55 49
262 30 37
262 30 35
262 30 55
262 45 38
262 45 38
262 57 47
262 57 47
263 30 24
263 30 24
263 30 35
263 30 35
264 19 56
264 19 56
264 44 27
264 44 27
265 53 40
265 53 40
265 64 46
265 64 46
266 32 48
266 32 48
266 40 49
266 40 48
266 49 48
266 61 64
266 61 64
267 27 18
267 27 18
267 50 23
267 50 23
268 19 48
268 19 48
268 27 64
268 27 64
268 31 26
268 31 47
268 31 52
269 45 14
269 45 14
269 54 63
269 54 63
270 29 55
270 29 55
270 39 32
270 39 32
271 41 56
271 41 56
271 52 53
271 52 53
272 26 17
272 26 17
272 49 45
272 49 45
273 23 28
273 23 33
273 33 28
273 43 41
273 43 41
273 48 45
273 48 45
274 52 49
274 52 49
274 61 17
274 61 57
274 61 62
274 64 17
274 64 17
275 26 41
275 26 41
275 43 40
275 43 40
276 18 35
276 18 35
276 21 20
276 21 20
277 42 28
277 42 28
277 57 53
277 57 53
278 35 39
278 35 39
278 44 29
278 44 29
279 41 54
279 41 54
279 55 25
279 55 25
280 49 57
280 49 57
280 51 43
280 51 43
281 43 16
281 43 32
281 43 58
281 55 26
281 55 26
281 61 32
281 61 32
282 14 20
282 14 20
282 36 63
282 36 63
283 16 14
283 16 14
283 41 28
283 41 28
283 46 18
283 46 23
283 46 55
284 20 34
284 20 34
284 31 30
284 31 30
285 28 36
285 28 36
285 40 25
285 40 25
285 50 15
285 50 62
285 50 38
285 65 52
285 65 45
285 65 39
286 37 52
286 37 52
286 60 43
286 60 43
287 18 19
287 18 19
287 62 36
287 62 36
288 39 54
288 39 54
288 55 45
288 55 45
289 21 27
289 21 27
289 43 55
289 43 55
289 57 66
289 57 66
290 24 18
290 24 25
290 24 58
290 61 44
290 61 44
290 64 38
290 64 38
291 20 29
291 20 29
291 28 67
291 28 67
291 37 29
291 37 29
292 46 22
292 46 22
292 66 42
292 66 42
293 19 34
293 19 33
293 19 38
293 56 14
293 56 14
293 66 27
293 66 27
294 36 30
294 36 30
294 40 42
294 40 42
295 40 50
295 40 50
295 55 65
295 55 65
296 35 39
296 35 39
296 42 65
296 42 65
297 22 19
297 22 19
297 38 29
297 38 29
297 47 68
297 47 68
298 14 47
298 14 47
298 46 49
298 46 49
299 15 57
299 15 57
299 27 69
299 27 69
299 36 31
299 36 31
299 54 21
299 54 44
299 54 42
300 16 34
300 16 34
300 63 32
300 63 32
300 69 38
300 69 43
300 69 59
301 25 69
301 25 69
301 59 40
301 59 40
301 62 32
301 62 59
301 62 27
302 21 22
302 21 22
302 22 51
302 22 51
303 54 29
303 54 29
303 69 23
303 69 23
304 27 44
304 27 44
304 51 24
304 51 24
305 27 64
305 27 64
305 45 53
305 45 53
306 31 68
306 31 68
306 52 22
306 52 22
307 21 34
307 21 34
307 50 30
307 50 30
308 34 20
308 34 20
308 54 39
308 54 39
309 31 42
309 31 42
309 38 23
309 38 55
309 38 43
309 59 42
309 59 42
309 70 71
309 70 26
309 70 59
310 35 18
310 35 18
310 47 51
310 47 60
310 47 66
310 54 71
310 54 71
311 22 29
311 22 29
311 49 50
311 49 30
311 49 36
311 67 20
311 67 20
312 33 36
312 33 36
312 38 46
312 38 46
313 35 20
313 35 20
313 64 41
313 64 41
314 18 61
314 18 61
314 60 47
314 60 47
315 54 58
315 54 58
315 54 59
315 54 38
315 59 38
315 64 48
315 64 48
316 36 70
316 36 70
316 54 29
316 54 29
317 30 60
317 30 60
317 71 30
317 71 30
318 66 58
318 66 58
318 68 33
318 68 33
318 70 72
318 70 72
319 27 35
319 27 35
319 30 69
319 30 69
320 14 17
320 14 17
320 31 38
320 31 38
321 26 14
321 26 14
321 26 41
321 26 41
321 57 53
321 57 66
321 57 25
322 50 21
322 50 21
322 60 43
322 60 43
322 73 66
322 73 68
322 73 67
323 24 25
323 24 25
323 56 32
323 56 32
324 35 65
324 35 65
324 39 27
324 39 27
325 64 14
325 64 14
325 71 63
325 71 63
326 58 22
326 58 22
326 70 50
326 70 50
327 25 46
327 25 46
327 42 37
327 42 37
328 24 37
328 24 37
328 63 35
328 63 35
329 16 29
329 16 29
329 64 19
329 64 19
330 22 34
330 22 68
330 22 23
330 37 42
330 37 42
330 54 70
330 54 70
331 27 38
331 27 38
331 43 20
331 71 32
331 71 32
331 74 43
331 74 20
332 14 29
332 14 29
332 48 45
332 48 45
333 33 31
333 33 31
333 60 52
333 60 52
334 46 18
334 46 18
334 67 56
334 67 56
335 35 28
335 35 28
335 42 68
335 42 68
336 27 71
336 27 71
336 67 18
336 67 18
337 51 33
337 51 33
337 66 64
337 66 64
338 30 31
338 30 31
338 64 40
338 64 40
338 72 75
338 72 75
339 21 19
339 21 19
339 22 49
339 22 49
339 26 39
339 26 63
339 26 18
340 15 31
340 15 31
340 62 17
340 62 17
341 37 28
341 37 14
341 37 35
341 49 25
341 49 25
341 53 74
341 53 74
342 27 28
342 27 17
342 27 25
342 43 35
342 43 35
342 55 23
342 55 23
343 48 34
343 48 34
343 67 59
343 67 59
344 29 46
344 29 46
344 36 61
344 36 61
345 61 40
345 61 40
345 69 54
345 69 54
346 60 40
346 60 40
346 69 38
346 69 38
347 26 30
347 26 30
347 54 35
347 54 35
347 76 44
347 76 25
347 76 26
348 57 46
348 57 46
348 64 20
348 64 20
349 22 40
349 22 40
349 43 18
349 43 18
350 52 40
350 52 40
350 76 31
350 76 31
351 49 16
351 49 16
351 63 75
351 63 75
352 49 37
352 49 37
352 54 52
352 54 52
352 73 77
352 73 77
353 26 35
353 26 35
353 29 59
353 29 59
353 49 34
353 58 49
353 58 34
354 55 28
354 55 28
354 72 48
354 72 48
354 73 31
354 73 42
354 73 30
355 23 42
355 23 42
355 25 38
355 48 34
355 48 34
355 48 25
355 48 38
356 33 15
356 33 15
356 74 73
356 74 73
357 29 39
357 29 39
357 56 36
357 56 36
358 27 28
358 27 28
358 67 50
358 67 50
359 53 44
359 53 44
359 75 44
359 75 44
359 76 54
359 76 45
359 76 50
360 49 36
360 49 26
360 49 67
360 58 19
360 58 19
360 65 20
360 65 20
361 23 62
361 23 62
361 29 33
361 29 33
362 16 14
362 16 14
362 39 69
362 39 69
363 21 22
363 21 51
363 21 28
363 27 32
363 27 32
363 61 39
363 61 39
364 19 72
364 19 72
364 26 63
364 26 63
364 67 36
364 67 16
364 67 64
365 19 64
365 19 64
365 22 74
365 22 74
366 48 38
366 48 38
366 58 27
366 58 27
367 25 61
367 25 61
367 33 53
367 33 53
368 26 69
368 26 69
368 38 50
368 38 50
369 54 67
369 54 67
369 65 75
369 65 75
370 14 45
370 14 45
370 51 56
370 51 25
370 51 26
370 53 33
370 53 33
371 62 32
371 62 32
371 71 26
371 71 26
371 78 79
371 78 75
371 78 77
371 80 59
371 80 50
371 80 70
372 15 32
372 15 32
372 30 46
372 30 46
372 45 36
372 45 26
372 45 31
373 46 33
373 46 33
373 47 60
373 47 60
374 41 30
374 41 30
374 80 51
374 80 51
374 81 39
374 81 67
374 81 40
375 16 25
375 16 65
375 16 58
375 25 77
375 25 77
375 30 48
375 30 48
376 25 64
376 25 64
376 63 21
376 63 21
377 16 48
377 16 48
377 68 43
377 68 43
378 61 80
378 61 80
378 81 50
378 81 50
379 15 37
379 15 37
379 17 78
379 17 78
379 76 50
379 76 38
379 76 65
380 22 63
380 22 63
380 69 76
380 69 76
381 18 73
381 18 73
381 32 56
381 32 56
382 39 72
382 39 72
382 63 20
382 63 20
382 70 71
382 70 80
382 70 16
383 46 23
383 46 23
383 46 32
383 46 32
383 47 65
383 47 59
383 47 14
384 21 51
384 21 51
384 24 82
384 24 82
384 32 73
384 44 32
384 44 73
384 69 23
384 69 23
385 15 20
385 15 20
385 19 17
385 19 33
385 19 80
385 56 20
385 56 20
386 54 62
386 54 62
386 62 31
386 62 31
387 18 61
387 18 61
387 49 30
387 49 30
388 32 70
388 32 71
388 32 76
388 59 17
388 59 17
388 77 25
388 77 25
389 22 42
389 22 42
389 24 48
389 24 48
389 61 62
389 61 50
389 61 38
389 83 49
389 83 25
389 83 57
390 30 84
390 30 84
390 35 73
390 35 73
390 69 37
390 69 37
391 65 21
391 65 21
391 79 82
391 79 82
392 41 48
392 41 48
392 47 71
392 47 71
393 20 64
393 20 74
393 22 66
393 22 66
393 53 85
393 53 85
393 64 74
393 68 63
393 68 63
394 23 32
394 23 32
394 80 61
394 80 61
395 62 35
395 62 55
395 62 56
395 69 50
395 69 50
395 78 52
395 78 52
396 40 78
396 40 78
396 57 15
396 57 15
397 24 29
397 24 29
397 68 38
397 68 38
398 58 23
398 58 23
398 79 45
398 79 45
399 29 82
399 29 82
399 57 71
399 57 71
400 41 80
400 41 80
400 45 25
400 45 60
400 45 64
400 76 32
400 76 32
401 19 48
401 19 48
401 42 31
401 42 56
401 56 31
401 62 54
401 62 54
402 37 69
402 37 69
402 39 21
402 39 21
403 41 73
403 41 73
403 77 36
403 77 36
404 18 31
404 18 31
404 85 56
404 85 56
405 24 58
405 25 21
405 25 21
405 52 15
405 52 15
405 67 24
405 67 58
406 34 60
406 34 60
406 40 59
406 40 59
407 21 57
407 21 57
407 63 34
407 63 34
408 19 86
408 19 86
408 26 29
408 26 29
408 44 82
408 44 85
408 44 62
408 66 44
408 66 44
409 15 54
409 15 54
409 64 67
409 64 67
410 26 25
410 26 63
410 26 58
410 37 19
410 37 19
410 71 67
410 71 67
411 31 80
411 31 80
411 49 36
411 49 36
412 45 54
412 45 54
412 50 56
412 50 56
413 14 53
413 14 53
413 20 39
413 20 39
413 81 23
413 81 29
413 81 34
414 23 60
414 23 60
414 54 27
414 54 27
415 49 87
415 49 87
415 70 41
415 70 41
415 78 57
415 78 57
416 40 36
416 40 36
416 48 85
416 48 85
417 49 36
417 49 36
417 86 78
417 86 78
418 34 35
418 34 51
418 34 66
418 53 54
418 53 54
418 70 69
418 70 69
419 21 55
419 21 55
419 70 20
419 70 20
420 57 80
420 57 80
420 59 88
420 59 88
420 72 29
420 72 29
421 50 52
421 50 52
421 67 24
421 67 24
422 42 81
422 42 81
422 81 68
422 81 68
423 40 34
423 40 34
423 72 31
423 72 31
424 41 78
424 41 78
424 72 57
424 72 57
424 89 61
424 89 78
424 89 87
425 46 61
425 46 61
425 56 86
425 56 86
426 20 14
426 20 14
426 80 81
426 80 81
426 90 49
426 90 38
426 90 71
427 74 19
427 74 19
427 81 86
427 81 86
428 38 25
428 38 84
428 38 69
428 56 65
428 56 65
428 63 21
428 63 21
429 17 49
429 17 49
429 29 86
429 29 86
429 34 35
429 34 49
429 35 49
430 28 16
430 28 16
430 85 54
430 85 54
431 27 50
431 27 50
431 81 88
431 81 88
431 86 91
431 86 91
432 38 80
432 38 80
432 51 81
432 51 81
432 63 28
432 74 63
432 74 28
433 40 23
433 40 23
433 62 21
433 62 21
434 34 71
434 34 71
434 75 54
434 75 54
435 27 75
435 27 75
435 35 14
435 35 14
436 34 52
436 34 52
436 55 66
436 55 66
437 78 67
437 78 67
437 83 71
437 83 71
438 28 57
438 28 57
438 69 90
438 69 90
439 17 34
439 17 34
439 30 70
439 30 70
440 33 35
440 33 46
440 46 35
440 58 14
440 58 14
440 68 79
440 68 79
441 30 44
441 30 44
441 90 53
441 90 53
442 58 67
442 58 67
442 72 91
442 72 91
443 66 14
443 66 14
443 68 19
443 68 19
444 31 86
444 31 86
444 68 50
444 68 50
445 45 25
445 45 25
445 85 28
445 85 28
446 24 56
446 24 42
446 24 27
446 27 48
446 27 48
446 84 18
446 84 18
447 76 64
447 76 64
447 80 22
447 80 22
447 92 84
447 92 56
447 92 82
448 43 45
448 43 45
448 70 85
448 70 85
449 17 70
449 17 70
449 53 42
449 53 42
450 47 45
450 47 45
450 67 17
450 67 17
451 32 53
451 32 53
451 54 82
451 54 82
452 28 80
452 28 80
452 47 93
452 47 93
452 51 79
452 51 79
452 94 35
452 94 42
452 94 70
453 15 79
453 15 79
453 75 66
453 75 66
454 65 14
454 65 14
454 69 54
454 69 54
455 43 27
455 43 27
455 50 72
455 50 72
456 14 37
456 14 37
456 83 32
456 83 32
457 25 31
457 25 31
457 88 57
457 88 57
458 54 33
458 54 33
458 85 91
458 85 91
459 64 23
459 64 23
459 88 15
459 88 15
460 55 95
460 55 95
460 56 91
460 56 91
460 67 31
460 67 31
461 14 20
461 14 20
461 42 18
461 42 18
461 81 91
461 81 60
461 81 49
462 81 95
462 81 95
462 84 29
462 84 29
463 53 21
463 63 95
463 63 95
463 65 61
463 65 61
463 69 53
463 69 21
464 48 80
464 48 80
464 70 50
464 70 50
465 44 60
465 44 60
465 71 14
465 71 14
465 96 80
465 96 87
465 96 38
466 27 74
466 27 74
466 63 33
466 63 33
466 97 29
466 97 49
466 97 51
467 57 14
467 57 14
467 79 89
467 79 89
468 47 82
468 47 82
468 90 50
468 90 50
469 31 47
469 31 47
469 56 79
469 56 79
470 18 31
470 18 31
470 37 54
470 37 54
471 55 90
471 55 90
471 58 54
471 58 83
471 58 72
471 76 24
471 76 24
472 52 43
472 52 43
472 61 52
472 61 52
472 89 22
472 89 43
472 89 90
473 35 44
473 35 44
473 79 25
473 79 25
474 64 20
474 64 20
474 96 75
474 96 75
475 28 93
475 28 93
475 59 71
475 59 71
475 95 98
475 95 98
476 60 49
476 60 49
476 69 30
476 69 30
477 23 70
477 23 70
477 82 24
477 82 24
478 35 51
478 35 51
478 42 84
478 42 84
479 52 23
479 52 23
479 66 37
479 66 37
480 43 30
480 43 30
480 88 53
480 88 53
481 14 99
481 14 99
481 35 27
481 35 27
481 78 24
481 78 24
482 59 70
482 59 70
482 64 84
482 64 84
482 87 88
482 87 70
482 87 43
482 100 22
482 100 63
482 100 56
483 39 72
483 39 72
483 59 101
483 59 101
483 98 100
483 98 100
484 17 54
484 17 54
484 17 82
484 17 82
484 56 102
484 56 102
485 17 59
485 17 59
485 93 52
485 93 52
486 21 73
486 21 73
486 102 55
486 102 55
487 54 43
487 54 43
487 58 59
487 58 59
488 24 54
488 24 54
488 62 15
488 62 15
489 86 38
489 86 38
489 93 32
489 93 32
490 19 37
490 19 37
490 49 77
490 49 77
491 57 92
491 57 92
491 68 24
491 68 24
492 71 15
492 71 15
492 88 24
492 88 24
493 24 44
493 24 44
493 33 95
493 33 95
493 89 102
493 89 75
493 89 35
494 81 66
494 81 66
494 86 29
494 86 29
495 15 33
495 15 68
495 15 55
495 73 103
495 73 103
495 95 34
495 95 34
495 101 53
495 101 53
496 56 61
496 56 61
496 63 46
496 63 46
496 93 48
496 93 61
496 93 55
497 15 87
497 15 87
497 80 40
497 80 40
498 60 82
498 60 82
498 68 57
498 68 57
499 41 49
499 41 49
499 41 44
499 41 44
500 21 28
500 21 28
500 72 59
500 72 59
501 14 49
501 14 49
501 49 64
501 49 64
502 67 93
502 67 93
502 98 85
502 98 85
503 50 64
503 50 64
503 100 101
503 100 101
503 104 34
503 104 97
503 104 98
504 55 79
504 55 79
504 56 25
504 56 25
504 77 20
504 77 39
504 77 26
505 16 17
505 16 17
505 70 99
505 70 99
506 20 45
506 20 83
506 20 82
506 21 32
506 21 32
506 59 42
506 59 42
507 31 95
507 31 95
507 36 74
507 39 36
507 39 74
507 78 49
507 78 49
507 91 98
507 91 21
507 91 41
508 31 97
508 31 97
508 64 16
508 64 16
508 72 105
508 72 105
509 28 17
509 28 17
509 92 23
509 92 23
510 55 86
510 55 86
510 63 45
510 63 45
511 19 14
511 19 51
511 19 42
511 29 31
511 29 31
511 80 43
511 80 43
512 17 58
512 17 58
512 33 40
512 33 40
513 79 25
513 79 25
513 91 87
513 91 87
513 106 60
513 106 97
513 106 98
514 35 31
514 35 31
514 36 87
514 36 87
515 32 73
515 32 73
515 35 36
515 35 59
515 35 47
515 68 22
515 68 22
516 17 14
516 17 14
516 26 27
516 26 27
517 15 34
517 15 34
517 21 82
517 21 82
517 24 107
517 24 107
518 64 69
518 64 69
518 90 105
518 90 105
518 107 46
518 107 66
518 107 57
519 23 93
519 23 93
519 56 102
519 56 102
519 98 101
519 98 45
519 98 83
520 65 89
520 65 89
520 85 43
520 85 43
521 17 49
521 17 33
521 17 80
521 55 27
521 55 27
521 79 47
521 79 47
522 42 73
522 42 73
522 91 29
522 91 29
523 18 66
523 18 66
523 89 81
523 89 81
524 23 87
524 23 87
524 26 44
524 45 26
524 45 44
524 89 94
524 89 94
525 15 57
525 15 57
525 50 41
525 50 41
526 40 81
526 40 81
526 42 22
526 42 22
527 60 38
527 60 38
527 67 30
527 67 30
528 75 102
528 75 102
528 106 70
528 106 70
529 14 69
529 14 95
529 14 60
529 81 50
529 81 84
529 84 50
529 93 97
529 93 97
529 102 62
529 102 62
530 37 64
530 37 64
530 68 62
530 68 62
530 73 108
530 73 108
531 49 29
531 49 29
531 75 103
531 75 103
532 68 36
532 68 36
532 82 105
532 82 105
533 30 24
533 30 24
533 97 36
533 97 36
534 65 37
534 65 37
534 102 58
534 102 58
535 74 44
535 74 44
535 102 28
535 102 28
536 18 74
536 18 74
536 45 103
536 45 103
537 52 37
537 52 37
537 76 98
537 76 98
538 31 21
538 31 21
538 90 70
538 90 70
539 23 102
539 23 102
539 67 97
539 67 97
540 21 62
540 21 31
540 21 87
540 25 30
540 25 30
540 64 71
540 64 71
541 29 90
541 29 90
541 50 25
541 50 25
542 19 62
542 19 62
542 43 99
542 43 99
543 62 22
543 62 22
543 105 62
543 105 62
544 23 73
544 23 73
544 91 73
544 91 73
545 25 71
545 25 71
545 39 49
545 39 49
546 24 51
546 24 51
546 40 51
546 40 51
547 36 68
547 36 68
547 105 67
547 105 67
548 15 16
548 15 16
548 48 99
548 48 99
549 32 34
549 32 34
549 81 40
549 81 40
550 79 95
550 79 95
550 81 52
550 81 52
551 39 91
551 39 91
551 59 94
551 59 94
552 30 93
552 30 93
552 49 27
552 49 27
552 97 35
552 97 15
552 97 19
553 93 86
553 93 86
553 102 68
553 102 68
554 49 55
554 49 55
554 71 96
554 71 56
554 71 74
554 104 28
554 104 28
554 109 65
554 109 95
554 109 73
555 51 99
555 51 99
555 84 50
555 84 50
556 90 42
556 90 42
556 95 20
556 95 20
557 37 62
557 60 34
557 60 34
557 93 68
557 93 68
557 97 37
557 97 62
558 24 37
558 24 37
558 87 73
558 87 73
559 44 72
559 44 40
559 44 36
559 100 61
559 100 61
559 101 77
559 101 77
560 24 74
560 24 74
560 83 59
560 83 59
561 57 46
561 57 46
561 59 91
561 59 91
562 18 83
562 18 83
562 95 88
562 95 88
563 25 15
563 25 15
563 107 69
563 107 69
564 17 44
564 17 44
564 39 14
564 39 14
565 28 100
565 28 100
565 84 88
565 84 88
566 103 66
566 103 66
566 105 20
566 105 20
567 22 110
567 22 110
567 73 102
567 73 102
567 80 98
567 80 87
567 80 58
567 104 105
567 104 105
568 53 93
568 53 93
568 81 99
568 81 99
569 94 28
569 94 28
569 96 15
569 96 15
570 51 89
570 51 89
570 94 109
570 94 109
571 19 63
571 19 63
571 20 91
571 20 91
572 59 74
572 59 37
572 59 48
572 68 22
572 68 22
572 80 16
572 80 16
573 50 23
573 50 23
573 103 87
573 103 87
574 47 35
574 47 35
574 47 71
574 47 71
575 23 25
575 23 36
575 23 31
575 41 95
575 41 95
575 70 84
575 70 84
575 87 111
575 87 111
576 28 18
576 28 18
576 62 106
576 62 106
577 38 35
577 38 35
577 58 55
577 58 55
578 32 21
578 32 21
578 78 77
578 78 77
579 32 88
579 32 88
579 98 25
579 98 25
580 61 15
580 61 15
580 93 62
580 93 62
581 63 86
581 63 86
581 72 70
581 72 70
582 48 102
582 48 102
582 95 49
582 95 49
583 44 14
583 44 14
583 81 31
583 81 31
584 47 23
584 47 23
584 93 26
584 93 81
584 93 47
584 95 110
584 95 110
585 21 106
585 21 106
585 83 74
585 83 74
585 103 112
585 103 112
586 59 14
586 59 14
586 91 54
586 91 54
587 64 110
587 64 110
587 72 84
587 72 84
588 38 94
588 38 94
588 38 59
588 38 59
589 38 64
589 38 64
589 111 71
589 111 71
590 32 107
590 32 66
590 32 85
590 68 76
590 68 76
590 72 81
590 72 81
590 104 113
590 104 113
591 28 62
591 28 62
591 88 112
591 95 21
591 95 21
591 114 88
591 114 112
592 82 49
592 82 49
592 96 83
592 96 83
593 49 86
593 49 86
593 101 98
593 101 98
594 84 66
594 84 66
594 91 39
594 91 39
595 101 27
595 101 27
595 110 50
595 110 50
596 14 111
596 14 111
596 79 21
596 79 21
597 46 25
597 46 25
597 51 67
597 51 67
597 111 115
597 111 115
598 80 91
598 80 91
598 84 20
598 84 20
599 86 32
599 86 32
599 89 28
599 89 46
599 89 108
599 113 30
599 113 30
600 18 57
600 18 55
600 45 87
600 45 87
600 57 55
600 99 66
600 99 66
601 34 64
601 34 64
601 53 91
601 53 91
602 25 99
602 25 99
602 81 106
602 81 106
603 43 111
603 43 29
603 43 52
603 55 46
603 55 46
603 103 37
603 103 37
604 54 66
604 54 66
604 68 94
604 68 94
605 52 32
605 52 32
605 99 79
605 99 79
606 53 61
606 53 61
606 75 103
606 75 86
606 75 33
606 89 93
606 89 93
607 26 114
607 26 114
607 70 42
607 70 42
608 30 49
608 30 49
608 71 36
608 71 36
608 106 116
608 106 116
609 53 87
609 53 87
609 62 104
609 62 104
610 20 85
610 20 85
610 107 41
610 107 41
611 15 71
611 15 71
611 49 43
611 49 43
612 26 42
612 26 42
612 46 114
612 46 114
613 43 80
613 43 80
613 116 105
613 116 105
614 56 46
614 56 46
614 71 113
614 71 113
615 82 44
615 83 115
615 83 115
615 89 82
615 89 44
615 114 66
615 114 66
616 53 94
616 53 94
616 58 109
616 58 109
616 117 41
616 117 34
616 117 98
617 18 65
617 18 65
617 61 16
617 61 16
618 55 33
618 55 33
618 57 40
618 57 40
619 33 103
619 33 103
619 34 38
619 34 38
620 18 118
620 18 118
620 33 115
620 33 115
620 68 17
620 68 17
621 35 69
621 35 69
621 67 112
621 67 112
622 49 111
622 49 111
622 59 17
622 59 17
623 31 32
623 31 32
623 63 47
623 63 47
624 36 62
624 36 62
624 91 59
624 91 59
625 25 39
625 25 39
625 65 76
625 65 69
625 76 69
625 79 77
625 79 77
626 57 60
626 57 60
626 95 115
626 95 115
627 15 41
627 15 41
627 115 43
627 115 43
628 66 87
628 66 87
628 77 33
628 77 33
629 51 100
629 51 38
629 82 88
629 82 88
629 100 38
629 101 15
629 101 15
630 26 78
630 26 78
630 33 56
630 33 56
631 26 64
631 26 66
631 26 83
631 35 52
631 35 52
631 118 112
631 118 112
632 55 38
632 55 99
632 73 119
632 73 119
632 79 93
632 79 93
632 97 25
632 97 25
632 99 38
633 28 42
633 28 42
633 116 30
633 116 30
634 52 74
634 52 74
634 67 115
634 67 115
635 48 27
635 48 27
635 64 119
635 64 51
635 64 101
635 107 28
635 107 28
636 26 120
636 26 120
636 68 96
636 68 96
636 108 26
636 108 26
637 44 72
637 44 72
637 48 97
637 48 84
637 48 56
637 107 21
637 107 21
638 24 92
638 24 92
638 93 14
638 93 14
639 25 101
639 25 101
639 42 73
639 42 73
640 81 121
640 81 121
640 97 35
640 97 35
640 102 45
640 102 45
641 37 90
641 37 90
641 115 42
641 115 42
642 39 89
642 39 89
642 49 36
642 49 36
643 22 54
643 22 54
643 45 31
643 45 31
644 17 74
644 17 74
644 40 27
644 40 27
645 79 47
645 79 47
645 93 59
645 93 59
646 28 69
646 28 69
646 89 121
646 89 121
647 66 44
647 66 44
647 79 95
647 79 95
648 18 17
648 18 17
648 26 34
648 26 34
648 30 115
648 73 93
648 73 22
648 73 49
648 81 30
648 81 115
649 37 90
649 37 90
649 57 51
649 57 51
650 91 77
650 91 77
650 92 121
650 92 121
651 29 31
651 29 31
651 55 14
651 55 14
651 111 109
651 111 80
651 111 69
652 62 68
652 62 68
652 95 92
652 95 92
652 122 63
652 122 17
652 122 62
653 93 52
653 93 52
653 98 90
653 98 90
654 39 20
654 39 20
654 80 39
654 80 39
655 20 110
655 20 110
655 57 82
655 57 82
655 67 75
655 67 52
655 67 33
656 80 40
656 80 40
656 99 23
656 99 23
657 25 21
657 25 21
657 100 106
657 100 106
658 31 96
658 31 96
658 76 54
658 76 22
658 76 112
658 96 113
658 96 113
659 41 42
659 41 42
659 49 68
659 49 68
660 46 110
660 46 110
660 79 105
660 79 105
661 57 114
661 57 114
661 61 47
661 61 47
662 90 79
662 90 79
662 103 34
662 103 34
663 15 37
663 15 37
663 22 94
663 22 94
663 23 116
663 47 23
663 47 116
664 65 59
664 65 59
664 93 68
664 93 90
664 93 109
664 105 97
664 105 97
665 46 67
665 66 31
665 66 31
665 122 117
665 122 117
665 123 46
665 123 67
666 64 110
666 64 102
666 64 78
666 67 63
666 67 63
666 80 111
666 80 111
667 29 17
667 29 17
667 36 47
667 59 36
667 59 47
667 87 105
667 87 105
668 21 83
668 21 83
668 101 28
668 101 28
669 54 61
669 54 61
669 106 73
669 106 73
670 34 42
670 34 42
670 112 123
670 112 123
670 124 16
670 124 106
670 124 60
671 67 25
671 67 25
671 115 30
671 115 30
672 37 100
672 37 100
672 110 36
672 110 36
673 88 48
673 88 48
673 115 26
673 115 26
674 22 29
674 22 29
674 122 82
674 122 82
675 55 120
675 55 120
675 81 62
675 81 62
675 125 22
675 125 103
675 125 55
676 22 32
676 22 80
676 22 50
676 25 62
676 25 62
676 46 79
676 62 59
676 62 59
676 74 46
676 74 79
677 19 84
677 19 84
677 45 126
677 45 126
677 73 81
677 73 81
678 45 34
678 45 34
678 69 20
678 69 126
678 69 84
678 95 61
678 95 61
679 17 28
679 17 28
679 34 35
679 34 124
679 34 125
679 44 92
679 44 92
680 35 64
680 35 64
680 77 44
680 77 44
681 38 48
681 38 48
681 54 44
681 54 44
682 42 14
682 42 14
682 64 107
682 64 107
682 101 127
682 101 127
683 36 93
683 36 93
683 40 100
683 40 100
684 44 128
684 44 128
684 59 29
684 59 29
684 88 115
684 88 72
684 88 125
684 111 55
684 111 55
684 129 87
684 129 118
684 129 20
685 48 14
685 48 64
685 48 40
685 53 22
685 53 22
685 61 112
685 61 112
686 75 52
686 75 52
686 82 74
686 82 74
687 90 57
687 90 57
687 127 96
687 127 96
688 21 27
688 21 27
688 43 79
688 43 79
688 130 120
688 130 18
688 130 118
689 91 66
689 91 66
689 125 78
689 125 78
690 31 35
690 31 35
690 121 113
690 121 113
690 131 99
690 131 102
690 131 85
691 28 103
691 28 103
691 83 111
691 83 111
692 20 45
692 20 130
692 20 54
692 59 97
692 59 97
692 70 74
692 70 74
693 100 77
693 100 77
693 120 94
693 120 94
694 58 32
694 58 32
694 96 101
694 96 101
695 80 24
695 80 24
695 94 81
695 94 81
695 132 116
695 132 54
695 132 33
696 62 38
696 62 38
696 69 89
696 69 17
696 69 104
696 122 49
696 122 49
697 15 59
697 15 59
697 55 87
697 66 87
697 118 87
697 132 58
697 132 58
698 53 20
698 53 20
698 88 70
698 88 70
699 97 131
699 97 131
699 124 16
699 124 16
700 22 88
700 22 88
700 34 133
700 34 133
700 63 132
700 63 132
700 134 111
700 134 35
700 134 78
701 24 128
701 24 128
701 60 102
701 60 102
702 30 109
702 30 109
702 52 15
702 52 83
702 52 116
702 80 52
702 80 52
702 135 64
702 135 59
702 135 71
703 97 42
703 97 42
703 98 46
703 98 46
704 73 82
704 73 82
704 102 115
704 102 115
705 39 48
705 39 48
705 83 113
705 83 113
706 21 134
706 21 134
706 51 61
706 51 61
707 41 92
707 41 92
707 120 130
707 120 130
708 41 88
708 41 88
708 67 112
708 67 112
709 29 108
709 29 108
709 122 80
709 122 80
710 75 110
710 75 110
710 115 63
710 115 63
711 64 30
711 64 30
711 105 103
711 105 103
711 136 47
711 136 94
711 136 42
712 34 47
712 34 47
712 95 15
712 95 15
712 137 46
712 137 72
712 137 44
713 100 58
713 100 58
713 106 64
713 106 64
714 20 123
714 20 86
714 20 70
714 58 24
714 58 24
714 100 91
714 100 91
715 50 46
715 50 46
715 102 46
715 102 46
716 18 88
716 18 88
716 104 29
716 104 29
717 21 116
717 21 116
717 105 130
717 105 130
718 101 69
718 101 69
718 113 33
718 113 33
719 129 80
719 129 80
719 137 22
719 137 22
720 39 78
720 39 78
720 44 90
720 44 90
721 125 136
721 125 136
721 129 67
721 129 67
722 15 124
722 15 124
722 45 131
722 45 131
722 60 106
722 63 130
722 63 101
722 63 115
722 131 60
722 131 106
723 29 75
723 29 75
723 86 101
723 86 101
724 14 44
724 14 44
724 28 42
724 28 42
725 35 72
725 35 72
725 49 40
725 49 40
726 32 60
726 32 60
726 70 31
726 70 31
727 114 117
727 114 117
727 136 115
727 136 115
728 98 101
728 98 101
728 103 23
728 103 23
729 47 83
729 47 83
729 101 58
729 101 58
730 72 17
730 72 17
730 89 34
730 89 34
731 25 26
731 25 126
731 29 132
731 29 132
731 119 44
731 119 44
731 126 26
731 138 139
731 138 139
732 18 134
732 18 134
732 103 72
732 103 72
733 52 115
733 52 126
733 52 73
733 89 111
733 89 111
733 114 137
733 114 137
734 41 42
734 41 131
734 41 25
734 48 34
734 48 34
734 78 24
734 78 24
735 73 27
735 73 27
735 128 14
735 128 14
736 60 98
736 60 98
736 109 16
736 109 16
737 82 78
737 82 17
737 82 95
737 90 131
737 90 131
737 105 114
737 105 114
738 91 92
738 91 92
738 118 111
738 118 111
739 17 68
739 17 68
739 22 34
739 22 34
740 42 135
740 42 135
740 96 28
740 96 28
741 69 15
741 69 15
741 78 85
741 78 85
741 88 140
741 88 140
741 109 134
741 109 105
741 134 105
742 20 123
742 20 123
742 126 111
742 126 111
743 27 113
743 27 113
743 31 73
743 31 114
743 73 114
743 80 53
743 80 53
744 31 18
744 31 18
744 69 14
744 69 14
744 141 62
744 141 42
744 141 111
745 57 97
745 57 97
745 80 26
745 80 26
746 37 19
746 37 19
746 79 127
746 79 127
747 16 133
747 16 133
747 52 78
747 52 78
747 142 23
747 142 55
747 142 128
748 42 28
748 42 28
748 77 122
748 77 122
748 133 137
748 133 52
748 133 80
749 60 105
749 60 105
749 99 91
749 99 91
750 67 58
750 67 58
750 75 104
750 75 104
750 143 135
750 143 78
750 143 121
751 35 56
751 35 56
751 50 25
751 50 25
752 75 139
752 75 139
752 138 121
752 138 121
753 72 16
753 72 79
753 72 130
753 135 133
753 135 133
753 141 77
753 141 77
754 22 145
754 90 99
754 90 64
754 90 142
754 117 126
754 117 126
754 139 46
754 139 46
754 144 22
754 144 145
755 51 133
755 51 133
755 82 20
755 82 20
756 33 62
756 33 98
756 62 98
756 102 114
756 102 114
756 121 33
756 121 33
757 74 127
757 74 127
757 79 89
757 79 144
757 79 70
757 124 83
757 124 83
758 66 97
758 66 97
758 143 144
758 143 144
759 19 69
759 19 69
759 120 124
759 120 124
760 57 20
760 57 20
760 114 85
760 114 85
761 52 63
761 52 63
761 73 130
761 73 38
761 73 143
761 126 46
761 126 46
762 91 77
762 91 77
762 92 75
762 92 75
763 17 80
763 17 80
763 66 131
763 66 131
763 109 146
763 109 146
764 17 26
764 17 49
764 38 113
764 38 113
764 47 81
764 47 81
764 49 26
764 84 72
764 84 114
764 84 58
765 82 83
765 82 83
765 121 59
765 121 59
766 57 69
766 57 69
766 142 139
766 142 139
767 78 125
767 78 125
767 130 121
767 130 121
767 147 38
767 147 60
767 147 88
768 48 24
768 48 24
768 97 102
768 97 102
769 19 78
769 19 78
769 117 33
769 117 33
770 20 81
770 20 81
770 28 128
770 28 128
770 86 30
770 86 106
770 86 92
771 26 116
771 26 116
771 120 138
771 120 45
771 131 45
771 131 45
771 138 45
772 55 57
772 55 57
772 74 80
772 74 80
772 148 40
772 148 19
772 148 120
773 35 145
773 35 145
773 115 102
773 115 102
773 120 142
773 120 40
773 120 29
774 20 85
774 39 74
774 39 74
774 97 26
774 97 26
774 102 20
774 102 85
775 120 24
775 120 24
775 140 129
775 140 129
776 43 15
776 43 15
776 77 28
776 77 28
777 35 93
777 35 93
777 58 129
777 58 129
778 30 22
778 30 22
778 111 65
778 111 65
779 82 122
779 82 122
779 103 44
779 103 44
780 121 42
780 121 42
780 136 135
780 136 135
781 52 62
781 52 62
781 71 69
781 71 139
781 71 93
781 86 99
781 86 99
782 14 47
782 14 47
782 78 62
782 78 62
783 63 76
783 63 76
783 86 50
783 86 50
784 62 69
784 62 69
784 101 112
784 101 112
785 32 97
785 32 97
785 123 110
785 123 110
786 32 92
786 32 92
786 48 36
786 48 36
787 75 20
787 75 20
787 76 137
787 76 137
788 32 36
788 32 137
788 32 68
788 47 109
788 47 109
788 93 125
788 93 125
789 32 76
789 32 76
789 74 86
789 74 86
790 19 65
790 19 67
790 55 47
790 55 47
790 65 114
790 65 114
790 65 67
791 54 76
791 54 76
791 62 45
791 62 45
792 46 67
792 46 67
792 80 98
792 80 98
793 113 103
793 113 103
793 131 56
793 131 56
794 53 39
794 53 39
794 63 105
794 63 105
795 87 46
795 87 46
795 114 15
795 114 15
796 68 24
796 68 24
796 69 113
796 69 113
797 75 149
797 75 149
797 93 127
797 93 127
797 133 91
797 133 91
798 39 20
798 39 20
798 123 103
798 123 103
799 17 134
799 17 134
799 98 109
799 98 109
800 19 95
800 19 95
800 63 96
800 63 96
801 25 32
801 25 32
801 74 80
801 74 118
801 80 118
801 93 17
801 93 17
802 49 100
802 49 41
802 52 92
802 52 92
802 100 41
802 146 69
802 146 69
803 43 15
803 43 15
803 53 23
803 53 23
803 106 150
803 106 150
804 91 87
804 91 87
804 141 74
804 141 74
805 41 51
805 41 51
805 122 47
805 122 29
805 122 56
805 135 100
805 135 100
806 124 108
806 124 108
806 131 50
806 131 50
807 19 56
807 19 56
807 91 134
807 91 134
808 57 65
808 57 65
808 150 87
808 150 87
809 77 39
809 77 39
809 88 150
809 88 150
810 55 132
810 55 132
810 88 134
810 88 134
811 27 17
811 27 55
811 27 123
811 93 136
811 93 136
811 129 102
811 129 102
812 100 104
812 100 104
812 111 80
812 111 80
813 15 91
813 15 91
813 121 93
813 121 93
814 25 111
814 25 111
814 29 151
814 29 151
814 45 47
814 45 47
815 115 127
815 115 127
815 134 92
815 134 92
816 132 127
816 132 127
816 135 143
816 135 143
817 52 142
817 52 142
817 71 81
817 71 81
818 100 132
818 100 126
818 100 85
818 104 61
818 104 61
818 144 111
818 144 111
819 43 96
819 43 96
819 45 116
819 45 116
820 49 111
820 49 84
820 49 19
820 52 138
820 52 138
820 130 15
820 130 15
821 14 122
821 14 122
821 16 33
821 16 33
822 63 24
822 63 24
822 96 116
822 96 116
823 27 17
823 27 17
823 74 105
823 74 105
823 122 117
823 122 34
823 122 126
824 27 32
824 27 32
824 140 150
824 140 150
825 60 50
825 60 50
825 73 31
825 73 31
826 27 76
826 27 76
826 145 17
826 145 17
827 20 29
827 20 29
827 131 141
827 131 141
828 55 41
828 55 41
828 81 145
828 81 145
828 117 119
828 117 141
828 117 111
829 37 122
829 37 122
829 60 66
829 60 66
829 75 152
829 75 152
830 36 104
830 36 104
830 105 79
830 105 34
830 105 135
830 149 25
830 149 25
831 26 86
831 26 86
831 46 39
831 46 124
831 46 26
831 142 120
831 142 120
832 62 82
832 62 82
832 94 14
832 94 14
833 18 85
833 18 119
833 18 69
833 72 20
833 72 20
833 131 109
833 131 109
834 41 94
834 41 94
834 47 133
834 47 133
835 33 149
835 33 149
835 74 26
835 74 26
835 153 142
835 153 16
835 153 35
836 22 61
836 22 61
836 107 148
836 107 148
837 91 89
837 91 89
837 143 125
837 143 125
837 154 47
837 154 112
837 154 116
838 108 154
838 108 154
838 154 49
838 154 49
839 75 93
839 75 93
839 101 117
839 101 117
840 41 112
840 41 112
840 64 54
840 64 54
841 44 48
841 44 48
841 134 100
841 134 100
842 25 37
842 25 37
842 57 79
842 57 79
842 138 139
842 138 145
842 138 91
843 27 28
843 27 28
843 154 122
843 154 122
844 45 139
844 45 139
844 58 134
844 58 134
845 54 138
845 54 138
845 101 79
845 101 79
846 45 34
846 45 34
846 151 100
846 151 100
847 37 102
847 37 102
847 64 83
847 64 83
848 52 86
848 52 86
848 136 47
848 136 47
849 118 82
849 118 82
849 125 54
849 125 54
850 57 69
850 57 69
850 77 90
850 77 90
851 24 56
851 24 56
851 131 32
851 131 32
851 147 104
851 147 144
851 147 86
852 98 68
852 98 68
852 137 76
852 137 76
852 155 149
852 155 137
852 155 93
853 25 42
853 25 42
853 137 86
853 137 86
854 110 93
854 110 93
854 135 101
854 135 101
855 58 120
855 58 120
855 149 14
855 149 14
856 58 59
856 58 59
856 116 62
856 116 62
857 60 118
857 60 118
857 153 94
857 153 94
858 31 81
858 31 81
858 153 39
858 153 39
859 83 134
859 83 134
859 85 52
859 85 52
860 72 74
860 72 74
860 108 36
860 108 36
861 41 61
861 41 61
861 108 50
861 108 50
862 35 51
862 35 51
862 134 112
862 134 112
863 110 147
863 110 39
863 110 78
863 114 32
863 114 32
863 122 142
863 122 142
864 76 52
864 76 52
864 114 128
864 114 128
865 48 139
865 48 139
865 147 63
865 147 63
866 61 41
866 61 41
866 150 145
866 150 145
867 20 101
867 20 101
867 102 38
867 102 38
868 17 124
868 17 124
868 40 25
868 40 25
869 37 132
869 37 132
869 126 119
869 126 119
870 41 63
870 41 63
870 54 103
870 54 103
871 27 54
871 27 54
871 48 106
871 48 106
872 15 117
872 15 117
872 78 92
872 78 92
873 23 41
873 23 41
873 55 74
873 55 74
873 75 32
873 75 114
873 75 145
874 98 62
874 98 62
874 119 53
874 119 53
875 32 140
875 32 140
875 143 142
875 143 142
876 62 129
876 62 129
876 66 84
876 66 84
876 102 147
876 102 144
876 102 120
877 70 24
877 70 24
877 84 34
877 84 34
877 124 156
877 124 156
878 26 155
878 26 155
878 61 132
878 61 132
879 31 27
879 31 27
879 32 41
879 32 41
880 96 157
880 96 157
880 110 101
880 110 101
880 119 21
880 119 21
881 37 41
881 37 41
881 99 135
881 99 135
882 19 21
882 19 21
882 117 127
882 117 127
883 60 67
883 60 67
883 78 96
883 78 96
884 48 22
884 48 22
884 101 29
884 101 29
885 34 112
885 34 112
885 82 108
885 82 108
886 131 20
886 131 20
886 137 76
886 137 76
887 85 79
887 85 79
887 154 68
887 154 68
888 75 49
888 75 49
888 129 101
888 140 128
888 140 128
888 145 75
888 145 35
888 145 41
888 158 129
888 158 101
889 98 35
889 98 35
889 121 132
889 121 132
890 24 29
890 24 29
890 121 133
890 121 133
891 106 16
891 106 16
891 152 43
891 152 43
892 118 30
892 118 30
892 148 33
892 148 33
892 159 80
892 159 44
892 159 105
893 50 62
893 50 92
893 50 37
893 81 143
893 81 143
893 85 47
893 85 47
894 86 153
894 86 153
894 147 120
894 147 120
895 59 108
895 59 108
895 133 146
895 133 146
895 133 101
895 133 157
895 133 142
896 25 63
896 25 63
896 49 69
896 49 69
896 100 61
896 100 141
896 100 140
897 18 126
897 18 126
897 32 48
897 54 38
897 54 104
897 54 92
897 121 106
897 121 106
897 126 48
897 149 48
897 160 19
897 160 63
897 160 89
898 29 161
898 29 161
898 38 18
898 38 18
898 85 15
898 85 15
899 68 71
899 68 71
899 86 149
899 86 149
900 23 102
900 23 102
900 54 58
900 54 89
900 58 89
900 131 18
900 131 113
900 131 94
900 138 153
900 138 153
901 29 49
901 29 49
901 152 142
901 152 142
902 66 91
902 66 91
902 143 45
902 143 45
903 59 82
903 59 82
903 113 86
903 113 86
904 132 28
904 132 28
904 141 87
904 141 87
905 29 48
905 29 48
905 40 158
905 40 158
906 32 45
906 32 102
906 32 44
906 60 94
906 60 94
906 108 79
906 108 79
907 37 47
907 37 47
907 67 107
907 67 107
907 80 147
907 162 80
907 162 147
908 32 104
908 32 153
908 32 119
908 91 46
908 91 46
908 121 80
908 121 80
908 163 67
908 163 53
908 163 102
909 24 104
909 24 104
909 162 122
909 162 122
910 28 93
910 28 93
910 123 54
910 123 54
911 106 152
911 106 152
911 146 74
911 146 74
912 42 122
912 42 122
912 76 44
912 76 44
912 164 165
912 164 160
912 164 80
913 89 99
913 89 99
913 93 109
913 93 109
914 19 72
914 19 72
914 111 61
914 111 61
915 62 16
915 62 74
915 62 107
915 71 106
915 71 106
915 84 120
915 84 120
916 38 62
916 38 62
916 57 68
916 57 68
917 91 17
917 91 17
917 131 57
917 131 57
917 166 66
917 166 146
917 166 162
918 85 106
918 85 106
918 136 93
918 136 93
919 119 42
919 119 42
919 150 79
919 150 79
920 19 159
920 19 159
920 60 93
920 60 93
921 114 19
921 114 19
921 166 84
921 166 84
922 43 110
922 43 110
922 132 109
922 132 109
923 97 161
923 97 161
923 114 137
923 114 137
923 144 85
923 144 165
923 144 68
924 56 150
924 77 150
924 85 41
924 92 93
924 92 93
924 131 165
924 131 165
924 132 85
924 132 41
924 133 150
925 48 87
925 48 87
925 121 80
925 121 80
926 92 147
926 92 147
926 111 108
926 111 108
927 54 62
927 54 62
927 157 92
927 157 92
928 39 123
928 39 123
928 123 104
928 123 104
929 51 115
929 51 115
929 58 150
929 58 150
930 102 158
930 102 158
930 104 82
930 104 82
931 57 31
931 57 31
931 110 103
931 110 103
931 167 20
931 167 73
931 167 105
932 44 31
932 44 31
932 116 63
932 116 63
933 34 166
933 34 166
933 135 45
933 135 45
934 21 102
934 21 102
934 85 135
934 85 135
935 97 120
935 97 120
935 118 104
935 118 157
935 118 99
935 147 25
935 147 25
936 31 168
936 31 168
936 43 115
936 43 115
936 150 75
936 150 75
937 69 101
937 69 101
937 110 129
937 110 129
938 22 62
938 22 62
938 119 115
938 119 115
939 36 74
939 36 74
939 51 72
939 51 72
939 60 102
939 60 61
939 60 30
940 63 17
940 63 17
940 106 169
940 106 169
940 110 119
940 110 119
941 54 25
941 54 25
941 124 54
941 124 54
942 86 43
942 86 43
942 122 129
942 122 129
943 46 48
943 46 48
943 145 60
943 145 60
944 23 167
944 23 167
944 129 21
944 129 21
944 132 170
944 132 170
945 49 57
945 49 57
945 79 153
945 79 153
945 79 41
945 79 43
945 79 32
946 56 171
946 56 171
946 112 48
946 112 48
946 160 147
946 160 147
947 49 40
947 49 113
947 49 126
947 74 145
947 74 145
947 89 49
947 89 49
948 116 43
948 116 43
948 123 118
948 123 118
949 78 169
949 78 169
949 158 112
949 158 112
950 147 165
950 147 165
950 152 76
950 152 76
951 50 163
951 50 122
951 50 106
951 129 117
951 129 117
951 135 119
951 135 119
952 47 107
952 47 107
952 105 111
952 105 111
953 115 31
953 115 31
953 116 60
953 116 60
954 83 145
954 83 145
954 139 72
954 139 72
954 150 80
954 150 121
954 150 45
955 69 57
955 69 57
955 138 130
955 138 130
955 170 64
955 170 26
955 170 96
956 89 71
956 89 71
956 144 123
956 144 123
957 112 89
957 112 89
957 145 53
957 145 53
958 26 130
958 26 130
958 36 81
958 36 56
958 36 65
958 159 93
958 159 93
958 172 139
958 172 168
958 172 64
959 137 37
959 137 37
959 165 98
959 165 98
960 31 27
960 31 27
960 103 60
960 103 24
960 103 116
960 138 53
960 138 53
961 104 39
961 104 39
961 109 122
961 109 122
962 22 60
962 22 60
962 132 136
962 132 136
963 46 61
963 46 61
963 68 27
963 68 27
963 71 75
963 87 71
963 87 75
964 79 82
964 79 82
964 144 85
964 144 85
965 21 62
965 21 62
965 34 157
965 34 157
966 95 29
966 95 29
966 169 46
966 169 46
967 63 16
967 63 68
967 63 54
967 116 84
967 116 84
967 165 157
967 165 157
968 153 173
968 153 173
968 167 66
968 167 66
968 172 45
968 172 45
969 29 147
969 29 147
969 36 107
969 36 107
970 18 115
970 18 115
970 111 163
970 111 163
970 162 119
970 162 137
970 162 168
970 174 59
970 174 109
970 174 163
971 58 24
971 58 24
971 95 154
971 95 154
972 19 61
972 83 112
972 83 112
972 97 120
972 97 120
972 145 19
972 145 61
973 23 59
973 23 59
973 32 173
973 32 173
973 74 70
973 74 111
973 74 126
974 36 144
974 36 144
974 52 79
974 52 79
975 60 87
975 60 87
975 155 19
975 155 19
976 37 68
976 37 68
976 128 144
976 128 144
976 139 157
976 139 67
976 139 94
977 155 134
977 155 134
977 170 97
977 170 97
978 40 124
978 40 124
978 95 158
978 95 158
979 84 24
979 84 24
979 170 41
979 170 41
980 76 43
980 76 43
980 133 26
980 133 26
981 63 139
981 63 123
981 63 174
981 141 136
981 141 136
981 146 68
981 146 68
982 24 83
982 24 83
982 143 153
982 143 153
983 24 111
983 24 111
983 87 109
983 87 109
984 101 123
984 101 123
984 109 19
984 109 19
984 175 55
984 175 174
984 175 78
985 144 27
985 144 27
985 165 72
985 165 81
985 165 79
985 172 59
985 172 59
986 21 53
986 21 53
986 71 21
986 71 21
987 42 43
987 42 43
987 63 97
987 63 113
987 83 150
987 83 150
987 97 113
988 36 125
988 36 125
988 100 89
988 100 113
988 100 68
988 129 135
988 129 135
989 17 84
989 17 84
989 89 120
989 89 120
990 65 90
990 65 90
990 175 42
990 175 42
991 121 116
991 121 116
991 136 110
991 136 110
992 31 37
992 31 37
992 34 104
992 34 104
993 55 14
993 55 170
993 55 44
993 114 143
993 114 143
993 121 76
993 121 76
994 17 108
994 17 108
994 84 55
994 84 55
994 165 85
994 165 152
994 165 33
995 118 21
995 118 21
995 163 71
995 163 71
996 16 89
996 16 89
996 27 22
996 27 22
996 82 78
996 82 80
996 82 46
997 65 103
997 65 103
997 92 116
997 92 155
997 116 155
997 141 74
997 141 74
998 113 57
998 113 57
998 163 116
998 163 116
999 31 26
999 31 26
999 153 39
999 153 39
999 176 90
999 176 67
999 176 34
1000 148 88
1000 148 88
1000 169 92
1000 169 92
1001 46 75
1001 46 75
1001 156 139
1001 156 139
1002 154 16
1002 154 16
1002 160 41
1002 160 41
1003 30 60
1003 30 60
1003 43 40
1003 43 153
1003 43 147
1003 109 168
1003 109 168
1003 113 177
1003 113 177
1004 62 165
1004 62 165
1004 105 145
1004 105 145
1005 27 178
1005 27 178
1005 82 130
1005 82 130
1005 99 81
1005 99 81
1006 105 93
1006 105 93
1006 153 49
1006 153 49
1007 46 141
1007 46 141
1007 175 100
1007 175 100
1007 179 91
1007 179 174
1007 179 51
1008 89 162
1008 89 162
1008 94 59
1008 94 59
1009 32 19
1009 32 19
1009 118 69
1009 138 37
1009 138 37
1009 138 118
1009 138 69
1010 19 46
1010 19 173
1010 46 173
1010 60 61
1010 60 61
1010 162 49
1010 162 49
1011 70 180
1011 70 180
1011 144 150
1011 144 150
1011 154 135
1011 154 135
1012 49 160
1012 49 83
1012 49 136
1012 74 128
1012 74 128
1012 120 70
1012 120 70
1013 39 90
1013 39 90
1013 40 103
1013 40 103
1014 75 17
1014 75 17
1014 172 86
1014 172 86
1015 108 95
1015 108 95
1015 129 109
1015 129 109
1016 115 68
1016 115 68
1016 158 134
1016 158 134
1017 33 45
1017 33 45
1017 83 131
1017 83 131
1018 105 126
1018 105 126
1018 111 85
1018 111 85
1018 145 181
1018 145 181
1019 104 72
1019 104 72
1019 163 78
1019 163 78
1020 129 73
1020 129 73
1020 161 163
1020 161 163
1021 22 164
1021 22 164
1021 142 45
1021 142 45
1022 116 141
1022 116 141
1022 136 23
1022 136 23
1023 122 24
1023 122 24
1023 144 23
1023 144 23
1024 107 180
1024 107 180
1024 157 47
1024 157 47
1025 65 25
1025 65 25
1025 149 39
1025 149 39
1026 69 164
1026 69 164
1026 132 175
1026 132 175
1027 52 73
1027 52 73
1027 66 78
1027 66 78
1028 42 168
1028 42 168
1028 61 182
1028 61 182
1028 122 27
1028 122 27
1028 183 20
1028 183 163
1028 183 121
1029 111 35
1029 111 35
1029 166 23
1029 166 23
1030 65 117
1030 65 117
1030 147 80
1030 147 80
1030 184 92
1030 184 51
1030 184 21
1031 79 171
1031 79 171
1031 140 133
1031 140 133
1032 76 80
1032 76 80
1032 172 44
1032 172 44
1033 21 148
1033 21 171
1033 21 100
1033 85 46
1033 85 46
1033 157 57
1033 157 57
1033 179 185
1033 179 185
1034 67 137
1034 67 137
1034 118 38
1034 118 38
1035 33 173
1035 33 173
1035 50 95
1035 50 95
1036 70 105
1036 70 105
1036 128 30
1036 128 30
1037 64 25
1037 64 179
1037 64 29
1037 66 72
1037 66 72
1037 102 185
1037 102 185
1038 19 151
1038 19 151
1038 51 22
1038 51 22
1039 69 87
1039 69 87
1039 115 160
1039 115 160
1040 150 26
1040 150 26
1040 166 26
1040 166 26
1041 140 80
1041 140 80
1041 179 61
1041 179 61
1042 22 18
1042 22 24
1042 22 172
1042 64 68
1042 64 68
1042 112 63
1042 112 63
1042 186 94
1042 186 43
1042 186 127
1043 93 69
1043 93 69
1043 144 29
1043 144 29
1044 101 87
1044 101 87
1044 163 139
1044 163 139
1044 166 50
1044 166 47
1044 166 133
1045 16 22
1045 16 89
1045 16 51
1045 34 42
1045 34 42
1045 107 160
1045 107 160
1046 152 53
1046 152 53
1046 167 115
1046 167 115
1047 78 96
1047 78 96
1047 163 126
1047 163 126
1048 124 129
1048 124 129
1048 135 88
1048 135 88
1049 124 134
1049 124 134
1049 172 30
1049 172 30
1050 101 159
1050 101 159
1050 122 38
1050 122 38
1050 144 34
1050 144 25
1050 144 75
1050 154 185
1050 184 154
1050 184 185
1051 174 38
1051 174 38
1051 186 115
1051 186 115
1052 17 167
1052 17 167
1052 54 104
1052 54 104
1053 107 82
1053 107 82
1053 168 154
1053 168 154
1054 66 97
1054 66 97
1054 183 116
1054 183 116
1055 106 49
1055 106 49
1055 168 182
1055 168 182
1056 58 151
1056 58 151
1056 99 132
1056 99 40
1056 100 137
1056 100 137
1056 132 40
1057 99 152
1057 106 101
1057 106 101
1057 113 149
1057 113 149
1057 156 99
1057 156 152
1058 67 160
1058 67 160
1058 95 96
1058 95 96
1059 122 135
1059 122 135
1059 152 113
1059 152 113
1059 187 122
1059 187 159
1059 187 53
1060 45 190
1060 45 190
1060 51 69
1060 51 69
1060 119 48
1060 119 48
1060 188 189
1060 188 189
1061 23 87
1061 23 151
1061 43 123
1061 43 36
1061 43 47
1061 44 109
1061 44 109
1061 112 162
1061 112 162
1061 151 87
1062 60 172
1062 60 172
1062 79 133
1062 79 133
1062 171 35
1062 171 172
1062 171 47
1062 191 192
1062 191 192
1063 23 146
1063 23 146
1063 61 193
1063 61 193
1063 133 28
1063 133 28
