0 29 30
0 29 30
1 29 30
1 29 30
1 29 30
1 29 30
2 30 29
2 30 29
2 30 29
2 30 29
3 29 30
3 29 30
3 29 30
3 29 30
4 29 30
4 29 30
4 30 29
4 30 29
5 29 30
5 29 30
5 30 29
5 30 29
6 29 30
6 29 30
6 30 29
6 30 29
7 29 30
7 29 30
7 30 29
7 30 29
7 30 31
7 30 31
8 29 30
8 29 30
8 29 30
8 29 30
9 29 30
9 29 30
9 30 31
9 30 31
9 30 32
9 30 32
10 29 30
10 29 30
10 29 30
10 29 30
10 31 32
10 31 29
10 31 30
11 29 30
11 29 32
11 29 32
11 29 31
11 30 31
11 30 31
11 30 31
11 33 34
11 33 32
11 33 29
12 30 34
12 30 34
12 31 32
12 31 29
12 31 30
12 33 34
12 33 34
13 29 30
13 29 30
13 32 30
13 32 30
14 30 31
14 30 31
14 30 31
14 30 31
15 29 30
15 29 32
15 29 32
15 30 29
15 30 29
15 31 35
15 31 35
15 33 29
15 33 30
16 32 35
16 32 35
16 34 32
16 34 32
16 35 33
16 35 29
16 35 32
17 29 30
17 29 32
17 29 31
17 33 34
17 33 34
17 34 29
17 34 29
18 32 33
18 32 33
18 34 32
18 34 32
19 31 34
19 31 34
19 33 29
19 33 29
19 34 32
19 34 29
19 34 35
20 30 31
20 30 31
20 32 31
20 32 31
21 32 35
21 32 35
21 34 30
21 34 30
21 35 29
21 35 30
21 35 31
22 33 34
22 33 34
22 35 34
22 35 34
23 34 35
23 34 35
23 35 29
23 35 29
24 32 35
24 32 35
24 32 35
24 32 33
24 32 34
24 33 34
24 33 34
25 34 35
25 34 35
25 34 31
25 34 31
26 33 34
26 33 34
26 35 34
26 35 34
27 30 32
27 30 32
27 32 30
27 32 30
28 29 35
28 29 35
28 31 33
28 31 33
28 32 35
28 32 33
28 32 31
28 33 29
28 35 33
28 35 29
29 30 31
29 30 31
29 31 30
29 31 30
30 31 36
30 31 36
30 32 30
30 32 30
30 33 34
30 33 34
31 33 34
31 33 34
31 35 30
31 35 30
32 29 37
32 29 37
32 30 35
32 30 35
32 33 35
32 33 35
33 30 31
33 30 34
33 31 34
33 32 34
33 32 34
33 32 29
33 32 29
34 34 30
34 34 30
34 34 31
34 34 31
35 30 33
35 30 33
35 37 34
35 37 34
36 32 35
36 32 34
36 32 29
36 33 37
36 33 37
36 37 34
36 37 34
37 31 29
37 31 29
37 35 33
37 35 33
38 29 36
38 29 36
38 34 30
38 34 30
39 34 35
39 34 35
39 37 32
39 37 32
40 33 31
40 33 31
40 36 38
40 36 38
40 36 37
40 36 37
41 29 32
41 29 32
41 29 33
41 29 33
42 29 30
42 29 31
42 29 33
42 33 38
42 33 38
42 35 30
42 35 30
43 36 37
43 36 37
43 38 36
43 38 36
44 34 29
44 34 29
44 36 29
44 36 29
45 36 33
45 36 33
45 38 30
45 38 30
46 35 29
46 35 29
46 38 37
46 38 37
47 33 35
47 33 35
47 33 37
47 33 37
48 29 35
48 29 35
48 32 30
48 32 33
48 32 31
48 32 31
48 32 36
49 31 33
49 32 33
49 32 31
49 32 31
49 32 31
49 36 29
49 36 29
49 38 36
49 38 29
49 38 35
50 35 36
50 35 36
50 36 32
50 36 32
51 32 29
51 34 38
51 34 38
51 36 37
51 36 37
51 36 29
51 36 32
52 32 35
52 32 35
52 34 29
52 34 29
52 39 40
52 39 31
52 39 29
53 37 31
53 37 31
53 39 29
53 39 29
54 35 41
54 35 41
54 37 29
54 37 29
54 37 30
54 37 30
55 29 38
55 29 38
55 30 36
55 30 36
55 38 36
55 38 37
55 38 41
56 29 40
56 29 40
56 37 38
56 37 38
56 42 36
56 42 32
56 42 37
57 34 35
57 34 35
57 41 34
57 41 34
57 43 37
57 43 42
57 43 41
58 39 42
58 39 42
58 42 33
58 42 33
59 34 42
59 34 42
59 35 32
59 35 32
60 34 30
60 34 30
60 40 41
60 40 41
61 37 39
61 37 39
61 43 42
61 43 42
62 35 42
62 35 42
62 36 35
62 36 35
63 33 35
63 33 31
63 35 31
63 37 40
63 37 40
63 40 37
63 40 37
64 29 42
64 29 42
64 33 30
64 33 30
65 33 35
65 33 35
65 39 32
65 39 32
66 38 33
66 38 33
66 40 39
66 40 39
67 35 40
67 35 40
67 38 34
67 38 34
68 34 29
68 34 29
68 42 41
68 42 41
69 30 37
69 30 37
69 35 32
69 35 32
70 30 31
70 30 31
70 32 33
70 32 36
70 32 40
70 41 31
70 41 31
70 44 43
70 44 29
70 44 42
71 29 33
71 29 33
71 41 34
71 41 34
72 31 29
72 31 29
72 41 32
72 41 32
73 36 33
73 36 33
73 36 31
73 36 31
74 30 32
74 30 32
74 42 34
74 42 34
75 29 34
75 29 34
75 39 33
75 39 33
75 40 45
75 40 45
76 33 37
76 33 36
76 33 43
76 35 46
76 35 46
76 37 41
76 41 37
76 41 37
76 43 39
76 43 39
76 45 37
76 45 41
77 29 32
77 29 36
77 29 42
77 33 43
77 33 45
77 40 36
77 40 36
77 45 38
77 45 38
77 45 43
78 30 36
78 30 36
78 36 45
78 36 45
78 40 36
78 40 38
78 40 29
79 37 32
79 37 32
79 46 44
79 46 44
80 31 40
80 31 40
80 36 30
80 36 30
81 37 36
81 37 36
81 45 37
81 45 37
82 29 30
82 29 32
82 29 31
82 38 44
82 38 44
82 46 34
82 46 34
83 30 42
83 30 42
83 40 30
83 40 30
84 37 44
84 37 44
84 43 44
84 43 44
85 31 42
85 31 42
85 32 44
85 32 44
86 30 32
86 30 32
86 31 46
86 31 46
87 35 43
87 35 43
87 45 29
87 45 29
88 29 39
88 29 39
88 31 39
88 31 39
89 37 34
89 37 34
89 43 31
89 43 31
90 32 31
90 32 31
90 39 40
90 39 31
90 39 36
90 40 33
90 40 33
91 37 30
91 37 30
91 39 35
91 39 35
91 47 34
91 47 44
91 47 30
92 30 40
92 30 40
92 31 44
92 31 44
93 29 44
93 29 44
93 35 44
93 35 44
93 45 48
93 45 48
93 49 39
93 49 36
93 49 44
94 31 29
94 31 29
94 38 40
94 38 40
95 38 36
95 38 36
95 40 38
95 40 38
95 41 32
95 41 46
95 41 43
96 49 36
96 49 36
96 49 40
96 49 40
97 33 48
97 33 48
97 38 31
97 38 31
98 40 46
98 40 46
98 43 32
98 43 34
98 43 35
98 46 45
98 46 45
99 34 40
99 34 40
99 46 43
99 46 43
100 32 43
100 32 43
100 36 33
100 36 33
100 44 32
100 44 46
100 44 47
101 34 35
101 34 42
101 34 44
101 37 32
101 37 32
101 47 37
101 47 37
102 35 36
102 35 36
102 38 50
102 38 50
102 40 41
102 40 42
102 41 42
102 43 34
102 43 46
102 43 49
102 46 30
102 46 30
103 33 30
103 33 30
103 37 31
103 37 38
103 37 39
103 47 32
103 47 32
104 29 34
104 29 34
104 45 36
104 45 36
105 32 33
105 32 33
105 33 30
105 33 37
105 33 39
105 39 35
105 39 35
106 32 43
106 32 43
106 40 32
106 40 32
107 43 48
107 43 48
107 50 29
107 50 29
108 31 32
108 31 32
108 33 51
108 33 51
108 40 35
108 40 35
109 38 43
109 38 43
109 46 43
109 46 43
110 39 47
110 39 47
110 40 39
110 40 29
110 40 30
110 43 30
110 43 30
110 52 33
110 52 48
110 52 35
111 29 47
111 29 47
111 31 49
111 31 49
112 29 30
112 29 30
112 39 32
112 39 32
113 36 38
113 36 38
113 39 29
113 39 37
113 39 37
113 39 34
113 39 50
114 36 47
114 36 47
114 41 33
114 41 33
115 32 34
115 32 34
115 37 53
115 37 53
115 45 29
115 49 35
115 49 35
115 49 45
115 49 29
116 34 45
116 34 45
116 41 43
116 41 43
116 41 33
116 41 49
116 41 39
117 35 47
117 35 52
117 35 49
117 40 33
117 40 33
117 41 33
117 41 33
118 45 40
118 45 40
118 46 30
118 46 30
119 29 30
119 29 30
119 47 41
119 47 41
119 49 45
119 49 43
119 49 47
120 36 44
120 36 44
120 42 39
120 42 39
121 29 45
121 29 45
121 45 43
121 45 34
121 45 42
121 46 30
121 46 30
122 35 46
122 35 46
122 42 30
122 42 30
123 45 46
123 45 46
123 51 41
123 51 41
124 39 46
124 39 46
124 44 38
124 44 38
125 41 50
125 41 50
125 51 47
125 51 47
125 52 48
125 52 50
125 52 34
126 32 33
126 32 33
126 35 52
126 35 45
126 35 51
126 37 53
126 37 53
127 34 30
127 34 30
127 46 34
127 46 34
128 33 48
128 33 48
128 36 47
128 36 47
128 46 45
128 46 48
128 48 45
129 31 53
129 31 53
129 35 38
129 35 38
130 31 37
130 31 37
130 37 29
130 37 29
130 53 50
130 53 38
130 53 29
131 30 42
131 33 30
131 33 42
131 35 39
131 35 39
131 42 34
131 42 34
132 29 37
132 29 37
132 38 37
132 48 50
132 48 50
132 50 38
132 50 37
133 36 47
133 36 47
133 38 49
133 38 49
134 33 53
134 33 53
134 49 39
134 49 39
135 31 41
135 31 41
135 53 38
135 53 38
136 35 53
136 35 53
136 39 47
136 39 47
136 51 35
136 51 49
136 51 38
137 31 29
137 31 53
137 31 48
137 31 48
137 31 48
137 42 39
137 42 39
138 48 30
138 48 30
138 51 33
138 51 33
139 32 53
139 32 53
139 52 30
139 52 30
140 34 35
140 34 35
140 51 50
140 51 50
141 32 47
141 32 47
141 40 49
141 40 49
142 30 34
142 31 35
142 31 35
142 35 30
142 35 34
142 53 49
142 53 49
143 34 37
143 34 37
143 49 52
143 49 52
144 36 53
144 36 53
144 51 34
144 51 34
145 38 41
145 38 41
145 49 50
145 49 50
146 46 53
146 46 53
146 47 40
146 47 40
147 29 32
147 29 32
147 30 34
147 30 46
147 30 53
147 34 38
147 34 38
148 42 41
148 42 29
148 42 43
148 43 35
148 43 35
148 47 52
148 47 52
149 30 31
149 30 31
149 38 42
149 38 42
150 39 47
150 39 47
150 42 36
150 42 52
150 42 52
150 42 53
150 42 50
151 34 32
151 34 32
151 42 32
151 42 40
151 42 46
151 50 54
151 50 54
151 51 49
151 51 49
152 45 33
152 45 33
152 48 49
152 48 49
153 45 41
153 45 41
153 46 32
153 46 32
154 40 36
154 40 36
154 54 32
154 54 32
155 46 29
155 46 29
155 51 39
155 51 39
156 39 54
156 39 54
156 50 42
156 50 42
157 39 54
157 39 54
157 46 53
157 46 53
158 34 47
158 34 47
158 51 53
158 51 53
159 32 47
159 32 47
159 43 39
159 43 39
160 31 32
160 31 40
160 31 51
160 41 45
160 41 45
160 50 47
160 50 47
161 34 45
161 34 45
161 37 55
161 37 55
161 37 43
161 37 43
161 56 34
161 56 36
161 56 39
162 30 29
162 30 29
162 46 36
162 46 36
163 33 57
163 33 57
163 40 50
163 40 50
163 56 35
163 56 35
164 38 29
164 38 29
164 52 39
164 52 39
165 48 47
165 48 47
165 55 51
165 55 51
166 33 55
166 33 55
166 36 39
166 45 36
166 45 39
166 56 30
166 56 30
167 32 42
167 32 42
167 35 48
167 35 48
168 30 31
168 30 31
168 52 43
168 52 43
169 47 45
169 47 45
169 47 45
169 47 45
169 51 33
169 51 34
169 51 45
169 58 59
169 58 53
169 58 29
170 29 52
170 29 52
170 42 45
170 42 45
171 36 49
171 36 49
171 53 54
171 53 54
171 58 53
171 58 49
171 58 41
172 34 36
172 34 36
172 57 37
172 57 37
173 37 52
173 37 52
173 55 44
173 55 44
174 43 44
174 43 44
174 43 58
174 43 58
175 37 51
175 37 51
175 46 54
175 46 54
176 45 59
176 45 59
176 46 56
176 46 56
177 31 43
177 31 43
177 54 34
177 54 34
178 37 55
178 37 55
178 59 40
178 59 40
179 56 30
179 56 30
179 57 37
179 57 37
180 34 33
180 34 33
180 47 44
180 47 32
180 47 32
180 47 29
180 47 48
181 30 35
181 30 35
181 31 39
181 31 39
182 47 55
182 47 55
182 54 52
182 54 52
183 29 46
183 29 46
183 41 30
183 41 30
183 60 47
183 60 48
183 60 33
184 36 37
184 36 45
184 36 50
184 47 31
184 47 31
184 49 47
184 49 47
185 33 41
185 33 41
185 39 46
185 39 46
185 61 54
185 61 48
185 61 36
186 38 44
186 38 44
186 45 33
186 45 33
186 62 63
186 62 63
187 51 44
187 51 44
187 62 45
187 62 45
188 47 56
188 47 56
188 57 43
188 57 43
189 46 29
189 46 29
189 56 63
189 56 63
190 38 49
190 38 49
190 63 62
190 63 62
191 30 53
191 30 61
191 48 39
191 48 39
191 61 53
191 61 53
191 61 53
192 33 62
192 33 62
192 34 55
192 34 62
192 34 61
192 47 57
192 47 57
193 43 54
193 43 54
193 45 57
193 45 57
194 42 32
194 42 32
194 57 32
194 57 32
194 64 65
194 64 53
194 64 42
195 32 30
195 32 31
195 32 39
195 37 63
195 37 63
195 59 38
195 59 38
196 50 53
196 50 53
196 59 49
196 59 49
197 47 34
197 47 34
197 61 33
197 61 33
198 62 42
198 62 42
198 63 41
198 63 41
199 33 35
199 33 35
199 62 44
199 62 44
200 31 50
200 31 50
200 32 49
200 32 61
200 32 54
200 40 30
200 40 30
200 58 66
200 58 66
201 29 32
201 29 32
201 56 53
201 56 53
202 39 41
202 39 41
202 45 51
202 45 51
203 32 50
203 32 50
203 54 63
203 54 63
204 45 46
204 45 46
204 52 35
204 52 35
205 60 57
205 60 57
205 63 41
205 63 41
206 43 35
206 43 35
206 61 45
206 61 45
207 54 66
207 54 66
207 62 48
207 62 48
208 35 42
208 35 42
208 64 66
208 64 66
209 31 42
209 31 42
209 44 46
209 44 46
210 34 62
210 34 62
210 63 39
210 63 39
211 34 37
211 34 37
211 36 31
211 36 31
211 67 68
211 67 68
212 39 48
212 40 45
212 40 45
212 49 39
212 49 48
212 51 30
212 51 30
213 38 36
213 38 36
213 40 42
213 40 42
214 30 33
214 30 33
214 40 68
214 40 68
215 34 31
215 34 31
215 46 48
215 46 48
216 50 37
216 50 37
216 50 68
216 50 46
216 50 33
216 51 52
216 51 52
217 40 68
217 40 68
217 60 51
217 60 51
218 54 57
218 54 57
218 59 39
218 59 39
218 69 70
218 69 49
218 69 57
219 40 67
219 40 67
219 60 67
219 60 67
220 31 68
220 31 68
220 59 60
220 59 60
221 33 56
221 33 56
221 59 53
221 59 53
222 56 49
222 56 49
222 69 67
222 69 67
223 37 40
223 37 40
223 66 34
223 66 34
224 33 51
224 33 51
224 47 40
224 47 40
225 40 38
225 40 38
225 59 41
225 59 41
226 38 56
226 38 56
226 56 58
226 56 58
227 49 53
227 49 53
227 50 37
227 50 37
227 70 38
227 70 69
227 70 48
228 32 45
228 32 45
228 35 68
228 35 68
229 34 49
229 34 49
229 37 57
229 37 57
230 32 33
230 32 33
230 47 48
230 47 48
230 48 50
230 48 59
230 48 68
231 39 55
231 39 55
231 56 29
231 56 29
232 35 32
232 35 32
232 36 71
232 36 71
232 65 62
232 65 62
233 53 51
233 53 51
233 65 61
233 65 61
234 50 64
234 50 64
234 64 60
234 64 60
235 44 40
235 44 36
235 44 49
235 49 32
235 49 32
235 58 60
235 58 60
236 47 48
236 47 48
236 63 55
236 63 55
237 66 45
237 66 45
237 67 53
237 67 53
238 33 42
238 33 42
238 44 51
238 44 51
238 67 47
238 67 34
238 67 35
238 72 46
238 72 71
238 72 55
239 30 60
239 51 35
239 51 35
239 52 30
239 52 60
239 69 60
239 69 60
240 35 66
240 35 66
240 57 71
240 57 71
241 31 52
241 31 52
241 51 57
241 51 57
242 45 38
242 45 38
242 51 61
242 51 61
243 31 42
243 31 52
243 31 65
243 46 71
243 46 71
243 63 62
243 63 62
244 34 46
244 34 46
244 38 40
244 38 65
244 38 39
244 51 64
244 51 64
245 36 65
245 36 65
245 57 47
245 57 47
246 31 69
246 31 69
246 52 36
246 52 36
247 42 56
247 42 56
247 44 29
247 44 29
247 73 35
247 73 50
247 73 59
248 34 72
248 34 72
248 45 43
248 45 43
249 42 43
249 42 43
249 47 72
249 47 72
250 60 36
250 60 36
250 69 58
250 69 58
251 29 57
251 29 57
251 43 67
251 43 67
251 61 53
251 61 66
251 61 34
252 47 56
252 47 56
252 67 54
252 67 54
253 30 47
253 30 47
253 35 59
253 41 42
253 41 42
253 53 35
253 53 59
254 36 71
254 36 71
254 55 34
254 55 34
255 34 72
255 34 72
255 40 71
255 40 71
255 57 71
255 57 58
255 57 33
256 29 30
256 29 40
256 29 42
256 29 42
256 29 48
256 39 67
256 39 67
257 40 63
257 40 63
257 41 56
257 41 56
258 55 61
258 55 61
258 55 57
258 55 57
259 37 68
259 37 68
259 46 52
259 46 52
260 38 29
260 38 43
260 38 49
260 38 49
260 38 46
260 53 52
260 53 52
261 30 35
261 30 36
261 30 57
261 34 35
261 34 35
261 53 47
261 53 47
262 35 69
262 35 69
262 36 39
262 36 39
263 36 31
263 36 31
263 41 62
263 41 62
264 42 58
264 42 58
264 52 70
264 52 70
264 54 63
264 54 66
264 54 45
265 60 45
265 60 45
265 70 69
265 70 69
266 37 61
266 37 61
266 70 65
266 70 65
267 41 74
267 41 74
267 49 60
267 49 60
267 54 45
267 54 45
268 40 62
268 40 62
268 45 46
268 45 46
269 37 62
269 37 71
269 37 72
269 41 49
269 41 49
269 73 65
269 73 65
270 31 45
270 31 45
270 49 75
270 49 75
270 66 33
270 66 33
271 71 62
271 71 62
271 75 35
271 75 35
272 51 44
272 51 44
272 66 70
272 66 70
273 68 31
273 68 31
273 74 58
273 74 58
274 36 31
274 36 31
274 69 29
274 69 29
275 58 52
275 58 52
275 62 59
275 62 59
275 76 77
275 76 34
275 76 73
276 47 60
276 47 60
276 56 48
276 56 48
277 39 70
277 39 70
277 69 30
277 69 30
278 55 66
278 55 66
278 68 65
278 68 65
279 31 46
279 31 46
279 55 64
279 55 64
279 66 35
279 66 36
279 66 69
280 54 56
280 54 56
280 77 71
280 77 71
281 65 40
281 65 40
281 77 67
281 77 67
282 51 71
282 51 71
282 51 43
282 51 43
283 66 61
283 66 61
283 73 65
283 73 65
284 40 59
284 40 59
284 53 61
284 53 61
285 34 52
285 34 52
285 39 30
285 39 30
285 43 54
285 43 60
285 43 61
286 37 56
286 37 56
286 38 34
286 38 34
287 37 53
287 37 53
287 53 46
287 53 46
288 39 60
288 39 60
288 64 37
288 64 37
289 71 53
289 71 53
289 72 45
289 72 45
290 56 60
290 56 60
290 71 41
290 71 41
291 31 40
291 31 40
291 77 43
291 77 43
292 36 55
292 36 55
292 37 68
292 37 68
293 56 55
293 56 55
293 73 75
293 73 75
294 39 55
294 39 55
294 49 59
294 49 59
295 50 46
295 50 46
295 69 49
295 69 49
296 59 60
296 59 29
296 59 34
296 64 67
296 64 67
296 74 31
296 74 31
297 40 50
297 40 50
297 57 68
297 57 63
297 68 63
297 72 70
297 72 70
298 41 34
298 41 42
298 41 36
298 53 39
298 53 39
298 57 59
298 57 59
299 57 31
299 57 31
299 58 50
299 58 50
299 66 69
299 66 77
299 66 76
300 52 71
300 52 71
300 57 63
300 57 63
301 66 46
301 66 46
301 70 61
301 70 51
301 70 36
301 76 69
301 76 69
302 29 65
302 29 65
302 30 35
302 30 35
303 35 46
303 35 46
303 38 53
303 38 53
304 66 71
304 66 71
304 73 38
304 73 38
305 39 61
305 39 61
305 62 65
305 62 65
305 74 31
305 74 65
305 74 40
306 46 70
306 46 70
306 62 51
306 62 51
307 35 45
307 35 70
307 35 58
307 43 37
307 43 37
307 55 45
307 55 45
308 32 69
308 32 69
308 42 52
308 42 52
309 35 70
309 35 70
309 50 59
309 64 40
309 64 40
309 78 50
309 78 59
310 32 41
310 32 41
310 77 31
310 77 31
311 33 78
311 33 78
311 68 74
311 68 74
312 49 39
312 49 39
312 61 63
312 61 63
313 39 78
313 39 78
313 49 29
313 49 29
313 51 43
313 51 66
313 51 54
313 59 70
313 59 45
313 70 45
314 58 29
314 58 29
314 77 31
314 77 31
315 31 30
315 31 30
315 70 35
315 70 35
316 32 59
316 32 59
316 64 67
316 64 67
317 35 36
317 35 68
317 35 75
317 39 79
317 39 79
317 46 44
317 46 44
317 72 35
317 72 35
318 34 53
318 34 53
318 77 35
318 77 35
319 35 46
319 35 46
319 56 42
319 56 42
320 42 44
320 42 44
320 46 54
320 46 31
320 46 49
320 73 38
320 73 38
321 45 48
321 45 48
321 50 54
321 50 54
322 57 79
322 57 79
322 70 50
322 70 50
323 55 45
323 55 45
323 73 61
323 73 61
324 41 43
324 41 43
324 58 39
324 58 39
325 30 67
325 33 30
325 33 67
325 39 37
325 39 37
325 60 50
325 60 50
326 58 50
326 58 56
326 58 47
326 62 32
326 62 32
326 72 58
326 72 58
327 58 31
327 58 31
327 79 60
327 79 60
328 48 60
328 48 60
328 54 43
328 57 80
328 57 80
328 74 66
328 74 66
328 75 54
328 75 43
329 38 58
329 38 58
329 67 77
329 67 77
330 38 81
330 38 81
330 65 53
330 65 53
330 73 43
330 73 43
331 37 29
331 37 29
331 46 29
331 46 29
332 30 41
332 30 41
332 39 74
332 39 74
333 41 51
333 41 51
333 46 47
333 46 47
334 41 79
334 41 79
334 61 49
334 61 49
334 61 69
334 61 76
334 61 80
335 58 74
335 58 74
335 79 39
335 79 39
336 48 71
336 48 73
336 48 43
336 64 61
336 64 61
336 67 46
336 67 46
337 40 34
337 40 34
337 50 51
337 50 51
338 42 56
338 42 48
338 42 69
338 76 53
338 76 53
338 79 60
338 79 60
339 40 61
339 40 61
339 71 75
339 71 75
340 54 68
340 54 68
340 68 74
340 68 74
341 48 45
341 48 73
341 48 36
341 49 64
341 49 64
341 63 44
341 63 44
342 42 53
342 42 72
342 42 55
342 57 46
342 57 46
342 74 31
342 74 31
343 38 49
343 38 49
343 45 69
343 45 69
344 30 51
344 30 51
344 37 78
344 37 78
344 70 47
344 70 42
344 70 49
345 57 30
345 57 30
345 73 42
345 73 42
346 33 46
346 33 46
346 60 43
346 60 43
346 82 46
346 82 43
346 82 61
347 54 79
347 54 79
347 56 37
347 56 37
348 64 38
348 64 38
348 69 76
348 69 76
349 37 56
349 37 56
349 58 61
349 58 61
349 60 48
349 60 45
349 60 43
350 50 55
350 50 44
350 50 56
350 66 60
350 66 60
350 72 55
350 72 55
351 44 30
351 44 30
351 46 62
351 60 46
351 60 62
351 66 45
351 66 45
352 31 61
352 31 61
352 56 58
352 56 58
353 60 79
353 60 79
353 63 41
353 63 41
354 35 54
354 35 54
354 67 52
354 67 52
355 37 29
355 37 29
355 61 80
355 61 80
356 41 80
356 41 80
356 80 31
356 80 31
357 45 32
357 45 32
357 68 83
357 68 83
357 78 53
357 78 53
358 39 75
358 39 75
358 82 76
358 82 76
359 34 42
359 34 61
359 34 68
359 42 36
359 42 36
359 55 71
359 55 71
360 47 29
360 47 83
360 47 71
360 65 69
360 65 69
360 68 84
360 68 84
360 69 74
360 69 74
361 41 64
361 41 64
361 64 38
361 64 38
362 32 79
362 32 79
362 39 85
362 39 85
362 54 66
362 54 66
363 49 54
363 49 54
363 63 47
363 63 47
364 58 68
364 58 68
364 73 60
364 73 60
365 69 70
365 69 70
365 73 62
365 73 62
366 33 38
366 33 38
366 72 85
366 72 85
366 86 49
366 86 39
366 86 29
367 55 81
367 55 81
367 57 81
367 57 81
367 84 68
367 84 50
367 84 75
368 66 67
368 66 67
368 68 37
368 68 37
369 33 29
369 33 29
369 40 69
369 40 69
370 42 72
370 42 72
370 76 53
370 76 53
371 59 62
371 59 62
371 71 45
371 71 45
372 29 85
372 29 85
372 48 42
372 48 42
373 36 75
373 36 75
373 42 53
373 42 53
374 40 42
374 40 42
374 43 36
374 43 36
375 49 74
375 49 74
375 76 84
375 76 84
375 87 66
375 87 58
375 87 36
376 34 33
376 34 83
376 34 83
376 34 82
376 40 41
376 40 45
376 40 75
376 61 43
376 61 43
376 82 33
377 44 75
377 44 75
377 87 73
377 87 73
378 32 77
378 32 77
378 84 87
378 84 87
379 60 43
379 60 43
379 77 42
379 77 42
380 39 62
380 39 62
380 72 73
380 72 33
380 72 36
380 82 78
380 82 78
381 30 36
381 30 36
381 83 46
381 83 46
382 44 77
382 51 30
382 51 30
382 55 43
382 55 43
382 57 44
382 57 77
383 34 58
383 34 58
383 42 48
383 42 48
384 36 53
384 36 53
384 41 50
384 41 50
385 53 54
385 53 54
385 75 42
385 75 79
385 75 73
385 83 39
385 83 39
386 51 77
386 51 77
386 70 75
386 70 75
387 36 71
387 36 71
387 46 89
387 77 54
387 77 54
387 88 46
387 88 89
388 36 84
388 36 84
388 69 56
388 69 56
388 88 52
388 88 72
388 88 58
389 59 77
389 59 77
389 72 78
389 72 78
390 41 79
390 41 79
390 79 76
390 79 76
391 49 56
391 49 56
391 63 36
391 63 36
392 51 50
392 51 50
392 57 72
392 57 72
392 84 49
392 84 60
392 84 40
393 29 46
393 29 46
393 86 76
393 86 76
394 43 31
394 43 31
394 80 39
394 80 39
395 62 37
395 62 37
395 66 36
395 66 36
396 38 44
396 56 42
396 56 42
396 67 38
396 67 44
396 89 59
396 89 59
397 39 38
397 39 38
397 42 55
397 42 78
397 78 55
397 88 49
397 88 49
398 68 38
398 68 38
398 74 32
398 74 32
399 59 80
399 59 80
399 79 67
399 79 67
400 53 77
400 53 55
400 77 55
400 82 30
400 82 30
400 83 39
400 83 39
401 33 30
401 33 30
401 80 69
401 80 69
402 69 67
402 69 37
402 69 51
402 74 86
402 74 86
402 75 43
402 75 43
403 40 53
403 40 53
403 82 40
403 82 40
404 73 29
404 73 29
404 74 33
404 74 61
404 74 38
404 83 32
404 83 32
405 63 88
405 63 88
405 77 52
405 77 52
406 40 85
406 40 85
406 53 71
406 53 72
406 53 67
406 59 45
406 59 45
407 55 67
407 55 67
407 66 70
407 66 70
408 30 61
408 71 54
408 71 54
408 76 80
408 76 80
408 84 30
408 84 61
409 30 52
409 30 52
409 56 40
409 56 59
409 56 45
409 85 29
409 85 29
410 68 83
410 68 83
410 69 82
410 69 82
411 60 49
411 60 49
411 67 83
411 67 83
412 39 61
412 39 61
412 86 62
412 86 62
413 43 90
413 43 90
413 72 89
413 72 89
413 82 57
413 82 57
414 41 32
414 41 32
414 57 67
414 57 82
414 57 69
414 59 45
414 59 45
415 48 57
415 48 57
415 49 52
415 49 52
416 57 29
416 57 29
416 80 51
416 80 51
417 48 43
417 48 43
417 89 48
417 89 48
418 59 44
418 59 44
418 80 66
418 80 66
419 47 34
419 47 34
419 50 37
419 50 34
419 50 65
419 58 71
419 58 33
419 71 33
419 83 52
419 83 52
420 71 50
420 71 50
420 86 74
420 86 74
421 55 64
421 55 75
421 55 36
421 61 42
421 61 42
421 71 33
421 71 33
421 91 60
421 91 62
421 91 40
422 75 46
422 75 46
422 84 55
422 84 55
423 45 60
423 45 60
423 48 38
423 48 38
423 81 71
423 81 79
423 81 72
424 31 92
424 31 92
424 46 56
424 46 56
424 82 70
424 82 70
425 69 89
425 69 89
425 73 83
425 73 83
425 76 93
425 76 93
426 34 72
426 34 72
426 37 42
426 37 42
427 49 93
427 49 84
427 49 92
427 75 47
427 75 47
427 89 34
427 89 34
428 78 44
428 78 44
428 93 33
428 93 33
429 29 31
429 29 31
429 43 38
429 43 38
430 44 55
430 44 55
430 75 84
430 75 84
431 54 75
431 54 75
431 59 76
431 59 76
432 34 76
432 34 76
432 46 29
432 46 67
432 46 87
432 71 36
432 75 31
432 75 31
432 83 71
432 83 36
433 66 44
433 66 44
433 87 41
433 87 41
434 35 55
434 42 46
434 42 46
434 56 65
434 56 65
434 81 35
434 81 55
435 29 65
435 29 65
435 46 73
435 46 73
436 69 70
436 69 70
436 78 66
436 78 66
436 86 32
436 86 81
436 86 72
437 39 45
437 39 45
437 61 88
437 61 88
437 91 84
437 91 46
437 91 68
438 60 44
438 60 44
438 76 84
438 76 84
439 61 90
439 61 90
439 77 81
439 77 81
440 43 87
440 43 87
440 59 54
440 59 54
441 36 94
441 36 94
441 63 53
441 63 53
441 79 89
441 79 89
442 45 64
442 45 64
442 50 95
442 50 95
442 76 63
442 76 63
443 29 53
443 29 53
443 88 56
443 88 56
444 79 49
444 79 49
444 85 78
444 85 78
445 45 38
445 45 38
445 79 29
445 79 29
446 64 96
446 64 96
446 71 62
446 71 62
446 73 58
446 73 58
447 49 39
447 49 96
447 49 91
447 79 68
447 79 68
447 93 37
447 93 37
448 68 75
448 68 75
448 80 57
448 80 57
449 43 86
449 43 86
449 92 45
449 92 45
450 45 84
450 45 84
450 46 76
450 46 76
450 72 33
450 72 78
450 72 68
450 97 74
450 97 54
450 97 70
451 81 83
451 81 83
451 89 90
451 89 90
452 73 64
452 73 64
452 97 53
452 97 53
453 65 84
453 65 84
453 92 71
453 92 71
454 30 41
454 30 41
454 80 53
454 80 53
455 68 90
455 68 90
455 73 51
455 73 51
455 76 98
455 76 98
456 77 74
456 77 74
456 79 41
456 79 41
457 66 60
457 66 60
457 70 71
457 70 71
458 76 61
458 76 61
458 85 42
458 85 42
458 99 59
458 99 55
458 99 77
459 31 64
459 48 86
459 48 86
459 80 31
459 80 64
459 88 91
459 88 91
460 81 60
460 81 60
460 84 74
460 84 74
461 43 64
461 43 64
461 93 98
461 93 98
462 32 72
462 32 72
462 91 40
462 91 40
463 48 89
463 48 89
463 89 61
463 89 61
464 37 52
464 37 52
464 59 38
464 59 36
464 59 58
464 78 47
464 78 47
465 50 38
465 50 38
465 58 77
465 58 77
466 55 69
466 55 37
466 55 99
466 72 43
466 72 43
466 75 90
466 75 90
467 32 70
467 32 70
467 73 57
467 73 57
468 88 86
468 88 86
468 88 82
468 88 82
468 100 68
468 100 44
468 100 85
469 43 89
469 43 89
469 88 31
469 88 31
470 52 68
470 52 68
470 90 31
470 90 31
471 60 90
471 60 90
471 89 52
471 89 52
472 50 101
472 50 101
472 58 72
472 58 72
472 89 70
472 89 70
473 42 93
473 42 93
473 62 60
473 62 60
474 47 31
474 47 49
474 47 81
474 78 39
474 78 39
474 99 98
474 99 98
475 33 56
475 33 56
475 44 102
475 44 102
475 97 59
475 97 59
476 54 79
476 54 79
476 69 60
476 69 60
477 68 97
477 68 97
477 72 32
477 72 79
477 72 53
477 91 92
477 91 92
478 40 64
478 40 64
478 91 81
478 91 81
479 53 40
479 53 40
479 82 36
479 82 36
480 49 91
480 49 91
480 49 62
480 49 62
480 97 103
480 97 103
481 62 104
481 62 104
481 71 91
481 71 91
481 78 60
481 78 60
482 37 49
482 37 49
482 61 59
482 61 59
482 77 55
482 77 78
482 77 53
483 29 97
483 29 97
483 67 105
483 67 105
483 101 33
483 101 33
484 80 58
484 80 58
484 96 35
484 96 35
485 50 47
485 50 47
485 90 44
485 90 44
486 64 86
486 64 86
486 64 104
486 64 104
487 63 45
487 63 45
487 72 48
487 72 48
488 39 105
488 39 105
488 50 34
488 50 34
489 47 49
489 47 49
489 90 61
489 90 61
489 106 36
489 106 92
489 106 69
490 39 57
490 39 57
490 58 57
490 58 57
491 60 53
491 60 53
491 85 91
491 85 91
491 99 107
491 99 107
492 30 73
492 30 73
492 58 60
492 58 60
492 101 55
492 101 102
492 101 77
493 54 56
493 54 56
493 66 69
493 66 69
493 74 57
493 77 74
493 77 57
494 44 82
494 44 82
494 49 52
494 49 52
495 53 97
495 53 97
495 105 50
495 105 50
496 69 75
496 69 75
496 74 86
496 74 86
497 29 49
497 29 49
497 40 66
497 40 66
498 33 39
498 33 39
498 95 36
498 95 36
499 63 59
499 63 59
499 74 104
499 74 104
500 35 89
500 35 89
500 86 53
500 86 53
501 61 72
501 61 72
501 82 46
501 82 46
502 38 67
502 38 67
502 72 39
502 72 39
503 56 30
503 56 30
503 66 90
503 66 90
503 70 94
503 93 70
503 93 94
504 42 88
504 42 88
504 62 98
504 62 98
505 47 30
505 47 69
505 47 46
505 57 106
505 57 106
505 93 104
505 93 104
506 53 54
506 53 54
506 102 31
506 102 31
507 38 62
507 38 62
507 61 66
507 61 66
507 69 97
507 69 80
507 69 100
508 33 108
508 33 108
508 50 79
508 50 79
508 53 106
508 53 106
509 84 65
509 84 65
509 101 39
509 101 39
510 30 58
510 30 58
510 39 73
510 39 72
510 73 72
510 80 82
510 80 82
510 92 82
510 92 89
510 92 87
511 47 48
511 47 48
511 56 87
511 56 87
512 66 54
512 66 54
512 74 29
512 74 55
512 74 93
512 89 30
512 89 30
513 32 57
513 32 57
513 105 71
513 105 71
514 56 40
514 56 40
514 70 50
514 70 50
515 32 102
515 32 58
515 32 106
515 82 75
515 82 75
515 87 82
515 87 82
516 103 70
516 103 70
516 106 35
516 106 35
517 59 47
517 59 47
517 92 60
517 92 60
518 47 71
518 47 71
518 64 34
518 64 34
519 80 79
519 80 79
519 106 44
519 106 44
520 61 101
520 61 101
520 101 65
520 101 65
521 41 37
521 41 37
521 45 81
521 45 50
521 75 58
521 75 58
521 81 50
522 38 109
522 38 109
522 86 91
522 86 91
522 100 71
522 100 71
523 44 97
523 44 97
523 52 41
523 52 41
524 72 97
524 72 97
524 93 70
524 93 70
525 68 66
525 68 66
525 77 54
525 77 54
526 54 103
526 54 103
526 66 86
526 66 86
526 101 55
526 101 35
526 101 44
527 38 81
527 38 81
527 62 103
527 62 103
528 52 96
528 52 96
528 92 49
528 92 49
529 31 73
529 31 73
529 109 108
529 109 108
530 39 95
530 39 95
530 45 94
530 45 87
530 45 96
530 102 90
530 102 90
531 57 77
531 57 77
531 71 29
531 71 29
531 89 59
531 89 99
531 89 73
532 55 36
532 55 36
532 82 69
532 82 69
533 30 62
533 30 78
533 30 102
533 37 83
533 37 83
533 105 63
533 105 63
534 43 63
534 43 63
534 95 96
534 95 96
535 92 61
535 92 61
535 101 80
535 101 80
535 110 88
535 110 59
535 110 63
536 50 41
536 50 41
536 83 101
536 83 101
537 74 62
537 74 62
537 105 89
537 105 89
538 31 64
538 31 64
538 41 47
538 41 47
538 111 37
538 111 74
538 111 63
539 43 94
539 43 94
539 61 71
539 61 71
540 32 62
540 32 62
540 36 31
540 36 105
540 36 66
540 107 52
540 107 52
541 68 93
541 68 93
541 84 29
541 84 29
542 39 99
542 39 99
542 91 110
542 91 110
543 76 101
543 76 101
543 103 68
543 103 68
544 62 99
544 62 99
544 108 109
544 108 109
545 32 29
545 32 29
545 97 83
545 97 83
546 33 50
546 33 50
546 50 38
546 50 38
546 91 112
546 91 112
547 35 50
547 35 50
547 62 106
547 62 106
548 40 98
548 40 98
548 49 100
548 49 100
549 44 29
549 44 29
549 87 60
549 87 60
549 113 74
549 113 86
549 113 84
550 30 43
550 30 43
550 37 30
550 40 37
550 40 30
550 96 104
550 96 104
551 35 45
551 35 45
551 92 33
551 92 33
552 86 76
552 86 76
552 95 39
552 95 39
553 50 37
553 50 37
553 97 53
553 97 53
553 114 82
553 114 102
553 114 32
554 35 93
554 35 93
554 104 110
554 104 110
554 115 74
554 115 75
554 115 59
555 60 95
555 60 95
555 111 69
555 111 69
556 57 75
556 57 75
556 89 107
556 89 107
557 47 97
557 47 97
557 111 80
557 111 80
558 87 89
558 87 89
558 88 45
558 88 45
558 98 116
558 98 116
559 94 51
559 94 51
559 100 44
559 100 44
560 55 46
560 55 46
560 60 35
560 60 35
561 60 104
561 60 104
561 103 93
561 103 93
562 39 107
562 39 107
562 95 105
562 95 105
563 39 70
563 39 70
563 74 113
563 74 113
564 41 33
564 41 33
564 98 97
564 98 97
565 65 54
565 65 54
565 74 90
565 74 90
566 29 36
566 29 99
566 57 100
566 57 100
566 57 73
566 57 73
566 99 36
567 55 56
567 55 56
567 61 96
567 61 96
568 79 117
568 79 117
568 81 30
568 81 30
568 94 92
568 94 92
569 85 67
569 85 67
569 108 75
569 108 75
570 48 55
570 48 55
570 65 39
570 65 39
570 99 59
570 99 89
570 99 53
571 47 38
571 47 38
571 81 83
571 81 83
571 103 76
571 103 104
571 103 61
572 89 116
572 89 116
572 92 96
572 92 96
573 72 93
573 72 93
573 99 62
573 99 62
574 35 49
574 35 49
574 60 86
574 60 86
575 35 74
575 35 67
575 35 83
575 79 73
575 79 73
575 88 42
575 88 42
576 39 30
576 39 30
576 107 91
576 107 91
577 31 97
577 31 97
577 73 107
577 73 107
578 54 99
578 54 99
578 81 63
578 81 63
578 93 112
578 93 65
578 93 60
579 45 93
579 45 95
579 45 104
579 58 111
579 58 111
579 107 65
579 107 65
580 30 99
580 30 99
580 85 76
580 85 76
580 118 44
580 118 36
580 118 115
581 37 43
581 37 61
581 37 33
581 40 44
581 40 44
581 55 32
581 55 32
582 62 81
582 62 81
582 72 102
582 72 110
582 72 113
582 114 93
582 114 93
583 37 102
583 37 66
583 37 75
583 91 110
583 91 110
583 106 68
583 106 68
584 68 78
584 68 78
584 109 74
584 109 74
585 33 53
585 33 53
585 112 42
585 112 42
586 84 72
586 84 72
586 87 44
586 87 44
586 119 70
586 119 95
586 119 81
587 50 30
587 50 30
587 68 120
587 68 120
587 114 103
587 114 103
588 73 94
588 73 94
588 116 66
588 116 66
589 56 76
589 56 76
589 69 40
589 69 40
590 56 118
590 56 113
590 56 106
590 58 39
590 58 39
590 97 68
590 97 68
591 36 82
591 36 82
591 66 77
591 66 77
591 108 86
591 108 107
591 108 47
592 57 46
592 57 46
592 100 97
592 100 97
593 61 81
593 61 81
593 75 78
593 75 78
594 34 65
594 34 65
594 46 121
594 46 121
594 98 64
594 98 64
595 68 112
595 68 112
595 112 108
595 112 108
596 51 39
596 51 39
596 68 57
596 68 57
597 63 42
597 63 42
597 67 70
597 67 70
597 72 122
597 72 122
598 32 99
598 32 100
598 32 76
598 82 72
598 82 72
598 114 109
598 114 109
599 29 79
599 29 79
599 105 72
599 105 72
600 51 118
600 51 118
600 105 70
600 105 70
601 59 48
601 59 67
601 59 104
601 78 121
601 78 121
601 98 110
601 98 110
602 47 91
602 47 91
602 92 82
602 92 97
602 92 65
602 101 92
602 101 92
603 64 98
603 64 98
603 120 88
603 120 88
604 34 100
604 34 69
604 34 92
604 39 35
604 39 35
604 100 90
604 100 90
605 38 84
605 38 84
605 77 111
605 77 111
606 40 123
606 40 123
606 62 42
606 62 42
606 97 43
606 97 43
607 33 79
607 33 79
607 81 38
607 81 38
607 124 57
607 124 85
607 124 82
608 62 123
608 62 123
608 108 34
608 108 34
609 70 83
609 70 83
609 103 34
609 103 34
610 44 110
610 44 110
610 105 66
610 105 66
610 118 102
610 118 61
610 118 30
611 48 66
611 48 66
611 120 35
611 120 35
612 76 59
612 76 59
612 104 32
612 104 32
613 35 124
613 35 124
613 49 125
613 49 125
613 73 62
613 73 62
614 36 101
614 36 101
614 75 54
614 75 54
615 55 35
615 55 35
615 70 109
615 70 109
616 35 69
616 35 69
616 42 78
616 42 78
617 37 126
617 37 126
617 70 32
617 70 32
617 89 90
617 89 90
618 33 85
618 79 57
618 79 57
618 88 33
618 88 85
618 122 96
618 122 96
619 47 41
619 47 33
619 47 82
619 54 91
619 54 91
619 58 122
619 58 122
619 93 128
619 127 93
619 127 128
620 34 89
620 34 89
620 115 120
620 115 120
621 84 121
621 84 121
621 93 100
621 93 100
622 50 119
622 50 119
622 110 107
622 110 107
623 56 68
623 56 68
623 109 67
623 109 67
624 34 35
624 34 35
624 72 31
624 72 31
625 36 32
625 36 32
625 55 79
625 55 79
626 102 80
626 102 80
626 119 104
626 119 104
627 44 52
627 44 52
627 123 30
627 123 30
628 63 44
628 63 44
628 88 30
628 88 126
628 88 108
628 92 55
628 92 55
629 36 128
629 36 128
629 75 51
629 75 51
629 129 36
629 129 39
629 129 118
630 98 122
630 98 122
630 116 118
630 116 118
631 38 92
631 38 75
631 38 117
631 79 61
631 79 61
631 93 71
631 93 71
631 110 130
631 110 130
631 131 121
631 131 41
631 131 42
632 69 68
632 69 68
632 76 111
632 76 111
633 84 116
633 84 116
633 94 73
633 94 73
633 119 41
633 119 55
633 119 47
634 65 116
634 65 116
634 90 67
634 90 67
634 108 107
634 108 39
634 108 88
635 62 114
635 62 114
635 114 119
635 114 119
635 124 51
635 124 73
635 124 71
636 69 130
636 69 130
636 99 109
636 99 109
637 37 46
637 37 46
637 66 122
637 66 122
638 106 80
638 106 80
638 130 50
638 130 50
639 38 35
639 38 33
639 38 39
639 38 39
639 38 107
639 101 52
639 101 52
640 41 91
640 41 91
640 43 86
640 43 86
641 76 86
641 76 86
641 83 109
641 83 109
641 127 100
641 127 109
641 127 96
642 47 83
642 47 83
642 75 67
642 75 67
643 77 46
643 77 46
643 115 54
643 115 54
644 38 86
644 38 86
644 41 76
644 120 87
644 120 87
644 132 41
644 132 76
645 66 36
645 66 36
645 102 100
645 102 100
646 35 107
646 35 107
646 46 104
646 46 33
646 46 101
646 50 111
646 50 111
646 133 110
646 133 122
646 133 51
647 36 134
647 36 134
647 46 101
647 46 101
647 63 119
647 63 119
648 50 116
648 50 116
648 69 61
648 69 61
649 36 91
649 36 91
649 78 54
649 78 67
649 78 84
649 105 68
649 105 68
650 77 34
650 80 45
650 80 60
650 80 46
650 103 94
650 103 94
650 122 77
650 122 34
650 126 72
650 126 72
651 121 43
651 121 43
651 129 61
651 129 61
652 60 29
652 60 29
652 127 91
652 127 91
653 67 103
653 67 103
653 82 98
653 82 98
654 60 67
654 60 67
654 94 120
654 94 120
655 44 54
655 44 54
655 55 32
655 55 32
656 49 131
656 49 131
656 71 35
656 71 35
656 78 117
656 78 56
656 78 34
656 80 135
656 80 135
657 47 87
657 47 87
657 54 129
657 54 29
657 87 33
657 87 33
657 129 29
658 98 30
658 98 30
658 102 40
658 102 40
659 29 116
659 29 116
659 121 112
659 121 112
659 134 76
659 134 64
659 134 122
660 93 120
660 93 120
660 123 46
660 123 46
661 110 79
661 110 79
661 119 99
661 119 99
662 83 48
662 83 48
662 85 134
662 85 134
663 54 115
663 54 115
663 108 48
663 108 48
664 107 129
664 107 129
664 109 106
664 109 106
664 125 54
664 132 125
664 132 54
665 33 132
665 33 132
665 46 53
665 46 53
665 90 67
665 90 66
665 90 50
666 76 58
666 76 58
666 104 121
666 104 121
667 75 71
667 75 71
667 129 89
667 129 89
668 77 50
668 77 50
668 93 65
668 93 83
668 93 44
668 106 98
668 106 98
669 54 37
669 54 37
669 111 55
669 111 55
670 91 67
670 91 67
670 113 105
670 113 105
671 84 32
671 84 32
671 134 98
671 134 98
672 58 59
672 58 59
672 73 32
672 73 134
672 73 125
672 135 103
672 135 103
673 34 49
673 34 49
673 100 68
673 100 68
674 29 55
674 29 55
674 69 109
674 69 109
674 91 68
674 91 123
674 91 37
675 42 80
675 42 80
675 124 71
675 124 71
676 64 129
676 64 129
676 87 111
676 87 111
677 50 73
677 50 73
677 122 57
677 122 57
678 108 135
678 108 135
678 125 103
678 125 103
679 32 124
679 32 124
679 45 94
679 45 94
679 67 35
679 67 104
679 67 59
680 61 80
680 61 80
680 74 38
680 74 78
680 74 95
680 122 99
680 122 99
681 59 123
681 59 123
681 121 79
681 121 79
682 32 86
682 32 86
682 36 99
682 36 99
683 78 99
683 78 99
683 90 58
683 90 36
683 90 103
683 92 30
683 92 30
684 54 119
684 54 119
684 132 58
684 132 58
685 37 68
685 37 68
685 47 50
685 47 50
686 40 117
686 40 117
686 93 84
686 93 84
687 44 134
687 44 134
687 51 61
687 51 61
687 82 136
687 82 136
688 89 101
688 89 101
688 129 110
688 129 110
689 30 70
689 30 70
689 86 46
689 86 46
690 71 86
690 71 130
690 76 95
690 76 95
690 86 130
690 97 134
690 97 134
690 137 39
690 137 88
690 137 49
691 44 76
691 44 76
691 46 119
691 46 119
692 85 99
692 85 99
692 125 62
692 125 62
693 65 104
693 65 104
693 94 118
693 94 118
694 88 56
694 88 117
694 88 121
694 104 125
694 104 125
694 116 129
694 116 129
695 36 48
695 36 48
695 65 109
695 65 109
696 56 76
696 56 76
696 89 49
696 89 49
697 97 65
697 97 65
697 109 105
697 109 105
698 95 110
698 95 110
698 105 76
698 105 61
698 105 114
698 128 138
698 128 138
698 133 121
698 133 121
699 65 66
699 65 66
699 117 93
699 117 93
700 44 36
700 44 36
700 106 32
700 106 32
701 82 86
701 82 86
701 121 100
701 121 100
702 63 43
702 63 43
702 79 31
702 79 31
703 37 35
703 37 35
703 82 139
703 82 139
703 95 34
703 95 34
704 53 49
704 53 55
704 53 57
704 72 51
704 72 51
704 107 42
704 107 42
705 48 93
705 48 93
705 75 139
705 75 139
706 45 109
706 45 110
706 45 65
706 50 138
706 50 138
706 73 118
706 73 118
706 140 102
706 140 135
706 140 138
707 40 107
707 40 89
707 40 132
707 83 81
707 83 81
707 129 132
707 129 132
708 112 48
708 112 48
708 125 46
708 125 46
709 45 77
709 45 77
709 104 64
709 104 105
709 104 134
709 109 35
709 109 35
710 90 34
710 90 34
710 118 31
710 118 31
711 108 103
711 108 103
711 127 117
711 135 127
711 135 117
711 140 41
711 140 41
712 58 73
712 58 73
712 91 74
712 91 74
713 52 121
713 52 121
713 60 130
713 60 107
713 60 34
713 130 37
713 130 37
714 64 32
714 64 32
714 110 100
714 110 100
715 72 80
715 72 80
715 108 44
715 108 44
716 36 74
716 36 74
716 58 97
716 58 97
717 50 58
717 50 58
717 138 60
717 138 60
718 51 39
718 51 39
718 103 140
718 103 140
719 58 138
719 58 138
719 79 57
719 79 57
719 141 142
719 141 142
720 45 51
720 45 51
720 124 44
720 124 44
721 76 83
721 76 83
721 134 39
721 134 39
722 93 33
722 93 86
722 93 139
722 113 136
722 113 136
722 113 69
722 113 69
723 34 63
723 34 63
723 53 89
723 53 89
724 37 68
724 37 68
724 57 143
724 126 143
724 132 143
724 137 107
724 137 107
725 57 119
725 57 119
725 108 58
725 108 58
726 51 54
726 51 54
726 128 121
726 128 121
727 68 67
727 68 67
727 137 44
727 137 44
728 45 100
728 45 100
728 131 111
728 131 111
729 84 45
729 84 45
729 86 30
729 86 30
730 52 58
730 52 58
730 105 80
730 105 80
731 59 104
731 59 104
731 99 30
731 99 30
731 107 72
731 107 66
731 107 117
732 35 144
732 35 144
732 40 88
732 40 88
732 130 86
732 130 86
733 80 42
733 80 42
733 123 139
733 123 139
734 54 73
734 54 73
734 81 98
734 81 98
735 82 60
735 82 60
735 140 65
735 140 65
735 145 116
735 145 80
735 145 41
736 58 128
736 58 128
736 126 101
736 126 101
737 37 59
737 37 59
737 62 31
737 62 31
738 112 40
738 112 40
738 136 40
738 136 40
738 146 135
738 146 72
738 146 47
739 78 128
739 78 128
739 141 79
739 141 79
740 30 113
740 30 113
740 140 83
740 140 83
741 80 57
741 80 57
741 115 90
741 115 90
742 71 118
742 71 118
742 86 32
742 86 32
743 64 130
743 64 130
743 67 61
743 67 61
744 113 74
744 113 74
744 135 76
744 135 76
744 147 90
744 147 140
744 147 38
745 105 94
745 105 94
745 143 101
745 143 101
745 148 88
745 148 105
745 148 48
746 63 138
746 63 137
746 63 107
746 121 87
746 121 87
746 130 140
746 130 140
747 34 43
747 34 43
747 76 67
747 76 67
748 29 89
748 29 89
748 109 64
748 109 64
749 117 149
749 117 149
749 141 85
749 141 85
749 148 112
749 148 112
750 96 106
750 96 106
750 132 144
750 132 144
751 101 140
751 101 140
751 110 112
751 110 112
752 86 143
752 86 143
752 106 41
752 106 41
753 97 111
753 97 111
753 129 82
753 129 82
754 58 78
754 58 78
754 97 29
754 98 97
754 98 29
754 143 101
754 143 133
754 143 149
754 145 140
754 145 140
755 35 96
755 35 96
755 124 80
755 124 80
756 30 150
756 30 150
756 55 70
756 55 70
756 65 39
756 65 83
756 65 113
756 90 134
756 90 134
757 44 89
757 44 89
757 112 115
757 112 115
758 73 99
758 73 99
758 147 92
758 147 92
759 48 80
759 48 80
759 141 38
759 141 38
760 41 43
760 41 146
760 123 74
760 123 74
760 134 54
760 134 54
760 146 43
761 82 45
761 82 45
761 114 53
761 114 53
761 151 152
761 151 114
761 151 60
762 54 153
762 54 153
762 115 32
762 115 32
762 128 147
762 128 147
763 134 128
763 134 128
763 134 121
763 134 93
763 134 139
763 151 85
763 151 85
764 51 82
764 70 52
764 70 52
764 78 82
764 103 82
764 140 120
764 140 120
765 86 102
765 86 102
765 95 154
765 95 154
765 137 74
765 137 74
766 141 105
766 141 105
766 145 121
766 145 121
767 33 67
767 33 67
767 96 31
767 96 31
768 55 64
768 55 80
768 66 33
768 66 33
768 80 64
768 106 103
768 106 103
769 80 46
769 80 46
769 132 67
769 132 89
769 132 68
769 140 152
769 140 152
770 46 117
770 46 117
770 65 33
770 65 33
771 43 53
771 43 53
771 54 46
771 124 76
771 124 76
771 136 54
771 136 46
771 139 102
771 139 68
771 139 43
772 69 48
772 69 48
772 145 139
772 145 139
773 38 133
773 38 133
773 99 91
773 99 91
774 75 145
774 75 145
774 79 125
774 79 125
774 155 80
774 155 81
774 155 124
775 42 81
775 42 81
775 131 138
775 131 138
776 40 133
776 40 86
776 40 148
776 86 102
776 86 102
776 138 143
776 138 143
776 156 157
776 156 110
776 156 127
777 84 93
777 84 93
777 128 154
777 128 154
778 96 29
778 96 29
778 109 79
778 109 79
779 104 111
779 104 111
779 117 58
779 117 58
780 57 122
780 57 122
780 155 93
780 155 93
781 47 40
781 47 40
781 136 111
781 136 111
782 36 98
782 36 98
782 117 134
782 117 134
783 115 53
783 115 87
783 115 155
783 140 109
783 140 109
783 140 95
783 140 95
784 47 101
784 47 101
784 153 96
784 153 96
785 71 120
785 71 120
785 94 110
785 94 110
785 158 100
785 158 77
785 158 78
786 45 82
786 45 82
786 48 157
786 48 157
786 141 159
786 141 159
787 37 66
787 37 66
787 72 38
787 72 38
787 114 160
787 114 160
788 50 69
788 50 159
788 50 128
788 109 75
788 109 75
788 156 152
788 156 152
789 123 53
789 123 53
789 138 144
789 138 144
790 79 125
790 79 125
790 127 141
790 127 141
791 40 35
791 40 138
791 73 126
791 73 126
791 138 35
791 147 74
791 147 74
791 148 103
791 161 148
791 161 103
792 30 143
792 30 143
792 135 149
792 135 149
793 39 157
793 39 157
793 78 131
793 78 131
794 50 111
794 50 111
794 146 77
794 146 77
795 96 130
795 96 130
795 147 62
795 147 62
796 49 106
796 49 106
796 100 55
796 100 55
797 73 97
797 73 97
797 88 69
797 88 69
798 85 157
798 85 92
798 85 138
798 94 61
798 94 61
798 149 140
798 149 140
799 153 86
799 153 86
799 160 61
799 160 61
800 78 144
800 78 144
800 97 79
800 97 79
801 32 124
801 32 124
801 117 49
801 117 49
801 162 72
801 162 94
801 162 141
802 56 75
802 56 75
802 80 112
802 80 112
803 50 81
803 50 81
803 114 163
803 114 163
803 158 80
803 158 80
804 103 35
804 103 35
804 162 94
804 162 94
805 55 82
805 55 82
805 59 75
805 59 75
806 67 61
806 67 61
806 106 155
806 106 155
807 72 110
807 72 110
807 134 81
807 134 81
808 44 134
808 44 134
808 130 115
808 130 115
809 58 71
809 58 71
809 72 156
809 101 153
809 101 153
809 155 72
809 155 156
810 72 67
810 72 67
810 103 118
810 103 118
811 99 112
811 99 112
811 147 50
811 147 50
812 98 137
812 98 137
812 162 146
812 162 146
813 85 138
813 94 142
813 94 142
813 162 114
813 162 114
813 164 85
813 164 138
814 104 88
814 104 88
814 156 38
814 156 38
815 30 153
815 30 153
815 101 87
815 101 87
816 115 163
816 115 163
816 119 153
816 119 153
817 65 70
817 65 70
817 101 140
817 101 140
818 99 158
818 99 158
818 136 77
818 136 77
819 109 59
819 109 59
819 117 73
819 117 73
820 37 42
820 37 42
820 160 91
820 160 91
821 38 150
821 38 150
821 99 89
821 99 89
822 96 148
822 96 148
822 124 57
822 124 57
822 153 79
822 153 119
822 153 65
823 63 111
823 63 111
823 126 160
823 126 160
823 137 165
823 137 165
824 29 66
824 29 66
824 59 72
824 59 72
825 39 69
825 39 69
825 161 132
825 161 132
826 58 48
826 58 48
826 97 110
826 97 110
827 53 125
827 53 125
827 102 47
827 102 47
828 38 121
828 41 125
828 41 125
828 151 163
828 151 163
828 166 38
828 166 121
828 167 163
828 167 29
828 167 157
829 95 75
829 95 75
829 130 135
829 130 135
830 93 127
830 93 127
830 144 83
830 144 83
831 60 61
831 60 61
831 121 151
831 121 151
832 78 141
832 78 62
832 78 40
832 112 110
832 112 110
832 141 113
832 141 113
833 58 93
833 58 93
833 79 143
833 79 143
834 54 40
834 54 40
834 112 155
834 112 155
835 48 60
835 48 60
835 164 119
835 164 119
836 40 48
836 40 48
836 100 117
836 100 117
837 37 96
837 37 96
837 40 145
837 40 145
837 96 168
837 96 168
838 33 162
838 33 162
838 54 95
838 54 95
839 136 169
839 136 169
839 139 79
839 139 79
839 145 100
839 145 100
840 68 101
840 68 101
840 121 135
840 121 135
841 134 31
841 134 31
841 147 57
841 147 57
842 49 87
842 49 87
842 52 132
842 52 132
843 52 138
843 52 138
843 124 155
843 124 155
844 54 156
844 54 156
844 97 165
844 97 165
845 34 84
845 34 84
845 96 113
845 96 116
845 96 140
845 103 146
845 103 146
846 125 34
846 125 34
846 140 34
846 140 34
847 40 106
847 40 106
847 143 50
847 143 50
848 127 149
848 127 149
848 151 88
848 151 88
848 168 170
848 168 170
849 100 133
849 100 133
849 102 160
849 102 160
850 75 33
850 75 33
850 127 76
850 127 76
850 171 134
850 171 84
850 171 75
851 58 98
851 58 98
851 114 162
851 114 162
852 49 118
852 49 118
852 114 121
852 114 121
853 71 80
853 129 42
853 129 42
853 137 147
853 137 147
853 151 71
853 151 80
853 161 172
853 161 172
854 44 166
854 44 166
854 101 163
854 101 163
855 68 94
855 68 94
855 80 133
855 80 133
855 130 173
855 130 173
856 54 158
856 54 158
856 127 135
856 127 135
857 93 45
857 93 45
857 126 143
857 126 143
858 104 42
858 104 42
858 172 79
858 172 79
859 60 159
859 60 159
859 82 98
859 82 98
860 52 33
860 52 33
860 114 170
860 114 170
860 174 175
860 174 115
860 174 142
861 35 75
861 35 139
861 35 137
861 89 172
861 89 172
861 154 94
861 154 94
862 70 32
862 70 32
862 95 157
862 95 157
863 70 158
863 70 158
863 82 163
863 82 163
863 176 54
863 176 55
863 176 122
864 44 163
864 44 163
864 156 144
864 156 144
865 65 81
865 65 168
865 65 88
865 88 174
865 88 174
865 111 125
865 111 155
865 125 155
865 140 40
865 140 40
866 72 83
866 72 83
866 79 172
866 79 172
866 125 177
866 125 177
867 37 130
867 37 130
867 46 178
867 46 178
867 82 170
867 82 170
867 138 143
867 138 32
867 138 163
867 179 180
867 179 81
867 179 36
868 33 59
868 33 59
868 82 38
868 82 38
869 39 51
869 39 51
869 49 139
869 49 139
869 102 181
869 102 181
869 122 86
869 122 128
869 122 171
870 106 116
870 106 116
870 127 133
870 127 133
871 45 72
871 45 72
871 47 155
871 47 155
872 38 33
872 38 33
872 92 47
872 92 47
872 182 112
872 182 171
872 182 92
873 152 165
873 152 165
873 182 162
873 182 162
874 95 85
874 95 85
874 138 51
874 154 122
874 154 122
874 167 138
874 167 51
875 67 183
875 67 183
875 100 177
875 100 177
875 163 104
875 163 104
876 39 115
876 39 115
876 83 135
876 83 135
876 154 79
876 154 76
876 154 155
877 78 31
877 78 31
877 133 31
877 133 31
878 55 81
878 55 81
878 77 134
878 102 77
878 102 134
878 114 34
878 114 34
879 63 100
879 63 175
879 63 78
879 127 53
879 127 53
879 161 37
879 161 37
880 29 183
880 29 183
880 131 85
880 131 85
880 145 184
880 145 184
880 158 155
880 158 33
880 158 103
881 32 33
881 32 33
881 154 45
881 154 45
882 107 62
882 107 180
882 107 135
882 124 104
882 124 104
882 124 172
882 124 172
883 45 69
883 45 70
883 45 108
883 84 185
883 84 185
883 110 179
883 110 179
883 126 118
883 126 118
884 45 64
884 45 64
884 114 167
884 114 167
884 128 67
884 128 125
884 128 109
885 83 62
885 83 62
885 127 116
885 127 116
886 61 114
886 61 114
886 87 34
886 87 34
887 63 66
887 63 66
887 75 116
887 75 116
888 32 69
888 32 69
888 69 146
888 69 146
889 102 52
889 102 52
889 181 167
889 181 167
890 163 63
890 163 63
890 163 184
890 163 184
890 186 41
890 186 103
890 186 165
891 57 100
891 57 100
891 129 52
891 129 52
891 187 186
891 187 87
891 187 172
892 80 139
892 80 139
892 149 54
892 149 54
893 110 111
893 110 111
893 168 33
893 168 33
893 188 119
893 188 85
893 188 43
894 74 178
894 74 178
894 93 135
894 93 135
895 52 65
895 52 65
895 76 65
895 76 65
896 87 125
896 87 125
896 99 175
896 99 175
897 97 39
897 97 39
897 167 41
897 167 41
898 80 163
898 80 163
898 88 142
898 88 142
898 176 54
898 176 67
898 176 164
899 98 138
899 98 138
899 164 158
899 164 158
900 50 83
900 50 83
900 150 93
900 150 93
901 55 116
901 55 116
901 74 165
901 74 165
902 40 79
902 40 79
902 92 57
902 92 57
903 49 185
903 49 185
903 69 189
903 69 189
903 122 163
903 122 163
904 140 74
904 140 74
904 149 94
904 149 94
905 29 56
905 29 56
905 59 48
905 59 48
906 104 188
906 104 188
906 188 55
906 188 55
907 72 151
907 72 151
907 79 66
907 79 66
908 82 158
908 82 158
908 151 138
908 151 138
909 44 180
909 44 139
909 44 151
909 75 154
909 75 154
909 155 78
909 155 78
910 99 60
910 99 60
910 109 190
910 109 190
910 145 57
910 145 57
911 100 67
911 100 67
911 110 142
911 110 142
912 103 29
912 103 29
912 156 49
912 156 49
913 132 96
913 132 96
913 181 147
913 181 147
914 108 99
914 108 99
914 129 74
914 129 74
915 116 38
915 116 38
915 131 135
915 131 170
915 133 152
915 133 152
915 135 170
916 96 52
916 96 52
916 134 162
916 134 162
917 143 109
917 143 109
917 163 185
917 163 84
917 163 100
917 177 89
917 177 89
918 37 164
918 37 164
918 142 143
918 142 126
918 142 53
918 188 181
918 188 181
919 33 160
919 33 160
919 42 172
919 42 172
920 36 129
920 36 129
920 174 153
920 174 153
921 74 172
921 74 172
921 126 82
921 126 82
922 67 44
922 67 44
922 78 142
922 78 157
922 78 108
922 124 69
922 124 69
923 52 95
923 52 95
923 186 104
923 186 104
924 35 133
924 35 133
924 185 77
924 185 77
925 74 123
925 74 123
925 87 52
925 87 52
925 148 175
925 148 116
925 148 176
926 41 107
926 41 107
926 138 91
926 138 91
926 155 135
926 155 189
926 155 63
927 77 176
927 77 176
927 96 112
927 96 112
928 79 125
928 103 64
928 103 64
928 120 79
928 120 125
928 130 180
928 130 180
928 191 187
928 191 110
928 191 126
929 109 70
929 109 70
929 181 98
929 181 98
930 74 137
930 74 137
930 145 55
930 145 55
931 79 133
931 79 133
931 100 29
931 100 29
932 40 79
932 40 79
932 111 66
932 111 66
932 192 193
932 192 193
932 194 185
932 194 108
932 194 130
933 73 166
933 73 166
933 106 173
933 106 173
934 51 114
934 51 114
934 122 107
934 127 122
934 127 107
934 133 159
934 133 159
935 72 71
935 72 36
935 72 190
935 82 127
935 82 127
935 173 114
935 173 114
936 96 189
936 96 189
936 140 183
936 140 143
936 140 77
936 186 194
936 186 194
937 53 189
937 53 190
937 85 169
937 85 169
937 148 53
937 148 53
937 189 190
938 49 126
938 49 126
938 112 180
938 112 180
939 185 165
939 185 165
939 189 110
939 189 110
940 143 80
940 143 80
940 176 189
940 176 189
941 135 145
941 135 145
941 155 143
941 155 143
942 112 117
942 112 117
942 189 40
942 189 40
942 195 174
942 195 124
942 195 194
943 33 189
943 33 189
943 51 156
943 51 156
944 45 61
944 45 61
944 48 68
944 48 68
945 99 196
945 99 196
945 131 179
945 131 179
945 165 136
945 165 136
946 67 55
946 67 165
946 67 178
946 127 77
946 127 77
946 173 177
946 173 177
947 162 174
947 162 174
947 180 51
947 180 51
948 40 57
948 40 172
948 40 116
948 85 86
948 85 86
948 133 85
948 133 85
949 40 143
949 71 192
949 71 192
949 97 40
949 97 143
949 132 95
949 132 138
949 132 29
949 146 97
949 146 97
950 140 64
950 140 64
950 141 172
950 141 172
950 185 77
950 185 108
950 185 158
950 197 163
950 197 85
950 197 129
951 71 145
951 71 145
951 71 170
951 71 170
952 100 121
952 100 121
952 112 160
952 112 160
953 74 65
953 74 65
953 78 196
953 78 196
953 153 198
953 153 198
954 74 130
954 74 130
954 85 153
954 85 153
955 116 181
955 116 181
955 154 158
955 154 158
956 59 185
956 59 144
956 83 74
956 83 74
956 172 94
956 172 94
956 185 144
957 59 30
957 59 30
957 150 195
957 150 195
958 109 154
958 109 154
958 174 165
958 174 165
959 110 29
959 110 151
959 110 158
959 156 42
959 156 42
959 196 141
959 196 141
960 95 75
960 95 75
960 172 163
960 172 163
961 56 60
961 56 60
961 140 127
961 140 127
962 31 150
962 31 150
962 113 71
962 113 71
962 188 52
962 188 65
962 188 37
963 47 53
963 47 53
963 112 54
963 112 54
964 56 48
964 56 129
964 56 74
964 96 57
964 96 57
964 131 94
964 131 94
965 65 177
965 65 128
965 65 29
965 95 174
965 95 174
965 109 154
965 109 154
966 35 139
966 35 139
966 149 89
966 149 89
967 34 63
967 65 145
967 65 145
967 175 129
967 175 129
967 191 34
967 191 63
968 31 62
968 31 62
968 91 85
968 91 85
969 33 171
969 33 171
969 121 81
969 121 81
969 199 116
969 199 196
969 199 157
970 59 190
970 59 91
970 59 37
970 79 146
970 79 146
970 133 186
970 133 186
971 36 190
971 36 190
971 93 113
971 93 113
972 38 75
972 38 95
972 38 130
972 143 141
972 143 141
972 163 46
972 163 46
973 175 127
973 175 127
973 190 191
973 190 191
974 128 177
974 128 184
974 128 104
974 180 91
974 180 91
974 196 53
974 196 53
975 124 63
975 124 63
975 186 136
975 186 136
976 57 155
976 57 154
976 108 71
976 108 71
976 108 152
976 108 152
976 155 154
977 111 151
977 111 151
977 143 68
977 143 68
978 33 83
978 33 83
978 55 80
978 55 80
978 87 140
978 87 97
978 87 127
979 75 78
979 75 78
979 95 150
979 95 150
980 90 116
980 90 116
980 115 154
980 115 154
981 42 117
981 42 117
981 101 175
981 101 175
981 165 50
981 165 93
981 165 115
982 81 56
982 81 56
982 122 153
982 122 153
983 74 131
983 74 131
983 135 53
983 135 53
983 174 152
983 174 106
983 174 134
984 91 178
984 91 178
984 95 154
984 95 155
984 95 84
984 100 177
984 100 177
984 140 143
984 140 155
984 143 155
985 97 116
985 97 116
985 199 96
985 199 96
986 56 89
986 56 89
986 112 31
986 112 31
