3 3 4
3 3 4
4 3 4
4 3 4
4 3 6
4 3 6
4 4 3
4 4 3
5 3 4
5 3 6
5 3 6
5 3 6
5 3 8
5 3 8
5 4 6
5 4 6
5 4 6
6 3 4
6 3 4
6 3 6
6 3 8
6 6 8
6 6 8
6 6 8
6 8 6
6 8 3
6 8 4
6 9 10
6 9 10
7 3 4
7 3 6
7 3 8
7 4 3
7 4 6
7 4 6
7 4 6
7 4 6
7 4 8
7 9 10
7 9 10
7 11 3
7 11 8
7 12 13
7 12 4
7 12 6
7 14 8
7 14 10
7 14 9
8 8 15
8 8 15
8 8 14
8 8 14
8 8 10
8 8 9
8 8 11
8 10 11
8 13 10
8 13 11
8 14 13
8 14 13
8 16 13
8 16 12
8 16 14
9 6 8
9 6 8
9 8 19
9 8 19
9 11 14
9 11 13
9 11 16
9 15 14
9 15 14
9 15 14
9 15 16
9 16 14
9 17 18
9 17 18
9 20 3
9 20 4
9 20 15
10 9 12
10 9 12
10 10 19
10 10 20
10 15 16
10 15 13
10 15 9
10 17 13
10 17 13
10 19 20
10 21 22
10 21 22
11 3 4
11 12 22
11 12 22
11 20 3
11 20 4
11 20 4
11 20 4
11 21 12
11 21 20
11 21 14
11 23 10
11 23 19
11 23 4
12 8 20
12 12 23
12 12 23
12 15 8
12 15 20
12 21 20
12 21 16
12 21 16
12 21 9
12 21 18
12 24 4
12 24 19
12 24 20
13 11 6
13 12 6
13 12 11
13 13 22
13 13 23
13 13 14
13 15 17
13 15 17
13 24 17
13 24 17
13 25 24
13 25 19
13 25 17
14 3 25
14 4 15
14 4 14
14 4 10
14 9 3
14 9 25
14 13 25
14 13 25
14 13 21
14 13 21
14 26 11
14 26 3
14 26 4
15 8 6
15 8 10
15 8 10
15 8 9
15 19 29
15 19 29
15 21 4
15 21 4
15 22 8
15 22 10
15 26 8
15 26 8
15 27 28
15 27 28
15 30 18
15 30 13
15 30 9
16 4 30
16 4 30
16 22 28
16 22 29
16 26 4
16 26 9
16 26 23
16 28 27
16 28 27
16 28 29
16 31 4
16 31 8
16 31 13
17 3 27
17 3 27
17 10 19
17 10 14
17 14 19
17 17 13
17 17 12
17 17 14
17 21 27
17 21 27
18 8 29
18 8 29
18 10 8
18 15 29
18 15 29
18 17 22
18 17 27
18 17 8
18 27 10
18 27 8
18 32 33
18 32 4
18 32 31
18 34 19
18 34 27
18 34 12
19 6 13
19 14 28
19 14 28
19 26 6
19 26 13
19 30 35
19 30 35
19 30 3
19 30 3
19 32 25
19 32 26
19 32 16
20 3 26
20 3 26
20 3 13
20 12 13
20 12 19
20 12 20
20 23 15
20 23 15
20 25 38
20 25 38
20 29 3
20 29 13
20 36 37
20 36 37
21 12 4
21 12 4
21 14 21
21 28 4
21 28 4
21 33 14
21 33 21
21 36 23
21 36 29
21 36 11
21 39 40
21 39 40
22 10 19
22 10 19
22 16 15
22 16 15
22 19 3
22 19 15
22 19 37
22 20 31
22 22 20
22 22 31
22 41 42
22 41 42
23 12 29
23 12 29
23 13 27
23 24 17
23 24 37
23 24 23
23 28 27
23 28 13
23 33 3
23 33 3
24 9 33
24 9 33
24 9 38
24 20 9
24 20 38
24 29 17
24 29 17
24 34 27
24 34 13
24 34 24
24 43 28
24 43 24
24 43 26
25 9 10
25 9 37
25 10 37
25 11 21
25 11 21
25 21 32
25 21 32
25 32 30
25 32 22
25 32 37
25 44 42
25 44 9
25 44 32
26 12 40
26 12 15
26 27 9
26 27 9
26 32 37
26 32 37
26 33 3
26 33 8
26 33 15
26 40 15
26 43 47
26 43 47
26 45 46
26 45 46
26 48 38
26 48 37
26 48 43
27 12 4
27 12 28
27 19 13
27 19 13
27 27 36
27 27 36
27 28 4
27 29 10
27 29 39
27 29 33
28 4 8
28 4 8
28 13 10
28 13 10
28 41 21
28 45 41
28 45 21
28 46 14
28 46 37
28 46 34
29 12 51
29 15 8
29 15 47
29 15 48
29 17 36
29 17 28
29 36 49
29 36 49
29 36 28
29 42 41
29 42 41
29 44 10
29 44 10
29 50 12
29 50 51
29 52 25
29 52 26
29 52 30
30 10 22
30 10 24
30 12 13
30 12 40
30 12 45
30 22 24
30 38 25
30 38 25
30 39 17
30 39 17
31 30 47
31 30 27
31 33 27
31 33 27
31 33 10
31 33 24
31 33 26
31 38 47
31 38 47
31 47 27
32 6 12
32 6 26
32 6 20
32 44 10
32 44 10
32 49 15
32 49 15
32 49 43
32 52 49
32 52 43
32 53 13
32 53 34
32 53 18
33 3 4
33 3 38
33 4 38
33 9 30
33 9 30
33 44 48
33 44 48
33 50 46
33 50 36
33 50 28
33 54 55
33 54 15
33 54 24
33 56 8
33 56 27
33 56 48
34 6 38
34 6 38
34 12 39
34 12 46
34 14 57
34 14 57
34 16 53
34 16 30
34 16 36
34 21 42
34 21 42
34 39 46
35 8 13
35 8 55
35 13 55
35 31 58
35 31 58
35 32 25
35 32 26
35 32 23
35 34 36
35 34 36
35 42 12
35 42 12
36 4 52
36 4 52
36 14 59
36 14 59
36 32 37
36 32 35
36 35 37
36 42 31
36 42 22
36 42 45
36 46 36
36 46 36
37 14 38
37 14 38
37 37 19
37 37 10
37 37 20
37 43 58
37 43 34
37 48 60
37 48 60
37 55 37
37 55 37
37 58 34
37 61 11
37 61 36
37 61 29
38 3 21
38 3 21
38 10 51
38 10 32
38 42 43
38 42 43
38 51 32
38 52 27
38 52 23
38 52 13
39 9 6
39 28 9
39 28 6
39 34 42
39 34 42
39 46 26
39 46 15
39 46 54
39 52 11
39 52 11
39 62 63
39 62 63
39 64 61
39 64 57
39 64 43
40 11 58
40 11 58
40 31 46
40 38 62
40 38 24
40 38 56
40 40 31
40 40 46
40 42 37
40 42 37
40 65 66
40 65 66
40 67 24
40 67 8
40 67 44
41 11 57
41 19 13
41 19 65
41 19 21
41 28 54
41 28 54
41 45 37
41 45 37
41 63 11
41 63 57
42 6 8
42 6 12
42 8 12
42 36 37
42 36 37
42 36 50
42 36 4
42 36 15
42 57 6
42 57 6
42 68 69
42 68 69
42 70 4
42 70 29
42 70 21
43 9 36
43 9 36
43 28 74
43 31 37
43 31 28
43 35 34
43 35 34
43 37 28
43 46 19
43 46 59
43 46 3
43 71 72
43 71 72
43 73 28
43 73 74
44 12 32
44 12 32
44 15 61
44 15 61
44 36 26
44 44 36
44 44 26
44 52 68
44 52 55
44 52 56
44 72 77
44 72 77
44 75 76
44 75 76
45 35 41
45 35 53
45 40 62
45 40 62
45 41 53
45 49 38
45 49 38
45 58 4
45 58 72
45 58 66
45 78 11
45 78 36
45 78 17
46 8 53
46 17 8
46 17 53
46 43 76
46 43 76
46 55 21
46 55 21
46 59 9
46 59 29
46 59 14
46 69 79
46 69 79
47 8 9
47 8 9
47 34 79
47 34 79
47 62 63
47 62 30
47 62 36
47 62 39
47 62 79
47 63 30
48 30 32
48 30 32
48 30 61
48 30 63
48 59 22
48 59 47
48 59 30
48 61 58
48 61 58
48 61 63
48 80 81
48 80 81
48 82 58
48 82 29
48 82 3
49 41 18
49 53 28
49 53 28
49 54 70
49 54 70
49 73 41
49 73 18
49 75 50
49 75 42
49 75 6
49 83 73
49 83 32
49 83 52
50 11 84
50 11 84
50 13 63
50 13 63
50 20 26
50 20 26
50 26 44
50 26 17
50 26 50
50 39 62
50 39 32
50 62 32
51 37 36
51 37 36
51 45 77
51 45 32
51 61 64
51 61 64
51 63 40
51 63 13
51 63 33
51 77 32
52 26 20
52 26 20
52 48 26
52 48 26
52 67 56
52 67 47
52 67 74
52 71 39
52 78 71
52 78 39
53 3 12
53 3 49
53 12 49
53 14 67
53 14 67
53 31 33
53 60 19
53 60 19
53 83 63
53 83 18
53 83 35
53 85 86
53 85 87
53 86 87
53 88 31
53 88 33
53 89 30
53 89 59
53 89 62
54 11 49
54 11 49
54 26 6
54 26 37
54 37 6
54 70 68
54 70 33
54 70 36
54 72 58
54 72 58
55 23 55
55 23 55
55 27 44
55 45 37
55 45 65
55 45 75
55 68 27
55 68 44
55 69 45
55 69 45
55 90 66
55 90 49
55 90 51
56 30 11
56 39 4
56 39 67
56 39 41
56 43 35
56 43 35
56 62 88
56 62 88
56 64 30
56 64 11
56 91 26
56 91 15
56 91 48
57 20 71
57 20 91
57 53 59
57 53 59
57 54 16
57 54 10
57 54 82
57 71 91
57 74 13
57 74 13
58 9 64
58 9 54
58 51 76
58 51 76
58 64 54
58 69 25
58 69 25
58 70 6
58 70 51
58 70 75
59 17 69
59 17 10
59 23 92
59 23 92
59 57 27
59 57 14
59 57 45
59 69 10
59 81 38
59 81 38
59 89 18
59 89 18
59 93 47
59 93 75
59 93 61
60 9 76
60 35 36
60 35 36
60 44 75
60 44 29
60 44 56
60 88 9
60 88 76
60 89 96
60 89 96
60 90 52
60 90 52
60 94 95
60 94 95
60 97 79
60 97 52
60 97 65
61 22 23
61 39 9
61 39 9
61 79 93
61 79 93
61 87 22
61 87 23
61 90 88
61 90 69
61 90 48
61 98 99
61 98 99
61 100 71
61 100 90
61 100 54
62 11 23
62 11 23
62 28 51
62 28 51
62 37 20
62 37 63
62 37 56
62 37 98
62 37 15
62 63 56
62 101 102
62 101 97
62 101 68
62 103 59
62 103 30
62 103 68
63 9 49
63 51 32
63 51 32
63 56 53
63 56 15
63 56 68
63 71 9
63 71 49
63 97 48
63 97 48
63 104 55
63 104 10
63 104 34
64 6 27
64 6 27
64 9 49
64 9 49
64 21 49
64 63 21
64 63 49
64 87 53
64 100 74
64 100 23
64 100 96
64 105 106
64 105 106
64 107 87
64 107 53
64 108 99
64 108 100
64 108 70
65 49 89
65 49 89
65 56 69
65 56 34
65 58 78
65 58 92
65 58 51
65 69 34
65 79 109
65 79 109
65 94 105
65 94 105
66 22 41
66 22 14
66 41 14
66 54 19
66 54 19
66 68 31
66 68 31
66 101 25
66 101 26
66 101 88
67 23 20
67 23 20
67 25 26
67 25 26
67 38 77
67 67 38
67 67 77
67 107 45
67 107 104
67 107 46
67 110 111
67 110 112
67 110 55
67 113 66
67 113 37
67 113 82
68 44 68
68 44 68
68 52 47
68 52 47
68 54 62
68 83 24
68 83 6
68 83 81
68 112 54
68 112 62
68 114 115
68 114 116
68 114 117
69 65 24
69 65 24
69 95 63
69 95 63
69 96 16
69 111 93
69 111 86
69 111 64
69 113 96
69 113 16
69 118 119
69 118 3
69 118 84
70 17 107
70 39 17
70 39 107
70 44 100
70 44 100
70 44 109
70 44 89
70 44 85
70 55 101
70 55 101
70 120 121
70 120 121
70 122 58
70 122 19
70 122 117
71 16 82
71 16 82
71 44 23
71 72 116
71 72 57
71 72 76
71 101 123
71 101 123
71 104 64
71 104 64
71 111 44
71 111 23
71 124 125
71 124 27
71 124 103
71 126 70
71 126 10
71 126 49
72 46 28
72 46 28
72 66 67
72 66 67
72 79 24
72 79 12
72 79 20
72 123 124
72 123 60
72 124 60
72 127 128
72 127 128
73 58 106
73 58 106
73 61 34
73 80 81
73 80 72
73 80 53
73 92 61
73 92 34
73 111 19
73 111 19
73 129 92
73 129 116
73 129 12
74 17 51
74 17 9
74 17 66
74 19 104
74 19 104
74 30 40
74 39 59
74 39 59
74 60 30
74 60 40
74 70 130
74 70 130
74 131 40
74 131 18
74 131 33
75 3 41
75 3 41
75 27 18
75 27 18
75 32 132
75 32 132
75 36 34
75 64 123
75 64 66
75 64 102
75 97 36
75 97 34
75 133 66
75 133 112
75 133 45
76 27 35
76 40 27
76 40 35
76 54 53
76 54 53
76 67 65
76 67 65
76 124 125
76 124 105
76 124 64
77 11 31
77 11 65
77 11 76
77 19 33
77 19 129
77 33 129
77 78 21
77 78 21
77 102 133
77 102 133
78 34 66
78 34 99
78 66 99
78 95 52
78 95 52
78 120 19
78 120 19
78 120 118
78 120 25
78 120 73
79 23 129
79 25 133
79 25 133
79 36 27
79 36 63
79 36 68
79 40 31
79 40 31
79 45 23
79 45 129
79 134 135
79 134 135
80 27 98
80 27 15
80 27 110
80 63 41
80 63 41
80 74 19
80 74 19
80 101 48
80 110 101
80 110 48
80 136 137
80 136 137
81 14 72
81 61 14
81 61 72
81 76 64
81 76 69
81 76 118
81 78 93
81 78 93
81 134 118
81 134 118
81 138 139
81 138 139
81 140 23
81 140 45
81 140 32
82 4 6
82 4 25
82 4 16
82 60 29
82 60 29
82 82 114
82 82 114
82 103 116
82 103 93
82 116 93
83 10 49
83 10 12
83 10 44
83 30 129
83 30 129
83 67 71
83 85 67
83 85 71
83 108 66
83 108 66
83 141 142
83 141 142
84 36 84
84 36 84
84 72 86
84 74 9
84 74 9
84 126 24
84 126 35
84 126 88
84 136 72
84 136 86
84 143 12
84 143 128
84 143 103
85 33 143
85 35 80
85 35 80
85 36 33
85 36 143
85 125 86
85 125 86
85 128 125
85 128 98
85 128 13
85 144 145
85 144 145
85 146 25
85 146 55
85 146 11
86 68 69
86 68 77
86 69 77
86 78 135
86 78 135
86 91 133
86 91 127
86 91 121
86 118 50
86 118 50
86 147 66
86 147 20
86 147 122
87 31 128
87 31 128
87 37 40
87 47 37
87 47 40
87 64 35
87 64 26
87 64 121
87 75 21
87 75 21
87 148 134
87 148 21
87 148 53
88 8 151
88 8 151
88 19 73
88 19 73
88 60 4
88 60 4
88 68 142
88 86 88
88 86 92
88 86 94
88 143 68
88 143 142
88 149 150
88 149 150
88 152 153
88 152 81
88 152 117
89 19 38
89 27 19
89 27 38
89 103 118
89 103 118
89 123 149
89 123 11
89 123 100
89 150 50
89 150 50
89 154 62
89 154 57
89 154 75
90 44 8
90 57 28
90 57 28
90 81 52
90 81 138
90 81 119
90 97 44
90 97 8
90 109 151
90 109 151
91 22 24
91 22 24
91 95 132
91 95 46
91 100 120
91 100 120
91 103 61
91 103 139
91 103 153
91 132 46
91 155 156
91 155 156
92 31 86
92 31 44
92 31 22
92 54 124
92 54 124
92 77 119
92 77 33
92 97 118
92 97 118
92 119 33
92 157 49
92 157 6
92 157 132
93 23 79
93 54 160
93 54 160
93 126 55
93 126 55
93 128 73
93 128 73
93 132 23
93 132 79
93 134 71
93 134 138
93 134 80
93 158 159
93 158 159
93 161 162
93 161 113
93 161 58
94 35 131
94 35 54
94 53 52
94 53 52
94 113 20
94 113 20
94 131 54
94 162 18
94 162 124
94 162 99
95 27 93
95 34 27
95 34 93
95 40 62
95 40 136
95 40 18
95 66 99
95 66 99
95 111 11
95 111 11
95 163 21
95 163 72
95 163 155
96 53 122
96 53 121
96 53 30
96 56 19
96 56 19
96 97 144
96 97 152
96 138 46
96 138 46
96 144 152
96 164 165
96 164 165
96 166 52
96 166 33
96 166 101
97 44 101
97 44 79
97 65 109
97 65 109
97 80 91
97 80 91
97 98 167
97 98 167
97 101 79
97 126 159
97 126 19
97 126 124
97 168 169
97 168 170
97 169 170
98 38 100
98 38 124
98 42 59
98 42 59
98 100 124
98 119 122
98 119 122
98 120 86
98 120 97
98 120 105
98 171 172
98 171 172
99 30 116
99 30 85
99 30 94
99 53 25
99 53 25
99 75 173
99 75 173
99 81 8
99 81 8
99 116 140
99 116 118
99 131 155
99 140 118
99 174 131
99 174 155
99 175 129
99 175 73
99 175 59
100 26 155
100 26 155
100 27 176
100 27 176
100 34 170
100 34 170
100 117 34
100 117 108
100 117 134
100 118 135
100 120 118
100 120 135
101 32 47
101 34 177
101 34 177
101 82 139
101 82 150
101 82 51
101 130 104
101 130 104
101 139 38
101 139 38
101 149 32
101 149 47
101 178 90
101 178 64
101 178 132
102 31 77
102 31 77
102 59 131
102 59 131
102 145 111
102 153 145
102 153 111
102 177 103
102 177 109
102 177 92
102 179 180
102 179 181
102 179 93
102 182 183
102 182 6
102 182 85
103 32 51
103 32 51
103 59 76
103 59 76
103 150 166
103 150 130
103 154 97
103 154 69
103 154 85
103 166 130
104 91 130
104 91 170
104 110 115
104 110 92
104 110 162
104 128 82
104 128 82
104 130 170
104 150 163
104 150 163
104 184 77
104 184 68
104 184 52
105 12 131
105 12 131
105 17 78
105 17 126
105 78 126
105 131 145
105 131 145
105 184 111
105 184 10
105 184 39
105 185 186
105 185 62
105 185 109
105 187 113
105 187 184
105 187 129
106 15 56
106 15 26
106 15 126
106 45 73
106 45 38
106 54 3
106 73 38
106 112 111
106 112 111
106 123 6
106 123 6
106 154 190
106 154 190
106 188 189
106 188 189
106 191 54
106 191 3
106 192 179
106 192 136
106 192 124
107 19 40
107 19 95
107 19 74
107 47 71
107 47 71
107 70 121
107 105 150
107 105 150
107 173 70
107 173 121
107 193 194
107 193 194
107 195 196
107 195 58
107 195 31
107 197 124
107 197 52
107 197 18
108 11 55
108 11 20
108 46 167
108 46 167
108 55 20
108 128 58
108 128 137
108 128 84
108 163 125
108 163 125
108 178 140
108 198 178
108 198 140
108 199 130
108 199 164
108 199 142
109 29 141
109 29 175
109 59 68
109 59 74
109 59 141
109 93 200
109 93 200
109 141 175
109 173 185
109 173 185
109 189 195
109 189 195
109 201 16
109 201 197
109 201 46
110 87 91
110 87 109
110 91 109
110 136 131
110 136 131
110 148 21
110 148 70
110 148 133
110 175 123
110 175 123
110 185 202
110 185 202
110 203 188
110 203 190
110 203 112
111 11 61
111 11 61
111 11 61
111 11 99
111 11 39
111 29 96
111 70 46
111 70 46
111 140 29
111 140 96
112 47 98
112 50 157
112 50 157
112 101 158
112 104 45
112 104 45
112 112 152
112 112 34
112 112 31
112 176 47
112 176 98
112 204 101
112 204 158
113 47 179
113 47 179
113 84 71
113 101 84
113 101 71
113 140 188
113 140 109
113 140 18
113 157 13
113 157 13
113 205 206
113 205 206
113 207 186
113 207 91
113 207 103
114 22 177
114 22 50
114 52 82
114 52 154
114 52 71
114 97 120
114 97 120
114 172 11
114 172 11
114 177 50
115 39 204
115 52 200
115 52 176
115 52 201
115 128 64
115 128 64
115 168 139
115 168 139
115 183 39
115 183 204
115 190 189
115 208 190
115 208 189
116 16 18
116 16 18
116 18 155
116 18 188
116 127 112
116 127 157
116 127 179
116 131 44
116 131 44
116 155 188
116 209 210
116 209 49
116 209 39
116 211 98
116 211 191
116 211 74
117 58 97
117 58 204
117 97 204
117 154 128
117 154 128
117 164 196
117 164 196
117 196 140
117 196 136
117 196 185
117 212 213
117 212 213
117 214 62
117 214 114
117 214 76
118 23 66
118 23 66
118 72 207
118 72 207
118 118 210
118 118 35
118 141 68
118 141 165
118 141 10
118 210 35
118 215 202
118 215 190
118 215 164
119 71 72
119 71 144
119 93 96
119 93 96
119 112 22
119 112 22
119 144 72
119 145 216
119 145 216
119 151 190
119 151 36
119 151 163
120 35 126
120 54 35
120 54 126
120 56 207
120 56 207
120 96 3
120 96 3
120 166 217
120 166 217
120 168 212
120 168 147
120 168 15
121 33 113
121 33 113
121 74 121
121 74 109
121 74 189
121 104 215
121 170 104
121 170 215
121 175 180
121 175 180
122 8 178
122 23 218
122 23 218
122 53 191
122 53 117
122 53 36
122 123 8
122 123 178
122 131 53
122 131 53
122 144 220
122 201 31
122 201 31
122 219 144
122 219 220
122 221 151
122 221 33
122 221 201
123 75 200
123 75 200
123 78 129
123 98 78
123 98 129
123 120 113
123 120 52
123 120 116
123 165 97
123 165 97
123 222 75
123 222 104
123 222 51
124 25 177
124 25 177
124 63 96
124 63 220
124 96 220
124 128 27
124 128 33
124 128 145
124 170 48
124 170 48
124 223 224
124 223 224
124 225 226
124 225 145
124 225 80
124 227 204
124 227 99
124 227 176
125 46 140
125 46 140
125 139 228
125 139 228
125 152 159
125 152 214
125 159 214
125 163 45
125 163 45
125 206 140
125 206 216
125 206 20
125 229 140
125 229 13
125 229 226
126 4 223
126 4 223
126 88 122
126 88 123
126 122 123
126 122 151
126 122 101
126 122 130
126 152 120
126 152 120
127 24 225
127 24 186
127 24 141
127 42 148
127 42 148
127 69 164
127 187 183
127 187 183
127 224 69
127 224 164
127 230 122
127 230 35
127 230 128
128 32 35
128 32 128
128 128 35
128 143 61
128 143 37
128 143 9
128 209 9
128 209 9
128 226 154
128 226 154
128 231 232
128 231 232
129 19 42
129 69 29
129 69 186
129 69 131
129 132 233
129 132 233
129 142 19
129 142 42
129 194 88
129 194 88
129 210 152
129 210 152
129 234 217
129 234 153
129 234 94
130 62 230
130 65 233
130 65 233
130 72 143
130 72 143
130 142 19
130 142 204
130 142 96
130 203 235
130 203 235
130 227 62
130 227 230
131 43 93
131 75 162
131 75 162
131 118 231
131 118 231
131 168 43
131 168 93
131 226 78
131 226 126
131 226 185
131 236 237
131 236 237
131 238 30
131 238 114
131 238 53
132 22 97
132 22 97
132 31 181
132 31 116
132 44 194
132 44 174
132 44 134
132 70 108
132 70 108
132 181 116
132 239 240
132 239 240
133 6 4
133 96 6
133 96 4
133 113 244
133 149 155
133 149 228
133 149 163
133 196 98
133 196 98
133 204 92
133 204 92
133 241 242
133 241 242
133 243 113
133 243 244
133 245 48
133 245 47
133 245 89
134 76 208
134 76 208
134 84 168
134 84 124
134 106 47
134 106 47
134 113 82
134 113 87
134 113 34
134 168 124
134 246 247
134 246 188
134 246 129
134 248 62
134 248 85
134 248 20
135 28 250
135 43 204
135 43 204
135 135 90
135 167 135
135 167 90
135 189 88
135 189 81
135 189 196
135 231 105
135 231 105
135 249 28
135 249 250
135 251 252
135 251 253
135 251 178
136 21 43
136 21 43
136 39 114
136 173 228
136 173 228
136 247 39
136 247 114
136 251 228
136 251 167
136 251 6
137 47 230
137 47 230
137 59 160
137 59 226
137 71 120
137 71 120
137 160 226
137 182 256
137 182 256
137 250 252
137 250 56
137 250 90
137 254 255
137 254 255
138 86 38
138 86 38
138 153 197
138 153 197
138 213 61
138 213 172
138 213 48
138 243 252
138 243 236
138 252 236
139 16 137
139 77 172
139 77 17
139 77 65
139 81 84
139 81 84
139 142 170
139 142 170
139 200 16
139 200 137
139 257 258
139 257 258
140 18 178
140 41 18
140 41 178
140 94 188
140 94 188
140 174 20
140 174 20
140 201 43
140 201 124
140 201 160
140 259 260
140 259 260
140 261 6
140 261 224
140 261 36
141 15 187
141 99 146
141 99 127
141 99 134
141 144 263
141 150 121
141 150 121
141 183 15
141 183 187
141 209 251
141 209 251
141 262 144
141 262 263
141 264 241
141 264 79
141 264 109
142 96 186
142 96 186
142 101 26
142 179 168
142 179 168
142 218 101
142 218 26
142 228 6
142 228 120
142 228 236
142 265 266
142 265 266
142 267 111
142 267 208
142 267 239
143 104 159
143 104 244
143 104 13
143 157 103
143 157 103
143 164 242
143 164 177
143 179 52
143 179 52
143 237 268
143 237 268
143 242 177
144 231 49
144 249 182
144 249 182
144 254 231
144 254 49
144 262 84
144 262 108
144 262 231
144 267 74
144 267 74
144 269 130
144 269 114
144 269 32
145 44 196
145 44 140
145 44 71
145 126 140
145 126 140
145 206 260
145 206 86
145 234 91
145 234 91
145 260 86
145 270 156
145 270 123
145 270 69
146 26 139
146 26 243
146 26 169
146 38 132
146 38 132
146 41 56
146 41 186
146 56 186
146 132 221
146 132 221
147 15 244
147 15 244
147 36 190
147 36 190
147 58 245
147 58 87
147 64 183
147 64 215
147 64 133
147 229 271
147 229 271
147 245 87
147 272 17
147 272 58
147 272 57
148 26 183
148 26 183
148 30 56
148 95 257
148 95 209
148 95 212
148 105 273
148 105 273
148 116 172
148 116 172
148 201 30
148 201 56
149 44 201
149 44 201
149 116 40
149 116 259
149 116 241
149 126 242
149 126 242
149 128 246
149 128 62
149 165 276
149 165 276
149 246 62
149 274 275
149 274 275
150 132 183
150 132 71
150 132 264
150 173 185
150 173 178
150 178 174
150 178 174
150 178 185
150 221 237
150 221 237
150 277 40
150 277 73
150 277 213
151 50 250
151 50 250
151 51 100
151 80 3
151 80 184
151 80 100
151 95 278
151 95 278
151 107 16
151 107 16
151 140 51
151 140 100
152 23 160
152 62 279
152 62 279
152 89 167
152 89 167
152 148 26
152 148 100
152 148 113
152 155 44
152 155 44
152 228 23
152 228 160
153 59 273
153 59 273
153 104 116
153 104 91
153 116 91
153 117 259
153 117 159
153 117 179
153 120 242
153 120 242
153 196 280
153 196 280
153 281 95
153 281 201
153 281 158
154 8 101
154 8 227
154 9 282
154 9 282
154 18 62
154 18 62
154 91 212
154 91 140
154 91 264
154 101 227
154 125 185
154 125 185
154 283 163
154 283 69
154 283 173
155 27 158
155 29 252
155 29 252
155 187 79
155 187 79
155 205 117
155 205 230
155 205 278
155 255 27
155 255 158
155 284 285
155 284 285
156 67 169
156 67 169
156 84 253
156 84 253
156 96 95
156 139 208
156 139 167
156 139 192
156 218 96
156 218 95
156 286 26
156 286 40
156 286 260
157 13 107
157 13 107
157 29 78
157 29 78
157 55 104
157 202 8
157 202 38
157 202 103
157 286 55
157 286 104
158 15 78
158 15 78
158 48 226
158 53 74
158 53 74
158 88 48
158 88 226
158 209 62
158 209 43
158 209 249
158 287 288
158 287 288
159 96 200
159 96 120
159 100 164
159 100 189
159 100 49
159 182 289
159 182 289
159 200 120
159 228 74
159 228 74
159 273 66
159 273 66
159 290 291
159 290 292
159 290 4
160 10 293
160 10 293
160 25 211
160 25 211
160 69 176
160 69 78
160 69 226
160 211 8
160 211 8
160 267 163
160 290 267
160 290 163
160 294 127
160 294 288
160 294 290
161 56 285
161 56 195
161 120 275
161 120 275
161 146 229
161 146 74
161 146 60
161 233 257
161 233 257
161 285 195
161 295 296
161 295 296
162 38 41
162 38 222
162 40 27
162 40 165
162 40 64
162 41 222
162 185 208
162 185 208
162 212 106
162 212 106
162 297 298
162 297 298
162 299 89
162 299 15
162 299 104
163 23 237
163 23 22
163 23 125
163 61 125
163 78 52
163 78 52
163 114 273
163 114 166
163 242 96
163 242 96
163 273 166
163 300 301
163 300 301
163 302 61
163 302 125
163 303 233
163 303 223
163 303 186
164 21 262
164 21 262
164 31 132
164 31 187
164 31 174
164 101 289
164 101 289
164 174 250
164 174 207
164 250 207
164 304 305
164 304 258
164 304 191
165 16 173
165 16 245
165 16 196
165 112 191
165 127 112
165 127 191
165 277 209
165 277 209
165 301 263
165 301 263
165 306 91
165 306 93
165 306 6
166 33 206
166 33 206
166 95 266
166 95 262
166 153 117
166 153 117
166 266 262
166 301 298
166 301 163
166 301 31
166 307 198
166 307 179
166 307 240
167 28 202
167 28 125
167 28 182
167 86 97
167 86 97
167 178 186
167 178 119
167 186 119
167 189 130
167 189 130
167 308 38
167 308 216
167 308 276
168 16 226
168 16 226
168 37 309
168 37 309
168 79 241
168 175 35
168 175 35
168 218 182
168 218 248
168 218 235
168 283 79
168 283 241
168 310 298
168 310 40
168 310 245
169 23 148
169 137 293
169 137 194
169 137 147
169 162 55
169 162 55
169 165 155
169 165 155
169 200 23
169 200 148
169 311 82
169 311 259
169 311 100
170 50 54
170 50 260
170 50 304
170 162 298
170 162 236
170 258 237
170 258 237
170 298 236
170 308 103
170 308 103
171 125 89
171 141 219
171 148 220
171 148 220
171 254 20
171 254 20
171 263 125
171 263 89
171 305 71
171 305 109
171 305 186
171 312 141
171 312 219
171 313 186
171 313 227
171 313 173
172 38 127
172 38 225
172 127 225
172 149 217
172 149 217
172 284 289
172 284 170
172 284 217
172 309 169
172 309 169
172 314 315
172 314 315
172 316 317
172 316 234
172 316 287
173 80 300
173 80 300
173 153 32
173 193 84
173 193 84
173 252 119
173 252 144
173 252 72
173 264 153
173 264 32
173 318 105
173 318 231
173 318 201
174 38 319
174 38 319
174 50 12
174 79 165
174 79 165
174 141 298
174 141 282
174 141 118
174 185 64
174 185 64
174 238 50
174 238 12
174 320 199
174 320 109
174 320 223
175 85 321
175 85 321
175 120 317
175 120 317
175 137 164
175 137 139
175 164 139
175 242 14
175 242 14
175 299 12
175 299 37
175 299 92
176 4 142
176 4 263
176 4 316
176 122 301
176 122 161
176 135 302
176 135 302
176 301 161
176 303 252
176 303 252
176 322 297
176 322 88
176 322 266
177 14 169
177 71 28
177 71 28
177 74 113
177 74 12
177 74 107
177 94 14
177 94 169
177 179 235
177 179 235
178 49 96
178 49 100
178 49 106
178 59 323
178 59 323
178 164 224
178 164 91
178 168 193
178 168 193
178 207 232
178 207 232
178 224 91
178 324 39
178 324 245
178 324 322
179 26 207
179 26 141
179 26 261
179 80 281
179 80 305
179 245 231
179 245 231
179 281 305
179 312 226
179 312 226
180 47 142
180 47 142
180 167 210
180 167 152
180 167 42
180 180 194
180 219 37
180 219 37
180 237 180
180 237 194
181 127 320
181 127 320
181 163 183
181 163 26
181 163 97
181 239 218
181 274 265
181 274 265
181 294 239
181 294 218
182 118 59
182 118 215
182 118 253
182 148 269
182 148 269
182 156 196
182 156 196
182 196 305
182 196 80
182 305 80
182 325 294
182 325 316
182 325 227
183 90 251
183 90 251
183 173 185
183 173 309
183 182 244
183 182 244
183 280 225
183 280 236
183 280 245
183 309 185
183 326 327
183 326 327
184 99 88
184 99 143
184 99 265
184 211 256
184 211 230
184 227 195
184 227 195
184 256 230
184 291 177
184 291 177
184 328 329
184 328 273
184 328 179
184 330 232
184 330 240
184 330 35
185 32 284
185 67 90
185 67 90
185 197 139
185 197 101
185 197 314
185 221 32
185 221 284
185 259 63
185 259 63
185 331 76
185 331 50
185 331 61
186 57 125
186 57 125
186 78 89
186 83 78
186 83 89
186 188 303
186 188 303
186 271 3
186 271 24
186 271 168
186 294 332
186 294 332
187 45 121
187 45 110
187 121 110
187 160 267
187 160 267
187 167 224
187 167 224
187 234 136
187 234 287
187 234 66
187 333 4
187 333 301
187 333 95
188 59 28
188 59 28
188 124 224
188 231 124
188 231 224
188 311 190
188 311 190
188 328 153
188 328 109
188 328 58
188 334 192
188 334 282
188 334 120
189 16 15
189 16 36
189 16 323
189 41 13
189 41 13
189 47 70
189 47 99
189 70 99
189 186 240
189 186 240
189 235 337
189 235 337
189 335 336
189 335 336
189 338 29
189 338 94
189 338 77
190 33 172
190 143 37
190 143 37
190 174 120
190 174 120
190 191 323
190 191 268
190 191 66
190 232 33
190 232 172
190 339 42
190 339 32
190 339 214
191 213 216
191 213 110
191 216 110
191 222 342
191 222 342
191 228 266
191 228 266
191 300 146
191 300 146
191 320 34
191 320 136
191 320 156
191 340 341
191 340 341
191 343 210
191 343 44
191 343 195
192 12 64
192 12 64
192 95 210
192 99 139
192 99 63
192 99 277
192 191 346
192 191 346
192 296 95
192 296 210
192 300 206
192 300 206
192 344 345
192 344 345
193 68 268
193 68 268
193 69 279
193 69 126
193 74 3
193 74 44
193 74 127
193 154 81
193 154 81
193 279 126
193 347 38
193 347 296
193 347 143
194 125 28
194 125 28
194 214 51
194 214 317
194 214 133
194 228 161
194 298 228
194 298 161
194 335 222
194 335 222
195 36 215
195 181 230
195 181 230
195 186 350
195 186 350
195 217 36
195 217 215
195 254 317
195 254 72
195 254 74
195 267 23
195 267 23
195 348 349
195 348 349
195 351 207
195 351 98
195 351 10
196 73 106
196 73 106
196 85 352
196 85 352
196 123 325
196 124 123
196 124 325
196 276 69
196 276 69
196 318 136
196 318 163
196 318 53
197 126 114
197 126 262
197 126 132
197 183 3
197 183 3
197 265 275
197 317 265
197 317 275
197 351 282
197 351 282
197 353 354
197 353 354
197 355 247
197 355 134
197 355 341
198 8 325
198 8 325
198 101 226
198 115 101
198 115 226
198 283 167
198 283 328
198 283 220
198 334 212
198 334 212
198 356 262
198 356 67
198 356 297
199 87 182
199 87 182
199 214 147
199 214 121
199 214 223
199 296 41
199 307 133
199 307 133
199 318 296
199 318 41
199 357 358
199 357 358
200 131 155
200 168 298
200 168 298
200 182 359
200 182 359
200 219 164
200 219 164
200 280 131
200 280 155
200 301 246
200 301 249
200 301 282
200 360 82
200 360 57
200 360 297
201 178 350
201 178 13
201 189 359
201 189 359
201 275 268
201 275 268
201 350 13
201 353 154
201 353 183
201 353 50
201 361 362
201 361 37
201 361 337
201 363 22
201 363 221
201 363 114
202 38 187
202 38 187
202 95 46
202 95 46
202 206 166
202 206 307
202 206 197
202 236 99
202 304 236
202 304 99
202 364 365
202 364 365
202 366 367
202 366 289
202 366 350
202 368 145
202 368 60
202 368 135
203 77 256
203 77 256
203 150 296
203 206 150
203 206 296
203 329 13
203 329 13
203 368 77
203 368 9
203 368 162
203 369 323
203 369 285
203 369 27
204 129 326
204 131 358
204 131 358
204 287 129
204 287 326
204 288 24
204 288 306
204 288 47
204 347 194
204 347 194
204 370 169
204 370 120
204 370 25
205 137 167
205 137 211
205 167 211
205 207 295
205 207 205
205 207 310
205 273 124
205 273 124
205 346 240
205 346 240
206 19 371
206 19 371
206 24 297
206 24 297
206 32 243
206 32 120
206 32 98
206 34 296
206 34 110
206 76 31
206 76 31
206 296 110
206 372 321
206 372 72
206 372 101
207 152 321
207 156 353
207 156 26
207 156 275
207 202 147
207 202 147
207 343 152
207 343 321
207 370 18
207 370 18
208 71 274
208 71 274
208 85 65
208 85 65
208 94 374
208 123 146
208 123 221
208 146 221
208 222 332
208 222 220
208 222 83
208 373 94
208 373 374
209 113 303
209 113 114
209 151 315
209 151 315
209 298 264
209 298 264
209 303 114
209 373 22
209 373 267
209 373 307
209 375 376
209 375 376
209 377 378
209 377 379
209 378 379
210 78 184
210 78 190
210 184 190
210 222 207
210 222 207
210 306 380
210 306 380
210 338 339
210 338 339
210 351 206
210 351 347
210 351 177
210 381 24
210 381 235
210 381 213
211 79 20
211 79 20
211 224 147
211 224 294
211 224 241
211 269 344
211 269 128
211 279 3
211 279 3
211 344 128
212 35 336
212 35 119
212 35 167
212 49 171
212 49 171
212 103 243
212 103 243
212 274 282
212 274 226
212 282 226
212 382 383
212 382 383
212 384 189
212 384 346
212 384 19
213 148 232
213 148 201
213 176 173
213 176 173
213 232 201
213 271 387
213 271 387
213 291 175
213 291 175
213 325 305
213 325 231
213 325 74
213 385 386
213 385 386
213 388 25
213 388 35
213 388 329
214 96 151
214 171 96
214 171 151
214 180 362
214 180 110
214 180 187
214 275 389
214 275 389
214 327 47
214 327 47
214 386 196
214 386 196
214 390 249
214 390 153
214 390 225
215 110 309
215 110 31
215 279 16
215 279 16
215 309 31
215 338 391
215 338 391
215 357 198
215 357 198
215 362 164
215 362 246
215 362 113
215 392 317
215 392 334
215 392 246
216 24 82
216 24 246
216 82 246
216 193 157
216 193 44
216 193 76
216 246 76
216 246 76
216 370 363
216 370 363
216 393 394
216 393 394
216 395 303
216 395 391
216 395 376
217 52 250
217 52 250
217 57 344
217 57 88
217 169 248
217 169 387
217 169 385
217 304 22
217 304 22
217 344 88
217 396 371
217 396 205
217 396 82
218 4 276
218 4 381
218 4 330
218 80 373
218 80 205
218 187 121
218 187 121
218 363 342
218 363 342
218 373 205
218 397 69
218 397 155
218 397 127
219 9 104
219 9 104
219 114 249
219 114 201
219 166 81
219 166 337
219 166 229
219 249 201
219 250 317
219 250 317
219 398 138
219 398 246
219 398 171
220 31 143
220 31 143
220 82 391
220 82 96
220 116 8
220 116 106
220 116 9
220 149 36
220 149 36
220 226 399
220 226 399
220 391 96
221 75 193
221 75 245
221 75 85
221 102 178
221 102 178
221 104 361
221 104 361
221 197 331
221 310 197
221 310 331
222 4 158
222 4 177
222 4 216
222 25 401
222 71 204
222 71 323
222 204 323
222 264 217
222 264 217
222 307 12
222 307 12
222 400 25
222 400 401
223 79 286
223 145 330
223 145 194
223 145 122
223 169 293
223 169 293
223 197 38
223 197 38
223 285 79
223 285 286
223 402 403
223 402 403
223 404 41
223 404 367
223 404 354
224 71 118
224 71 119
224 71 401
224 330 248
224 340 330
224 340 248
224 364 14
224 364 14
224 393 129
224 393 129
224 405 174
224 405 143
224 405 259
225 86 173
225 86 173
225 167 406
225 167 406
225 228 353
225 228 242
225 350 70
225 350 70
225 353 242
225 381 235
225 381 65
225 381 167
225 407 408
225 407 184
225 407 42
225 409 279
225 409 246
225 409 219
226 40 275
226 40 275
226 46 187
226 46 156
226 46 35
226 177 299
226 177 331
226 182 118
226 182 118
226 299 331
226 410 411
226 410 335
226 410 246
226 412 188
226 412 150
226 412 116
227 63 23
227 221 260
227 221 369
227 221 269
227 260 219
227 260 219
227 282 177
227 282 177
227 283 63
227 283 23
227 413 347
227 413 63
227 413 33
228 37 282
228 37 282
228 173 19
228 173 19
228 271 74
228 319 155
228 319 265
228 319 276
228 330 271
228 330 74
229 187 291
229 187 291
229 227 262
229 227 262
229 330 151
229 330 386
229 330 10
229 344 378
229 344 274
229 378 274
229 414 185
229 414 152
229 414 336
230 74 262
230 74 137
230 110 106
230 110 106
230 134 347
230 134 347
230 210 415
230 210 415
230 256 229
230 256 261
230 256 231
230 262 137
231 10 163
231 49 23
231 49 287
231 49 133
231 239 10
231 239 163
231 263 93
231 263 93
231 282 106
231 282 106
231 416 178
231 416 264
231 416 319
232 151 154
232 151 299
232 154 299
232 164 91
232 164 357
232 164 193
232 327 328
232 327 328
232 352 278
232 352 278
233 38 389
233 38 389
233 117 12
233 117 12
233 161 128
233 244 161
233 244 128
233 400 173
233 400 371
233 400 243
233 417 418
233 417 162
233 417 333
233 419 257
233 419 337
233 419 165
234 104 45
234 104 45
234 139 3
234 139 3
234 176 284
234 176 375
234 266 276
234 266 407
234 266 288
234 284 375
235 3 72
235 3 72
235 127 10
235 296 232
235 296 295
235 296 121
235 343 404
235 371 271
235 371 271
235 414 127
235 414 10
235 420 343
235 420 404
235 421 422
235 421 423
235 421 327
235 424 425
235 424 285
235 424 130
236 127 216
236 127 277
236 127 390
236 273 314
236 273 314
236 279 398
236 279 398
236 347 313
236 379 347
236 379 313
237 121 178
237 121 178
237 157 182
237 238 285
237 238 285
237 241 157
237 241 182
237 343 17
237 343 18
237 343 123
237 350 426
237 350 426
237 427 428
237 427 429
237 427 360
238 20 120
238 20 142
238 20 146
238 55 262
238 55 262
238 109 320
238 109 397
238 124 432
238 124 432
238 196 122
238 196 122
238 320 397
238 430 431
238 430 431
238 433 434
238 433 139
238 433 30
238 435 27
238 435 318
238 435 164
239 43 284
239 43 10
239 43 302
239 81 153
239 81 153
239 119 390
239 119 390
239 157 261
239 157 248
239 261 248
239 391 326
239 436 391
239 436 326
239 437 149
239 437 11
239 437 382
240 47 392
240 47 203
240 53 402
240 53 402
240 251 410
240 251 272
240 251 135
240 392 203
240 407 85
240 407 85
240 438 439
240 438 439
240 440 126
240 440 209
240 440 349
241 194 136
241 194 136
241 201 170
241 205 208
241 205 103
241 205 437
241 348 201
241 348 170
241 377 322
241 377 322
241 441 226
241 441 307
241 441 368
242 23 241
242 23 241
242 104 262
242 135 104
242 135 262
242 150 356
242 150 432
242 150 183
242 266 442
242 266 442
242 276 20
242 276 20
242 443 370
242 443 184
242 443 291
243 47 56
243 47 39
243 56 39
243 57 14
243 57 164
243 57 246
243 234 169
243 234 169
243 414 287
243 414 287
243 444 232
243 444 401
243 444 131
244 211 439
244 211 89
244 312 87
244 312 87
244 369 46
244 369 275
244 369 70
244 384 227
244 384 227
244 439 89
244 445 446
244 445 446
244 447 334
244 447 143
244 447 164
245 18 32
245 18 32
245 111 213
245 111 261
245 134 420
245 134 420
245 213 261
245 259 179
245 259 413
245 259 195
246 6 200
246 6 78
246 6 346
246 54 50
246 54 50
246 158 136
246 158 136
246 235 313
246 235 170
246 313 170
246 448 229
246 448 58
246 448 299
247 14 59
247 14 59
247 175 141
247 208 175
247 208 141
247 249 192
247 249 192
247 309 263
247 309 33
247 309 178
248 55 24
248 55 125
248 55 52
248 96 29
248 202 303
248 202 303
248 216 94
248 216 94
248 402 96
248 402 29
248 449 450
248 449 450
248 451 138
248 451 101
248 451 228
249 86 427
249 86 427
249 118 133
249 118 133
249 147 287
249 147 288
249 192 347
249 192 236
249 192 261
249 287 288
250 138 382
250 138 214
250 138 254
250 138 77
250 138 115
250 207 158
250 207 158
250 382 214
250 421 109
250 421 109
250 452 226
250 452 355
250 452 199
251 33 3
251 33 11
251 33 270
251 103 365
251 103 365
251 200 398
251 200 347
251 374 401
251 374 401
251 398 347
251 453 454
251 453 454
251 455 456
251 455 193
251 455 265
251 457 196
251 457 165
251 457 138
252 57 312
252 57 312
252 131 334
252 131 12
252 232 265
252 232 388
252 232 450
252 278 458
252 278 458
252 279 168
252 279 168
252 334 12
252 459 231
252 459 131
252 459 257
253 40 192
253 40 192
253 242 22
253 242 22
253 280 81
253 280 90
253 280 108
253 315 383
253 315 121
253 383 121
254 161 204
254 199 449
254 199 74
254 199 419
254 202 161
254 202 204
254 369 228
254 369 228
254 432 182
254 432 182
254 460 396
254 460 153
254 460 345
255 59 14
255 84 94
255 84 94
255 123 436
255 123 436
255 246 188
255 246 349
255 246 125
255 271 59
255 271 14
255 461 462
255 461 462
256 125 213
256 125 347
256 127 336
256 127 336
256 213 347
256 265 245
256 265 68
256 265 63
256 286 219
256 286 219
256 463 267
256 463 346
256 463 34
257 27 377
257 274 105
257 274 105
257 286 27
257 286 377
257 398 297
257 398 297
257 459 99
257 459 242
257 459 358
257 464 448
257 464 348
257 464 188
258 215 184
258 251 467
258 251 467
258 291 215
258 291 184
258 310 298
258 310 298
258 423 282
258 423 282
258 429 437
258 429 34
258 429 82
258 465 466
258 465 466
258 468 469
258 468 247
258 468 130
258 470 283
258 470 417
258 470 229
259 69 18
259 69 18
259 130 375
259 211 243
259 211 243
259 309 310
259 309 38
259 309 201
259 401 130
259 401 375
260 89 460
260 89 460
260 124 275
260 124 163
260 175 99
260 175 454
260 175 371
260 275 163
260 363 89
260 363 89
260 471 472
260 471 472
261 45 335
261 45 404
261 196 220
261 196 220
261 307 120
261 307 50
261 307 349
261 335 404
261 441 6
261 441 6
261 473 66
261 473 117
261 473 416
262 51 270
262 76 257
262 76 257
262 304 155
262 304 310
262 304 403
262 310 51
262 310 270
262 469 42
262 469 42
263 99 476
263 99 476
263 108 351
263 108 351
263 150 464
263 150 48
263 374 398
263 374 144
263 374 202
263 415 265
263 415 265
263 464 48
263 474 475
263 474 475
263 477 77
263 477 389
263 477 18
264 12 281
264 12 326
264 12 63
264 77 146
264 77 146
264 209 271
264 230 243
264 230 243
264 402 209
264 402 271
264 478 355
264 478 27
264 478 387
265 135 335
265 135 123
265 285 333
265 285 333
265 335 123
265 415 292
265 415 18
265 415 59
265 420 424
265 420 424
266 38 388
266 38 388
266 198 384
266 265 306
266 265 66
266 265 73
266 278 385
266 278 385
266 465 198
266 465 384
266 479 374
266 479 122
266 479 234
267 49 357
267 49 357
267 85 128
267 85 243
267 128 243
267 168 50
267 168 52
267 168 342
267 469 470
267 469 470
268 170 70
268 172 470
268 204 290
268 204 16
268 204 254
268 292 220
268 292 220
268 303 34
268 303 34
268 392 170
268 392 70
268 480 172
268 480 470
269 64 379
269 64 379
269 100 19
269 100 165
269 100 412
269 127 293
269 127 366
269 293 366
269 470 276
269 470 276
270 48 252
270 48 244
270 48 311
270 59 149
270 196 120
270 196 120
270 224 432
270 224 432
270 363 59
270 363 149
270 481 460
270 481 389
270 481 133
271 120 234
271 120 282
271 234 282
271 249 215
271 249 420
271 249 227
271 302 482
271 302 482
271 305 142
271 305 142
271 435 321
271 435 321
272 272 44
272 272 44
272 298 358
272 298 358
272 362 440
272 362 413
272 363 483
272 363 483
272 427 337
272 427 396
272 427 111
272 440 413
272 484 485
272 484 73
272 484 107
272 486 408
272 486 71
272 486 134
273 94 319
273 94 319
273 121 213
273 121 433
273 121 392
273 235 481
273 357 419
273 357 419
273 445 235
273 445 481
274 87 412
274 87 412
274 87 256
274 87 256
274 153 198
274 153 373
274 198 373
274 379 141
274 379 217
274 379 194
274 487 488
274 487 488
274 489 153
274 489 176
274 489 223
275 25 15
275 113 25
275 113 15
275 235 422
275 235 422
275 246 91
275 246 91
275 420 305
275 420 290
275 420 83
276 51 56
276 51 101
276 56 101
276 134 233
276 134 464
276 134 87
276 366 490
276 366 490
276 412 47
276 412 47
276 485 90
276 485 90
276 491 236
276 491 192
276 491 130
277 112 492
277 112 492
277 198 414
277 198 414
277 254 277
277 254 168
277 254 478
277 299 479
277 398 353
277 398 353
277 449 299
277 449 479
278 67 372
278 82 13
278 82 13
278 121 67
278 121 372
278 172 165
278 172 165
278 186 148
278 186 326
278 186 332
278 408 493
278 408 493
279 60 429
279 306 92
279 306 92
279 356 60
279 356 429
279 362 255
279 362 255
279 454 193
279 454 424
279 454 18
279 494 197
279 494 199
279 494 257
280 58 230
280 58 230
280 79 355
280 79 355
280 211 214
280 211 168
280 214 168
280 248 495
280 248 495
280 347 215
280 347 409
280 347 418
281 182 371
281 182 376
281 286 464
281 286 464
281 314 498
281 314 498
281 332 3
281 332 3
281 371 376
281 420 290
281 420 148
281 420 273
281 496 497
281 496 497
282 17 188
282 143 250
282 143 250
282 231 298
282 231 288
282 231 316
282 384 499
282 384 499
282 389 113
282 389 113
282 495 17
282 495 188
282 500 196
282 500 167
282 500 75
283 49 450
283 49 450
283 231 343
283 231 484
283 343 484
283 358 135
283 358 492
283 358 487
283 374 484
283 374 484
283 501 471
283 501 14
283 501 165
284 56 58
284 129 56
284 129 58
284 327 212
284 327 83
284 327 86
284 451 101
284 451 101
284 467 472
284 467 472
284 502 503
284 502 503
285 10 262
285 10 262
285 24 351
285 24 488
285 24 362
285 86 188
285 86 20
285 188 20
285 503 209
285 503 209
285 504 505
285 504 505
286 53 391
286 53 80
286 61 508
286 61 508
286 190 300
286 190 414
286 190 180
286 237 436
286 237 436
286 284 495
286 284 495
286 391 80
286 506 507
286 506 507
287 32 100
287 32 300
287 32 189
287 224 322
287 224 322
287 280 396
287 280 396
287 405 492
287 405 141
287 492 141
287 509 510
287 509 510
287 511 31
287 511 368
287 511 289
288 32 442
288 32 505
288 32 235
288 59 212
288 59 212
288 113 271
288 113 42
288 271 42
288 411 492
288 411 492
288 512 489
288 512 167
288 512 121
289 40 226
289 186 279
289 186 279
289 279 230
289 279 230
289 389 513
289 389 513
289 389 40
289 389 226
289 511 508
289 511 266
289 511 460
290 60 78
290 60 78
290 77 313
290 77 210
290 77 388
290 268 484
290 268 211
290 355 494
290 355 494
290 383 514
290 383 514
290 484 211
290 515 184
290 515 439
290 515 193
291 302 172
291 302 172
291 383 376
291 383 143
291 383 74
291 385 404
291 385 404
291 449 261
291 500 449
291 500 261
291 516 52
291 516 496
291 516 97
292 127 216
292 127 437
292 216 437
292 247 517
292 247 517
292 314 42
292 314 42
292 393 101
292 393 101
292 445 188
292 445 185
292 445 500
293 61 366
293 61 363
293 61 70
293 143 512
293 143 512
293 230 476
293 333 230
293 333 476
293 516 240
293 516 240
293 518 519
293 518 519
294 36 66
294 36 457
294 36 269
294 40 522
294 40 522
294 78 267
294 78 267
294 146 462
294 146 498
294 217 77
294 217 77
294 462 498
294 520 521
294 520 521
294 523 524
294 523 525
294 524 525
294 526 371
294 526 97
294 526 437
295 67 57
295 67 57
295 73 54
295 73 54
295 162 368
295 378 526
295 378 474
295 378 450
295 491 162
295 491 368
295 527 528
295 527 528
295 529 476
295 529 328
295 529 292
296 86 532
296 86 532
296 159 311
296 159 442
296 311 442
296 357 128
296 357 177
296 357 377
296 484 267
296 484 267
296 521 57
296 521 57
296 530 531
296 530 531
297 143 292
297 143 292
297 243 533
297 243 533
297 416 437
297 416 131
297 421 11
297 421 11
297 437 131
297 526 498
297 526 43
297 526 112
298 268 40
298 268 40
298 350 106
298 370 350
298 370 106
298 461 94
298 461 94
298 504 519
298 504 449
298 504 203
299 50 519
299 50 519
299 261 282
299 261 309
299 261 116
299 301 475
299 406 101
299 406 101
299 497 301
299 497 475
299 534 496
299 534 137
299 534 470
300 51 40
300 51 40
300 151 28
300 151 400
300 151 349
300 284 288
300 425 505
300 425 505
300 427 284
300 427 288
301 19 380
301 78 185
301 78 185
301 199 535
301 199 535
301 273 19
301 273 380
301 365 287
301 365 240
301 365 69
301 530 286
301 530 286
302 157 106
302 157 106
302 186 312
302 186 245
302 186 217
302 304 412
302 305 422
302 305 422
302 474 304
302 474 412
302 536 38
302 536 346
302 536 197
303 23 401
303 125 23
303 125 401
303 340 184
303 340 59
303 340 174
303 420 189
303 420 189
303 468 290
303 468 290
303 537 431
303 537 153
303 537 142
304 22 346
304 22 346
304 57 346
304 57 346
304 109 149
304 109 507
304 109 103
304 197 508
304 197 440
304 508 440
304 538 539
304 538 539
304 540 508
304 540 154
304 540 392
305 114 268
305 175 114
305 175 268
305 184 324
305 184 324
305 414 395
305 414 198
305 414 44
305 496 168
305 496 168
306 360 421
306 390 360
306 390 421
306 400 279
306 400 279
306 403 304
306 403 152
306 403 509
306 437 408
306 437 408
307 74 215
307 74 215
307 96 113
307 96 309
307 96 60
307 170 110
307 170 110
307 231 310
307 231 499
307 310 499
307 541 542
307 541 542
307 543 313
307 543 529
307 543 440
308 156 278
308 156 134
308 278 134
308 347 70
308 347 70
308 379 540
308 379 402
308 379 399
308 453 163
308 453 163
308 544 545
308 544 545
308 546 258
308 546 23
308 546 171
309 253 167
309 253 167
309 271 369
309 276 309
309 276 350
309 276 96
309 449 492
309 449 492
309 482 271
309 482 369
309 547 178
309 547 176
309 547 384
310 32 453
310 32 200
310 193 455
310 193 455
310 201 196
310 201 196
310 248 363
310 248 43
310 248 8
310 453 200
310 548 512
310 548 384
310 548 110
311 161 331
311 161 331
311 264 391
311 264 391
311 313 525
311 313 260
311 450 287
311 450 369
311 450 345
311 525 260
311 549 228
311 549 95
311 549 229
312 61 167
312 61 167
312 111 457
312 111 510
312 111 331
312 216 355
312 216 355
312 525 529
312 525 298
312 529 298
312 550 551
312 550 551
312 552 354
312 552 424
312 552 65
313 158 144
313 158 510
313 158 390
313 356 518
313 410 356
313 410 518
313 444 222
313 444 222
313 494 46
313 494 46
313 553 69
313 553 180
313 553 173
314 154 442
314 154 442
314 241 289
314 241 289
314 328 490
314 328 507
314 328 11
314 406 516
314 406 156
314 516 156
315 32 485
315 32 485
315 267 307
315 267 308
315 307 308
315 316 329
315 316 329
315 453 521
315 453 52
315 453 305
315 554 555
315 554 555
315 556 335
315 556 136
315 556 459
316 35 102
316 35 102
316 37 81
316 37 81
316 248 553
316 248 42
316 248 490
316 454 481
316 454 364
316 481 364
316 557 536
316 557 168
316 557 280
317 20 560
317 20 560
317 90 93
317 90 477
317 90 38
317 93 64
317 195 325
317 195 187
317 325 187
317 475 507
317 475 507
317 543 62
317 543 62
317 558 559
317 558 559
317 561 93
317 561 64
317 562 524
317 562 274
317 562 314
318 243 222
318 243 222
318 273 563
318 273 563
318 287 405
318 293 287
318 293 405
318 437 434
318 437 434
318 498 489
318 498 517
318 498 4
318 564 565
318 564 339
318 564 100
319 33 169
319 33 169
319 276 477
319 276 477
319 332 376
319 332 261
319 332 29
319 395 465
319 395 456
319 465 456
319 566 567
319 566 567
319 568 114
319 568 527
319 568 365
320 99 199
320 99 199
320 156 242
320 156 242
320 284 482
320 284 544
320 284 489
320 445 136
320 503 445
320 503 136
321 77 321
321 77 321
321 117 493
321 117 26
321 117 407
321 133 195
321 133 564
321 195 564
321 390 421
321 390 421
321 569 176
321 569 171
321 569 265
322 46 557
322 81 182
322 81 182
322 168 93
322 168 488
322 168 447
322 216 543
322 216 543
322 340 46
322 340 557
322 570 571
322 570 571
322 572 573
322 572 574
322 572 575
322 576 577
322 576 558
322 576 521
322 578 89
322 578 359
322 578 470
323 165 221
323 165 176
323 165 32
323 217 245
323 217 245
323 365 532
323 365 288
323 474 184
323 474 184
323 532 288
323 579 580
323 579 580
323 581 582
323 581 307
323 581 212
323 583 343
323 583 516
323 583 176
324 145 474
324 173 525
324 173 525
324 176 145
324 176 474
324 195 69
324 195 104
324 195 50
324 282 450
324 282 450
324 584 585
324 584 585
324 586 587
324 586 588
324 586 159
324 589 237
324 589 150
324 589 522
325 4 147
325 4 147
325 228 250
325 229 402
325 229 402
325 493 590
325 493 590
325 511 228
325 511 250
325 548 327
325 548 586
325 548 527
325 591 519
325 591 168
325 591 359
326 47 492
326 47 73
326 47 226
326 52 580
326 470 594
326 470 594
326 489 297
326 489 297
326 554 298
326 554 298
326 571 52
326 571 580
326 592 593
326 592 593
326 595 596
326 595 550
326 595 253
326 597 83
326 597 478
326 597 420
327 9 131
327 9 448
327 9 556
327 254 49
327 254 49
327 355 483
327 452 581
327 452 581
327 519 355
327 519 483
327 591 598
327 591 598
328 97 508
328 97 208
328 187 199
328 187 199
328 404 31
328 404 245
328 404 539
328 423 412
328 423 412
328 495 601
328 495 601
328 508 208
328 599 600
328 599 600
329 224 395
329 224 476
329 380 602
329 380 602
329 395 476
329 442 551
329 442 551
329 453 554
329 453 515
329 453 210
329 551 525
329 551 525
330 64 456
330 64 87
330 64 468
330 264 343
330 264 343
330 353 445
330 353 78
330 445 78
330 512 375
330 512 375
330 603 492
330 603 593
330 603 541
331 46 339
331 46 339
331 132 133
331 132 133
331 244 128
331 244 286
331 244 365
331 261 529
331 347 261
331 347 529
331 604 605
331 604 605
332 182 32
332 221 194
332 221 354
332 221 502
332 248 566
332 248 566
332 558 150
332 558 150
332 604 182
332 604 32
332 606 370
332 606 21
332 606 405
333 82 607
333 82 607
333 259 98
333 259 98
333 270 127
333 270 182
333 270 589
333 296 51
333 296 51
333 559 261
333 582 559
333 582 261
333 608 306
333 608 488
333 608 360
334 20 587
334 68 299
334 68 299
334 317 237
334 317 500
334 317 376
334 504 571
334 504 571
334 549 20
334 549 587
334 609 610
334 609 610
334 611 612
334 611 278
334 611 212
335 104 356
335 104 356
335 179 341
335 179 592
335 179 522
335 450 559
335 450 255
335 559 255
335 567 467
335 567 467
336 109 87
336 172 315
336 172 414
336 172 331
336 302 490
336 302 491
336 472 560
336 472 560
336 490 491
336 507 80
336 507 80
336 613 109
336 613 87
336 614 434
336 614 304
336 614 326
337 74 42
337 74 42
337 141 397
337 391 13
337 417 141
337 417 397
337 434 548
337 434 59
337 434 104
337 474 524
337 474 524
337 615 616
337 615 616
337 617 391
337 617 13
338 129 221
338 211 129
338 211 221
338 239 303
338 239 303
338 269 295
338 269 331
338 269 58
338 427 577
338 427 577
338 618 582
338 618 579
338 618 313
339 6 271
339 13 293
339 13 501
339 13 398
339 122 195
339 122 195
339 240 222
339 240 222
339 445 6
339 445 271
339 619 620
339 619 620
339 621 439
339 621 18
339 621 97
340 60 474
340 60 474
340 302 198
340 302 558
340 302 354
340 336 389
340 336 401
340 389 401
340 608 352
340 608 352
340 622 623
340 622 623
340 624 566
340 624 110
340 624 296
341 105 174
341 105 39
341 153 128
341 153 122
341 153 31
341 174 39
341 176 527
341 176 527
341 283 453
341 617 242
341 617 242
341 625 283
341 625 453
341 626 320
341 626 455
341 626 588
342 274 389
342 274 431
342 274 415
342 368 318
342 503 286
342 503 286
342 568 474
342 568 474
342 613 368
342 613 318
342 627 553
342 627 297
342 627 461
343 90 321
343 90 321
343 100 602
343 100 82
343 179 568
343 179 568
343 427 491
343 427 141
343 427 71
343 602 82
343 628 629
343 628 629
343 630 358
343 630 170
343 630 432
344 63 167
344 63 167
344 160 631
344 160 631
344 305 446
344 305 474
344 305 177
344 370 79
344 370 79
344 415 122
344 589 415
344 589 122
344 632 500
344 632 307
344 632 193
345 47 163
345 47 163
345 173 158
345 223 173
345 223 158
345 456 631
345 456 631
345 506 485
345 506 455
345 506 43
346 100 561
346 100 228
346 100 113
346 247 378
346 247 378
346 303 234
346 515 303
346 515 234
346 573 538
346 573 538
346 633 634
346 633 634
347 165 604
347 165 598
347 165 509
347 198 251
347 198 521
347 251 521
347 438 583
347 438 583
347 448 236
347 448 236
347 635 636
347 635 636
347 637 482
347 637 340
347 637 290
348 118 420
348 118 220
348 254 394
348 254 394
348 348 400
348 348 114
348 348 517
348 420 220
348 491 533
348 491 533
348 638 639
348 638 311
348 638 421
348 640 41
348 640 153
348 640 60
349 305 446
349 305 236
349 305 81
349 312 578
349 312 578
349 325 451
349 325 153
349 383 248
349 383 248
349 451 153
349 641 64
349 641 198
349 641 152
350 115 141
350 115 141
350 275 596
350 275 465
350 340 460
350 340 622
350 340 121
350 596 465
350 637 501
350 637 501
350 642 643
350 642 643
350 644 329
350 644 431
350 644 347
351 99 301
351 99 301
351 139 388
351 139 388
351 353 465
351 353 168
351 465 168
351 508 389
351 508 274
351 508 618
352 219 201
352 219 201
352 242 510
352 242 33
352 242 16
352 296 579
352 296 590
352 579 590
352 589 12
352 589 12
352 645 223
352 645 155
352 645 491
353 77 145
353 77 145
353 147 648
353 147 648
353 173 228
353 320 591
353 320 527
353 320 486
353 495 359
353 495 359
353 506 173
353 506 228
353 646 647
353 646 647
353 649 601
353 649 281
353 649 301
354 88 609
354 88 609
354 140 97
354 277 501
354 277 584
354 277 104
354 401 140
354 401 97
354 490 291
354 490 291
354 650 632
354 650 222
354 650 502
355 96 552
355 96 626
355 135 466
355 135 466
355 244 317
355 244 53
355 244 33
355 246 179
355 246 179
355 552 626
355 651 372
355 651 163
355 651 570
356 127 401
356 204 207
356 204 207
356 503 410
356 503 410
356 525 652
356 525 652
356 535 160
356 535 142
356 535 201
356 573 127
356 573 401
357 22 510
357 22 111
357 119 42
357 119 42
357 165 218
357 165 218
357 214 57
357 214 518
357 214 406
357 335 655
357 335 655
357 510 111
357 653 654
357 653 654
357 656 657
357 656 475
357 656 488
358 319 18
358 319 220
358 319 109
358 354 581
358 354 581
358 426 535
358 426 154
358 508 29
358 508 29
358 535 154
358 658 659
358 658 659
358 660 477
358 660 293
358 660 152
359 61 636
359 61 414
359 322 144
359 322 144
359 326 661
359 326 661
359 621 94
359 621 94
359 636 414
359 644 280
359 644 612
359 644 45
360 259 211
360 259 211
360 469 654
360 469 661
360 628 189
360 628 189
360 639 467
360 639 35
360 639 389
360 654 661
361 93 56
361 93 56
361 95 54
361 102 42
361 102 42
361 389 553
361 389 547
361 389 624
361 477 95
361 477 54
361 662 382
361 662 168
361 662 419
362 3 13
362 20 3
362 20 13
362 32 131
362 32 131
362 200 230
362 200 18
362 200 340
362 355 35
362 355 35
362 663 664
362 663 664
363 383 369
363 383 369
363 431 627
363 434 431
363 434 627
363 554 566
363 554 566
363 625 383
363 625 616
363 625 474
363 665 295
363 665 502
363 665 454
364 167 651
364 167 269
364 182 615
364 182 615
364 270 533
364 270 533
364 597 81
364 597 624
364 597 507
364 651 269
364 666 105
364 666 15
364 666 127
365 274 372
365 274 372
365 397 504
365 542 406
365 542 589
365 542 468
365 556 197
365 556 197
365 646 397
365 646 504
365 667 668
365 667 669
365 667 284
366 226 480
366 226 480
366 380 297
366 560 171
366 560 86
366 560 573
366 619 283
366 619 283
366 634 380
366 634 297
366 670 671
366 670 671
367 3 267
367 3 370
367 3 341
367 89 441
367 300 89
367 300 441
367 442 607
367 442 607
367 545 429
367 545 429
367 672 403
367 672 571
367 672 41
368 49 643
368 49 424
368 126 516
368 126 516
368 255 130
368 255 514
368 255 392
368 387 669
368 387 669
368 643 424
368 673 397
368 673 531
368 673 137
369 12 661
369 12 661
369 261 71
369 261 71
369 410 481
369 410 537
369 410 419
369 505 529
369 652 505
369 652 529
370 49 195
370 49 195
370 179 593
370 398 179
370 398 593
370 511 88
370 511 100
370 511 364
370 575 676
370 575 676
370 598 216
370 598 216
370 674 675
370 674 675
370 677 628
370 677 401
370 677 124
371 153 157
371 153 157
371 215 279
371 331 453
371 331 453
371 509 258
371 509 72
371 509 160
371 549 215
371 549 279
372 10 248
372 10 256
372 10 276
372 92 529
372 92 529
372 95 70
372 95 70
372 240 678
372 240 678
372 517 575
372 553 517
372 553 575
372 679 40
372 679 276
372 679 262
373 106 34
373 106 34
373 187 4
373 187 522
373 187 186
373 358 677
373 408 575
373 408 575
373 499 358
373 499 677
373 680 681
373 680 681
373 682 457
373 682 485
373 682 332
374 3 277
374 3 277
374 68 355
374 68 351
374 68 631
374 69 493
374 69 516
374 312 201
374 312 201
374 493 516
374 670 265
374 683 684
374 683 684
374 685 670
374 685 265
375 127 155
375 127 607
375 127 460
375 214 414
375 214 268
375 409 686
375 409 686
375 414 268
375 447 360
375 447 360
375 679 123
375 679 123
375 687 14
375 687 333
375 687 9
376 191 499
376 191 163
376 323 236
376 323 108
376 323 123
376 478 155
376 478 155
376 499 163
376 527 158
376 527 158
376 688 227
376 688 15
376 688 324
377 79 551
377 79 551
377 172 689
377 172 689
377 237 460
377 253 237
377 253 460
377 325 141
377 325 480
377 325 274
377 511 240
377 511 240
377 690 237
377 690 481
377 690 27
378 88 454
378 88 454
378 97 472
378 97 472
378 336 620
378 336 491
378 336 373
378 366 639
378 366 229
378 639 229
378 691 160
378 691 138
378 691 171
379 53 220
379 53 220
379 162 675
379 162 635
379 162 29
379 270 689
379 651 270
379 651 689
379 667 615
379 667 615
379 692 174
379 692 511
379 692 515
380 91 499
380 158 592
380 158 592
380 190 517
380 190 20
380 190 57
380 235 91
380 235 499
380 543 578
380 543 578
380 693 649
380 693 333
380 693 600
381 120 247
381 120 279
381 120 100
381 213 366
381 213 366
381 371 672
381 371 672
381 387 414
381 387 49
381 414 49
381 694 559
381 694 406
381 694 514
382 124 696
382 279 212
382 279 212
382 464 319
382 543 464
382 543 319
382 602 17
382 602 17
382 609 78
382 609 26
382 609 684
382 695 124
382 695 696
382 697 464
382 697 430
382 697 458
383 87 686
383 87 686
383 186 652
383 186 471
383 611 631
383 611 631
383 652 471
383 683 226
383 683 298
383 683 198
383 698 699
383 698 699
384 4 276
384 4 251
384 4 262
384 21 331
384 21 331
384 60 512
384 154 60
384 154 512
384 421 17
384 421 17
384 700 163
384 700 607
384 700 678
385 30 701
385 30 701
385 98 592
385 112 459
385 112 393
385 153 515
385 153 381
385 153 110
385 419 329
385 419 329
385 459 393
385 690 482
385 690 482
385 702 98
385 702 592
385 703 267
385 703 34
385 703 268
386 146 249
386 146 249
386 447 355
386 447 355
386 491 325
386 617 228
386 617 79
386 617 544
386 627 491
386 627 325
386 704 300
386 704 365
386 704 566
387 216 82
387 216 470
387 216 560
387 361 235
387 361 235
387 420 307
387 579 21
387 579 21
387 639 420
387 639 307
387 705 706
387 705 706
387 707 230
387 707 374
387 707 146
388 35 676
388 35 676
388 240 319
388 240 553
388 319 553
388 326 429
388 326 16
388 326 420
388 343 671
388 343 671
388 708 709
388 708 709
