0 1 10
0 1 59
0 5 93
0 5 113
0 5 37
0 10 41
0 10 81
0 12 41
0 25 95
0 25 82
0 25 74
0 27 38
0 27 66
0 28 66
0 29 114
0 29 117
0 31 43
0 31 54
0 36 52
0 37 117
0 38 58
0 39 43
0 39 65
0 39 113
0 41 107
0 41 113
0 41 75
0 43 85
0 43 117
0 43 96
0 48 51
0 48 55
0 51 98
0 52 75
0 54 85
0 66 114
0 66 74
0 66 112
0 70 112
0 72 82
0 72 95
0 72 93
0 74 107
0 77 101
0 93 117
0 95 111
0 112 117
300 1 59
300 5 93
300 5 113
300 10 81
300 10 41
300 10 82
300 12 41
300 25 95
300 25 74
300 25 82
300 27 66
300 27 38
300 27 117
300 28 66
300 29 114
300 31 43
300 31 54
300 36 52
300 37 117
300 38 58
300 39 113
300 39 65
300 39 70
300 39 41
300 41 107
300 41 113
300 41 75
300 41 70
300 41 77
300 41 117
300 41 55
300 43 117
300 43 111
300 51 98
300 52 75
300 54 66
300 55 114
300 66 74
300 66 112
300 66 114
300 70 112
300 72 82
300 72 95
300 74 107
300 74 112
300 77 101
300 82 104
300 82 117
300 93 117
300 95 111
300 112 117
600 1 59
600 5 93
600 5 113
600 7 46
600 12 41
600 25 74
600 25 31
600 27 38
600 27 66
600 28 66
600 29 114
600 36 52
600 38 107
600 39 65
600 41 55
600 51 98
600 52 91
600 54 66
600 55 114
600 66 112
600 70 112
600 70 81
600 72 82
600 72 95
600 74 107
600 75 113
600 77 101
600 93 117
600 112 117
900 1 59
900 5 34
900 7 46
900 12 41
900 24 88
900 25 74
900 27 66
900 27 38
900 31 93
900 34 55
900 36 52
900 38 107
900 52 91
900 72 95
900 72 88
900 74 107
900 82 104
1200 1 59
1200 4 24
1200 5 34
1200 7 46
1200 12 41
1200 24 88
1200 24 120
1200 24 55
1200 27 83
1200 31 93
1200 34 55
1200 36 52
1200 38 56
1200 52 91
1200 52 74
1200 72 95
1200 82 104
1200 88 99
1200 107 120
1500 5 34
1500 7 46
1500 12 41
1500 26 118
1500 27 83
1500 27 34
1500 31 93
1500 36 52
1500 38 56
1500 39 107
1500 52 91
1500 72 95
1500 82 104
1500 88 99
1800 5 34
1800 7 46
1800 12 41
1800 26 118
1800 27 83
1800 31 93
1800 36 52
1800 38 56
1800 50 102
1800 52 91
1800 65 118
1800 72 95
2100 0 52
2100 1 19
2100 5 34
2100 7 46
2100 12 41
2100 19 62
2100 27 83
2100 31 93
2100 36 52
2100 38 56
2100 50 102
2100 65 118
2100 71 118
2100 72 95
2400 1 19
2400 4 62
2400 5 34
2400 7 46
2400 12 41
2400 14 77
2400 19 62
2400 27 83
2400 31 93
2400 38 56
2400 48 77
2400 50 102
2400 71 118
2400 72 95
2400 75 85
2700 4 62
2700 5 34
2700 7 46
2700 12 41
2700 14 77
2700 19 123
2700 27 83
2700 31 93
2700 38 56
2700 50 102
2700 62 67
2700 62 81
2700 63 85
2700 71 118
2700 72 95
2700 109 117
3000 4 62
3000 5 34
3000 7 46
3000 27 83
3000 31 93
3000 50 102
3000 53 85
3000 56 85
3000 63 85
3000 71 118
3000 72 95
3000 79 85
3000 109 117
3300 4 62
3300 5 34
3300 7 46
3300 21 89
3300 27 83
3300 31 93
3300 37 76
3300 42 76
3300 50 102
3300 63 85
3300 71 118
3300 72 95
3300 91 115
3300 109 117
3600 3 80
3600 4 62
3600 5 34
3600 21 89
3600 25 67
3600 27 83
3600 30 76
3600 31 93
3600 37 76
3600 42 76
3600 42 77
3600 50 102
3600 63 85
3600 71 118
3600 72 95
3600 109 117
3900 0 42
3900 1 97
3900 3 80
3900 4 62
3900 5 34
3900 7 46
3900 25 67
3900 31 93
3900 37 76
3900 42 76
3900 42 77
3900 42 113
3900 63 85
3900 66 114
3900 98 113
3900 109 117
4200 3 80
4200 4 62
4200 5 34
4200 14 75
4200 25 67
4200 27 83
4200 37 76
4200 42 113
4200 42 77
4200 63 85
4200 66 114
4200 74 122
4200 98 113
4500 0 42
4500 1 97
4500 3 80
4500 4 62
4500 5 34
4500 10 100
4500 12 86
4500 18 97
4500 25 67
4500 26 29
4500 26 97
4500 27 83
4500 37 76
4500 42 113
4500 42 77
4500 63 85
4500 74 122
4500 98 113
4500 109 117
4800 0 42
4800 3 80
4800 4 62
4800 5 34
4800 10 100
4800 10 65
4800 14 75
4800 18 97
4800 26 29
4800 26 97
4800 27 83
4800 37 76
4800 42 77
4800 42 113
4800 59 120
4800 63 85
4800 74 122
4800 98 113
4800 109 117
5100 0 42
5100 3 80
5100 4 62
5100 5 34
5100 10 100
5100 12 86
5100 14 86
5100 18 97
5100 25 67
5100 25 120
5100 26 97
5100 26 29
5100 27 83
5100 37 76
5100 42 77
5100 42 113
5100 63 85
5100 74 122
5400 0 42
5400 3 80
5400 4 62
5400 5 34
5400 10 100
5400 12 86
5400 13 48
5400 14 86
5400 18 97
5400 25 120
5400 25 67
5400 26 97
5400 26 29
5400 27 83
5400 37 76
5400 109 117
5700 0 42
5700 3 80
5700 4 62
5700 12 86
5700 13 48
5700 14 86
5700 25 120
5700 25 67
5700 26 97
5700 26 29
5700 27 83
5700 37 76
5700 41 53
5700 42 113
5700 42 77
5700 63 85
5700 64 123
6000 0 42
6000 4 62
6000 5 34
6000 10 100
6000 12 86
6000 13 48
6000 14 86
6000 25 67
6000 25 120
6000 26 29
6000 26 97
6000 36 109
6000 41 53
6000 42 113
6000 42 77
6000 53 109
6000 109 117
6300 0 42
6300 3 80
6300 4 62
6300 12 86
6300 13 48
6300 14 86
6300 25 67
6300 25 120
6300 26 29
6300 26 97
6300 27 83
6300 33 76
6300 36 109
6300 37 76
6300 41 53
6300 42 113
6300 53 109
6300 64 123
6300 76 103
6600 0 42
6600 4 62
6600 5 34
6600 12 86
6600 13 48
6600 14 86
6600 25 67
6600 26 97
6600 26 29
6600 27 83
6600 33 76
6600 36 109
6600 41 53
6600 42 113
6600 53 109
6600 64 123
6600 76 103
6600 83 99
6900 0 42
6900 3 80
6900 4 62
6900 12 86
6900 13 48
6900 14 86
6900 25 67
6900 26 97
6900 27 83
6900 30 124
6900 33 76
6900 36 109
6900 40 63
6900 41 53
6900 42 113
6900 53 109
6900 64 123
6900 76 103
6900 83 99
7200 0 42
7200 3 80
7200 4 62
7200 12 86
7200 13 48
7200 14 86
7200 25 67
7200 26 97
7200 26 29
7200 27 83
7200 33 76
7200 36 109
7200 42 113
7200 53 109
7200 64 123
7200 76 103
7200 83 99
7500 3 80
7500 4 62
7500 12 86
7500 13 48
7500 14 86
7500 22 40
7500 25 67
7500 26 97
7500 27 83
7500 33 76
7500 40 63
7500 40 122
7500 42 113
7500 76 103
7500 83 99
7800 3 80
7800 4 62
7800 11 50
7800 11 43
7800 12 86
7800 13 48
7800 14 86
7800 22 63
7800 22 28
7800 26 97
7800 26 42
7800 27 83
7800 33 76
7800 34 43
7800 40 63
7800 40 122
7800 40 124
7800 40 61
7800 40 117
7800 43 94
7800 43 70
7800 43 117
7800 43 48
7800 43 63
7800 50 102
7800 63 117
7800 63 84
7800 63 107
7800 76 103
7800 76 117
7800 83 107
7800 86 92
7800 92 94
7800 95 124
8100 1 94
8100 2 11
8100 2 94
8100 3 80
8100 3 27
8100 4 62
8100 9 107
8100 9 63
8100 11 50
8100 11 43
8100 11 120
8100 11 84
8100 11 107
8100 14 86
8100 22 28
8100 22 63
8100 22 94
8100 22 72
8100 26 97
8100 31 39
8100 31 51
8100 33 76
8100 40 63
8100 43 63
8100 43 70
8100 48 97
8100 50 102
8100 63 107
8100 63 84
8100 63 117
8100 63 94
8100 65 117
8100 92 94
8100 105 107
8400 1 94
8400 2 11
8400 2 94
8400 2 105
8400 2 36
8400 2 108
8400 2 58
8400 3 80
8400 3 58
8400 4 62
8400 9 31
8400 14 86
8400 22 72
8400 22 28
8400 22 31
8400 26 97
8400 26 50
8400 31 39
8400 31 51
8400 31 40
8400 33 58
8400 35 48
8400 39 88
8400 40 122
8400 40 58
8400 43 70
8400 48 97
8400 50 102
8400 58 94
8400 58 68
8400 58 108
8400 80 94
8400 80 120
8700 1 94
8700 2 105
8700 2 36
8700 9 31
8700 9 107
8700 11 107
8700 12 51
8700 14 86
8700 14 108
8700 21 29
8700 21 47
8700 22 31
8700 22 28
8700 22 72
8700 31 40
8700 31 51
8700 31 39
8700 31 108
8700 39 88
8700 43 70
8700 48 97
8700 63 107
8700 90 122
8700 107 113
9000 1 94
9000 9 107
9000 12 51
9000 15 39
9000 21 29
9000 21 38
9000 22 72
9000 22 111
9000 26 50
9000 26 97
9000 33 58
9000 40 122
9000 48 97
9000 63 108
9000 63 76
9000 66 111
9000 84 107
9000 90 122
9000 99 107
9300 1 94
9300 2 36
9300 2 105
9300 15 39
9300 21 38
9300 21 29
9300 22 72
9300 26 97
9300 26 50
9300 26 64
9300 26 58
9300 36 108
9300 40 122
9300 48 97
9300 75 103
9300 76 93
9300 77 103
9300 84 107
9300 90 122
9600 1 94
9600 2 36
9600 2 63
9600 2 35
9600 12 51
9600 14 36
9600 14 122
9600 21 29
9600 21 38
9600 21 36
9600 22 72
9600 26 64
9600 26 50
9600 26 58
9600 26 97
9600 26 57
9600 36 108
9600 51 93
9600 63 76
9600 63 108
9600 77 103
9600 84 107
9600 105 121
9900 0 109
9900 0 94
9900 2 105
9900 2 63
9900 2 35
9900 2 87
9900 2 14
9900 3 40
9900 5 109
9900 8 65
9900 8 122
9900 12 87
9900 14 107
9900 21 38
9900 22 72
9900 35 104
9900 40 101
9900 44 63
9900 51 93
9900 60 72
9900 63 76
9900 63 117
9900 64 87
9900 77 103
9900 81 122
9900 89 115
9900 105 121
10200 0 94
10200 2 63
10200 2 105
10200 2 87
10200 5 109
10200 8 122
10200 12 87
10200 14 118
10200 19 99
10200 21 38
10200 26 97
10200 35 104
10200 40 41
10200 44 63
10200 48 122
10200 51 93
10200 57 79
10200 57 110
10200 60 72
10200 63 117
10200 63 76
10200 64 87
10200 74 87
10200 74 91
10200 81 122
10200 87 110
10200 91 93
10200 99 122
10200 105 121
10500 0 94
10500 5 109
10500 8 122
10500 9 52
10500 12 87
10500 14 118
10500 14 41
10500 19 79
10500 19 20
10500 21 38
10500 22 92
10500 22 122
10500 26 52
10500 35 104
10500 40 99
10500 43 52
10500 44 63
10500 47 118
10500 48 122
10500 60 72
10500 63 76
10500 64 87
10500 79 110
10500 81 122
10500 87 110
10500 89 115
10500 91 118
10500 99 122
10500 105 118
10500 110 118
10800 0 94
10800 1 79
10800 2 105
10800 5 109
10800 8 122
10800 9 52
10800 12 87
10800 19 20
10800 19 79
10800 19 105
10800 21 38
10800 22 115
10800 22 110
10800 26 52
10800 26 54
10800 27 91
10800 33 43
10800 35 104
10800 41 91
10800 44 63
10800 47 118
10800 48 122
10800 51 93
10800 52 91
10800 52 103
10800 54 103
10800 54 105
10800 54 91
10800 54 84
10800 60 72
10800 63 117
10800 74 87
10800 79 110
10800 81 122
10800 89 115
10800 105 121
10800 105 118
10800 105 107
10800 110 118
11100 0 94
11100 1 109
11100 1 119
11100 5 109
11100 8 122
11100 9 52
11100 12 105
11100 13 105
11100 13 103
11100 16 114
11100 19 105
11100 19 20
11100 21 38
11100 22 89
11100 24 42
11100 26 54
11100 26 52
11100 27 91
11100 29 121
11100 31 114
11100 31 45
11100 33 43
11100 35 104
11100 41 91
11100 42 53
11100 42 89
11100 42 54
11100 44 63
11100 51 93
11100 52 103
11100 52 91
11100 53 119
11100 54 91
11100 54 84
11100 54 103
11100 54 105
11100 60 72
11100 74 87
11100 74 123
11100 81 122
11100 89 115
11100 93 103
11100 104 119
11100 105 118
11100 105 107
11100 114 119
11400 1 79
11400 1 109
11400 1 119
11400 5 109
11400 8 122
11400 9 52
11400 12 87
11400 13 105
11400 16 114
11400 19 105
11400 19 20
11400 19 79
11400 21 38
11400 22 89
11400 22 115
11400 22 110
11400 24 42
11400 27 91
11400 31 114
11400 31 45
11400 33 43
11400 35 104
11400 41 91
11400 42 53
11400 44 63
11400 51 93
11400 53 119
11400 54 84
11400 60 72
11400 63 117
11400 74 87
11400 74 123
11400 79 110
11400 81 122
11400 93 103
11400 104 119
11400 105 107
11400 110 118
11400 114 119
11400 117 123
11700 1 79
11700 1 119
11700 1 109
11700 8 122
11700 9 52
11700 12 87
11700 16 114
11700 19 79
11700 19 105
11700 19 20
11700 22 115
11700 24 42
11700 26 54
11700 26 52
11700 27 91
11700 31 114
11700 31 45
11700 33 43
11700 35 104
11700 44 63
11700 51 93
11700 60 72
11700 63 117
11700 74 87
11700 79 110
11700 81 122
11700 89 115
11700 93 103
11700 105 107
11700 110 118
11700 117 123
12000 1 119
12000 1 109
12000 1 79
12000 8 122
12000 9 52
12000 12 87
12000 13 105
12000 16 114
12000 19 105
12000 19 20
12000 19 79
12000 22 110
12000 22 89
12000 24 42
12000 26 54
12000 26 52
12000 27 91
12000 31 114
12000 31 45
12000 35 104
12000 41 91
12000 42 53
12000 44 63
12000 53 119
12000 60 72
12000 63 117
12000 79 110
12000 81 122
12000 93 103
12000 104 119
12000 105 107
12000 110 118
12300 1 109
12300 1 119
12300 5 41
12300 8 122
12300 9 52
12300 12 87
12300 13 120
12300 19 105
12300 19 20
12300 22 110
12300 22 115
12300 22 89
12300 26 52
12300 27 91
12300 31 114
12300 31 45
12300 35 104
12300 41 91
12300 42 53
12300 44 63
12300 53 119
12300 60 72
12300 63 117
12300 74 87
12300 81 122
12300 89 115
12300 93 103
12300 104 119
12300 110 118
12300 117 123
12600 1 119
12600 1 109
12600 1 79
12600 5 41
12600 8 122
12600 9 52
12600 12 87
12600 13 105
12600 13 120
12600 19 79
12600 19 105
12600 22 115
12600 22 110
12600 24 42
12600 24 92
12600 26 54
12600 26 52
12600 27 91
12600 31 45
12600 41 91
12600 42 53
12600 44 63
12600 60 72
12600 63 117
12600 79 110
12600 89 115
12600 105 107
12600 110 118
12600 117 123
12900 1 79
12900 5 41
12900 8 122
12900 9 52
12900 12 87
12900 13 105
12900 13 120
12900 19 79
12900 22 110
12900 22 115
12900 24 42
12900 26 52
12900 26 54
12900 31 114
12900 31 45
12900 35 104
12900 42 53
12900 44 63
12900 53 119
12900 60 72
12900 79 110
12900 81 122
12900 89 115
12900 93 103
12900 101 114
12900 104 119
12900 105 107
12900 110 118
12900 117 123
13200 1 79
13200 1 109
13200 5 41
13200 8 122
13200 12 87
13200 13 105
13200 13 120
13200 19 79
13200 22 115
13200 24 42
13200 24 92
13200 26 52
13200 27 91
13200 31 45
13200 31 114
13200 35 104
13200 41 91
13200 42 53
13200 44 63
13200 53 119
13200 60 72
13200 63 117
13200 64 81
13200 79 110
13200 81 122
13200 89 115
13200 101 114
13200 103 109
13200 104 119
13200 105 107
13200 110 118
13200 117 123
13500 1 79
13500 1 109
13500 4 6
13500 5 41
13500 8 122
13500 9 52
13500 12 87
13500 13 105
13500 22 110
13500 22 115
13500 24 42
13500 26 54
13500 26 52
13500 27 91
13500 41 91
13500 42 53
13500 44 63
13500 53 119
13500 60 72
13500 79 110
13500 81 122
13500 89 115
13500 101 114
13500 105 107
13500 110 118
13500 117 123
13800 1 109
13800 1 79
13800 5 41
13800 8 122
13800 9 52
13800 9 103
13800 12 87
13800 13 120
13800 13 105
13800 24 92
13800 24 42
13800 26 54
13800 26 52
13800 27 91
13800 31 45
13800 31 114
13800 35 104
13800 44 63
13800 53 119
13800 60 72
13800 79 110
13800 81 122
13800 101 114
13800 104 119
13800 117 123
14100 1 109
14100 1 79
14100 4 6
14100 5 41
14100 9 103
14100 13 105
14100 22 110
14100 22 115
14100 24 92
14100 24 42
14100 26 52
14100 27 91
14100 31 45
14100 31 114
14100 35 104
14100 41 91
14100 42 53
14100 44 63
14100 53 119
14100 81 122
14100 89 115
14100 101 114
14100 104 119
14100 105 107
14100 110 118
14100 117 123
14400 1 109
14400 1 79
14400 5 41
14400 9 52
14400 12 87
14400 13 105
14400 22 110
14400 24 42
14400 26 52
14400 26 54
14400 27 91
14400 28 124
14400 31 114
14400 31 45
14400 35 104
14400 41 91
14400 42 53
14400 44 63
14400 50 78
14400 60 72
14400 81 122
14400 89 115
14400 101 114
14400 104 119
14400 105 107
14400 110 118
14400 117 123
14700 1 109
14700 1 79
14700 4 6
14700 5 41
14700 9 103
14700 9 52
14700 13 105
14700 22 110
14700 22 115
14700 24 92
14700 24 42
14700 27 91
14700 31 45
14700 42 53
14700 50 78
14700 53 119
14700 60 72
14700 68 98
14700 81 122
14700 89 115
14700 101 114
14700 104 119
14700 105 107
14700 117 123
15000 1 109
15000 1 79
15000 4 6
15000 9 103
15000 12 87
15000 12 23
15000 13 105
15000 22 115
15000 22 110
15000 24 42
15000 24 92
15000 27 91
15000 31 45
15000 31 104
15000 31 88
15000 40 110
15000 50 78
15000 57 110
15000 60 72
15000 89 115
15000 104 119
15000 104 117
15000 105 107
15000 117 123
15300 1 79
15300 1 109
15300 4 6
15300 9 40
15300 9 34
15300 12 23
15300 12 87
15300 13 105
15300 27 91
15300 31 88
15300 40 110
15300 40 119
15300 50 78
15300 57 110
15300 57 119
15300 60 72
15300 81 122
15300 89 115
15300 104 117
15300 105 107
15300 117 123
15600 0 64
15600 1 79
15600 9 34
15600 9 40
15600 12 23
15600 13 105
15600 20 59
15600 20 80
15600 27 91
15600 31 88
15600 40 119
15600 49 71
15600 50 78
15600 57 119
15600 57 110
15600 60 72
15600 81 122
15600 105 107
15900 0 12
15900 9 34
15900 12 112
15900 27 91
15900 30 63
15900 31 88
15900 50 78
15900 60 72
15900 81 122
15900 105 107
16200 0 12
16200 9 34
16200 27 91
16200 30 63
16200 31 88
16200 39 58
16200 39 70
16200 50 78
16200 57 110
16200 60 72
16200 81 122
16200 105 107
16500 7 12
16500 9 34
16500 12 113
16500 27 91
16500 30 63
16500 31 88
16500 39 70
16500 39 58
16500 56 92
16500 58 77
16500 60 72
16500 81 122
16800 7 12
16800 9 34
16800 12 113
16800 27 91
16800 31 88
16800 56 92
16800 58 77
16800 60 72
16800 81 122
17100 7 12
17100 9 34
17100 15 50
17100 31 88
17100 50 114
17100 50 74
17100 56 92
17100 58 77
17100 60 72
17100 81 122
17400 7 12
17400 12 15
17400 12 114
17400 31 88
17400 50 74
17400 56 92
17400 58 77
17400 60 72
17400 71 76
17400 81 122
17700 7 12
17700 20 64
17700 31 88
17700 39 64
17700 56 92
17700 58 77
17700 71 76
17700 81 122
18000 9 20
18000 9 121
18000 20 64
18000 31 88
18000 39 64
18000 58 77
18000 81 122
18300 39 64
18300 58 77
18300 60 79
18300 81 122
18600 32 53
18600 32 89
18900 1 32
18900 16 62
18900 32 113
18900 38 62
18900 62 91
18900 113 121
19200 1 32
19200 4 56
19200 5 38
19200 16 62
19200 27 86
19200 27 31
19200 32 53
19200 32 89
19200 38 62
19200 43 122
19200 45 60
19200 50 121
19200 52 122
19200 62 91
19200 98 121
19500 4 85
19500 26 27
19500 27 85
19500 27 67
19500 32 113
19500 38 62
19500 43 122
19500 45 60
19500 62 91
19500 62 82
19500 85 89
19500 93 119
19500 98 121
19500 113 121
19500 119 120
19800 4 85
19800 16 27
19800 26 27
19800 27 67
19800 27 85
19800 32 113
19800 36 91
19800 38 62
19800 39 115
19800 45 60
19800 49 115
19800 52 122
19800 62 91
19800 69 113
19800 83 119
19800 85 91
19800 85 115
19800 93 119
19800 98 121
19800 115 119
20100 4 85
20100 16 113
20100 16 91
20100 26 27
20100 27 67
20100 27 85
20100 31 115
20100 36 120
20100 38 62
20100 39 115
20100 45 60
20100 49 120
20100 52 122
20100 66 120
20100 69 113
20100 83 119
20100 85 115
20100 91 93
20100 93 119
20100 115 119
20100 119 120
20400 4 85
20400 27 67
20400 27 76
20400 31 84
20400 31 119
20400 38 62
20400 39 115
20400 45 60
20400 51 91
20400 51 110
20400 52 122
20400 69 113
20400 85 115
20400 85 110
20400 93 119
20400 110 120
20400 110 121
20400 115 119
20700 4 85
20700 4 84
20700 4 70
20700 11 70
20700 27 76
20700 27 67
20700 32 120
20700 45 60
20700 51 91
20700 52 122
20700 61 70
20700 61 120
20700 70 119
20700 81 119
20700 85 115
20700 92 110
20700 110 121
21000 4 70
21000 4 119
21000 11 119
21000 27 67
21000 27 76
21000 31 119
21000 52 122
21000 61 119
21000 69 113
21000 69 119
21000 70 119
21000 73 119
21000 81 119
21000 85 119
21000 93 119
21000 96 119
21000 98 116
21000 99 119
21000 115 119
21300 4 70
21300 4 119
21300 4 85
21300 11 99
21300 18 69
21300 27 76
21300 27 120
21300 52 122
21300 60 101
21300 61 119
21300 68 118
21300 81 119
21300 81 122
21300 85 115
21300 93 119
21300 96 99
21300 113 120
21300 113 116
21600 4 62
21600 4 85
21600 11 99
21600 13 85
21600 27 120
21600 27 76
21600 27 62
21600 52 122
21600 60 101
21600 62 99
21600 62 111
21600 68 118
21600 81 119
21600 96 99
21600 99 124
21600 102 122
21600 112 122
21900 4 85
21900 4 41
21900 4 113
21900 11 99
21900 13 85
21900 19 81
21900 19 59
21900 27 120
21900 40 84
21900 43 97
21900 43 119
21900 50 85
21900 52 122
21900 60 101
21900 62 75
21900 68 118
21900 69 119
21900 72 103
21900 75 114
21900 81 114
21900 81 99
21900 112 122
21900 113 120
21900 113 116
22200 4 85
22200 4 101
22200 13 85
22200 29 39
22200 39 43
22200 39 111
22200 40 97
22200 43 119
22200 43 97
22200 60 101
22200 62 75
22200 62 85
22200 68 118
22200 69 119
22200 72 103
22200 97 121
22200 102 122
22200 112 122
22200 113 116
22200 113 120
22500 4 115
22500 4 119
22500 11 99
22500 29 39
22500 39 111
22500 39 43
22500 39 116
22500 39 97
22500 40 97
22500 60 101
22500 69 119
22500 72 103
22500 97 121
22500 113 116
22800 4 85
22800 4 119
22800 4 115
22800 4 29
22800 4 75
22800 13 85
22800 29 39
22800 39 111
22800 39 43
22800 39 57
22800 39 121
22800 60 101
22800 61 99
22800 68 118
22800 68 73
22800 75 101
22800 97 121
22800 101 102
22800 102 103
22800 113 120
23100 4 75
23100 4 115
23100 4 31
23100 4 86
23100 11 99
23100 29 39
23100 29 86
23100 39 121
23100 39 111
23100 39 57
23100 39 43
23100 57 88
23100 60 101
23100 61 88
23100 68 73
23100 75 120
23100 86 91
23100 113 120
23100 115 120
23400 4 115
23400 11 95
23400 13 85
23400 27 120
23400 33 91
23400 35 73
23400 39 43
23400 39 121
23400 60 119
23400 68 73
23400 113 120
23700 4 86
23700 11 95
23700 29 86
23700 35 73
23700 39 43
23700 39 111
23700 60 119
23700 68 73
23700 86 91
23700 114 120
23700 114 121
24000 12 100
24000 12 85
24000 12 111
24000 12 57
24000 15 111
24000 35 73
24000 60 119
24000 68 73
24000 85 111
24000 114 121
24300 4 86
24300 11 91
24300 12 100
24300 12 91
24300 26 121
24300 27 57
24300 29 86
24300 35 73
24300 39 43
24300 68 73
24300 86 91
24600 3 36
24600 12 111
24600 15 111
24600 27 57
24600 35 63
24600 36 63
24600 36 100
24600 60 119
24600 85 111
24900 0 44
24900 3 36
24900 4 86
24900 12 91
24900 15 111
24900 27 57
24900 29 86
24900 35 63
24900 36 100
24900 36 63
24900 39 43
24900 55 93
24900 60 119
24900 74 85
24900 85 111
24900 85 102
25200 0 44
25200 0 119
25200 0 59
25200 12 91
25200 12 111
25200 27 91
25200 29 86
25200 35 63
25200 36 63
25200 39 43
25200 55 93
25200 57 70
25200 85 111
25200 85 97
25500 0 44
25500 0 119
25500 0 102
25500 14 85
25500 29 86
25500 35 63
25500 36 63
25500 39 43
25500 39 102
25500 57 70
25500 60 119
25500 76 93
25500 83 85
25500 88 102
25500 94 102
25800 0 44
25800 27 91
25800 35 63
25800 36 63
25800 39 43
25800 49 108
25800 60 78
25800 83 85
25800 88 102
26100 27 91
26100 35 63
26100 36 63
26100 39 43
26100 49 108
26100 49 121
26100 70 113
26100 83 85
26400 24 32
26400 27 91
26400 35 63
26400 36 63
26400 39 43
26400 49 108
26400 83 85
26700 27 91
26700 35 63
26700 37 76
26700 39 43
26700 49 108
26700 83 85
26700 85 118
27000 27 91
27000 35 63
27000 36 63
27000 37 124
27000 39 43
27000 49 108
27300 27 91
27300 35 63
27300 37 124
27300 49 108
27300 64 95
27600 1 83
27600 27 91
27600 35 63
27600 49 108
27900 27 91
27900 49 108
28200 14 81
28200 49 108
28500 16 30
28500 33 37
28500 77 82
28800 16 26
29100 21 95
29400 89 110
29700 3 48
29700 34 48
29700 48 57
30000 3 48
30000 8 27
30000 8 47
30000 8 38
30000 8 49
30000 34 48
30300 45 58
30300 56 83
30300 57 63
30600 3 88
30600 56 83
30600 59 88
30600 72 88
30900 5 104
30900 15 104
31800 46 74
32100 45 62
32100 46 62
32100 62 81
32100 62 95
32400 28 118
32400 46 62
32700 28 118
32700 60 104
33000 46 57
33600 38 71
33900 56 89
33900 89 116
34200 70 80
34500 21 53
34500 38 89
34800 11 123
34800 38 89
34800 71 123
35100 21 53
35700 53 86
36000 52 66
36300 53 86
36600 87 100
39600 28 39
39900 39 48
87000 7 116
87000 10 115
87000 64 82
87300 7 116
87300 7 63
87300 10 115
87300 10 39
87300 16 70
87300 27 64
87300 34 80
87300 79 85
87600 1 79
87600 7 116
87600 12 80
87600 16 70
87600 16 34
87600 27 64
87600 27 56
87600 54 79
87600 54 111
87600 79 85
87600 79 111
87900 1 79
87900 1 40
87900 7 116
87900 12 68
87900 16 70
87900 27 64
87900 34 51
87900 34 121
87900 51 61
87900 54 111
87900 79 85
87900 81 121
88200 1 40
88200 2 40
88200 5 73
88200 12 80
88200 16 70
88200 21 114
88200 27 64
88200 34 121
88200 34 51
88200 40 77
88200 44 56
88200 45 81
88200 54 79
88200 54 111
88200 63 73
88200 79 111
88200 81 121
88200 103 114
88500 1 40
88500 5 73
88500 5 91
88500 7 116
88500 16 70
88500 21 114
88500 23 75
88500 23 123
88500 27 64
88500 34 40
88500 44 56
88500 50 75
88500 54 111
88500 54 79
88500 54 93
88500 54 91
88500 63 73
88500 63 121
88500 81 121
88800 1 40
88800 7 116
88800 7 69
88800 21 114
88800 23 123
88800 27 64
88800 34 87
88800 44 56
88800 54 111
88800 54 104
88800 63 121
88800 69 87
88800 73 86
88800 74 117
88800 75 123
88800 81 121
88800 89 120
88800 89 117
89100 1 40
89100 7 116
89100 9 34
89100 21 114
89100 23 123
89100 27 64
89100 34 120
89100 34 72
89100 43 75
89100 44 56
89100 54 111
89100 69 87
89100 72 106
89100 73 86
89100 74 117
89100 81 121
89100 119 121
89400 1 40
89400 7 116
89400 23 123
89400 27 64
89400 34 120
89400 34 72
89400 43 51
89400 44 56
89400 45 92
89400 45 120
89400 51 58
89400 54 111
89400 63 121
89400 71 120
89400 71 92
89400 72 106
89400 73 86
89400 74 117
89400 99 120
89400 119 121
89700 1 40
89700 7 116
89700 16 115
89700 23 123
89700 34 72
89700 34 120
89700 43 51
89700 44 56
89700 45 120
89700 45 92
89700 45 67
89700 45 115
89700 51 58
89700 54 111
89700 63 121
89700 71 92
89700 72 106
89700 72 99
89700 119 121
90000 1 40
90000 7 116
90000 14 92
90000 23 123
90000 27 64
90000 34 121
90000 43 51
90000 45 67
90000 45 100
90000 48 67
90000 51 58
90000 51 104
90000 54 111
90000 63 121
90000 71 120
90000 72 106
90000 99 120
90000 119 121
90300 1 40
90300 14 92
90300 17 48
90300 23 123
90300 27 64
90300 34 72
90300 43 51
90300 45 100
90300 48 67
90300 48 53
90300 48 124
90300 51 58
90300 54 111
90300 63 121
90300 72 99
90300 99 120
90300 119 121
90600 1 40
90600 7 116
90600 11 82
90600 14 92
90600 27 64
90600 34 72
90600 43 51
90600 45 100
90600 48 67
90600 48 53
90600 48 124
90600 51 58
90600 54 111
90600 63 121
90600 72 99
90600 72 106
90600 99 120
90600 119 121
90900 1 40
90900 11 82
90900 14 92
90900 27 64
90900 34 72
90900 48 53
90900 48 124
90900 48 67
90900 51 58
90900 54 111
90900 63 121
90900 68 80
90900 72 99
90900 76 80
90900 99 120
90900 119 121
91200 1 40
91200 11 82
91200 14 92
91200 27 64
91200 34 72
91200 48 67
91200 54 111
91200 63 121
91200 68 80
91200 72 99
91200 72 106
91200 99 120
91200 119 121
91500 1 40
91500 11 82
91500 14 92
91500 27 64
91500 34 72
91500 48 67
91500 48 53
91500 51 58
91500 54 111
91500 72 99
91500 99 120
91500 119 121
91800 3 124
91800 7 23
91800 11 82
91800 14 92
91800 27 64
91800 34 72
91800 48 67
91800 51 58
91800 54 111
91800 68 80
91800 72 99
91800 99 120
91800 119 121
92100 7 23
92100 11 82
92100 14 92
92100 27 64
92100 34 72
92100 48 67
92100 48 53
92100 51 58
92100 53 102
92100 54 111
92100 99 120
92100 119 121
92400 3 124
92400 7 23
92400 14 92
92400 27 64
92400 34 72
92400 48 53
92400 48 67
92400 51 58
92400 53 102
92400 54 111
92400 68 80
92400 90 117
92400 119 121
92700 7 23
92700 14 92
92700 27 64
92700 34 72
92700 48 67
92700 48 53
92700 53 102
92700 54 111
92700 90 117
92700 99 120
92700 119 121
93000 7 23
93000 14 92
93000 26 94
93000 27 64
93000 34 72
93000 48 53
93000 53 102
93000 54 111
93000 90 117
93000 99 120
93000 119 121
93300 7 23
93300 14 92
93300 27 64
93300 34 72
93300 48 53
93300 53 102
93300 54 111
93300 90 117
93300 96 108
93300 97 106
93300 99 120
93600 7 23
93600 27 64
93600 34 72
93600 48 53
93600 53 102
93600 54 111
93600 78 123
93600 90 117
93600 96 108
93600 99 120
93600 119 121
93900 27 64
93900 34 72
93900 48 53
93900 53 102
93900 54 111
93900 78 123
93900 90 117
93900 96 108
93900 97 106
93900 99 120
94200 15 32
94200 18 26
94200 23 38
94200 26 86
94200 26 113
94200 26 60
94200 27 64
94200 27 38
94200 34 72
94200 34 96
94200 38 106
94200 38 53
94200 54 111
94200 60 108
94200 78 123
94200 82 102
94200 86 110
94200 90 117
94200 99 120
94200 99 107
94200 119 121
94500 15 32
94500 18 75
94500 24 53
94500 24 42
94500 24 86
94500 24 37
94500 26 86
94500 27 64
94500 34 96
94500 34 72
94500 37 54
94500 37 42
94500 37 86
94500 38 53
94500 38 75
94500 38 42
94500 42 57
94500 42 98
94500 42 96
94500 53 61
94500 54 111
94500 57 120
94500 60 108
94500 65 86
94500 75 102
94500 75 109
94500 86 110
94500 90 117
94500 96 108
94800 1 104
94800 1 102
94800 8 24
94800 12 15
94800 12 106
94800 15 32
94800 24 42
94800 24 53
94800 24 37
94800 24 86
94800 24 62
94800 24 108
94800 26 86
94800 26 113
94800 34 72
94800 34 86
94800 37 42
94800 37 86
94800 37 62
94800 38 42
94800 42 98
94800 42 57
94800 42 96
94800 42 80
94800 52 56
94800 53 61
94800 54 111
94800 57 120
94800 62 115
94800 62 94
94800 62 85
94800 65 86
94800 85 115
94800 90 117
94800 94 99
94800 99 120
94800 99 107
95100 1 4
95100 12 15
95100 15 32
95100 16 22
95100 16 75
95100 18 75
95100 21 62
95100 24 62
95100 26 73
95100 34 72
95100 37 62
95100 38 75
95100 46 71
95100 52 56
95100 54 111
95100 57 62
95100 62 94
95100 62 85
95100 63 99
95100 75 109
95100 75 102
95100 75 113
95100 75 108
95100 89 109
95100 90 117
95400 1 4
95400 1 102
95400 1 104
95400 1 51
95400 1 112
95400 1 89
95400 12 15
95400 12 74
95400 13 57
95400 15 32
95400 15 89
95400 16 22
95400 37 62
95400 38 75
95400 51 118
95400 51 108
95400 53 118
95400 54 111
95400 57 62
95400 57 111
95400 62 85
95400 74 112
95400 75 108
95400 75 113
95400 75 102
95400 77 118
95400 89 118
95400 90 117
95400 92 118
95700 1 104
95700 1 4
95700 1 51
95700 1 112
95700 1 102
95700 1 89
95700 1 92
95700 1 107
95700 1 18
95700 13 92
95700 13 112
95700 16 22
95700 18 118
95700 23 118
95700 51 108
95700 51 118
95700 51 56
95700 52 56
95700 52 107
95700 53 118
95700 54 111
95700 62 85
95700 67 107
95700 67 71
95700 67 112
95700 75 113
95700 75 102
95700 77 118
95700 88 107
95700 89 118
95700 92 118
95700 110 118
95700 116 118
96000 1 104
96000 1 18
96000 12 60
96000 15 89
96000 16 22
96000 18 118
96000 18 102
96000 18 60
96000 18 76
96000 36 92
96000 53 118
96000 54 111
96000 54 85
96000 54 57
96000 60 67
96000 60 123
96000 67 112
96000 67 71
96000 67 107
96000 67 101
96000 67 99
96000 67 96
96000 75 113
96000 77 99
96000 99 123
96000 108 123
96300 1 18
96300 1 4
96300 1 104
96300 7 99
96300 7 123
96300 12 60
96300 12 43
96300 15 54
96300 16 22
96300 18 76
96300 18 60
96300 18 118
96300 18 102
96300 18 123
96300 28 99
96300 48 106
96300 48 99
96300 53 118
96300 54 57
96300 54 85
96300 60 123
96300 60 106
96300 62 85
96300 67 99
96300 67 107
96300 77 118
96300 77 99
96300 99 123
96300 99 102
96300 99 106
96300 108 123
96600 1 4
96600 1 104
96600 4 112
96600 12 60
96600 14 59
96600 15 55
96600 26 42
96600 39 42
96600 42 105
96600 42 110
96600 48 106
96600 53 118
96600 54 57
96600 56 106
96600 59 77
96600 60 106
96600 67 107
96600 75 106
96600 99 106
96600 102 103
96600 108 123
96900 1 104
96900 1 18
96900 5 90
96900 12 60
96900 12 59
96900 14 59
96900 15 54
96900 15 81
96900 26 77
96900 26 108
96900 28 123
96900 28 90
96900 29 81
96900 38 123
96900 52 81
96900 55 102
96900 59 77
96900 59 90
96900 59 81
96900 63 81
96900 67 107
96900 77 123
96900 102 103
97200 1 4
97200 4 112
97200 5 90
97200 5 24
97200 12 59
97200 12 60
97200 12 75
97200 14 59
97200 20 81
97200 20 120
97200 24 60
97200 25 59
97200 25 77
97200 26 42
97200 28 90
97200 28 119
97200 29 81
97200 29 42
97200 38 42
97200 42 105
97200 42 110
97200 42 120
97200 52 81
97200 53 118
97200 55 102
97200 59 90
97200 59 81
97200 59 77
97200 63 81
97200 64 120
97200 67 107
97200 90 122
97200 99 120
97200 102 103
97500 1 4
97500 1 25
97500 1 94
97500 4 112
97500 4 25
97500 5 90
97500 7 99
97500 8 42
97500 12 75
97500 15 81
97500 15 54
97500 16 87
97500 20 75
97500 20 102
97500 24 60
97500 24 38
97500 25 59
97500 25 77
97500 25 110
97500 26 42
97500 28 119
97500 28 123
97500 29 42
97500 29 32
97500 38 123
97500 42 110
97500 42 120
97500 42 105
97500 42 96
97500 63 81
97500 67 107
97500 75 103
97500 75 76
97500 77 123
97500 94 99
97500 102 103
97800 0 53
97800 1 25
97800 1 94
97800 4 112
97800 5 24
97800 5 90
97800 7 99
97800 12 59
97800 12 60
97800 15 81
97800 15 54
97800 16 87
97800 24 38
97800 24 60
97800 28 123
97800 32 55
97800 42 105
97800 63 81
97800 67 107
97800 75 103
97800 77 123
97800 94 99
97800 102 103
98100 0 53
98100 1 25
98100 1 94
98100 1 4
98100 4 25
98100 4 112
98100 5 90
98100 5 24
98100 7 99
98100 8 26
98100 12 59
98100 12 60
98100 15 54
98100 15 81
98100 16 87
98100 24 38
98100 25 110
98100 28 123
98100 29 42
98100 29 32
98100 32 55
98100 38 123
98100 42 110
98100 47 49
98100 63 81
98100 77 123
98100 94 99
98100 102 103
98400 0 53
98400 1 94
98400 1 4
98400 4 112
98400 4 25
98400 5 90
98400 5 24
98400 12 59
98400 12 60
98400 15 54
98400 16 87
98400 24 60
98400 24 38
98400 25 110
98400 28 123
98400 29 42
98400 29 32
98400 32 55
98400 37 78
98400 38 123
98400 42 110
98400 47 49
98400 63 81
98400 67 98
98400 75 103
98400 77 123
98400 94 99
98700 0 53
98700 1 94
98700 1 4
98700 4 25
98700 4 112
98700 5 90
98700 7 99
98700 12 60
98700 12 59
98700 15 54
98700 16 87
98700 24 38
98700 24 60
98700 25 110
98700 28 123
98700 29 32
98700 29 42
98700 32 55
98700 37 78
98700 42 110
98700 63 81
98700 77 123
99000 1 94
99000 1 4
99000 4 112
99000 5 24
99000 5 90
99000 7 99
99000 7 22
99000 12 59
99000 12 60
99000 15 54
99000 16 87
99000 24 38
99000 25 110
99000 28 123
99000 29 32
99000 29 42
99000 32 55
99000 37 78
99000 42 110
99000 47 49
99000 63 81
99000 77 123
99300 1 4
99300 1 94
99300 4 25
99300 4 112
99300 5 90
99300 7 99
99300 7 22
99300 12 60
99300 12 59
99300 15 54
99300 24 60
99300 24 38
99300 25 110
99300 28 123
99300 29 32
99300 32 55
99300 37 78
99300 42 110
99300 63 81
99600 1 94
99600 4 112
99600 5 24
99600 5 90
99600 7 99
99600 7 22
99600 12 60
99600 12 59
99600 15 54
99600 24 38
99600 25 110
99600 28 123
99600 29 42
99600 29 32
99600 32 55
99600 37 78
99600 42 110
99600 50 77
99600 63 81
99600 71 116
99900 1 94
99900 1 4
99900 4 25
99900 4 112
99900 5 90
99900 5 24
99900 7 99
99900 12 59
99900 12 60
99900 15 54
99900 16 84
99900 28 123
99900 29 42
99900 29 32
99900 32 55
99900 37 78
99900 42 110
99900 63 81
99900 71 116
100200 1 4
100200 1 94
100200 4 112
100200 4 25
100200 5 24
100200 7 99
100200 12 59
100200 12 60
100200 15 54
100200 16 84
100200 28 123
100200 29 42
100200 31 97
100200 32 55
100200 37 78
100200 42 110
100200 50 77
100200 63 81
100200 71 116
100500 1 4
100500 1 94
100500 4 25
100500 4 112
100500 5 24
100500 7 99
100500 12 59
100500 12 60
100500 15 54
100500 28 123
100500 29 32
100500 29 42
100500 37 78
100500 42 110
100500 49 90
100500 63 81
100500 71 116
100800 1 94
100800 1 4
100800 4 25
100800 5 24
100800 12 59
100800 15 54
100800 28 123
100800 29 42
100800 29 32
100800 31 97
100800 37 78
100800 42 110
100800 71 116
101100 1 94
101100 1 4
101100 4 25
101100 4 112
101100 5 24
101100 12 60
101100 12 59
101100 15 54
101100 28 123
101100 29 42
101100 37 78
101100 42 110
101100 45 52
101400 4 112
101400 4 25
101400 5 24
101400 12 60
101400 12 59
101400 15 54
101400 28 123
101400 37 78
101400 42 110
101400 45 52
101700 4 112
101700 5 24
101700 12 59
101700 15 54
101700 22 66
101700 28 123
101700 37 78
101700 42 57
101700 45 52
102000 12 52
102000 12 40
102000 15 54
102000 28 123
102000 37 78
102000 42 57
102000 45 52
102300 12 40
102300 12 52
102300 15 54
102300 17 79
102300 28 123
102300 42 57
102300 45 52
102300 85 120
102600 12 40
102600 15 54
102600 20 103
102600 28 123
102600 45 52
102600 90 121
102900 15 54
102900 28 123
102900 45 52
102900 50 117
102900 85 120
102900 99 120
103200 15 54
103200 28 123
103200 41 82
103200 45 52
103200 85 120
103200 96 117
103200 99 120
103500 6 10
103500 15 54
103500 41 82
103500 45 52
103500 85 120
103500 99 120
103800 6 10
103800 6 53
103800 15 54
103800 44 53
103800 45 52
103800 53 101
103800 89 121
103800 96 117
103800 99 120
103800 118 121
104100 5 124
104100 6 53
104100 15 54
104100 30 96
104100 45 52
104100 89 121
104100 96 117
104100 99 120
104100 118 121
104400 6 10
104400 15 54
104400 21 40
104400 30 96
104400 45 52
104400 70 108
104400 89 121
104400 96 117
104700 6 10
104700 9 108
104700 10 121
104700 15 54
104700 21 40
104700 30 96
104700 45 52
104700 50 120
104700 70 108
104700 96 117
104700 99 120
104700 113 121
105000 6 10
105000 10 121
105000 15 54
105000 19 121
105000 21 40
105000 30 96
105000 45 52
105000 56 96
105000 70 108
105000 103 121
105000 108 111
105000 108 121
105000 113 121
105300 9 33
105300 10 121
105300 15 54
105300 18 80
105300 19 121
105300 21 40
105300 30 96
105300 33 121
105300 35 44
105300 39 99
105300 43 80
105300 43 73
105300 43 90
105300 45 52
105300 56 99
105300 70 108
105300 103 121
105300 108 121
105600 9 33
105600 10 80
105600 10 108
105600 10 96
105600 18 80
105600 30 96
105600 33 121
105600 43 80
105600 43 90
105600 43 73
105600 45 52
105600 51 55
105600 90 96
105600 96 113
105900 0 96
105900 9 33
105900 9 71
105900 9 73
105900 9 55
105900 10 80
105900 10 121
105900 10 108
105900 10 96
105900 10 99
105900 10 51
105900 20 80
105900 30 96
105900 33 121
105900 43 113
105900 45 52
105900 50 73
105900 51 76
105900 76 80
105900 90 96
105900 96 113
106200 0 96
106200 7 53
106200 9 55
106200 9 33
106200 9 73
106200 9 71
106200 9 111
106200 10 51
106200 10 99
106200 33 121
106200 34 113
106200 43 73
106200 45 52
106200 45 51
106200 50 73
106200 51 58
106200 51 61
106200 61 113
106200 61 111
106200 96 113
106500 9 55
106500 9 71
106500 9 33
106500 10 121
106500 15 96
106500 20 45
106500 33 121
106500 43 113
106500 45 52
106500 45 69
106500 50 73
106500 51 61
106500 61 111
106500 61 113
106500 69 111
106500 91 96
106500 96 113
106800 0 96
106800 7 53
106800 7 52
106800 7 56
106800 7 20
106800 15 96
106800 20 88
106800 33 121
106800 33 71
106800 45 52
106800 45 51
106800 50 73
106800 51 61
106800 51 78
106800 51 71
106800 52 91
106800 61 113
106800 61 111
106800 86 121
106800 87 121
106800 96 113
107100 6 7
107100 7 52
107100 7 56
107100 7 20
107100 14 101
107100 15 96
107100 16 61
107100 16 51
107100 20 88
107100 20 33
107100 20 69
107100 20 101
107100 33 121
107100 36 101
107100 36 57
107100 36 54
107100 45 51
107100 45 52
107100 50 73
107100 51 78
107100 52 91
107100 52 53
107100 74 123
107100 87 121
107100 96 113
107400 7 20
107400 7 56
107400 7 52
107400 14 101
107400 15 96
107400 16 51
107400 16 61
107400 16 54
107400 16 96
107400 16 36
107400 20 33
107400 20 69
107400 20 101
107400 24 74
107400 36 54
107400 36 101
107400 36 77
107400 45 52
107400 45 51
107400 47 71
107400 50 73
107400 51 78
107400 52 101
107400 52 87
107400 54 71
107400 74 123
107400 74 79
107400 96 113
107700 1 122
107700 7 56
107700 7 52
107700 7 23
107700 9 45
107700 14 101
107700 15 96
107700 16 96
107700 16 61
107700 16 36
107700 16 54
107700 16 121
107700 20 101
107700 23 48
107700 36 101
107700 41 51
107700 48 122
107700 51 78
107700 54 57
107700 57 121
107700 57 79
107700 74 123
107700 74 121
107700 96 113
107700 99 121
108000 7 56
108000 7 52
108000 7 23
108000 12 82
108000 12 45
108000 12 71
108000 16 54
108000 16 61
108000 17 21
108000 20 33
108000 20 52
108000 21 122
108000 21 79
108000 23 48
108000 23 44
108000 39 96
108000 51 78
108000 54 57
108000 57 121
108000 71 101
108000 74 123
108000 74 121
108000 96 113
108000 99 121
108000 107 121
108300 7 23
108300 7 52
108300 7 16
108300 12 71
108300 12 82
108300 12 45
108300 12 93
108300 12 36
108300 16 54
108300 16 56
108300 17 21
108300 21 79
108300 23 48
108300 32 56
108300 33 74
108300 39 96
108300 39 90
108300 41 44
108300 54 57
108300 57 121
108300 71 101
108300 74 121
108300 93 94
108300 96 113
108300 99 121
108300 107 121
108600 7 23
108600 12 71
108600 12 82
108600 12 45
108600 12 16
108600 12 56
108600 17 21
108600 21 82
108600 21 39
108600 23 48
108600 36 52
108600 36 113
108600 44 100
108600 52 67
108600 54 57
108600 57 121
108600 71 101
108600 93 94
108600 99 121
108600 107 121
108900 7 23
108900 12 93
108900 12 71
108900 12 45
108900 12 82
108900 14 53
108900 17 21
108900 21 79
108900 23 48
108900 39 90
108900 45 100
108900 46 94
108900 52 120
108900 107 121
109200 7 23
109200 12 45
109200 12 93
109200 14 53
109200 16 40
109200 16 67
109200 21 82
109200 21 67
109200 23 48
109200 36 113
109200 36 119
109200 40 45
109200 48 82
109200 99 121
109500 14 53
109500 16 67
109500 21 79
109500 21 82
109500 21 119
109500 21 107
109500 23 48
109500 23 31
109500 36 113
109500 36 119
109500 39 90
109500 48 93
109500 50 85
109500 52 120
109800 7 35
109800 14 53
109800 16 67
109800 21 79
109800 21 82
109800 36 119
109800 36 113
109800 39 90
109800 45 79
109800 52 120
109800 52 106
109800 58 124
109800 113 119
110100 1 39
110100 7 35
110100 14 53
110100 21 79
110100 36 113
110100 45 79
110100 52 106
110100 52 120
110100 71 106
110100 79 108
110400 1 6
110400 1 45
110400 7 35
110400 14 53
110400 21 82
110400 21 79
110400 26 36
110400 35 89
110400 36 71
110400 45 79
110400 71 106
110400 71 120
110400 79 108
110700 1 7
110700 7 35
110700 14 106
110700 21 79
110700 35 89
110700 35 53
110700 36 106
110700 115 117
111000 21 79
111000 26 36
111000 35 89
111000 41 89
111300 13 117
111300 21 57
111300 26 117
111300 26 56
111300 79 117
111600 12 13
111600 13 117
111600 13 41
111600 23 117
111600 26 117
111600 26 61
111600 41 117
111600 79 117
111900 12 13
111900 13 117
111900 17 117
111900 21 57
111900 26 61
111900 65 79
111900 69 124
111900 79 117
111900 117 122
112200 7 57
112200 13 117
112200 26 61
112200 69 124
112200 79 117
112200 117 122
112500 7 57
112500 13 117
112500 14 103
112500 26 61
112500 69 124
112500 117 122
112800 7 57
112800 13 117
112800 14 103
112800 69 124
112800 117 122
113100 7 57
113100 10 115
113100 14 103
113100 69 124
113100 91 120
113100 117 122
113400 10 115
113400 61 91
113400 69 124
113400 83 94
113400 117 122
113700 34 46
113700 38 63
113700 61 91
113700 69 124
113700 91 120
113700 117 122
114000 61 91
114000 69 124
114000 91 120
114300 13 90
114300 53 90
114300 91 120
114600 24 40
114900 5 100
115200 46 60
115500 16 37
115800 1 116
115800 1 58
115800 37 53
115800 53 58
115800 58 59
115800 59 67
115800 82 116
116100 37 53
116100 53 58
116100 58 59
116100 69 84
116400 37 53
116400 48 82
116700 4 84
116700 27 84
116700 71 107
116700 82 117
116700 84 86
117000 18 47
117000 48 82
117000 71 107
117000 75 102
117000 84 86
117300 20 80
117300 48 82
117300 84 86
117300 85 102
117600 20 80
117600 49 85
117600 49 75
117600 71 107
117600 75 102
117600 75 86
117600 84 86
117600 85 102
117900 20 51
117900 20 38
117900 51 53
117900 71 107
117900 85 102
118200 20 38
118200 30 54
118200 30 115
118200 30 82
118200 30 73
118500 14 16
118500 20 38
118500 71 107
118500 85 102
118800 20 38
118800 25 86
118800 71 107
118800 71 115
119100 5 61
119100 25 86
119100 34 86
119100 71 107
119100 85 102
119400 99 114
119700 1 5
119700 99 114
120000 1 5
120000 84 99
120000 84 114
120300 84 114
120300 84 99
120300 84 118
120600 1 76
120600 21 59
120600 84 99
120900 1 76
120900 50 79
122100 13 31
122100 13 45
122400 13 122
122700 20 31
124500 52 72
125100 40 69
125400 69 76
125700 69 76
126300 35 110
173400 19 28
173400 28 93
173400 54 92
173700 17 24
173700 28 93
173700 33 122
173700 34 75
173700 45 93
173700 45 49
173700 49 75
174000 8 106
174000 10 13
174000 16 24
174000 17 24
174000 18 37
174000 33 122
174000 34 75
174000 34 122
174000 45 49
174000 46 107
174000 59 93
174000 59 121
174300 3 13
174300 10 13
174300 13 56
174300 17 24
174300 34 75
174300 45 49
174300 46 62
174300 55 93
174300 58 110
174300 91 107
174600 10 13
174600 13 46
174600 17 24
174600 25 46
174600 34 75
174600 35 94
174600 45 49
174600 58 110
174600 77 105
174900 10 13
174900 17 24
174900 25 72
174900 34 75
174900 40 77
174900 45 49
174900 46 62
174900 73 120
174900 77 109
175200 5 97
175200 10 13
175200 12 120
175200 12 36
175200 18 64
175200 34 75
175200 39 53
175200 45 49
175200 46 62
175200 53 77
175200 64 77
175500 0 35
175500 1 35
175500 5 97
175500 10 13
175500 12 120
175500 12 36
175500 17 24
175500 18 64
175500 30 111
175500 34 75
175500 39 53
175500 45 49
175500 53 77
175500 64 77
175500 64 100
175500 70 100
175800 0 35
175800 5 97
175800 10 13
175800 11 100
175800 12 120
175800 12 36
175800 12 94
175800 17 24
175800 18 64
175800 34 75
175800 35 71
175800 37 70
175800 45 49
175800 45 124
175800 48 78
175800 53 85
175800 64 77
175800 69 105
175800 70 100
175800 77 98
175800 104 111
176100 0 35
176100 5 97
176100 12 120
176100 12 36
176100 17 24
176100 18 64
176100 34 75
176100 37 70
176100 39 53
176100 45 49
176100 45 124
176100 58 66
176100 62 69
176100 66 85
176100 73 94
176100 73 76
176100 104 111
176400 0 35
176400 5 97
176400 12 36
176400 17 24
176400 18 64
176400 27 94
176400 34 75
176400 35 71
176400 37 70
176400 39 53
176400 45 49
176400 45 74
176400 58 66
176400 69 105
176400 72 94
176400 73 76
176400 104 111
176700 0 35
176700 1 9
176700 5 97
176700 7 31
176700 9 31
176700 12 36
176700 17 24
176700 18 64
176700 35 71
176700 37 70
176700 39 53
176700 45 49
176700 58 66
176700 69 105
176700 73 76
176700 100 117
176700 104 111
177000 0 35
177000 1 9
177000 5 97
177000 7 31
177000 9 31
177000 12 36
177000 17 24
177000 18 64
177000 27 94
177000 27 83
177000 27 74
177000 35 71
177000 37 70
177000 39 53
177000 45 49
177000 58 66
177000 69 105
177000 100 117
177000 104 111
177300 0 35
177300 1 9
177300 5 97
177300 7 31
177300 9 31
177300 12 36
177300 17 24
177300 18 64
177300 27 74
177300 27 94
177300 35 71
177300 37 70
177300 45 49
177300 58 66
177300 69 105
177300 73 76
177300 76 78
177300 100 117
177300 104 111
177600 0 35
177600 1 9
177600 5 97
177600 7 31
177600 12 36
177600 17 24
177600 18 64
177600 27 94
177600 27 74
177600 35 71
177600 37 70
177600 45 49
177600 60 73
177600 69 105
177600 73 76
177600 76 78
177600 100 117
177600 104 111
177900 1 9
177900 5 97
177900 7 31
177900 17 24
177900 18 64
177900 27 74
177900 27 94
177900 35 71
177900 37 70
177900 45 49
177900 69 105
177900 73 76
177900 76 78
177900 100 117
177900 104 111
178200 0 35
178200 1 9
178200 5 97
178200 7 31
178200 12 36
178200 17 24
178200 27 94
178200 27 74
178200 35 71
178200 37 70
178200 48 61
178200 69 105
178200 76 78
178200 100 117
178200 104 111
178500 1 9
178500 5 97
178500 7 31
178500 12 36
178500 16 73
178500 17 24
178500 27 94
178500 27 74
178500 35 71
178500 37 70
178500 45 49
178500 48 61
178500 69 105
178500 73 76
178500 76 78
178500 85 113
178500 100 117
178500 104 111
178800 0 35
178800 1 9
178800 5 97
178800 7 31
178800 12 36
178800 16 73
178800 17 24
178800 25 83
178800 27 74
178800 27 94
178800 35 71
178800 37 70
178800 45 49
178800 69 105
178800 73 76
178800 85 113
178800 100 117
178800 104 111
179100 1 9
179100 5 97
179100 7 31
179100 12 36
179100 16 73
179100 17 24
179100 25 83
179100 27 94
179100 27 74
179100 35 71
179100 37 70
179100 45 49
179100 47 61
179100 48 61
179100 69 105
179100 73 76
179100 100 117
179100 104 111
179400 1 9
179400 5 97
179400 12 36
179400 16 73
179400 17 24
179400 18 118
179400 25 83
179400 27 74
179400 27 94
179400 35 71
179400 37 70
179400 45 49
179400 47 61
179400 48 61
179400 69 105
179400 100 117
179400 104 111
179700 1 9
179700 5 97
179700 7 31
179700 12 36
179700 17 24
179700 18 118
179700 25 83
179700 27 74
179700 27 94
179700 29 57
179700 35 71
179700 37 70
179700 45 49
179700 47 61
179700 69 105
179700 104 111
180000 1 9
180000 7 31
180000 12 36
180000 16 73
180000 17 24
180000 18 118
180000 25 83
180000 27 94
180000 27 74
180000 31 78
180000 37 70
180000 47 61
180000 69 105
180000 104 111
180300 7 31
180300 16 73
180300 17 24
180300 18 118
180300 25 83
180300 27 94
180300 27 74
180300 29 57
180300 35 71
180300 37 70
180300 45 49
180300 47 61
180300 69 105
180300 104 111
180600 7 31
180600 7 44
180600 7 102
180600 15 62
180600 15 31
180600 16 73
180600 18 118
180600 18 95
180600 22 34
180600 22 61
180600 22 27
180600 22 102
180600 25 83
180600 27 74
180600 27 94
180600 29 57
180600 34 102
180600 37 70
180600 62 90
180600 62 102
180600 69 105
180600 71 75
180600 102 118
180600 104 111
180900 2 61
180900 7 102
180900 15 82
180900 16 73
180900 20 33
180900 22 102
180900 22 61
180900 25 83
180900 27 94
180900 28 30
180900 28 110
180900 30 113
180900 30 82
180900 30 92
180900 31 104
180900 33 107
180900 34 102
180900 35 92
180900 37 70
180900 41 107
180900 47 61
180900 57 76
180900 62 102
180900 62 90
180900 62 107
180900 62 76
180900 66 75
180900 69 105
180900 69 107
180900 69 110
180900 71 75
180900 76 104
180900 102 118
180900 102 116
180900 104 111
181200 2 61
181200 2 90
181200 2 107
181200 2 11
181200 2 31
181200 7 31
181200 11 47
181200 14 107
181200 16 73
181200 20 33
181200 28 92
181200 29 57
181200 29 49
181200 29 107
181200 31 71
181200 31 58
181200 33 107
181200 37 70
181200 41 107
181200 57 76
181200 57 105
181200 62 90
181200 62 76
181200 62 107
181200 62 102
181200 69 107
181200 69 105
181200 71 75
181200 71 107
181200 92 124
181500 2 11
181500 4 93
181500 4 90
181500 11 47
181500 11 30
181500 11 92
181500 14 107
181500 14 110
181500 16 73
181500 20 33
181500 26 29
181500 28 33
181500 29 107
181500 29 57
181500 29 49
181500 29 73
181500 37 70
181500 69 105
181500 69 110
181500 71 75
181500 75 101
181500 76 104
181500 102 118
181800 2 31
181800 2 42
181800 2 106
181800 2 92
181800 7 31
181800 10 106
181800 10 36
181800 16 73
181800 20 33
181800 26 29
181800 29 73
181800 29 49
181800 29 107
181800 29 57
181800 29 31
181800 31 71
181800 31 58
181800 31 34
181800 31 76
181800 36 54
181800 36 118
181800 36 51
181800 36 76
181800 37 70
181800 42 121
181800 54 76
181800 59 61
181800 76 90
181800 95 101
181800 95 118
182100 2 31
182100 2 106
182100 2 92
182100 2 42
182100 8 11
182100 8 119
182100 9 17
182100 10 36
182100 10 106
182100 11 92
182100 11 30
182100 11 47
182100 11 106
182100 13 83
182100 16 73
182100 17 114
182100 17 83
182100 20 33
182100 26 29
182100 29 57
182100 31 34
182100 36 54
182100 36 76
182100 36 51
182100 36 111
182100 36 109
182100 37 70
182100 42 121
182100 42 106
182100 43 97
182100 43 123
182100 69 105
182100 71 75
182100 73 107
182100 75 101
182100 76 90
182100 95 101
182400 2 106
182400 8 11
182400 10 106
182400 10 53
182400 11 47
182400 11 30
182400 11 106
182400 11 17
182400 15 119
182400 16 73
182400 17 114
182400 17 83
182400 17 100
182400 20 33
182400 26 29
182400 29 57
182400 31 34
182400 32 119
182400 32 111
182400 37 70
182400 42 121
182400 42 106
182400 51 64
182400 61 121
182400 95 101
182400 106 114
182400 119 121
182700 1 48
182700 2 42
182700 8 11
182700 8 29
182700 9 14
182700 11 30
182700 11 17
182700 11 47
182700 14 53
182700 15 108
182700 16 73
182700 17 100
182700 17 114
182700 17 83
182700 19 114
182700 20 33
182700 24 79
182700 26 29
182700 27 61
182700 31 34
182700 32 111
182700 32 119
182700 37 70
182700 48 85
182700 51 111
182700 53 85
182700 57 83
182700 71 75
182700 75 101
182700 95 101
182700 99 117
182700 108 121
183000 2 42
183000 5 38
183000 5 65
183000 6 71
183000 8 75
183000 9 14
183000 11 30
183000 14 53
183000 16 73
183000 17 100
183000 20 33
183000 24 79
183000 25 99
183000 25 70
183000 26 29
183000 29 57
183000 31 34
183000 32 46
183000 37 70
183000 42 121
183000 42 109
183000 42 96
183000 42 75
183000 51 111
183000 51 64
183000 57 83
183000 70 89
183000 75 109
183000 95 101
183300 5 65
183300 5 38
183300 5 14
183300 5 20
183300 5 9
183300 5 8
183300 6 71
183300 8 75
183300 8 29
183300 8 11
183300 8 59
183300 8 44
183300 11 30
183300 16 73
183300 17 100
183300 20 109
183300 24 79
183300 25 105
183300 25 101
183300 25 59
183300 26 29
183300 31 34
183300 37 70
183300 42 109
183300 42 121
183300 51 64
183300 51 111
183300 57 83
183300 59 71
183300 59 109
183300 75 109
183300 95 101
183600 4 14
183600 5 8
183600 5 9
183600 5 65
183600 6 71
183600 6 38
183600 8 44
183600 8 11
183600 8 75
183600 8 59
183600 8 31
183600 8 115
183600 8 124
183600 14 53
183600 16 73
183600 17 100
183600 20 109
183600 24 79
183600 26 29
183600 42 75
183600 42 109
183600 42 96
183600 42 121
183600 51 64
183600 51 111
183600 51 107
183600 57 83
183600 59 109
183600 75 109
183600 83 96
183600 95 101
183900 4 14
183900 5 9
183900 5 65
183900 6 71
183900 6 38
183900 8 31
183900 8 44
183900 8 11
183900 14 53
183900 14 64
183900 14 102
183900 16 42
183900 17 100
183900 24 79
183900 26 29
183900 26 86
183900 29 101
183900 42 96
183900 42 109
183900 42 75
183900 51 107
183900 57 83
183900 69 115
183900 83 96
183900 95 101
184200 4 14
184200 5 9
184200 5 65
184200 5 8
184200 6 71
184200 6 38
184200 8 59
184200 8 44
184200 8 11
184200 8 75
184200 14 53
184200 14 102
184200 17 100
184200 51 64
184200 51 111
184200 57 83
184200 59 109
184200 61 104
184200 75 109
184200 83 96
184500 4 14
184500 5 9
184500 6 38
184500 6 71
184500 8 11
184500 8 44
184500 8 59
184500 8 31
184500 8 75
184500 14 53
184500 14 102
184500 17 100
184500 26 86
184500 26 29
184500 29 101
184500 51 111
184500 57 83
184500 59 109
184500 61 86
184500 75 109
184500 83 96
184500 92 111
184500 95 101
184800 3 37
184800 4 14
184800 5 65
184800 5 8
184800 6 71
184800 6 38
184800 8 44
184800 8 31
184800 8 59
184800 8 75
184800 8 11
184800 14 53
184800 14 102
184800 26 29
184800 29 101
184800 51 111
184800 57 83
184800 59 109
184800 61 86
184800 75 109
184800 95 101
185100 4 14
185100 5 65
185100 5 8
185100 8 44
185100 8 31
185100 8 59
185100 8 11
185100 14 53
185100 14 102
185100 17 100
185100 26 86
185100 26 29
185100 29 101
185100 51 111
185100 57 83
185100 59 109
185100 61 86
185100 92 111
185400 4 14
185400 5 65
185400 6 38
185400 6 71
185400 8 75
185400 8 44
185400 8 31
185400 8 11
185400 14 53
185400 26 29
185400 26 86
185400 29 101
185400 51 111
185400 59 109
185400 75 109
185700 4 14
185700 5 65
185700 5 8
185700 6 38
185700 6 71
185700 8 31
185700 8 44
185700 8 75
185700 8 11
185700 8 59
185700 13 30
185700 14 53
185700 26 86
185700 29 101
185700 51 111
185700 59 109
185700 75 109
185700 87 88
185700 92 111
186000 4 14
186000 5 65
186000 6 38
186000 6 71
186000 8 44
186000 8 31
186000 8 75
186000 8 11
186000 26 86
186000 28 77
186000 29 101
186000 51 111
186000 59 109
186000 75 109
186000 87 88
186000 92 111
186300 4 14
186300 6 38
186300 6 71
186300 8 44
186300 8 31
186300 14 53
186300 26 86
186300 28 77
186300 29 101
186300 51 111
186300 59 109
186300 87 88
186600 4 14
186600 6 71
186600 8 75
186600 8 44
186600 15 24
186600 22 55
186600 26 86
186600 28 77
186600 29 101
186600 51 111
186600 59 109
186600 75 109
186600 87 88
186600 92 111
186900 4 14
186900 8 44
186900 8 75
186900 14 53
186900 26 86
186900 28 77
186900 29 101
186900 41 52
186900 51 111
186900 59 109
186900 75 109
186900 92 111
187200 4 14
187200 6 71
187200 8 44
187200 8 75
187200 14 53
187200 22 55
187200 26 86
187200 28 77
187200 41 52
187200 51 111
187200 59 109
187500 4 14
187500 6 71
187500 8 44
187500 8 75
187500 14 53
187500 26 86
187500 28 77
187500 29 101
187500 41 52
187500 51 111
187500 92 111
187800 4 14
187800 6 71
187800 8 44
187800 8 75
187800 26 86
187800 27 116
187800 28 77
187800 29 101
187800 41 52
187800 51 111
187800 55 60
187800 58 116
187800 90 116
187800 92 111
188100 4 14
188100 6 71
188100 8 44
188100 8 75
188100 11 14
188100 11 66
188100 14 15
188100 28 77
188100 29 101
188100 41 52
188100 51 111
188100 55 60
188100 66 70
188400 0 35
188400 4 14
188400 6 71
188400 8 75
188400 11 66
188400 15 111
188400 28 77
188400 28 48
188400 29 101
188400 35 111
188400 41 52
188400 51 111
188400 55 60
188400 66 70
188700 4 14
188700 8 75
188700 8 48
188700 8 11
188700 11 94
188700 28 77
188700 29 101
188700 51 111
188700 55 60
189000 4 14
189000 8 11
189000 28 77
189000 28 116
189000 29 101
189000 55 60
189300 4 14
189300 9 116
189300 11 94
189300 11 116
189300 28 116
189300 29 101
189300 41 50
189300 55 60
189300 81 94
189600 1 81
189600 4 14
189600 11 94
189600 11 116
189600 21 95
189600 28 106
189600 29 101
189600 39 86
189600 55 60
189600 81 93
189600 95 106
189600 95 114
189900 1 81
189900 4 14
189900 21 95
189900 21 106
189900 29 101
189900 35 114
189900 55 60
189900 89 105
189900 95 114
190200 4 14
190200 21 106
190200 21 95
190200 27 51
190200 29 101
190200 35 114
190200 53 89
190200 81 95
190200 89 105
190200 95 114
190500 4 14
190500 21 106
190500 27 51
190500 29 101
190500 53 89
190500 57 58
190500 67 104
190500 89 105
190800 4 14
190800 17 83
190800 17 101
190800 21 106
190800 27 51
190800 34 46
190800 53 89
190800 57 58
190800 58 71
190800 89 105
191100 4 14
191100 5 34
191100 9 120
191100 17 101
191100 17 83
191100 21 106
191100 32 84
191100 34 46
191100 53 89
191100 57 58
191100 59 84
191100 89 105
191400 3 5
191400 4 14
191400 17 101
191400 17 83
191400 21 106
191400 27 41
191400 34 46
191400 53 89
191400 58 71
191400 71 120
191400 89 105
191700 3 5
191700 4 14
191700 5 34
191700 7 71
191700 17 101
191700 21 106
191700 53 89
191700 87 89
191700 91 104
192000 1 26
192000 1 104
192000 3 5
192000 4 14
192000 5 25
192000 6 60
192000 7 71
192000 17 101
192000 21 106
192000 24 65
192000 25 96
192000 25 101
192000 58 71
192000 91 101
192000 97 101
192300 4 14
192300 5 25
192300 6 18
192300 7 71
192300 18 26
192300 18 96
192300 18 92
192300 20 58
192300 25 96
192300 25 101
192300 38 96
192300 50 92
192300 60 92
192300 91 104
192300 91 101
192300 91 97
192300 97 101
192300 101 105
192600 1 66
192600 3 91
192600 4 14
192600 5 25
192600 5 75
192600 5 92
192600 6 18
192600 7 71
192600 18 26
192600 18 96
192600 18 92
192600 25 101
192600 25 96
192600 40 52
192600 52 74
192600 60 92
192600 64 88
192600 74 96
192600 88 92
192600 91 101
192600 97 101
192600 101 105
192900 5 25
192900 5 91
192900 6 18
192900 7 71
192900 18 26
192900 18 96
192900 25 96
192900 25 101
192900 43 50
192900 50 91
192900 50 54
192900 52 58
192900 101 105
193200 1 66
193200 3 91
193200 4 14
193200 5 91
193200 5 92
193200 5 57
193200 6 18
193200 7 71
193200 18 26
193200 18 92
193200 18 96
193200 18 58
193200 25 69
193200 31 49
193200 43 50
193200 50 54
193200 50 91
193200 51 58
193200 60 92
193200 71 96
193200 88 92
193200 91 101
193200 94 107
193200 101 105
193500 1 34
193500 3 91
193500 5 92
193500 5 91
193500 5 25
193500 7 75
193500 7 23
193500 14 71
193500 16 42
193500 18 96
193500 18 26
193500 18 92
193500 23 54
193500 23 63
193500 25 69
193500 31 49
193500 31 60
193500 39 106
193500 41 71
193500 41 92
193500 41 46
193500 41 91
193500 42 113
193500 43 50
193500 45 96
193500 46 58
193500 48 110
193500 50 54
193500 54 60
193500 54 101
193500 55 75
193500 58 75
193500 60 92
193500 88 92
193500 91 101
193500 101 105
193800 3 91
193800 5 57
193800 5 92
193800 5 91
193800 6 18
193800 6 22
193800 7 23
193800 7 71
193800 13 45
193800 14 71
193800 18 26
193800 19 34
193800 22 46
193800 22 48
193800 23 54
193800 23 63
193800 30 118
193800 30 46
193800 31 60
193800 31 49
193800 39 54
193800 41 114
193800 43 50
193800 45 117
193800 46 84
193800 51 58
193800 54 101
193800 54 60
193800 55 75
193800 60 92
193800 60 69
193800 69 73
193800 69 121
193800 71 96
193800 91 101
193800 101 105
194100 1 34
194100 5 91
194100 5 92
194100 6 22
194100 6 18
194100 6 69
194100 7 23
194100 7 92
194100 12 92
194100 13 45
194100 18 26
194100 18 44
194100 18 95
194100 19 34
194100 22 46
194100 22 48
194100 22 34
194100 22 41
194100 23 63
194100 23 54
194100 25 69
194100 30 118
194100 30 46
194100 31 49
194100 31 60
194100 39 106
194100 39 86
194100 41 114
194100 41 111
194100 45 117
194100 45 96
194100 46 58
194100 46 84
194100 46 110
194100 48 110
194100 54 60
194100 54 101
194100 58 75
194100 60 92
194100 60 69
194100 69 121
194100 69 73
194100 91 101
194100 96 101
194400 1 34
194400 1 6
194400 1 64
194400 5 57
194400 5 91
194400 5 92
194400 5 34
194400 6 18
194400 6 26
194400 12 92
194400 13 45
194400 15 65
194400 18 95
194400 18 44
194400 18 41
194400 19 34
194400 22 48
194400 23 63
194400 23 54
194400 23 96
194400 25 92
194400 25 48
194400 30 46
194400 30 118
194400 31 116
194400 39 54
194400 39 86
194400 39 106
194400 45 117
194400 48 90
194400 54 60
194400 54 91
194400 69 73
194400 91 101
194400 92 111
194400 96 116
194400 110 111
194700 1 34
194700 1 64
194700 1 6
194700 1 12
194700 1 60
194700 5 91
194700 5 92
194700 5 57
194700 5 90
194700 6 18
194700 6 26
194700 6 69
194700 6 22
194700 6 116
194700 6 39
194700 7 17
194700 12 92
194700 15 92
194700 17 46
194700 17 69
194700 18 44
194700 18 95
194700 18 41
194700 19 34
194700 22 46
194700 22 34
194700 22 41
194700 22 30
194700 23 54
194700 23 63
194700 25 69
194700 25 92
194700 29 97
194700 30 118
194700 31 116
194700 33 73
194700 38 92
194700 39 106
194700 39 73
194700 46 84
194700 46 110
194700 46 58
194700 60 116
194700 69 121
194700 91 101
194700 92 111
194700 96 116
195000 1 6
195000 1 34
195000 1 95
195000 1 69
195000 3 107
195000 5 57
195000 6 39
195000 7 17
195000 12 92
195000 17 69
195000 17 46
195000 17 107
195000 18 41
195000 19 34
195000 22 48
195000 23 96
195000 25 48
195000 26 116
195000 29 97
195000 32 39
195000 37 60
195000 39 86
195000 39 73
195000 39 44
195000 41 73
195000 46 84
195000 48 90
195000 52 116
195000 54 91
195000 69 121
195000 91 101
195000 96 116
195000 110 111
195300 1 64
195300 3 107
195300 5 57
195300 5 92
195300 15 92
195300 17 107
195300 19 34
195300 22 48
195300 22 69
195300 25 48
195300 26 116
195300 29 97
195300 29 69
195300 30 113
195300 38 92
195300 39 86
195300 45 48
195300 46 84
195300 48 90
195300 48 77
195300 52 116
195300 54 118
195300 91 101
195300 92 111
195300 96 118
195300 110 111
195600 1 64
195600 1 44
195600 3 107
195600 3 51
195600 5 92
195600 15 92
195600 17 107
195600 19 34
195600 22 69
195600 22 48
195600 23 69
195600 23 88
195600 23 66
195600 23 118
195600 25 48
195600 29 69
195600 29 97
195600 30 121
195600 30 50
195600 42 48
195600 44 88
195600 44 64
195600 44 121
195600 46 84
195600 48 77
195600 48 90
195600 48 101
195600 54 118
195600 64 110
195600 69 92
195600 96 118
195600 110 111
195900 1 44
195900 3 51
195900 3 107
195900 5 92
195900 17 107
195900 22 69
195900 23 88
195900 23 69
195900 29 69
195900 29 97
195900 30 50
195900 35 118
195900 38 92
195900 39 86
195900 44 88
195900 44 92
195900 46 84
195900 48 77
195900 54 64
195900 63 69
195900 92 96
195900 96 118
195900 110 111
196200 1 44
196200 3 51
196200 3 107
196200 3 49
196200 17 107
196200 22 48
196200 22 69
196200 23 88
196200 25 48
196200 28 54
196200 29 97
196200 35 118
196200 38 92
196200 39 86
196200 42 48
196200 44 88
196200 44 118
196200 44 66
196200 46 84
196200 48 90
196200 48 101
196200 66 118
196200 110 111
196500 1 44
196500 3 51
196500 3 25
196500 5 92
196500 17 29
196500 23 88
196500 28 54
196500 29 44
196500 35 64
196500 39 86
196500 42 48
196500 44 118
196500 44 88
196500 44 107
196500 63 69
196500 64 101
196500 101 114
196500 110 111
196800 1 44
196800 3 32
196800 3 44
196800 23 88
196800 29 44
196800 29 32
196800 38 86
196800 39 92
196800 42 48
196800 44 118
196800 44 107
196800 44 88
196800 44 123
196800 84 105
196800 110 111
197100 3 44
197100 3 32
197100 3 111
197100 3 86
197100 9 25
197100 17 29
197100 23 88
197100 25 107
197100 35 64
197100 39 92
197100 41 118
197100 42 117
197100 44 88
197100 110 111
197400 3 44
197400 3 32
197400 3 111
197400 3 13
197400 9 25
197400 13 78
197400 13 64
197400 23 88
197400 23 38
197400 24 31
197400 39 92
197400 41 118
197400 42 117
197400 44 88
197400 64 113
197400 110 111
197700 1 113
197700 3 32
197700 9 25
197700 22 113
197700 23 38
197700 24 31
197700 25 107
197700 36 112
197700 39 92
197700 42 117
197700 64 113
197700 110 111
198000 9 25
198000 9 98
198000 13 64
198000 24 31
198000 38 113
198000 39 92
198000 64 113
198000 105 123
198000 110 111
198300 1 113
198300 3 32
198300 9 25
198300 13 85
198300 24 31
198300 31 85
198300 42 117
198300 45 113
198300 82 120
198300 111 113
198600 1 113
198600 9 25
198600 24 31
198600 82 120
198900 9 25
198900 13 101
198900 22 40
198900 24 31
199200 9 25
199200 13 19
199200 22 40
199200 75 119
199500 6 77
199500 9 25
199500 9 100
199500 72 81
199500 75 119
199800 9 100
200100 10 12
200100 25 65
200400 24 68
200700 2 103
201000 16 123
201000 21 35
201300 21 35
201300 63 97
201600 21 35
201600 29 113
201600 51 95
201900 29 113
201900 29 82
201900 51 95
202200 21 35
202200 29 82
202200 73 82
202200 74 95
202500 29 82
202500 74 95
202500 74 104
202800 13 38
202800 21 112
202800 29 82
202800 70 104
202800 74 95
203100 6 65
203100 70 104
203400 16 24
203400 24 42
203400 29 82
203700 11 15
203700 15 47
203700 29 82
203700 112 122
204000 29 84
204300 20 55
204300 29 82
204600 67 98
204900 20 55
204900 77 103
204900 107 108
205200 16 108
205200 16 64
205200 67 98
205200 77 103
205500 20 101
205500 27 70
205800 89 121
206100 81 118
207300 17 55
207600 37 58
207600 83 88
208500 46 62
212700 24 35
259800 14 57
259800 34 93
259800 93 111
260100 13 106
260100 13 74
260100 41 87
260100 51 99
260100 67 96
260100 99 111
260400 13 106
260400 15 58
260400 16 123
260400 27 96
260400 29 96
260400 43 63
260400 51 99
260400 58 92
260400 74 123
260400 99 111
260700 4 74
260700 13 106
260700 14 112
260700 15 58
260700 15 16
260700 16 123
260700 16 74
260700 29 96
260700 29 74
260700 43 63
260700 43 99
260700 51 99
260700 57 112
260700 58 92
260700 61 122
260700 74 123
260700 99 111
261000 4 74
261000 13 106
261000 15 91
261000 16 106
261000 18 84
261000 18 94
261000 29 96
261000 32 67
261000 35 103
261000 51 99
261000 58 109
261000 61 122
261000 74 123
261000 91 98
261000 92 123
261000 99 111
261300 1 69
261300 4 74
261300 10 68
261300 13 106
261300 15 91
261300 16 74
261300 18 94
261300 25 52
261300 29 74
261300 29 96
261300 32 67
261300 32 119
261300 32 52
261300 43 63
261300 51 99
261300 61 122
261300 92 123
261600 2 16
261600 3 68
261600 10 68
261600 13 106
261600 16 24
261600 18 94
261600 19 79
261600 25 52
261600 29 96
261600 32 52
261600 32 76
261600 42 65
261600 61 122
261600 62 73
261600 90 104
261600 92 123
261900 10 68
261900 13 106
261900 16 73
261900 16 110
261900 16 79
261900 19 79
261900 24 41
261900 29 96
261900 32 119
261900 32 41
261900 42 65
261900 52 73
261900 61 122
261900 73 110
261900 79 90
261900 90 104
261900 90 98
261900 92 123
262200 3 68
262200 4 120
262200 10 68
262200 13 106
262200 19 79
262200 24 73
262200 24 52
262200 25 52
262200 28 102
262200 42 65
262200 52 73
262200 61 122
262200 73 110
262200 73 90
262200 73 79
262200 90 104
262200 92 123
262500 3 68
262500 4 120
262500 4 47
262500 13 106
262500 28 102
262500 29 96
262500 42 65
262500 47 90
262500 61 122
262500 73 110
262500 90 104
262500 92 123
262500 102 121
262800 3 68
262800 4 120
262800 27 121
262800 28 102
262800 42 65
262800 47 59
262800 61 122
262800 63 102
262800 73 110
262800 82 101
262800 90 104
263100 3 68
263100 18 23
263100 23 95
263100 28 102
263100 61 122
263100 67 95
263100 73 110
263100 75 100
263100 82 101
263100 90 104
263400 3 68
263400 18 23
263400 23 95
263400 24 52
263400 27 121
263400 42 65
263400 47 59
263400 59 74
263400 61 122
263400 67 95
263400 67 112
263400 73 110
263400 82 101
263400 90 104
263700 3 68
263700 18 23
263700 23 95
263700 27 121
263700 42 65
263700 47 59
263700 59 74
263700 67 95
263700 73 110
263700 82 101
263700 90 104
264000 3 68
264000 18 23
264000 23 95
264000 27 121
264000 33 53
264000 42 65
264000 47 59
264000 53 92
264000 61 122
264000 67 112
264000 67 95
264000 73 110
264000 82 101
264000 96 122
264300 3 68
264300 18 23
264300 23 95
264300 27 121
264300 33 53
264300 42 65
264300 47 59
264300 61 122
264300 67 95
264300 69 79
264300 73 110
264300 96 122
264600 0 101
264600 3 68
264600 18 23
264600 23 95
264600 27 121
264600 33 53
264600 36 43
264600 47 59
264600 61 122
264600 73 110
264600 82 101
264600 96 122
264900 0 101
264900 3 68
264900 18 23
264900 23 95
264900 27 121
264900 33 53
264900 47 59
264900 61 122
264900 73 110
264900 82 101
264900 82 118
265200 0 101
265200 18 23
265200 22 54
265200 27 121
265200 33 53
265200 47 59
265200 56 62
265200 61 122
265200 73 110
265200 82 101
265200 92 97
265500 0 101
265500 3 68
265500 18 23
265500 22 54
265500 27 121
265500 33 53
265500 47 59
265500 56 62
265500 73 110
265500 82 101
265500 92 97
265800 0 101
265800 18 23
265800 22 54
265800 26 41
265800 27 121
265800 33 53
265800 47 59
265800 73 110
265800 82 101
265800 92 97
266100 0 101
266100 22 54
266100 25 56
266100 26 41
266100 27 121
266100 33 53
266100 47 59
266100 56 62
266100 56 100
266100 82 101
266100 92 97
266400 0 101
266400 8 39
266400 22 54
266400 25 56
266400 26 41
266400 27 121
266400 33 53
266400 47 59
266400 56 100
266400 56 62
266400 82 101
266700 0 101
266700 8 39
266700 22 54
266700 25 56
266700 26 41
266700 27 121
266700 33 53
266700 47 59
266700 56 62
266700 92 97
267000 0 101
267000 8 39
267000 10 105
267000 22 54
267000 26 41
267000 27 121
267000 31 97
267000 39 112
267000 40 98
267000 47 59
267000 48 97
267000 53 118
267000 56 62
267000 56 100
267000 73 99
267000 92 101
267300 0 101
267300 2 34
267300 2 81
267300 8 39
267300 10 85
267300 20 81
267300 22 54
267300 27 121
267300 27 81
267300 47 59
267300 48 78
267300 48 58
267300 53 118
267300 56 62
267300 70 90
267300 70 85
267300 73 99
267300 81 110
267300 92 101
267300 92 97
267600 1 15
267600 2 21
267600 8 39
267600 9 22
267600 9 48
267600 10 85
267600 10 105
267600 10 87
267600 13 121
267600 13 90
267600 13 97
267600 15 18
267600 15 111
267600 15 92
267600 15 101
267600 21 22
267600 22 54
267600 27 81
267600 27 121
267600 34 73
267600 47 59
267600 48 78
267600 48 58
267600 56 62
267600 70 85
267600 90 97
267600 92 97
267600 111 119
267900 1 15
267900 2 21
267900 2 96
267900 2 35
267900 8 39
267900 9 22
267900 13 97
267900 13 121
267900 13 45
267900 15 92
267900 15 101
267900 15 111
267900 15 18
267900 15 122
267900 20 35
267900 21 22
267900 21 72
267900 21 105
267900 22 54
267900 27 35
267900 35 39
267900 35 102
267900 47 59
267900 47 110
267900 48 58
267900 51 80
267900 56 62
267900 70 118
267900 76 97
267900 84 122
267900 85 96
267900 94 96
268200 2 35
268200 5 85
268200 8 39
268200 13 121
268200 15 111
268200 15 101
268200 16 70
268200 16 35
268200 20 35
268200 22 54
268200 22 94
268200 27 35
268200 35 102
268200 35 39
268200 35 111
268200 35 85
268200 35 84
268200 36 84
268200 36 94
268200 36 98
268200 36 108
268200 36 85
268200 38 95
268200 47 59
268200 48 58
268200 56 62
268200 70 118
268200 70 85
268200 76 97
268200 84 122
268200 84 96
268200 84 95
268200 85 96
268200 85 98
268200 94 96
268200 96 98
268200 98 122
268500 5 85
268500 5 36
268500 5 39
268500 5 95
268500 5 21
268500 13 121
268500 15 111
268500 15 101
268500 16 70
268500 20 35
268500 21 102
268500 21 82
268500 22 54
268500 22 94
268500 27 35
268500 35 85
268500 36 85
268500 36 108
268500 36 84
268500 36 98
268500 36 83
268500 36 93
268500 36 95
268500 47 59
268500 47 110
268500 48 58
268500 56 62
268500 70 85
268500 80 110
268500 84 96
268500 85 96
268500 85 112
268500 85 95
268500 94 96
268500 96 98
268800 13 121
268800 20 35
268800 21 102
268800 22 54
268800 22 111
268800 23 66
268800 27 66
268800 36 93
268800 36 84
268800 36 108
268800 36 94
268800 40 87
268800 47 59
268800 47 110
268800 47 66
268800 48 58
268800 56 62
268800 66 81
268800 70 118
268800 80 110
268800 84 96
269100 13 57
269100 15 111
269100 20 35
269100 21 102
269100 22 111
269100 22 54
269100 23 65
269100 27 111
269100 31 87
269100 34 41
269100 36 108
269100 36 93
269100 47 59
269100 48 58
269100 56 62
269100 60 110
269100 84 96
269100 84 116
269100 116 121
269400 2 16
269400 7 52
269400 7 122
269400 13 121
269400 20 35
269400 21 102
269400 22 122
269400 23 65
269400 27 111
269400 29 89
269400 31 87
269400 34 122
269400 36 93
269400 41 116
269400 41 122
269400 48 58
269400 50 56
269400 58 116
269400 59 122
269400 84 116
269400 84 96
269400 93 122
269400 116 121
269700 0 50
269700 7 122
269700 7 90
269700 7 44
269700 13 121
269700 18 123
269700 18 84
269700 20 35
269700 21 102
269700 21 64
269700 22 122
269700 23 65
269700 31 87
269700 34 122
269700 35 64
269700 36 93
269700 41 122
269700 44 74
269700 44 50
269700 44 122
269700 44 90
269700 48 58
269700 50 56
269700 50 67
269700 50 64
269700 59 122
269700 64 122
269700 64 90
269700 64 123
269700 74 90
269700 83 119
269700 84 96
270000 4 111
270000 4 14
270000 7 44
270000 7 90
270000 7 64
270000 7 124
270000 13 121
270000 14 96
270000 20 35
270000 20 90
270000 20 124
270000 21 64
270000 22 122
270000 22 90
270000 23 65
270000 27 111
270000 31 87
270000 34 122
270000 35 64
270000 40 67
270000 41 122
270000 41 63
270000 44 90
270000 44 50
270000 44 74
270000 44 122
270000 44 64
270000 48 58
270000 49 73
270000 50 64
270000 50 56
270000 51 124
270000 59 122
270000 64 122
270000 64 90
270000 67 74
270000 74 90
270000 74 124
270000 74 83
270000 83 119
270000 90 124
270300 3 61
270300 4 35
270300 6 84
270300 7 124
270300 7 90
270300 7 64
270300 7 44
270300 9 91
270300 9 124
270300 13 121
270300 14 96
270300 14 73
270300 14 31
270300 18 84
270300 18 123
270300 20 124
270300 22 43
270300 23 66
270300 31 87
270300 31 66
270300 34 122
270300 36 93
270300 39 73
270300 41 63
270300 43 91
270300 43 61
270300 44 74
270300 48 58
270300 49 73
270300 49 124
270300 56 74
270300 64 123
270300 67 74
270300 74 124
270300 74 83
270300 74 90
270300 83 119
270300 84 96
270300 90 124
270600 3 61
270600 4 111
270600 6 84
270600 9 124
270600 9 91
270600 13 121
270600 14 31
270600 14 73
270600 14 96
270600 18 84
270600 18 123
270600 20 90
270600 20 35
270600 21 64
270600 23 65
270600 23 66
270600 27 111
270600 31 66
270600 36 93
270600 39 73
270600 39 51
270600 41 63
270600 43 61
270600 43 91
270600 44 50
270600 48 58
270600 49 124
270600 50 64
270600 64 123
270600 67 74
270600 74 83
270600 83 119
270600 84 96
270900 3 61
270900 4 111
270900 6 84
270900 9 124
270900 13 121
270900 14 73
270900 14 96
270900 14 31
270900 18 84
270900 18 123
270900 20 90
270900 20 35
270900 23 65
270900 27 111
270900 31 87
270900 31 66
270900 34 122
270900 36 93
270900 39 73
270900 41 63
270900 42 65
270900 43 61
270900 44 50
270900 48 58
270900 49 124
270900 50 64
270900 64 123
270900 67 74
270900 74 83
270900 83 119
270900 84 96
271200 3 61
271200 6 84
271200 9 91
271200 9 124
271200 10 102
271200 13 121
271200 14 31
271200 18 123
271200 18 84
271200 20 35
271200 20 90
271200 23 65
271200 27 111
271200 31 66
271200 31 87
271200 36 93
271200 39 73
271200 41 63
271200 43 91
271200 43 61
271200 44 50
271200 48 58
271200 49 124
271200 50 64
271200 64 123
271200 67 74
271200 74 83
271200 83 119
271200 84 96
271500 3 61
271500 4 111
271500 6 84
271500 7 97
271500 9 124
271500 9 91
271500 10 102
271500 13 121
271500 14 73
271500 18 84
271500 20 35
271500 23 65
271500 26 76
271500 27 111
271500 31 87
271500 31 66
271500 36 93
271500 39 73
271500 41 63
271500 42 65
271500 43 91
271500 43 61
271500 44 50
271500 48 58
271500 67 74
271500 74 83
271500 83 119
271500 84 96
271800 3 61
271800 4 111
271800 6 84
271800 7 97
271800 9 124
271800 10 102
271800 14 31
271800 14 73
271800 18 84
271800 18 123
271800 20 90
271800 20 35
271800 26 76
271800 27 111
271800 31 66
271800 31 87
271800 36 93
271800 41 63
271800 43 61
271800 43 91
271800 44 50
271800 48 58
271800 49 124
271800 50 64
271800 64 123
271800 67 74
271800 83 119
271800 84 96
