0 0 95
0 0 97
0 3 23
0 5 95
0 7 10
0 7 37
0 9 55
0 9 23
0 10 107
0 12 16
0 12 15
0 15 90
0 17 23
0 21 97
0 21 48
0 23 30
0 23 104
0 25 59
0 25 64
0 26 104
0 26 63
0 34 51
0 37 101
0 37 65
0 43 57
0 43 121
0 47 90
0 48 51
0 55 90
0 64 81
0 64 107
0 70 90
0 73 119
0 81 81
0 101 121
300 0 97
300 0 95
300 0 81
300 5 95
300 7 10
300 9 55
300 9 23
300 9 48
300 10 107
300 12 15
300 12 16
300 12 51
300 12 30
300 15 90
300 15 101
300 21 48
300 21 97
300 25 59
300 25 64
300 25 101
300 25 73
300 26 55
300 34 51
300 37 65
300 43 57
300 47 90
300 48 51
300 55 90
300 64 81
300 64 107
300 73 119
300 101 107
600 0 95
600 7 37
600 9 23
600 9 55
600 10 107
600 12 15
600 12 26
600 15 90
600 21 48
600 21 78
600 25 59
600 25 32
600 32 86
600 34 51
600 37 101
600 37 65
600 48 51
600 55 90
600 64 107
600 64 103
600 73 119
600 84 100
600 95 97
900 9 55
900 9 23
900 10 107
900 12 15
900 15 90
900 21 48
900 25 59
900 32 86
900 34 51
900 37 44
900 47 90
900 48 51
900 63 80
900 64 107
900 73 119
900 75 80
900 95 97
1200 9 23
1200 9 55
1200 9 15
1200 10 107
1200 12 15
1200 21 48
1200 32 86
1200 34 51
1200 37 101
1200 48 106
1200 51 54
1200 66 75
1200 74 75
1200 75 80
1200 79 107
1200 95 97
1500 0 104
1500 0 54
1500 9 15
1500 9 23
1500 9 55
1500 10 107
1500 16 50
1500 32 86
1500 41 68
1500 41 54
1500 48 106
1500 51 54
1500 54 66
1500 56 94
1500 62 94
1500 68 75
1500 95 97
1800 0 54
1800 4 38
1800 4 9
1800 41 68
1800 48 106
1800 56 94
1800 62 94
1800 68 75
2100 0 54
2100 4 38
2100 4 9
2100 9 55
2100 16 50
2100 38 107
2100 48 106
2100 62 94
2100 65 68
2100 68 75
2100 73 94
2400 0 54
2400 4 32
2400 8 83
2400 9 55
2400 19 36
2400 31 38
2400 31 118
2400 38 53
2400 40 68
2400 41 68
2400 48 106
2400 55 68
2400 62 94
2400 68 75
2700 0 54
2700 4 32
2700 4 22
2700 8 83
2700 8 97
2700 13 36
2700 16 50
2700 31 32
2700 48 106
2700 68 75
3000 0 54
3000 8 93
3000 16 50
3000 30 88
3000 32 97
3000 36 79
3000 36 90
3000 48 106
3000 59 110
3000 60 110
3000 68 75
3300 0 54
3300 16 50
3300 18 88
3300 18 36
3300 30 88
3300 32 97
3300 32 59
3300 36 72
3300 48 106
3300 55 97
3300 59 110
3300 60 110
3300 71 95
3300 80 97
3300 95 97
3600 0 54
3600 16 50
3600 18 88
3600 18 36
3600 32 97
3600 48 106
3600 55 104
3600 60 110
3600 62 110
3600 71 95
3600 95 97
3900 16 50
3900 18 100
3900 32 97
3900 36 72
3900 55 104
3900 55 97
3900 55 90
3900 55 101
3900 59 110
3900 60 110
3900 71 95
3900 95 104
3900 101 107
3900 111 116
4200 16 50
4200 18 88
4200 32 97
4200 36 72
4200 55 97
4200 55 90
4200 55 104
4200 55 101
4200 60 110
4200 71 95
4200 101 107
4500 16 50
4500 18 100
4500 32 97
4500 36 72
4500 55 101
4500 55 90
4500 60 110
4500 67 98
4500 71 95
4500 101 107
4500 111 116
4800 16 50
4800 36 72
4800 39 67
4800 55 101
4800 55 104
4800 55 97
4800 60 110
4800 71 95
4800 101 107
5100 16 50
5100 18 100
5100 36 72
5100 39 67
5100 55 101
5100 60 110
5100 70 100
5100 71 95
5100 75 100
5400 16 50
5400 18 100
5400 24 66
5400 36 72
5400 39 67
5400 55 104
5400 55 97
5400 55 101
5400 70 100
5400 71 95
5400 75 100
5700 16 50
5700 18 100
5700 24 66
5700 39 67
5700 53 90
5700 55 97
5700 55 104
5700 55 101
5700 70 100
5700 71 95
6000 5 94
6000 16 50
6000 18 100
6000 24 66
6000 36 72
6000 36 86
6000 39 67
6000 53 94
6000 55 97
6000 55 101
6000 71 95
6300 5 94
6300 16 50
6300 18 100
6300 24 66
6300 36 86
6300 36 72
6300 45 79
6300 55 97
6300 55 101
6300 71 95
6600 16 50
6600 17 65
6600 18 100
6600 24 66
6600 36 86
6600 36 72
6600 55 97
6600 55 101
6600 71 95
6900 5 94
6900 16 50
6900 17 65
6900 24 66
6900 36 86
6900 36 72
6900 55 101
6900 55 97
6900 68 75
6900 71 95
7200 16 50
7200 17 65
7200 18 100
7200 24 66
7200 27 41
7200 28 96
7200 36 86
7200 55 97
7200 55 101
7200 71 95
7500 16 50
7500 17 65
7500 24 66
7500 27 41
7500 28 96
7500 37 104
7500 55 101
7500 55 97
7500 68 75
7800 16 50
7800 17 65
7800 18 78
7800 24 66
7800 27 41
7800 36 56
7800 40 58
7800 48 108
7800 55 97
7800 55 101
7800 55 80
7800 58 76
7800 58 110
7800 68 75
7800 71 88
7800 78 81
8100 0 60
8100 3 114
8100 6 114
8100 16 50
8100 17 65
8100 18 78
8100 18 80
8100 24 66
8100 25 81
8100 43 114
8100 48 108
8100 55 97
8100 55 101
8100 56 88
8100 58 110
8100 68 75
8100 68 81
8100 78 81
8400 0 60
8400 2 9
8400 16 57
8400 17 65
8400 17 112
8400 19 112
8400 20 70
8400 20 112
8400 24 66
8400 25 81
8400 33 112
8400 35 78
8400 36 56
8400 38 63
8400 47 121
8400 48 108
8400 56 88
8400 56 112
8400 58 110
8400 68 75
8400 68 81
8400 72 112
8400 112 118
8700 0 60
8700 7 68
8700 7 13
8700 7 65
8700 7 100
8700 7 47
8700 18 80
8700 18 78
8700 20 112
8700 20 70
8700 20 65
8700 20 100
8700 20 47
8700 24 66
8700 25 81
8700 35 100
8700 35 118
8700 47 121
8700 47 100
8700 48 108
8700 56 88
8700 58 110
8700 68 75
9000 0 60
9000 4 100
9000 4 39
9000 7 13
9000 7 68
9000 7 47
9000 7 35
9000 7 100
9000 16 57
9000 18 78
9000 18 100
9000 18 59
9000 20 65
9000 20 47
9000 20 100
9000 20 112
9000 20 70
9000 20 117
9000 21 118
9000 24 66
9000 25 81
9000 33 117
9000 35 78
9000 35 118
9000 35 100
9000 35 54
9000 47 100
9000 47 62
9000 47 106
9000 54 59
9000 56 88
9000 58 110
9000 62 100
9000 62 117
9000 68 75
9000 70 100
9000 112 118
9300 0 60
9300 7 35
9300 7 47
9300 7 13
9300 15 49
9300 15 35
9300 20 47
9300 20 117
9300 20 65
9300 24 66
9300 28 82
9300 28 39
9300 28 106
9300 33 117
9300 34 40
9300 35 54
9300 35 118
9300 35 100
9300 39 84
9300 47 106
9300 47 100
9300 47 62
9300 56 88
9300 62 117
9300 64 117
9300 65 99
9300 82 116
9300 88 117
9300 99 116
9600 0 60
9600 7 13
9600 11 117
9600 15 49
9600 15 111
9600 15 116
9600 18 59
9600 19 28
9600 20 117
9600 28 82
9600 28 106
9600 28 111
9600 33 117
9600 34 40
9600 54 59
9600 58 110
9600 59 116
9600 62 100
9600 64 117
9600 84 89
9600 84 120
9600 84 99
9600 88 117
9600 89 111
9900 0 60
9900 4 65
9900 4 62
9900 4 60
9900 4 15
9900 7 13
9900 11 117
9900 15 49
9900 15 116
9900 18 59
9900 18 111
9900 19 28
9900 19 62
9900 20 65
9900 28 106
9900 28 111
9900 28 82
9900 33 117
9900 34 40
9900 39 59
9900 47 62
9900 54 59
9900 59 116
9900 59 77
9900 60 106
9900 62 117
9900 65 99
9900 84 89
9900 89 111
10200 0 60
10200 2 6
10200 4 62
10200 4 60
10200 4 65
10200 6 39
10200 6 89
10200 6 121
10200 6 65
10200 11 117
10200 15 49
10200 16 43
10200 19 62
10200 24 38
10200 28 82
10200 34 40
10200 34 101
10200 39 118
10200 47 62
10200 54 59
10200 57 83
10200 57 65
10200 60 106
10200 62 117
10200 65 99
10200 65 92
10200 92 121
10200 92 102
10200 92 116
10500 2 93
10500 4 15
10500 6 89
10500 6 65
10500 6 121
10500 6 39
10500 6 23
10500 6 59
10500 6 116
10500 6 118
10500 6 70
10500 11 117
10500 14 54
10500 14 39
10500 15 49
10500 18 59
10500 23 59
10500 24 38
10500 33 117
10500 39 118
10500 39 59
10500 40 54
10500 43 89
10500 47 62
10500 49 70
10500 49 93
10500 54 59
10500 59 116
10500 59 77
10500 59 67
10500 60 106
10500 60 82
10500 65 99
10500 75 86
10500 75 93
10500 84 89
10500 89 111
10500 89 92
10500 89 107
10500 92 102
10500 92 121
10800 2 93
10800 6 39
10800 6 89
10800 11 117
10800 14 39
10800 14 54
10800 14 51
10800 14 93
10800 24 38
10800 28 82
10800 28 72
10800 32 104
10800 33 117
10800 39 118
10800 39 104
10800 40 54
10800 40 95
10800 43 89
10800 47 104
10800 51 86
10800 51 112
10800 51 104
10800 55 82
10800 56 86
10800 59 77
10800 60 106
10800 60 82
10800 61 95
10800 65 99
10800 70 86
10800 75 93
10800 75 86
10800 80 111
10800 84 89
10800 86 106
10800 89 92
10800 89 107
10800 89 111
10800 89 104
10800 89 95
10800 89 93
10800 92 102
10800 95 121
11100 2 93
11100 11 40
11100 14 93
11100 23 59
11100 24 38
11100 28 82
11100 32 104
11100 32 102
11100 33 117
11100 39 104
11100 39 118
11100 47 62
11100 47 104
11100 47 63
11100 51 104
11100 51 70
11100 54 59
11100 55 82
11100 55 109
11100 56 86
11100 60 61
11100 61 119
11100 65 99
11100 66 102
11100 75 93
11100 76 95
11100 76 121
11100 84 89
11100 89 93
11100 89 111
11100 92 121
11100 92 102
11100 104 117
11100 104 118
11400 6 39
11400 23 59
11400 24 38
11400 28 72
11400 28 82
11400 32 102
11400 47 62
11400 54 59
11400 55 82
11400 55 109
11400 56 86
11400 60 106
11400 60 61
11400 61 119
11400 65 99
11400 66 102
11400 75 93
11400 76 121
11400 76 95
11400 77 119
11400 84 89
11400 86 106
11400 89 111
11400 92 121
11700 1 120
11700 6 39
11700 17 101
11700 23 59
11700 24 38
11700 28 72
11700 32 104
11700 32 102
11700 33 117
11700 39 118
11700 47 62
11700 47 63
11700 47 104
11700 51 70
11700 54 59
11700 55 82
11700 55 109
11700 60 106
11700 60 61
11700 61 119
11700 65 99
11700 66 102
11700 75 93
11700 76 95
11700 77 119
11700 84 89
11700 89 111
11700 92 121
11700 104 117
11700 104 118
12000 1 120
12000 3 69
12000 23 59
12000 24 38
12000 28 72
12000 32 102
12000 33 117
12000 47 104
12000 47 62
12000 47 63
12000 54 59
12000 55 82
12000 55 109
12000 56 86
12000 60 61
12000 60 106
12000 65 99
12000 66 102
12000 76 121
12000 76 95
12000 77 119
12000 84 89
12000 89 111
12000 92 121
12000 104 117
12000 104 118
12300 1 120
12300 6 39
12300 18 45
12300 23 59
12300 24 38
12300 32 102
12300 33 117
12300 39 118
12300 47 104
12300 47 63
12300 47 62
12300 54 59
12300 55 82
12300 55 109
12300 60 106
12300 60 61
12300 66 102
12300 76 121
12300 77 119
12300 84 89
12300 89 111
12300 92 121
12300 104 118
12600 3 71
12600 23 59
12600 24 38
12600 32 102
12600 33 117
12600 39 118
12600 47 104
12600 47 63
12600 47 62
12600 54 59
12600 55 109
12600 60 106
12600 60 61
12600 65 99
12600 66 102
12600 76 121
12600 77 119
12600 84 89
12600 89 111
12600 92 121
12600 104 117
12600 104 118
12900 3 71
12900 6 39
12900 23 59
12900 24 38
12900 32 102
12900 33 117
12900 39 118
12900 47 62
12900 47 63
12900 54 59
12900 55 109
12900 60 106
12900 60 61
12900 65 99
12900 66 102
12900 76 121
12900 77 119
12900 84 89
12900 92 121
12900 104 118
12900 104 117
13200 3 71
13200 6 39
13200 19 111
13200 23 59
13200 24 38
13200 33 117
13200 47 62
13200 47 104
13200 47 63
13200 55 109
13200 60 61
13200 60 106
13200 65 99
13200 76 121
13200 77 119
13200 84 89
13200 92 121
13200 104 117
13500 3 71
13500 19 111
13500 23 59
13500 24 38
13500 25 86
13500 27 34
13500 32 102
13500 33 117
13500 39 118
13500 47 63
13500 55 109
13500 60 106
13500 60 61
13500 65 99
13500 66 102
13500 77 119
13500 92 121
13500 104 118
13800 3 71
13800 19 111
13800 23 59
13800 24 38
13800 25 86
13800 32 102
13800 33 117
13800 39 118
13800 47 62
13800 47 63
13800 47 104
13800 60 106
13800 60 61
13800 65 99
13800 66 102
13800 77 119
13800 92 121
13800 104 118
14100 3 71
14100 5 28
14100 19 111
14100 23 59
14100 24 38
14100 25 86
14100 27 116
14100 32 102
14100 33 117
14100 39 118
14100 47 104
14100 47 63
14100 55 109
14100 60 106
14100 60 61
14100 65 99
14100 92 121
14100 104 118
14100 109 113
14400 3 71
14400 19 111
14400 23 59
14400 24 38
14400 32 102
14400 33 117
14400 39 118
14400 47 62
14400 47 63
14400 47 104
14400 55 109
14400 60 61
14400 60 106
14400 65 99
14400 66 102
14400 66 77
14400 92 121
14400 104 118
14700 3 71
14700 4 22
14700 15 108
14700 19 111
14700 23 59
14700 24 38
14700 32 102
14700 33 117
14700 47 63
14700 55 109
14700 60 106
14700 60 61
14700 65 99
14700 66 102
14700 92 121
14700 104 118
15000 3 71
15000 19 111
15000 23 59
15000 24 38
15000 30 56
15000 32 102
15000 33 117
15000 43 118
15000 55 109
15000 59 104
15000 60 61
15000 60 106
15000 65 99
15000 75 107
15000 92 121
15000 113 118
15300 3 71
15300 19 111
15300 23 59
15300 24 38
15300 26 102
15300 30 56
15300 33 117
15300 55 109
15300 56 62
15300 60 61
15300 60 106
15300 62 102
15300 65 99
15300 66 102
15300 75 107
15300 92 121
15300 113 118
15600 3 71
15600 14 64
15600 19 111
15600 23 59
15600 24 38
15600 33 117
15600 51 59
15600 55 109
15600 56 62
15600 59 104
15600 59 66
15600 60 106
15600 60 61
15600 65 99
15600 75 107
15600 92 121
15600 113 118
15900 3 71
15900 24 38
15900 33 117
15900 45 56
15900 51 59
15900 55 109
15900 60 106
15900 60 61
15900 65 99
15900 75 107
15900 85 113
15900 92 121
15900 113 118
16200 3 71
16200 24 38
16200 33 117
16200 51 59
16200 55 109
16200 60 106
16200 60 61
16200 65 99
16200 75 107
16200 92 121
16500 0 68
16500 3 71
16500 21 83
16500 24 38
16500 33 117
16500 55 109
16500 60 106
16500 65 99
16500 75 107
16500 92 121
16800 3 71
16800 23 101
16800 24 38
16800 33 117
16800 46 90
16800 55 109
16800 71 93
16800 75 107
16800 92 121
17100 3 71
17100 33 117
17100 46 90
17100 55 109
17100 71 93
17100 75 107
17100 92 121
17400 3 71
17400 13 100
17400 26 88
17400 33 117
17400 34 61
17400 46 90
17400 71 93
17400 75 107
17400 79 118
17400 92 121
17700 3 71
17700 13 100
17700 33 117
17700 34 61
17700 42 61
17700 46 90
17700 75 107
17700 79 118
17700 92 121
18000 3 71
18000 5 56
18000 10 42
18000 13 100
18000 15 84
18000 33 117
18000 34 61
18000 42 61
18000 46 90
18000 56 104
18000 75 107
18300 0 57
18300 3 71
18300 10 42
18300 13 100
18300 15 84
18300 16 83
18300 34 61
18300 39 93
18300 42 61
18300 57 80
18300 75 107
18600 0 109
18600 1 90
18600 1 105
18600 3 71
18600 15 84
18600 16 83
18600 39 93
18600 42 61
18600 42 68
18600 49 109
18600 75 107
18900 1 105
18900 1 90
18900 4 42
18900 4 109
18900 4 15
18900 12 26
18900 12 109
18900 15 84
18900 15 45
18900 15 109
18900 16 83
18900 42 68
18900 42 61
18900 45 53
18900 47 80
19200 1 105
19200 1 90
19200 4 109
19200 4 42
19200 4 106
19200 4 43
19200 12 109
19200 12 83
19200 15 109
19200 15 21
19200 16 83
19200 21 95
19200 42 61
19200 42 68
19200 45 53
19200 47 80
19200 52 75
19200 83 95
19500 1 90
19500 4 109
19500 10 42
19500 12 109
19500 12 83
19500 14 28
19500 15 109
19500 15 21
19500 15 74
19500 15 35
19500 15 20
19500 16 83
19500 21 95
19500 21 103
19500 30 61
19500 45 53
19500 52 75
19500 83 95
19800 1 90
19800 4 109
19800 4 70
19800 4 60
19800 10 42
19800 12 83
19800 12 109
19800 14 28
19800 15 21
19800 15 109
19800 15 20
19800 15 74
19800 15 60
19800 21 95
19800 28 82
19800 28 113
19800 30 90
19800 34 113
19800 45 53
19800 46 83
19800 84 95
19800 84 113
19800 103 113
20100 1 90
20100 4 60
20100 4 70
20100 10 42
20100 12 83
20100 12 109
20100 14 28
20100 28 113
20100 28 82
20100 28 74
20100 34 113
20100 44 99
20100 44 60
20100 45 53
20100 45 109
20100 46 83
20100 46 60
20100 52 75
20100 56 68
20100 60 113
20100 68 84
20100 84 113
20100 84 95
20100 103 113
20400 1 90
20400 2 109
20400 4 60
20400 10 42
20400 12 83
20400 12 91
20400 15 74
20400 15 109
20400 15 60
20400 15 21
20400 15 20
20400 15 99
20400 16 111
20400 21 95
20400 27 109
20400 28 82
20400 28 113
20400 28 74
20400 30 90
20400 45 53
20400 46 83
20400 50 74
20400 50 121
20400 50 99
20400 52 75
20400 84 95
20400 84 113
20400 103 113
20700 1 90
20700 2 109
20700 4 90
20700 4 105
20700 4 103
20700 12 91
20700 15 109
20700 15 74
20700 15 21
20700 21 95
20700 25 109
20700 26 90
20700 27 109
20700 28 74
20700 44 95
20700 45 53
20700 46 83
20700 50 121
20700 50 74
20700 50 99
20700 74 84
20700 84 95
20700 95 99
20700 99 105
20700 103 113
21000 2 109
21000 4 90
21000 4 60
21000 4 105
21000 4 8
21000 4 10
21000 10 42
21000 10 103
21000 15 21
21000 17 83
21000 21 95
21000 25 109
21000 26 74
21000 27 109
21000 42 83
21000 44 95
21000 44 50
21000 45 53
21000 46 83
21000 47 91
21000 47 82
21000 61 91
21000 61 121
21000 61 70
21000 62 75
21000 74 109
21000 75 95
21000 75 104
21000 82 104
21000 82 109
21000 84 95
21000 103 113
21000 104 121
21300 1 2
21300 2 109
21300 2 28
21300 2 61
21300 4 10
21300 10 42
21300 10 103
21300 17 83
21300 21 95
21300 21 74
21300 25 109
21300 27 109
21300 29 47
21300 42 83
21300 42 75
21300 44 50
21300 44 95
21300 46 83
21300 47 91
21300 47 82
21300 47 70
21300 54 69
21300 59 75
21300 61 121
21300 61 70
21300 61 91
21300 62 75
21300 70 121
21300 74 84
21300 75 104
21300 75 95
21300 82 109
21300 84 95
21300 87 103
21300 87 121
21300 104 121
21600 1 2
21600 2 28
21600 2 61
21600 2 10
21600 10 103
21600 17 83
21600 21 95
21600 21 44
21600 25 109
21600 26 74
21600 42 83
21600 42 48
21600 42 114
21600 46 83
21600 47 70
21600 47 74
21600 47 94
21600 48 87
21600 53 80
21600 61 121
21600 61 91
21600 61 70
21600 70 121
21600 82 112
21600 87 121
21600 91 114
21600 98 114
21600 104 121
21900 1 2
21900 2 61
21900 2 28
21900 4 84
21900 10 20
21900 10 109
21900 17 83
21900 21 74
21900 25 109
21900 25 114
21900 25 75
21900 25 70
21900 26 74
21900 27 84
21900 28 95
21900 28 42
21900 42 83
21900 42 114
21900 42 75
21900 42 84
21900 46 83
21900 47 74
21900 47 95
21900 53 80
21900 55 114
21900 59 75
21900 62 75
21900 72 116
21900 74 84
21900 75 95
21900 75 104
21900 82 112
21900 84 109
21900 87 121
21900 98 114
22200 2 28
22200 10 109
22200 10 20
22200 10 114
22200 10 25
22200 17 83
22200 25 114
22200 25 28
22200 26 74
22200 26 47
22200 27 84
22200 27 103
22200 42 114
22200 47 74
22200 47 107
22200 59 75
22200 74 104
22200 74 114
22200 82 112
22200 87 121
22200 98 114
22200 109 111
22500 2 61
22500 10 114
22500 10 109
22500 10 20
22500 17 83
22500 25 75
22500 26 74
22500 27 84
22500 27 112
22500 28 96
22500 28 109
22500 42 114
22500 42 75
22500 47 74
22500 59 75
22500 62 75
22500 72 116
22500 74 114
22500 75 104
22500 75 95
22500 82 112
22500 91 114
22500 98 114
22800 2 61
22800 12 21
22800 17 83
22800 28 109
22800 28 96
22800 28 98
22800 42 114
22800 72 116
22800 82 112
22800 84 91
22800 87 121
22800 109 111
23100 7 95
23100 10 20
23100 10 109
23100 10 114
23100 12 21
23100 25 75
23100 27 112
23100 28 96
23100 28 109
23100 28 56
23100 42 114
23100 62 75
23100 72 116
23100 75 104
23100 75 95
23100 83 121
23100 84 91
23100 87 121
23100 95 121
23100 109 111
23400 7 95
23400 10 109
23400 10 114
23400 10 20
23400 10 78
23400 10 111
23400 12 21
23400 17 121
23400 17 56
23400 19 61
23400 25 95
23400 28 109
23400 31 75
23400 37 61
23400 42 114
23400 75 95
23400 84 91
23400 87 121
23400 95 116
23400 109 111
23700 7 95
23700 7 108
23700 10 114
23700 10 20
23700 10 109
23700 10 95
23700 12 21
23700 24 121
23700 42 114
23700 75 95
23700 84 91
23700 95 116
23700 95 117
23700 109 111
24000 7 108
24000 7 95
24000 10 95
24000 10 114
24000 12 21
24000 24 41
24000 24 42
24000 28 109
24000 62 95
24000 75 95
24000 84 91
24000 95 116
24000 95 117
24000 95 108
24000 109 111
24300 7 108
24300 7 95
24300 7 121
24300 10 114
24300 12 21
24300 12 121
24300 24 116
24300 28 109
24300 32 105
24300 62 95
24300 75 108
24300 95 117
24300 95 116
24600 0 116
24600 7 108
24600 12 21
24600 21 109
24600 28 109
24600 32 105
24600 62 95
24600 95 117
24600 95 116
24600 109 111
24900 10 114
24900 12 21
24900 28 109
24900 32 105
24900 109 111
24900 109 114
24900 114 117
25200 12 105
25200 32 105
25200 59 120
25200 62 95
25200 95 117
25200 114 117
25500 10 114
25500 25 105
25500 25 115
25500 32 105
25500 59 120
25500 114 117
25800 25 115
25800 30 88
25800 59 120
26100 7 83
26100 30 88
26100 59 120
26400 6 24
26400 30 88
26400 59 120
26400 76 83
26700 8 41
26700 9 84
26700 14 16
26700 24 45
26700 30 88
27000 8 21
27000 14 16
27000 30 88
27000 63 104
27000 85 118
27300 8 21
27300 11 80
27300 11 90
27300 21 102
27300 23 89
27300 54 119
27600 8 21
27600 12 23
27600 22 100
27600 54 119
27600 67 92
27600 80 112
27900 54 119
28500 48 96
28800 42 61
28800 48 87
29400 50 61
29700 8 83
30300 38 111
30300 38 39
30300 38 103
30300 96 113
30600 5 18
30600 38 111
30600 38 39
30600 57 74
30900 10 49
30900 27 113
30900 38 103
30900 38 111
31200 27 113
31500 27 113
31500 38 111
31500 43 87
31800 1 44
31800 1 24
31800 24 34
32100 43 87
32100 45 85
32400 9 25
32700 46 80
33000 9 81
33600 85 120
34500 23 60
34500 23 80
34800 64 106
35100 23 58
35400 31 70
35700 23 89
36000 23 89
87000 63 70
87300 9 120
87300 9 96
87300 33 64
87300 35 96
87600 1 111
87600 3 35
87600 9 120
87600 12 33
87600 13 90
87600 33 77
87600 35 96
87600 73 111
87600 81 120
87600 90 107
87900 0 12
87900 1 111
87900 3 35
87900 3 102
87900 3 72
87900 3 111
87900 9 120
87900 12 33
87900 22 35
87900 30 111
87900 30 90
87900 33 77
87900 75 106
87900 75 119
87900 81 120
88200 0 75
88200 1 111
88200 3 35
88200 6 31
88200 6 33
88200 11 102
88200 11 30
88200 12 33
88200 22 35
88200 22 102
88200 26 120
88200 30 111
88200 30 90
88200 30 58
88200 31 63
88200 33 77
88200 58 72
88200 75 106
88500 0 75
88500 1 111
88500 6 33
88500 6 31
88500 9 120
88500 11 102
88500 12 33
88500 26 120
88500 26 72
88500 30 90
88500 30 111
88500 30 120
88500 33 77
88500 35 47
88500 43 47
88500 43 72
88500 58 72
88500 75 106
88800 1 111
88800 5 75
88800 5 120
88800 5 6
88800 9 33
88800 11 102
88800 12 33
88800 16 111
88800 30 90
88800 33 77
88800 35 47
88800 43 47
88800 72 85
88800 75 106
89100 0 75
89100 1 111
89100 5 75
89100 5 120
89100 5 16
89100 5 40
89100 11 102
89100 12 33
89100 14 82
89100 16 111
89100 30 111
89100 30 120
89100 35 47
89100 47 60
89100 72 85
89400 1 111
89400 5 40
89400 7 71
89400 7 82
89400 11 102
89400 12 33
89400 16 111
89400 35 47
89400 52 71
89400 63 67
89400 67 120
89400 72 85
89700 1 111
89700 5 40
89700 6 78
89700 7 71
89700 10 78
89700 12 33
89700 16 111
89700 35 47
89700 42 52
89700 52 71
89700 70 78
89700 72 85
90000 1 111
90000 5 40
90000 6 78
90000 10 78
90000 12 33
90000 13 71
90000 13 39
90000 22 76
90000 31 78
90000 55 99
90000 70 78
90000 72 85
90000 78 99
90000 78 113
90000 109 111
90300 0 71
90300 1 111
90300 5 40
90300 10 78
90300 12 33
90300 30 90
90300 35 47
90300 55 99
90300 70 78
90300 72 85
90300 78 113
90300 78 99
90300 89 114
90300 109 111
90600 1 111
90600 5 40
90600 6 78
90600 6 13
90600 6 23
90600 10 78
90600 13 71
90600 13 39
90600 35 47
90600 55 99
90600 70 78
90600 72 85
90600 78 113
90600 78 99
90600 89 114
90600 109 111
90900 1 111
90900 5 40
90900 6 13
90900 6 23
90900 6 78
90900 13 39
90900 13 71
90900 35 47
90900 55 99
90900 57 100
90900 70 78
90900 78 99
90900 78 113
90900 89 114
90900 109 111
91200 1 111
91200 5 40
91200 13 39
91200 35 47
91200 57 100
91200 58 79
91200 70 78
91200 72 85
91200 78 113
91200 87 103
91200 89 114
91200 109 111
91500 1 111
91500 5 40
91500 6 78
91500 12 71
91500 13 39
91500 13 71
91500 35 47
91500 38 88
91500 57 100
91500 78 99
91500 78 113
91500 87 103
91500 89 114
91500 109 111
91800 1 111
91800 4 6
91800 5 40
91800 12 71
91800 13 39
91800 13 71
91800 38 88
91800 57 100
91800 72 85
91800 78 99
91800 78 113
91800 86 117
91800 87 103
91800 89 114
92100 1 111
92100 5 40
92100 12 71
92100 13 39
92100 13 71
92100 35 47
92100 38 88
92100 78 113
92100 86 117
92100 87 103
92100 89 114
92400 0 66
92400 1 111
92400 4 11
92400 4 27
92400 5 40
92400 11 104
92400 12 71
92400 13 71
92400 13 39
92400 35 47
92400 38 88
92400 50 77
92400 78 113
92400 86 117
92400 87 103
92400 89 114
92700 1 111
92700 4 27
92700 4 11
92700 5 40
92700 11 104
92700 12 71
92700 13 39
92700 13 71
92700 38 88
92700 78 113
92700 86 117
92700 87 103
93000 0 66
93000 1 111
93000 4 11
93000 11 104
93000 12 71
93000 13 39
93000 13 71
93000 35 47
93000 38 88
93000 76 97
93000 78 113
93000 86 117
93000 87 103
93300 0 66
93300 1 111
93300 4 11
93300 5 40
93300 11 104
93300 12 71
93300 13 39
93300 38 88
93300 57 72
93300 61 98
93300 78 113
93300 86 117
93300 87 103
93600 0 66
93600 2 51
93600 4 11
93600 6 29
93600 11 104
93600 12 71
93600 13 39
93600 35 47
93600 38 88
93600 57 72
93600 78 113
93600 86 117
93600 87 103
93900 0 66
93900 1 111
93900 4 11
93900 5 40
93900 11 104
93900 12 71
93900 13 39
93900 15 40
93900 38 88
93900 40 89
93900 57 72
93900 61 98
93900 78 113
93900 87 103
94200 0 66
94200 1 111
94200 2 51
94200 4 58
94200 5 8
94200 5 18
94200 8 25
94200 11 104
94200 11 25
94200 12 71
94200 13 39
94200 15 40
94200 18 31
94200 23 58
94200 25 87
94200 25 58
94200 25 52
94200 31 107
94200 34 111
94200 35 47
94200 52 95
94200 57 72
94200 57 60
94200 58 72
94200 58 111
94200 72 95
94200 78 113
94500 0 66
94500 0 45
94500 0 20
94500 1 111
94500 5 18
94500 5 8
94500 5 60
94500 5 20
94500 8 25
94500 8 54
94500 9 95
94500 9 45
94500 11 104
94500 11 25
94500 12 71
94500 13 39
94500 18 104
94500 20 25
94500 22 31
94500 23 58
94500 23 46
94500 23 87
94500 25 87
94500 25 58
94500 25 52
94500 25 95
94500 25 112
94500 25 45
94500 31 107
94500 31 45
94500 45 81
94500 54 95
94500 58 111
94500 58 72
94500 78 113
94500 87 103
94800 0 45
94800 0 20
94800 0 66
94800 1 111
94800 1 71
94800 5 20
94800 8 54
94800 9 95
94800 11 59
94800 12 71
94800 13 39
94800 15 71
94800 19 81
94800 20 25
94800 20 75
94800 22 31
94800 23 87
94800 23 46
94800 25 45
94800 25 112
94800 30 45
94800 31 45
94800 32 103
94800 34 111
94800 34 96
94800 37 78
94800 38 59
94800 38 74
94800 45 81
94800 46 81
94800 54 95
94800 54 74
94800 54 87
94800 59 103
94800 59 62
94800 74 103
94800 78 113
94800 87 103
95100 0 85
95100 5 20
95100 8 54
95100 11 104
95100 11 59
95100 11 62
95100 11 75
95100 12 71
95100 15 58
95100 18 104
95100 22 31
95100 25 95
95100 25 112
95100 31 107
95100 34 96
95100 35 107
95100 37 78
95100 38 59
95100 38 74
95100 38 62
95100 38 54
95100 39 50
95100 50 58
95100 54 95
95100 54 87
95100 54 74
95100 62 85
95100 71 103
95100 74 103
95100 78 113
95100 79 119
95400 1 111
95400 1 71
95400 5 20
95400 11 62
95400 11 75
95400 11 104
95400 11 116
95400 15 58
95400 18 104
95400 20 75
95400 23 46
95400 25 112
95400 25 95
95400 34 96
95400 38 62
95400 38 74
95400 38 59
95400 38 54
95400 38 75
95400 44 53
95400 46 81
95400 52 104
95400 52 56
95400 56 104
95400 74 104
95400 78 100
95400 85 107
95400 100 107
95400 104 107
95700 0 56
95700 1 56
95700 5 20
95700 15 58
95700 22 53
95700 25 56
95700 34 96
95700 36 53
95700 49 111
95700 50 58
95700 53 66
95700 53 86
95700 54 81
95700 62 85
95700 74 104
95700 78 100
95700 78 108
95700 85 107
95700 85 86
96000 1 56
96000 1 111
96000 1 64
96000 1 28
96000 1 100
96000 5 20
96000 7 17
96000 15 58
96000 18 52
96000 22 53
96000 25 78
96000 25 42
96000 25 119
96000 25 64
96000 34 96
96000 36 53
96000 38 54
96000 42 51
96000 46 81
96000 50 58
96000 51 116
96000 52 56
96000 52 104
96000 53 86
96000 53 66
96000 54 81
96000 62 85
96000 62 68
96000 62 95
96000 78 100
96000 78 108
96000 81 116
96300 1 64
96300 2 27
96300 2 113
96300 3 27
96300 5 20
96300 7 102
96300 15 58
96300 18 52
96300 20 52
96300 22 53
96300 25 64
96300 25 78
96300 25 119
96300 25 42
96300 27 52
96300 27 117
96300 34 96
96300 36 53
96300 38 54
96300 50 58
96300 52 104
96300 52 56
96300 52 113
96300 52 58
96300 53 66
96300 54 81
96300 78 108
96300 96 98
96300 111 117
96600 1 111
96600 1 56
96600 1 28
96600 1 100
96600 1 95
96600 1 54
96600 1 110
96600 2 113
96600 2 27
96600 2 9
96600 2 5
96600 2 28
96600 5 20
96600 7 102
96600 9 110
96600 9 51
96600 9 113
96600 15 79
96600 21 39
96600 25 119
96600 45 79
96600 45 64
96600 45 119
96600 50 58
96600 52 104
96600 53 66
96600 53 86
96600 78 100
96600 78 108
96900 1 111
96900 2 9
96900 2 28
96900 2 5
96900 2 27
96900 2 113
96900 2 111
96900 5 20
96900 7 102
96900 25 119
96900 28 105
96900 35 59
96900 35 92
96900 45 119
96900 45 79
96900 45 70
96900 52 104
96900 53 86
96900 59 70
96900 68 86
96900 86 101
96900 86 108
96900 86 105
96900 96 98
96900 111 117
97200 2 27
97200 2 9
97200 2 113
97200 5 20
97200 5 107
97200 7 102
97200 13 96
97200 13 99
97200 18 81
97200 25 119
97200 33 99
97200 52 104
97200 59 99
97200 59 87
97200 62 119
97200 77 99
97200 77 113
97200 78 100
97200 86 101
97200 87 98
97500 2 9
97500 2 28
97500 2 27
97500 5 20
97500 9 32
97500 9 100
97500 13 96
97500 13 99
97500 13 32
97500 13 95
97500 25 119
97500 28 105
97500 32 89
97500 32 99
97500 33 99
97500 33 62
97500 39 81
97500 45 70
97500 45 119
97500 52 104
97500 53 86
97500 53 81
97500 58 99
97500 59 99
97500 59 70
97500 62 77
97500 62 100
97500 67 89
97500 77 113
97500 77 99
97500 78 100
97500 81 100
97500 86 101
97500 87 98
97500 90 100
97500 95 107
97500 96 98
97500 99 100
97800 2 27
97800 2 28
97800 5 20
97800 9 100
97800 9 32
97800 13 95
97800 25 119
97800 28 105
97800 32 89
97800 33 62
97800 33 99
97800 39 81
97800 45 70
97800 45 119
97800 52 104
97800 53 86
97800 53 81
97800 59 87
97800 59 70
97800 67 89
97800 77 113
97800 90 100
97800 95 107
98100 2 28
98100 2 27
98100 2 9
98100 5 20
98100 9 32
98100 9 100
98100 12 71
98100 13 95
98100 13 96
98100 33 62
98100 33 99
98100 39 81
98100 45 119
98100 52 104
98100 53 81
98100 53 86
98100 62 100
98100 62 77
98100 67 89
98100 77 99
98100 81 100
98100 86 101
98100 87 98
98100 90 100
98100 95 107
98100 96 98
98400 2 9
98400 2 28
98400 2 27
98400 5 20
98400 9 32
98400 12 71
98400 13 95
98400 13 96
98400 25 119
98400 33 99
98400 33 62
98400 39 81
98400 45 70
98400 53 86
98400 59 87
98400 62 100
98400 62 77
98400 67 89
98400 77 99
98400 86 101
98400 87 98
98400 90 100
98400 95 107
98400 96 98
98700 2 9
98700 4 70
98700 5 20
98700 9 32
98700 9 100
98700 12 71
98700 13 95
98700 13 96
98700 33 99
98700 33 62
98700 39 81
98700 52 104
98700 53 81
98700 53 86
98700 62 77
98700 67 89
98700 77 99
98700 90 100
98700 95 107
98700 96 98
99000 2 28
99000 2 27
99000 5 20
99000 12 71
99000 13 95
99000 33 99
99000 33 62
99000 52 104
99000 53 86
99000 53 81
99000 59 87
99000 62 77
99000 77 99
99000 86 101
99000 87 98
99000 90 100
99000 95 107
99000 96 98
99300 2 27
99300 2 28
99300 2 9
99300 4 70
99300 5 20
99300 9 32
99300 9 100
99300 12 71
99300 13 96
99300 33 62
99300 52 104
99300 53 81
99300 59 87
99300 62 77
99300 67 89
99300 68 78
99300 86 101
99300 87 98
99300 90 100
99300 95 107
99300 96 98
99600 1 94
99600 2 28
99600 2 27
99600 2 9
99600 5 20
99600 9 32
99600 12 71
99600 13 96
99600 33 99
99600 33 62
99600 53 81
99600 62 77
99600 63 68
99600 68 78
99600 77 99
99600 86 101
99600 87 98
99600 90 100
99600 96 98
99900 1 94
99900 1 72
99900 2 28
99900 2 9
99900 5 20
99900 6 58
99900 12 71
99900 13 96
99900 33 62
99900 33 99
99900 52 104
99900 53 81
99900 59 87
99900 63 68
99900 67 89
99900 68 78
99900 77 99
99900 86 101
99900 87 98
99900 90 100
99900 95 107
99900 96 98
100200 1 72
100200 2 28
100200 2 27
100200 5 20
100200 9 32
100200 12 71
100200 13 96
100200 33 62
100200 33 99
100200 52 104
100200 53 81
100200 59 87
100200 62 77
100200 63 68
100200 67 89
100200 68 78
100200 77 99
100200 86 101
100200 87 98
100200 90 100
100500 1 94
100500 1 72
100500 2 28
100500 5 20
100500 6 58
100500 12 71
100500 13 96
100500 33 99
100500 33 62
100500 52 104
100500 53 81
100500 59 87
100500 63 68
100500 67 89
100500 68 78
100500 77 99
100500 86 101
100500 87 98
100500 96 98
100800 1 94
100800 1 72
100800 2 28
100800 5 20
100800 12 71
100800 13 96
100800 33 62
100800 53 81
100800 62 77
100800 63 68
100800 67 89
100800 68 78
100800 77 99
100800 86 101
100800 87 98
100800 90 100
100800 96 98
101100 1 72
101100 1 94
101100 2 28
101100 5 20
101100 12 71
101100 13 96
101100 33 62
101100 53 81
101100 59 87
101100 62 77
101100 63 68
101100 68 78
101100 69 104
101100 77 99
101100 87 98
101100 96 98
101400 1 72
101400 2 28
101400 5 20
101400 12 71
101400 13 96
101400 16 56
101400 19 47
101400 33 62
101400 59 87
101400 63 68
101400 68 78
101400 69 104
101400 85 110
101400 87 98
101700 1 72
101700 1 56
101700 1 65
101700 2 28
101700 5 20
101700 12 71
101700 15 117
101700 15 58
101700 15 88
101700 16 56
101700 26 85
101700 63 68
101700 68 78
101700 69 104
101700 85 110
102000 1 72
102000 2 28
102000 5 20
102000 12 71
102000 15 117
102000 16 56
102000 26 85
102000 26 95
102000 63 68
102000 68 78
102000 69 104
102000 93 95
102300 1 72
102300 2 28
102300 12 71
102300 15 117
102300 16 56
102300 22 64
102300 26 85
102300 26 95
102300 30 96
102300 32 56
102300 35 38
102300 35 87
102300 56 64
102300 63 68
102300 68 78
102300 69 104
102300 93 95
102600 2 28
102600 10 73
102600 12 71
102600 15 117
102600 22 64
102600 27 59
102600 30 96
102600 35 87
102600 35 38
102600 42 73
102600 56 64
102600 63 68
102600 69 104
102600 93 95
102900 12 71
102900 15 117
102900 22 64
102900 27 59
102900 27 121
102900 30 96
102900 32 56
102900 35 38
102900 35 87
102900 42 73
102900 42 81
102900 69 104
102900 93 95
102900 95 121
103200 8 32
103200 12 71
103200 15 117
103200 22 64
103200 27 59
103200 29 115
103200 30 96
103200 35 38
103200 42 73
103200 42 81
103200 49 64
103200 52 73
103200 64 101
103200 66 80
103200 69 104
103500 1 66
103500 8 32
103500 12 71
103500 15 117
103500 27 59
103500 30 96
103500 35 38
103500 35 47
103500 35 66
103500 42 81
103500 52 73
103500 64 101
103500 66 80
103500 69 104
103800 1 66
103800 1 64
103800 1 29
103800 12 71
103800 15 117
103800 27 59
103800 29 115
103800 30 96
103800 35 47
103800 42 58
103800 49 64
103800 49 58
103800 52 73
103800 64 101
103800 69 104
104100 1 29
104100 12 71
104100 15 117
104100 27 59
104100 30 96
104100 35 47
104100 52 73
104100 64 101
104100 69 104
104100 72 73
104400 6 32
104400 12 71
104400 15 117
104400 20 49
104400 27 59
104400 30 96
104400 35 47
104400 52 73
104400 58 87
104400 64 101
104400 69 104
104700 1 29
104700 6 32
104700 6 93
104700 12 71
104700 15 117
104700 17 89
104700 27 59
104700 29 87
104700 32 104
104700 35 47
104700 41 87
104700 42 93
104700 58 87
104700 64 101
105000 6 32
105000 12 71
105000 15 117
105000 27 59
105000 31 61
105000 32 116
105000 35 47
105000 42 87
105000 55 87
105000 64 101
105000 112 116
105300 1 29
105300 6 32
105300 12 71
105300 15 117
105300 27 59
105300 31 61
105300 32 104
105300 32 81
105300 55 87
105300 64 101
105300 87 100
105300 98 116
105600 1 21
105600 1 101
105600 6 32
105600 10 87
105600 10 96
105600 10 120
105600 12 71
105600 13 42
105600 15 117
105600 21 42
105600 21 111
105600 21 101
105600 29 42
105600 31 61
105600 32 116
105600 32 104
105600 55 87
105600 64 101
105600 100 101
105900 1 21
105900 1 42
105900 6 32
105900 6 60
105900 10 120
105900 10 96
105900 10 87
105900 13 42
105900 15 117
105900 21 111
105900 21 101
105900 21 42
105900 29 42
105900 31 61
105900 32 104
105900 42 105
105900 59 120
105900 64 101
105900 101 105
106200 1 21
106200 1 42
106200 1 16
106200 2 6
106200 4 6
106200 5 30
106200 6 32
106200 10 87
106200 10 120
106200 10 96
106200 15 117
106200 16 64
106200 21 111
106200 29 64
106200 31 61
106200 33 86
106200 64 101
106200 64 120
106200 100 120
106200 101 105
106500 1 42
106500 1 21
106500 5 30
106500 10 87
106500 10 105
106500 15 117
106500 16 64
106500 16 105
106500 29 64
106500 33 86
106500 38 93
106500 56 105
106500 64 120
106500 64 88
106500 73 101
106800 1 21
106800 1 42
106800 5 30
106800 5 38
106800 5 105
106800 10 105
106800 10 87
106800 11 18
106800 11 16
106800 15 32
106800 16 105
106800 29 64
106800 32 47
106800 32 101
106800 47 65
106800 50 66
106800 56 105
106800 64 120
106800 73 101
106800 94 103
106800 97 105
106800 101 105
107100 1 42
107100 1 21
107100 5 30
107100 5 105
107100 5 38
107100 5 68
107100 10 87
107100 11 18
107100 11 101
107100 11 95
107100 11 65
107100 14 47
107100 15 32
107100 32 47
107100 56 105
107100 58 66
107100 58 88
107100 64 120
107100 73 101
107100 84 103
107100 86 88
107100 97 105
107100 101 105
107400 1 21
107400 1 42
107400 5 30
107400 5 38
107400 7 62
107400 7 109
107400 10 87
107400 10 88
107400 10 80
107400 10 39
107400 15 32
107400 23 109
107400 26 87
107400 32 47
107400 32 107
107400 34 64
107400 58 88
107400 62 111
107400 62 82
107400 62 63
107400 64 117
107400 64 82
107400 68 82
107400 84 103
107400 86 88
107400 94 103
107400 101 105
107700 1 21
107700 1 42
107700 2 62
107700 5 38
107700 5 30
107700 7 105
107700 10 80
107700 10 87
107700 10 39
107700 10 88
107700 10 42
107700 23 109
107700 32 47
107700 34 64
107700 39 47
107700 42 64
107700 47 64
107700 47 87
107700 58 88
107700 62 82
107700 62 63
107700 64 82
107700 64 117
107700 64 120
107700 84 103
107700 86 88
107700 87 105
107700 111 117
108000 1 42
108000 5 38
108000 5 30
108000 7 109
108000 10 80
108000 10 39
108000 10 42
108000 10 88
108000 15 32
108000 23 109
108000 34 64
108000 34 58
108000 39 47
108000 47 87
108000 47 64
108000 47 62
108000 51 79
108000 52 105
108000 58 79
108000 62 82
108000 62 120
108000 64 82
108000 64 117
108000 79 105
108000 79 99
108000 84 103
108000 86 88
108000 94 103
108000 101 110
108300 5 38
108300 5 30
108300 7 105
108300 10 80
108300 14 101
108300 14 27
108300 21 72
108300 21 116
108300 23 109
108300 34 64
108300 34 58
108300 34 39
108300 34 54
108300 39 47
108300 47 64
108300 51 79
108300 52 105
108300 54 58
108300 54 116
108300 58 79
108300 62 82
108300 64 82
108300 77 116
108300 79 99
108300 79 105
108300 84 103
108300 87 105
108300 101 110
108600 5 30
108600 10 80
108600 15 32
108600 21 72
108600 21 116
108600 34 58
108600 34 64
108600 34 54
108600 34 104
108600 34 82
108600 51 79
108600 52 105
108600 54 58
108600 54 116
108600 54 90
108600 58 79
108600 72 101
108600 77 116
108600 79 105
108600 84 103
108600 88 117
108600 97 118
108600 101 110
108600 105 116
108900 5 30
108900 7 105
108900 10 80
108900 15 32
108900 34 54
108900 34 104
108900 34 64
108900 34 58
108900 34 82
108900 34 118
108900 34 105
108900 36 41
108900 38 47
108900 39 47
108900 41 105
108900 51 79
108900 52 105
108900 54 90
108900 62 82
108900 77 116
108900 84 103
108900 97 118
108900 101 110
109200 5 51
109200 15 32
109200 16 101
109200 16 77
109200 16 32
109200 16 103
109200 16 62
109200 34 64
109200 36 41
109200 38 47
109200 41 105
109200 51 79
109200 52 105
109200 54 90
109200 62 87
109200 77 116
109200 84 103
109200 88 117
109200 97 118
109200 101 119
109500 5 51
109500 10 80
109500 26 62
109500 36 41
109500 36 118
109500 38 47
109500 42 54
109500 42 101
109500 51 79
109500 52 105
109500 52 117
109500 54 90
109500 54 82
109500 62 87
109500 64 91
109500 77 116
109500 79 118
109500 84 103
109500 97 118
109800 5 51
109800 10 77
109800 16 101
109800 16 103
109800 16 32
109800 25 77
109800 26 62
109800 36 41
109800 38 47
109800 41 105
109800 42 54
109800 42 101
109800 42 118
109800 51 79
109800 51 71
109800 52 105
109800 52 117
109800 54 82
109800 54 90
109800 54 120
109800 97 118
110100 16 32
110100 16 101
110100 16 41
110100 16 58
110100 17 19
110100 36 41
110100 38 47
110100 52 105
110100 52 117
110100 63 118
110100 64 91
110100 77 116
110100 97 118
110100 117 118
110400 3 101
110400 13 78
110400 16 101
110400 16 32
110400 16 41
110400 16 58
110400 16 78
110400 16 91
110400 36 41
110400 38 47
110400 42 118
110400 42 101
110400 42 54
110400 51 79
110400 51 71
110400 52 117
110400 54 82
110400 64 91
110400 64 103
110400 78 101
110400 78 91
110400 78 117
110400 96 103
110700 3 101
110700 16 41
110700 16 32
110700 16 58
110700 19 36
110700 19 101
110700 36 41
110700 38 47
110700 42 54
110700 52 117
110700 55 97
110700 62 76
110700 64 91
110700 77 116
110700 96 103
111000 13 47
111000 16 32
111000 16 78
111000 16 41
111000 36 41
111000 36 97
111000 38 47
111000 41 79
111000 52 117
111000 54 82
111000 62 76
111000 64 91
111000 77 116
111000 78 117
111000 78 91
111000 78 101
111000 79 97
111000 96 103
111300 16 41
111300 32 77
111300 36 41
111300 38 47
111300 38 41
111300 47 78
111300 52 117
111300 54 82
111300 62 76
111300 96 103
111300 97 103
111600 38 47
111600 47 78
111600 52 117
111600 52 75
111600 58 106
111600 62 76
111600 78 117
111600 78 79
111600 96 103
111600 96 111
111900 38 47
111900 46 52
111900 47 78
111900 47 115
111900 52 117
111900 54 82
111900 58 106
111900 62 106
111900 75 106
111900 78 79
111900 78 117
111900 96 103
112200 36 112
112200 38 47
112200 47 115
112200 52 117
112200 54 82
112200 58 106
112200 78 117
112200 96 111
112200 96 103
112500 6 77
112500 38 47
112500 47 115
112500 52 117
112500 71 93
112500 78 117
112800 6 77
112800 10 53
112800 47 115
112800 52 117
112800 54 82
112800 71 93
112800 78 117
113100 6 77
113100 47 115
113100 52 117
113100 71 93
113100 78 117
113100 88 101
113400 6 77
113400 6 70
113400 30 54
113400 47 115
113400 52 117
113400 71 93
113700 6 77
113700 47 115
113700 52 117
113700 71 93
114000 6 77
114300 4 90
114300 52 117
114600 4 90
114600 89 96
115200 15 37
115500 15 36
115800 37 117
115800 65 114
116400 45 104
116700 16 102
117000 5 58
117000 38 104
117000 62 88
117300 22 87
117300 51 108
117300 51 78
117600 38 104
117900 12 40
117900 38 78
118200 18 54
118500 18 54
118500 35 48
118500 102 114
118800 14 90
118800 37 96
118800 102 114
119100 35 59
119100 102 114
119400 75 102
119700 44 76
120000 5 57
121500 48 110
122700 15 20
124800 24 110
126300 47 55
173400 32 115
173400 42 115
173400 43 100
173400 45 78
173700 6 44
173700 8 64
173700 16 64
173700 19 95
173700 32 115
173700 34 35
173700 39 76
173700 43 100
173700 68 99
173700 97 116
174000 16 64
174000 19 95
174000 32 115
174000 34 35
174000 43 100
174000 44 54
174000 45 78
174000 74 116
174000 77 107
174300 19 95
174300 31 61
174300 31 89
174300 32 115
174300 34 35
174300 43 100
174300 45 98
174300 55 74
174300 74 116
174300 77 107
174300 97 116
174600 19 95
174600 27 73
174600 32 115
174600 43 100
174600 70 113
174600 74 97
174600 77 107
174600 97 116
174600 99 112
174900 1 104
174900 27 73
174900 31 61
174900 32 115
174900 43 100
174900 77 107
174900 79 99
174900 102 113
174900 109 113
175200 1 104
175200 1 80
175200 1 30
175200 1 113
175200 3 78
175200 12 113
175200 27 73
175200 30 79
175200 32 115
175200 36 47
175200 47 66
175200 51 104
175200 68 99
175200 77 107
175200 80 102
175200 99 104
175200 99 113
175200 109 111
175500 1 80
175500 1 30
175500 3 78
175500 11 118
175500 14 82
175500 25 83
175500 27 73
175500 30 79
175500 32 115
175500 36 47
175500 47 66
175500 47 104
175500 50 53
175500 68 102
175500 77 107
175500 78 102
175500 79 99
175500 80 102
175500 102 111
175800 1 30
175800 1 80
175800 3 78
175800 13 68
175800 20 68
175800 27 73
175800 30 74
175800 32 115
175800 45 80
175800 47 66
175800 77 107
176100 1 61
176100 3 78
176100 13 68
176100 20 68
176100 20 45
176100 27 73
176100 30 74
176100 32 115
176100 40 80
176100 45 80
176100 47 66
176100 77 107
176400 3 78
176400 13 68
176400 21 80
176400 21 58
176400 27 73
176400 32 115
176400 33 108
176400 39 80
176400 40 80
176400 47 66
176400 68 92
176400 71 88
176400 77 107
176400 80 93
176700 3 78
176700 5 28
176700 21 58
176700 27 73
176700 30 74
176700 32 115
176700 33 108
176700 40 80
176700 55 56
176700 56 112
176700 77 107
176700 80 93
176700 82 88
177000 3 78
177000 14 39
177000 21 80
177000 27 73
177000 32 115
177000 33 108
177000 39 80
177000 40 80
177000 47 66
177000 55 56
177000 56 112
177000 82 88
177300 3 78
177300 14 39
177300 32 115
177300 33 108
177300 39 80
177300 40 80
177300 47 66
177300 55 56
177300 56 112
177300 82 88
177600 3 78
177600 14 39
177600 21 80
177600 32 115
177600 33 108
177600 39 80
177600 40 80
177600 41 43
177600 43 109
177600 47 66
177600 55 56
177600 56 112
177900 3 78
177900 14 39
177900 22 82
177900 24 114
177900 32 115
177900 39 80
177900 40 80
177900 41 43
177900 43 109
177900 47 66
177900 55 56
177900 56 112
177900 82 88
178200 3 78
178200 14 39
178200 21 80
178200 21 92
178200 22 82
178200 33 108
178200 40 80
178200 41 43
178200 43 109
178200 47 66
178200 55 56
178200 56 112
178200 82 88
178500 21 92
178500 21 80
178500 22 82
178500 33 108
178500 40 80
178500 41 43
178500 43 109
178500 45 95
178500 47 66
178500 55 56
178500 56 112
178500 82 88
178800 3 78
178800 21 92
178800 33 108
178800 40 80
178800 41 43
178800 43 109
178800 45 95
178800 47 66
178800 55 56
178800 56 112
178800 57 116
178800 82 88
179100 17 111
179100 21 92
179100 33 108
179100 40 80
179100 41 43
179100 43 109
179100 45 95
179100 47 66
179100 55 56
179100 56 112
179100 57 116
179400 0 14
179400 17 111
179400 21 92
179400 25 68
179400 33 108
179400 37 72
179400 40 80
179400 41 43
179400 43 109
179400 45 95
179400 47 66
179400 55 56
179400 57 116
179700 0 14
179700 16 29
179700 17 111
179700 21 92
179700 33 108
179700 37 96
179700 40 80
179700 45 95
179700 47 66
179700 55 56
179700 57 116
180000 0 14
180000 17 111
180000 21 92
180000 33 108
180000 45 95
180000 47 66
180000 49 53
180000 52 60
180000 55 56
180000 57 116
180300 16 29
180300 17 111
180300 21 92
180300 24 52
180300 33 108
180300 39 119
180300 40 80
180300 45 95
180300 47 66
180300 55 56
180300 57 116
180600 0 14
180600 0 23
180600 6 23
180600 6 33
180600 8 23
180600 17 111
180600 17 75
180600 17 52
180600 21 92
180600 23 47
180600 24 52
180600 27 40
180600 33 108
180600 39 45
180600 40 80
180600 45 95
180600 45 47
180600 47 66
180600 55 56
180600 55 71
180600 57 116
180600 71 112
180900 0 25
180900 2 25
180900 8 82
180900 8 86
180900 17 52
180900 21 92
180900 25 82
180900 25 75
180900 27 40
180900 33 108
180900 33 57
180900 39 45
180900 40 80
180900 45 95
180900 47 66
180900 47 75
180900 55 56
180900 57 116
180900 71 100
180900 71 82
180900 75 118
180900 75 82
180900 78 100
181200 0 25
181200 0 23
181200 0 24
181200 17 52
181200 18 21
181200 18 23
181200 21 92
181200 23 82
181200 24 82
181200 27 40
181200 32 93
181200 45 47
181200 45 95
181200 47 75
181200 47 66
181200 51 93
181200 52 95
181200 55 56
181200 58 95
181200 71 100
181200 75 118
181200 75 82
181200 80 100
181200 101 108
181500 0 25
181500 2 114
181500 14 102
181500 17 52
181500 18 21
181500 23 71
181500 23 51
181500 23 68
181500 25 75
181500 27 40
181500 32 93
181500 32 40
181500 40 80
181500 51 93
181500 52 95
181500 57 116
181500 58 95
181500 68 114
181500 71 100
181500 80 100
181500 80 93
181500 93 102
181800 2 68
181800 7 100
181800 12 111
181800 14 15
181800 15 91
181800 17 52
181800 27 40
181800 32 93
181800 35 57
181800 45 95
181800 45 47
181800 45 112
181800 51 93
181800 52 57
181800 55 57
181800 57 116
181800 57 104
181800 57 93
181800 58 102
181800 80 93
181800 102 104
182100 0 34
182100 1 12
182100 7 100
182100 12 37
182100 12 14
182100 12 63
182100 14 102
182100 14 15
182100 17 52
182100 27 40
182100 30 74
182100 35 57
182100 45 47
182100 45 112
182100 45 91
182100 45 57
182100 52 57
182100 57 116
182100 57 104
182100 57 93
182100 57 95
182100 58 102
182100 90 113
182400 0 34
182400 0 47
182400 1 12
182400 12 63
182400 12 37
182400 12 14
182400 17 52
182400 17 72
182400 17 78
182400 27 40
182400 30 74
182400 35 57
182400 45 57
182400 45 91
182400 45 112
182400 52 63
182400 57 93
182400 57 116
182400 58 102
182400 72 77
182400 77 78
182400 94 95
182700 0 47
182700 1 12
182700 7 100
182700 13 32
182700 13 77
182700 27 40
182700 27 75
182700 30 74
182700 34 50
182700 35 57
182700 45 47
182700 45 91
182700 45 112
182700 49 101
182700 50 76
182700 50 101
182700 50 119
182700 57 93
182700 57 95
182700 57 116
182700 58 102
182700 58 106
182700 72 77
182700 77 93
182700 94 95
183000 0 34
183000 1 12
183000 1 98
183000 7 100
183000 13 77
183000 16 53
183000 17 52
183000 27 40
183000 27 75
183000 30 74
183000 30 55
183000 30 121
183000 34 50
183000 45 47
183000 45 112
183000 45 91
183000 49 101
183000 49 53
183000 49 118
183000 52 63
183000 52 121
183000 53 110
183000 53 77
183000 53 95
183000 54 110
183000 57 116
183000 58 102
183000 77 93
183000 94 95
183000 98 121
183000 98 101
183000 110 121
183300 0 98
183300 1 98
183300 1 120
183300 12 53
183300 16 53
183300 16 67
183300 27 75
183300 27 98
183300 28 98
183300 30 74
183300 34 50
183300 45 112
183300 45 47
183300 45 98
183300 49 53
183300 53 95
183300 53 110
183300 53 77
183300 53 121
183300 54 110
183300 57 116
183300 58 102
183300 62 110
183300 66 67
183300 66 110
183300 88 98
183300 94 95
183300 96 120
183300 96 99
183300 96 98
183300 98 101
183600 0 98
183600 0 34
183600 3 56
183600 3 109
183600 7 109
183600 11 78
183600 12 55
183600 16 67
183600 27 75
183600 30 74
183600 34 50
183600 45 112
183600 53 110
183600 54 110
183600 58 71
183600 62 110
183600 66 110
183600 70 82
183600 70 109
183600 71 120
183600 85 120
183600 91 118
183600 95 109
183600 96 120
183600 96 109
183600 109 120
183900 3 56
183900 3 109
183900 3 38
183900 3 50
183900 3 71
183900 7 109
183900 8 102
183900 8 63
183900 10 73
183900 11 78
183900 11 91
183900 16 67
183900 16 76
183900 20 82
183900 27 75
183900 30 74
183900 34 50
183900 38 71
183900 45 112
183900 50 73
183900 53 95
183900 54 110
183900 56 95
183900 56 73
183900 58 71
183900 66 73
183900 70 109
183900 73 95
183900 73 109
183900 85 95
183900 95 109
183900 96 109
183900 109 120
184200 0 98
184200 0 34
184200 3 50
184200 3 38
184200 4 100
184200 8 63
184200 8 102
184200 10 20
184200 11 91
184200 11 78
184200 12 69
184200 27 75
184200 30 74
184200 34 50
184200 38 71
184200 45 112
184200 50 73
184200 54 110
184200 56 73
184200 70 109
184200 96 109
184200 96 120
184500 3 56
184500 3 71
184500 8 63
184500 8 102
184500 11 91
184500 12 69
184500 16 67
184500 16 76
184500 27 75
184500 30 74
184500 32 64
184500 45 112
184500 54 110
184500 56 95
184500 58 71
184500 65 69
184500 66 73
184500 85 95
184500 96 120
184500 96 109
184800 0 34
184800 0 98
184800 3 50
184800 3 71
184800 3 56
184800 3 38
184800 4 67
184800 8 102
184800 11 78
184800 11 91
184800 12 69
184800 16 67
184800 30 74
184800 32 64
184800 34 50
184800 45 112
184800 50 73
184800 52 103
184800 54 110
184800 56 95
184800 58 71
184800 66 73
184800 85 95
184800 96 109
184800 96 120
185100 0 98
185100 0 34
185100 3 38
185100 3 50
185100 8 63
185100 8 102
185100 11 91
185100 12 69
185100 16 67
185100 27 75
185100 30 74
185100 32 64
185100 45 112
185100 50 73
185100 54 110
185100 56 95
185100 58 71
185100 66 73
185100 85 95
185100 96 109
185100 96 120
185400 0 98
185400 0 34
185400 3 71
185400 3 38
185400 3 50
185400 4 67
185400 8 63
185400 8 102
185400 11 91
185400 11 78
185400 12 69
185400 16 67
185400 18 19
185400 30 74
185400 32 64
185400 34 50
185400 45 112
185400 50 73
185400 54 110
185400 58 71
185400 66 73
185400 85 95
185400 96 120
185700 0 98
185700 3 50
185700 3 38
185700 4 67
185700 8 102
185700 8 63
185700 11 91
185700 11 78
185700 12 69
185700 16 67
185700 18 19
185700 32 64
185700 34 50
185700 45 112
185700 58 71
185700 66 73
185700 85 95
185700 86 105
186000 0 98
186000 3 71
186000 3 38
186000 3 50
186000 4 67
186000 8 102
186000 11 91
186000 11 78
186000 12 69
186000 16 67
186000 18 19
186000 32 64
186000 34 50
186000 45 112
186000 50 73
186000 54 89
186000 58 71
186000 59 105
186000 85 95
186000 96 120
186300 3 71
186300 3 38
186300 3 50
186300 4 67
186300 8 102
186300 8 63
186300 11 78
186300 11 91
186300 18 19
186300 32 64
186300 34 50
186300 45 112
186300 50 73
186300 57 107
186300 58 71
186300 85 95
186300 96 120
186600 3 71
186600 3 38
186600 4 67
186600 8 102
186600 8 63
186600 11 91
186600 11 78
186600 14 72
186600 16 67
186600 18 19
186600 44 98
186600 50 73
186600 54 89
186600 85 95
186600 96 120
186900 3 71
186900 3 38
186900 3 50
186900 5 57
186900 8 63
186900 8 102
186900 11 91
186900 11 78
186900 14 72
186900 16 67
186900 18 19
186900 32 64
186900 34 50
186900 44 98
186900 57 107
186900 58 71
186900 64 86
186900 85 95
186900 96 120
187200 3 50
187200 3 38
187200 4 67
187200 5 57
187200 8 63
187200 11 78
187200 11 91
187200 16 67
187200 18 19
187200 32 64
187200 34 50
187200 44 98
187200 57 107
187200 58 71
187200 64 86
187200 85 95
187200 96 120
187500 3 50
187500 3 71
187500 3 38
187500 4 67
187500 5 57
187500 8 63
187500 8 102
187500 11 78
187500 16 67
187500 18 19
187500 32 64
187500 34 50
187500 57 107
187500 58 71
187500 64 86
187500 85 95
187500 88 92
187500 96 120
187800 3 38
187800 4 67
187800 5 57
187800 11 91
187800 11 78
187800 16 67
187800 18 19
187800 57 107
187800 58 71
187800 85 95
187800 96 120
188100 3 38
188100 4 67
188100 5 57
188100 11 78
188100 16 67
188100 18 19
188100 50 91
188100 57 107
188100 58 71
188100 85 95
188100 88 92
188100 88 110
188100 96 120
188400 0 103
188400 0 84
188400 3 38
188400 11 78
188400 16 67
188400 18 19
188400 31 110
188400 39 92
188400 57 107
188400 58 71
188400 85 95
188400 88 92
188400 96 120
188700 0 84
188700 2 88
188700 3 38
188700 4 67
188700 4 88
188700 11 78
188700 18 19
188700 31 110
188700 39 92
188700 58 71
188700 84 99
188700 85 95
188700 96 120
189000 0 84
189000 2 88
189000 3 38
189000 4 67
189000 4 88
189000 11 78
189000 18 19
189000 31 110
189000 39 92
189000 41 43
189000 73 92
189000 84 99
189000 96 120
189300 0 84
189300 1 109
189300 3 38
189300 11 78
189300 18 19
189300 31 110
189300 39 92
189300 41 43
189300 84 99
189300 96 120
189300 106 115
189300 109 115
189600 0 84
189600 1 109
189600 3 38
189600 14 106
189600 18 19
189600 31 110
189600 39 92
189600 41 43
189600 41 92
189600 48 63
189600 84 99
189600 96 120
189600 106 115
189600 109 115
189900 0 84
189900 3 38
189900 14 106
189900 18 19
189900 31 110
189900 41 92
189900 41 43
189900 84 99
189900 96 120
189900 106 115
190200 0 84
190200 3 38
190200 14 106
190200 18 19
190200 31 110
190200 36 92
190200 41 43
190200 46 73
190200 46 92
190200 46 104
190200 84 99
190500 0 84
190500 3 38
190500 14 106
190500 17 113
190500 17 106
190500 17 41
190500 18 19
190500 31 110
190500 36 92
190500 41 106
190500 46 92
190500 84 99
190800 3 38
190800 10 56
190800 10 48
190800 14 106
190800 17 41
190800 17 113
190800 18 19
190800 36 92
190800 41 106
190800 84 99
191100 10 56
191100 10 48
191100 14 106
191100 18 19
191100 23 106
191100 23 92
191100 26 48
191100 31 110
191100 36 92
191100 84 99
191100 84 92
191100 106 110
191400 10 48
191400 14 106
191400 18 19
191400 20 41
191400 20 92
191400 26 48
191400 31 110
191400 36 92
191400 41 106
191400 41 121
191400 47 70
191400 70 117
191400 84 99
191700 9 110
191700 10 48
191700 14 106
191700 20 41
191700 20 47
191700 21 85
191700 21 92
191700 26 48
191700 27 110
191700 27 41
191700 41 121
191700 41 106
191700 41 99
191700 92 110
192000 9 110
192000 10 48
192000 13 28
192000 13 99
192000 13 110
192000 13 51
192000 14 106
192000 20 41
192000 20 51
192000 21 92
192000 21 85
192000 27 110
192000 28 110
192000 31 110
192000 36 92
192000 40 63
192000 40 82
192000 48 104
192000 58 76
192000 76 106
192000 84 99
192000 92 110
192300 8 80
192300 10 48
192300 13 110
192300 13 51
192300 14 106
192300 14 28
192300 20 51
192300 20 47
192300 20 41
192300 20 27
192300 21 85
192300 21 92
192300 27 101
192300 28 110
192300 31 110
192300 36 92
192300 40 63
192300 48 104
192300 57 80
192300 92 110
192600 6 20
192600 6 107
192600 8 99
192600 10 48
192600 13 51
192600 14 106
192600 20 51
192600 20 92
192600 21 99
192600 27 101
192600 28 110
192600 28 47
192600 31 110
192600 36 92
192600 48 104
192600 57 80
192600 62 84
192600 71 80
192600 99 106
192900 8 99
192900 13 110
192900 14 106
192900 14 28
192900 20 51
192900 20 84
192900 21 99
192900 21 92
192900 27 101
192900 28 110
192900 28 47
192900 28 48
192900 36 92
192900 39 106
192900 54 88
192900 84 92
192900 99 106
192900 106 121
193200 8 99
193200 13 51
193200 13 110
193200 14 106
193200 14 28
193200 14 35
193200 20 84
193200 20 51
193200 21 99
193200 21 90
193200 21 25
193200 27 101
193200 28 47
193200 28 110
193200 28 63
193200 36 92
193200 38 84
193200 38 106
193200 54 88
193200 84 116
193200 88 110
193500 8 99
193500 13 110
193500 14 28
193500 14 106
193500 14 35
193500 18 20
193500 18 85
193500 20 51
193500 21 25
193500 21 99
193500 27 101
193500 28 47
193500 28 110
193500 36 92
193500 41 72
193500 41 99
193800 8 99
193800 18 85
193800 18 20
193800 20 51
193800 21 99
193800 28 47
193800 28 117
193800 34 95
193800 34 78
193800 38 45
193800 41 72
193800 45 53
193800 51 60
193800 51 73
193800 52 102
193800 73 87
193800 80 99
193800 86 117
194100 8 99
194100 18 85
194100 20 51
194100 21 99
194100 28 117
194100 28 47
194100 34 95
194100 34 71
194100 38 87
194100 41 72
194100 44 47
194100 47 78
194100 51 73
194100 52 102
194100 53 73
194100 73 87
194100 78 97
194100 83 102
194100 83 100
194100 86 117
194100 92 102
194400 18 20
194400 26 106
194400 26 28
194400 26 39
194400 26 102
194400 34 95
194400 34 71
194400 44 117
194400 48 60
194400 51 73
194400 52 102
194400 73 87
194400 83 100
194400 83 102
194400 86 117
194400 92 102
194400 99 100
194400 100 107
194700 12 52
194700 25 86
194700 26 106
194700 26 28
194700 26 39
194700 26 102
194700 30 52
194700 32 102
194700 33 64
194700 34 71
194700 34 95
194700 48 60
194700 71 73
194700 80 86
194700 83 100
194700 86 117
194700 86 102
194700 92 102
194700 100 107
195000 26 28
195000 26 39
195000 26 102
195000 32 102
195000 32 114
195000 34 95
195000 34 71
195000 51 73
195000 52 100
195000 79 109
195000 83 100
195000 86 117
195000 86 92
195000 86 100
195000 100 107
195300 31 121
195300 32 102
195300 32 73
195300 34 95
195300 47 114
195300 66 114
195300 83 100
195300 100 107
195300 100 109
195600 26 102
195600 26 28
195600 28 34
195600 28 100
195600 31 121
195600 34 94
195600 52 100
195600 66 114
195600 67 83
195600 67 100
195600 100 107
195600 100 109
195900 19 108
195900 19 121
195900 19 30
195900 25 88
195900 26 102
195900 34 94
195900 34 108
195900 52 100
195900 66 114
195900 100 109
196200 19 30
196200 19 121
196200 19 108
196200 19 55
196200 19 59
196200 25 88
196200 34 94
196200 34 108
196200 62 88
196200 66 114
196200 67 83
196200 77 109
196500 1 66
196500 19 30
196500 19 55
196500 19 108
196500 19 26
196500 26 102
196500 26 55
196500 26 100
196500 34 108
196500 55 67
196500 62 88
196500 66 114
196500 67 83
196500 67 77
196500 67 87
196800 0 108
196800 0 114
196800 19 30
196800 19 55
196800 26 100
196800 26 67
196800 34 108
196800 35 67
196800 55 74
196800 58 86
196800 62 104
196800 67 83
196800 67 77
197100 1 55
197100 15 55
197100 26 102
197100 55 74
197100 58 86
197100 62 104
197100 67 77
197400 1 30
197400 15 55
197400 19 55
197400 19 30
197400 55 113
197400 58 86
197700 2 24
197700 14 55
197700 15 55
197700 19 55
197700 45 55
197700 55 74
197700 55 113
198000 1 2
198000 2 24
198000 8 104
198000 14 30
198000 14 45
198000 15 55
198000 19 55
198000 22 45
198000 113 121
198300 2 24
198300 14 30
198300 15 55
198300 22 45
198300 96 106
198600 14 30
198600 15 55
198600 18 36
198600 18 41
198600 22 45
198600 52 115
198600 96 106
198900 14 30
198900 18 36
198900 52 115
198900 52 105
198900 96 106
199200 14 30
199200 18 36
199200 52 105
199200 76 111
199200 96 106
199500 15 47
199500 18 36
199500 52 105
199500 71 88
199500 76 111
199500 96 106
199800 18 36
199800 33 99
199800 71 88
199800 76 111
199800 96 106
200100 8 54
200100 14 119
200100 15 47
200100 76 111
200100 96 106
200400 14 119
200400 15 101
200400 33 99
200400 76 111
200700 14 119
200700 15 101
200700 76 111
201000 18 103
201300 5 19
201600 0 34
201600 2 84
201600 16 72
201600 31 37
201900 2 84
201900 5 117
201900 25 42
202200 32 44
202500 25 42
202500 86 115
202800 80 104
203100 25 42
203400 22 92
203400 82 92
203700 25 42
203700 25 60
203700 29 30
204000 22 92
204000 25 60
204000 29 30
204300 14 101
204900 26 32
204900 65 66
204900 66 75
205200 7 78
205500 26 54
205800 72 108
206400 80 104
207000 64 108
207900 74 83
208200 3 39
208500 18 82
208800 7 83
209100 5 108
259800 1 102
259800 8 105
259800 8 57
259800 18 25
259800 18 49
259800 105 111
260100 0 27
260100 8 57
260100 18 25
260100 18 49
260100 21 112
260100 25 79
260100 43 111
260100 50 103
260100 79 90
260100 80 114
260100 105 111
260400 0 27
260400 8 57
260400 18 49
260400 18 30
260400 21 112
260400 25 79
260400 27 121
260400 27 103
260400 28 79
260400 44 79
260400 79 90
260400 80 104
260400 105 111
260700 8 57
260700 18 49
260700 18 30
260700 23 58
260700 23 100
260700 27 103
260700 27 28
260700 44 79
260700 55 86
260700 55 85
260700 64 95
260700 79 90
260700 79 85
260700 105 111
261000 8 57
261000 14 116
261000 18 49
261000 18 30
261000 18 117
261000 21 112
261000 23 100
261000 27 103
261000 27 121
261000 27 117
261000 28 87
261000 28 89
261000 40 89
261000 55 86
261000 55 85
261000 105 111
261300 18 117
261300 18 30
261300 18 49
261300 23 100
261300 27 103
261300 27 117
261300 28 87
261300 40 89
261300 55 86
261300 55 102
261300 82 84
261300 83 118
261600 6 43
261600 12 22
261600 12 117
261600 18 49
261600 20 43
261600 23 100
261600 27 117
261600 27 103
261600 40 89
261600 43 61
261600 55 86
261600 76 118
261600 82 84
261600 83 118
261900 6 43
261900 6 99
261900 12 22
261900 12 27
261900 13 22
261900 18 117
261900 18 49
261900 18 30
261900 20 43
261900 22 77
261900 23 100
261900 27 103
261900 40 89
261900 43 61
261900 43 44
261900 55 86
261900 82 84
261900 99 104
262200 6 43
262200 6 99
262200 13 92
262200 13 89
262200 18 104
262200 20 43
262200 22 52
262200 23 100
262200 24 112
262200 27 103
262200 30 56
262200 40 89
262200 43 44
262200 43 61
262200 49 53
262200 55 86
262200 62 91
262200 82 84
262200 83 118
262200 99 104
262500 6 89
262500 13 92
262500 13 89
262500 13 17
262500 18 117
262500 20 43
262500 23 100
262500 24 112
262500 24 118
262500 30 56
262500 43 61
262500 43 44
262500 45 109
262500 45 91
262500 49 53
262500 55 86
262500 62 91
262500 72 99
262800 13 92
262800 15 106
262800 18 117
262800 20 43
262800 23 100
262800 24 46
262800 30 56
262800 42 106
262800 43 61
262800 45 109
262800 45 91
262800 49 53
262800 55 86
262800 62 91
262800 72 99
262800 83 118
263100 13 92
263100 15 106
263100 23 100
263100 24 46
263100 30 56
263100 42 106
263100 42 45
263100 43 61
263100 45 109
263100 49 53
263100 55 86
263100 83 118
263100 95 106
263400 13 92
263400 18 117
263400 23 100
263400 30 56
263400 42 106
263400 43 61
263400 45 109
263400 49 53
263400 55 86
263400 83 118
263400 95 106
263700 13 92
263700 23 100
263700 24 46
263700 24 76
263700 30 56
263700 43 61
263700 45 109
263700 49 53
263700 55 86
263700 83 118
263700 95 106
264000 13 92
264000 23 100
264000 24 46
264000 30 56
264000 37 120
264000 43 61
264000 45 109
264000 49 53
264000 55 86
264000 83 118
264000 95 106
264300 13 92
264300 23 100
264300 31 77
264300 43 61
264300 45 109
264300 49 53
264300 55 86
264300 75 104
264300 83 118
264300 95 106
264600 13 92
264600 23 100
264600 24 46
264600 43 61
264600 45 109
264600 49 53
264600 83 118
264600 95 106
264900 13 92
264900 23 100
264900 38 50
264900 43 61
264900 45 109
264900 49 53
264900 83 118
264900 95 106
265200 13 92
265200 23 100
265200 24 46
265200 35 84
265200 38 120
265200 43 61
265200 49 53
265200 83 118
265200 95 106
265500 13 92
265500 23 100
265500 35 84
265500 38 120
265500 43 61
265500 49 53
265500 67 81
265500 83 118
265800 13 92
265800 23 100
265800 35 84
265800 43 61
265800 49 53
265800 67 81
265800 83 118
266100 23 100
266100 29 38
266100 35 84
266100 38 120
266100 43 61
266100 49 53
266100 67 81
266100 83 118
266400 23 100
266400 29 38
266400 35 84
266400 38 120
266400 43 61
266400 49 53
266400 58 60
266400 83 118
266700 6 68
266700 23 100
266700 29 38
266700 35 84
266700 49 53
266700 67 81
266700 83 118
267000 6 68
267000 13 49
267000 33 68
267000 35 84
267000 35 48
267000 35 82
267000 38 120
267000 39 103
267000 39 48
267000 48 109
267000 48 103
267000 49 53
267000 83 118
267300 4 63
267300 31 63
267300 35 84
267300 40 105
267300 48 68
267300 48 120
267300 49 120
267300 53 105
267300 63 118
267300 67 105
267300 67 98
267300 82 109
267300 82 105
267300 83 118
267300 88 120
267300 105 120
267600 4 63
267600 4 31
267600 4 37
267600 4 104
267600 13 49
267600 13 67
267600 17 45
267600 17 44
267600 18 82
267600 24 118
267600 30 95
267600 30 87
267600 31 63
267600 33 121
267600 35 84
267600 37 45
267600 37 104
267600 53 105
267600 63 118
267600 63 104
267600 67 105
267600 82 109
267600 82 105
267600 88 120
267600 104 105
267600 105 120
267900 0 17
267900 0 121
267900 4 37
267900 7 17
267900 17 44
267900 18 82
267900 18 95
267900 22 88
267900 24 112
267900 24 121
267900 33 121
267900 35 84
267900 37 45
267900 37 104
267900 37 121
267900 45 112
267900 47 121
267900 53 105
267900 82 109
267900 88 120
268200 0 17
268200 0 121
268200 0 109
268200 4 37
268200 13 67
268200 13 49
268200 17 105
268200 17 103
268200 18 95
268200 33 121
268200 53 65
268200 55 105
268200 67 105
268200 82 105
268200 104 105
268200 105 120
268500 0 17
268500 4 37
268500 7 17
268500 13 67
268500 13 44
268500 13 120
268500 16 67
268500 17 44
268500 18 95
268500 24 121
268500 24 112
268500 24 113
268500 26 36
268500 33 121
268500 34 105
268500 36 82
268500 45 112
268500 53 65
268500 55 105
268500 67 105
268500 84 99
268500 99 105
268500 99 113
268500 104 105
268500 105 120
268800 0 17
268800 2 24
268800 2 11
268800 7 17
268800 11 39
268800 13 120
268800 13 44
268800 14 99
268800 15 99
268800 16 67
268800 17 103
268800 17 44
268800 18 95
268800 18 24
268800 18 74
268800 24 113
268800 24 121
268800 24 112
268800 33 121
268800 34 105
268800 36 82
268800 37 40
268800 42 66
268800 45 99
268800 53 65
268800 55 105
268800 67 105
268800 74 99
268800 84 99
268800 99 105
268800 99 113
268800 99 112
268800 105 120
269100 0 17
269100 2 24
269100 2 78
269100 2 16
269100 7 17
269100 11 39
269100 13 67
269100 14 40
269100 18 95
269100 18 24
269100 24 112
269100 24 121
269100 24 113
269100 33 121
269100 34 105
269100 34 46
269100 36 82
269100 41 44
269100 42 66
269100 46 74
269100 46 76
269100 55 105
269100 64 121
269100 84 99
269400 0 17
269400 2 16
269400 7 17
269400 11 39
269400 11 44
269400 13 44
269400 13 67
269400 14 40
269400 14 99
269400 14 94
269400 15 44
269400 17 44
269400 18 74
269400 18 95
269400 24 113
269400 36 82
269400 39 106
269400 39 67
269400 41 44
269400 42 66
269400 44 120
269400 47 113
269400 50 87
269400 58 106
269400 66 94
269400 84 99
269700 2 16
269700 2 78
269700 7 17
269700 11 44
269700 13 44
269700 14 99
269700 15 44
269700 16 59
269700 17 44
269700 18 74
269700 33 120
269700 36 82
269700 39 67
269700 39 106
269700 41 44
269700 44 120
269700 44 76
269700 44 58
269700 46 74
269700 46 76
269700 58 106
269700 65 113
269700 67 71
269700 84 99
269700 84 108
269700 84 106
269700 106 120
270000 0 17
270000 2 78
270000 7 17
270000 11 39
270000 11 44
270000 11 113
270000 12 65
270000 14 40
270000 16 41
270000 22 97
270000 22 24
270000 31 97
270000 33 120
270000 41 65
270000 44 58
270000 65 113
270000 65 97
270000 67 71
270000 82 113
270000 84 108
270000 95 113
270000 97 99
270000 106 120
270300 7 17
270300 11 39
270300 12 65
270300 13 44
270300 16 59
270300 16 41
270300 16 78
270300 24 64
270300 24 41
270300 33 120
270300 33 100
270300 39 97
270300 39 100
270300 40 65
270300 40 64
270300 41 65
270300 42 65
270300 44 120
270300 44 58
270300 58 64
270300 62 113
270300 64 78
270300 65 113
270300 65 95
270300 67 71
270300 82 113
270600 0 17
270600 7 17
270600 11 44
270600 11 113
270600 12 65
270600 16 41
270600 16 59
270600 16 78
270600 22 97
270600 22 24
270600 24 41
270600 24 64
270600 31 97
270600 33 100
270600 39 97
270600 40 64
270600 41 65
270600 52 99
270600 58 64
270600 64 78
270600 84 108
270600 92 108
270900 11 39
270900 11 113
270900 11 44
270900 12 65
270900 16 59
270900 22 97
270900 22 24
270900 30 84
270900 31 97
270900 33 100
270900 33 120
270900 39 100
270900 40 64
270900 44 120
270900 58 64
270900 84 108
271200 1 77
271200 3 81
271200 7 17
271200 11 113
271200 11 39
271200 12 65
271200 16 78
271200 16 59
271200 16 41
271200 21 90
271200 22 97
271200 24 64
271200 30 84
271200 31 97
271200 33 120
271200 39 100
271200 39 97
271200 40 64
271200 41 65
271200 44 120
271200 45 55
271200 58 64
271200 64 78
271200 84 108
271500 7 17
271500 11 44
271500 11 113
271500 11 39
271500 12 65
271500 16 78
271500 16 41
271500 16 59
271500 21 90
271500 22 24
271500 22 97
271500 30 84
271500 31 97
271500 33 120
271500 37 121
271500 39 100
271500 39 97
271500 40 64
271500 41 65
271500 44 120
271500 64 78
271800 3 81
271800 7 17
271800 11 39
271800 11 113
271800 16 59
271800 16 78
271800 21 90
271800 30 84
271800 31 97
271800 37 121
271800 39 97
271800 39 100
271800 40 64
271800 45 55
271800 57 101
271800 64 78
271800 84 108
