0 0 67
0 3 54
0 5 120
0 5 100
0 5 6
0 6 93
0 6 115
0 7 66
0 7 88
0 9 102
0 9 20
0 12 82
0 12 111
0 14 70
0 17 90
0 18 70
0 18 109
0 19 49
0 19 85
0 20 109
0 20 67
0 24 91
0 32 73
0 32 72
0 34 81
0 34 59
0 41 109
0 42 90
0 42 65
0 49 113
0 56 116
0 61 90
0 65 72
0 65 85
0 66 95
0 73 111
0 80 118
0 82 103
0 84 95
0 85 90
0 88 119
0 91 102
0 99 107
0 103 118
300 0 67
300 2 18
300 2 90
300 2 95
300 2 19
300 3 54
300 5 120
300 5 6
300 5 100
300 6 93
300 7 12
300 9 20
300 9 102
300 12 111
300 12 82
300 12 42
300 12 95
300 18 109
300 19 49
300 20 109
300 20 67
300 20 95
300 20 42
300 24 91
300 41 109
300 42 65
300 44 65
300 44 88
300 49 113
300 49 111
300 61 90
300 65 85
300 65 119
300 67 73
300 73 84
300 80 118
300 84 95
300 85 90
300 90 109
300 91 102
300 99 107
300 109 111
600 0 67
600 2 90
600 2 19
600 2 95
600 2 18
600 2 10
600 2 29
600 3 54
600 5 100
600 5 102
600 6 93
600 9 60
600 12 111
600 12 82
600 19 49
600 20 67
600 44 65
600 44 88
600 49 113
600 50 119
600 60 119
600 60 91
600 61 90
600 80 118
600 84 95
600 88 119
600 99 107
900 0 67
900 2 90
900 5 100
900 6 93
900 9 60
900 10 53
900 12 95
900 12 82
900 19 88
900 20 67
900 20 95
900 36 102
900 44 60
900 49 113
900 49 111
900 60 119
900 60 91
900 60 61
900 61 90
900 65 85
900 74 88
900 80 118
900 85 90
900 91 110
900 99 107
900 109 111
1200 0 67
1200 2 90
1200 3 54
1200 5 100
1200 9 60
1200 10 111
1200 16 35
1200 19 55
1200 20 95
1200 20 57
1200 20 67
1200 21 35
1200 50 119
1200 55 92
1200 60 91
1200 61 90
1200 65 85
1200 80 118
1200 88 119
1200 99 107
1500 2 90
1500 5 100
1500 9 60
1500 16 35
1500 20 67
1500 20 95
1500 21 35
1500 26 59
1500 32 64
1500 39 76
1500 49 113
1500 50 119
1500 55 92
1500 61 90
1500 62 103
1500 65 85
1500 67 84
1500 89 92
1500 99 107
1800 5 100
1800 9 60
1800 16 35
1800 20 95
1800 21 35
1800 22 45
1800 28 67
1800 35 90
1800 50 119
1800 62 103
1800 65 85
1800 67 92
1800 67 117
1800 84 122
1800 89 92
1800 99 107
1800 103 110
2100 4 77
2100 6 111
2100 6 28
2100 9 60
2100 16 35
2100 20 95
2100 21 35
2100 45 56
2100 50 119
2100 55 92
2100 65 85
2100 89 92
2100 99 107
2400 6 28
2400 6 111
2400 6 15
2400 9 60
2400 20 95
2400 21 35
2400 45 56
2400 50 119
2400 51 55
2400 55 92
2400 55 72
2400 55 64
2400 65 85
2400 74 88
2400 88 105
2700 6 111
2700 6 28
2700 7 50
2700 9 60
2700 20 95
2700 21 35
2700 41 117
2700 41 64
2700 45 56
2700 55 92
2700 55 72
2700 55 64
2700 65 85
2700 88 105
2700 98 105
3000 3 21
3000 6 111
3000 6 28
3000 7 50
3000 9 60
3000 20 95
3000 21 35
3000 41 64
3000 41 117
3000 43 50
3000 50 56
3000 50 108
3000 55 92
3000 55 72
3000 65 85
3000 66 71
3300 3 21
3300 3 58
3300 6 43
3300 7 50
3300 10 67
3300 20 95
3300 21 35
3300 50 108
3300 55 72
3300 65 85
3600 3 58
3600 6 28
3600 7 50
3600 21 51
3600 37 63
3600 50 108
3600 55 72
3600 58 82
3600 61 110
3600 65 85
3600 67 82
3900 5 73
3900 6 43
3900 7 50
3900 12 17
3900 21 51
3900 40 59
3900 50 108
3900 50 63
3900 54 73
3900 55 72
3900 65 85
3900 91 120
4200 5 73
4200 6 28
4200 6 43
4200 7 50
4200 21 51
4200 35 114
4200 50 108
4200 54 73
4200 55 72
4200 61 110
4200 65 85
4200 91 120
4500 5 73
4500 6 43
4500 6 28
4500 7 50
4500 12 17
4500 12 107
4500 12 60
4500 21 51
4500 50 108
4500 54 73
4500 55 72
4500 65 85
4500 91 120
4800 5 73
4800 6 28
4800 6 43
4800 7 50
4800 12 60
4800 12 107
4800 12 17
4800 21 51
4800 47 93
4800 55 72
4800 65 85
4800 91 120
5100 5 73
5100 6 28
5100 7 50
5100 12 60
5100 12 17
5100 12 107
5100 21 51
5100 47 93
5100 55 72
5100 65 85
5100 91 120
5400 5 73
5400 6 28
5400 7 50
5400 12 17
5400 12 107
5400 21 51
5400 47 93
5400 55 72
5400 65 85
5400 91 120
5700 6 28
5700 7 50
5700 12 107
5700 12 17
5700 21 51
5700 47 93
5700 55 72
5700 65 85
5700 91 120
6000 5 73
6000 6 28
6000 7 50
6000 12 107
6000 12 17
6000 21 51
6000 47 93
6000 65 85
6000 73 74
6000 91 120
6300 4 88
6300 5 73
6300 6 28
6300 12 17
6300 12 107
6300 21 51
6300 47 93
6300 65 85
6300 73 74
6300 91 120
6600 0 54
6600 5 73
6600 6 28
6600 7 50
6600 12 107
6600 12 17
6600 21 51
6600 27 72
6600 65 85
6600 73 74
6600 91 120
6900 5 73
6900 7 50
6900 12 107
6900 12 17
6900 21 51
6900 27 72
6900 65 85
6900 73 74
6900 91 120
7200 7 50
7200 12 17
7200 12 107
7200 14 44
7200 19 40
7200 21 51
7200 27 72
7200 65 85
7200 73 74
7200 91 120
7500 7 50
7500 12 107
7500 19 40
7500 21 51
7500 27 72
7500 31 57
7500 65 85
7500 73 74
7500 91 120
7800 7 50
7800 12 107
7800 12 24
7800 19 40
7800 21 51
7800 22 23
7800 23 65
7800 24 112
7800 25 81
7800 59 73
7800 65 85
7800 65 79
7800 73 74
7800 79 112
8100 7 50
8100 7 26
8100 7 42
8100 12 107
8100 19 40
8100 21 51
8100 22 34
8100 24 44
8100 24 42
8100 25 99
8100 34 102
8100 44 99
8100 73 74
8400 5 60
8400 5 48
8400 5 28
8400 5 62
8400 7 26
8400 12 107
8400 19 40
8400 22 23
8400 22 34
8400 24 34
8400 34 74
8400 40 62
8400 42 97
8400 44 99
8400 53 54
8400 53 115
8400 63 66
8400 65 79
8400 73 74
8400 74 97
8400 79 112
8700 5 28
8700 12 107
8700 19 40
8700 20 65
8700 20 73
8700 24 34
8700 24 97
8700 26 54
8700 26 70
8700 28 79
8700 34 74
8700 34 62
8700 34 37
8700 42 108
8700 44 99
8700 48 54
8700 53 115
8700 59 79
8700 65 79
8700 69 79
8700 70 89
8700 73 74
8700 79 112
8700 79 89
9000 4 45
9000 4 70
9000 12 107
9000 18 70
9000 18 89
9000 24 97
9000 24 34
9000 26 70
9000 26 54
9000 26 97
9000 28 62
9000 34 62
9000 34 74
9000 34 37
9000 42 97
9000 42 108
9000 44 99
9000 45 54
9000 45 89
9000 47 62
9000 48 54
9000 54 97
9000 60 111
9000 62 94
9000 62 89
9000 70 89
9000 73 74
9000 74 97
9000 79 112
9000 79 89
9000 89 97
9300 0 45
9300 0 11
9300 0 97
9300 3 97
9300 4 45
9300 11 31
9300 11 97
9300 12 107
9300 19 81
9300 24 97
9300 24 45
9300 26 97
9300 28 45
9300 35 81
9300 42 97
9300 44 99
9300 45 89
9300 45 54
9300 45 61
9300 45 47
9300 45 85
9300 47 62
9300 53 115
9300 54 97
9300 73 74
9300 73 103
9300 74 97
9300 89 97
9600 0 11
9600 0 45
9600 0 97
9600 0 80
9600 0 14
9600 0 61
9600 9 63
9600 11 97
9600 11 31
9600 12 107
9600 20 34
9600 34 63
9600 42 97
9600 44 99
9600 45 61
9600 45 85
9600 47 63
9600 48 115
9600 53 115
9600 57 80
9600 61 80
9600 73 103
9600 78 86
9600 80 107
9900 0 11
9900 0 61
9900 0 97
9900 0 45
9900 0 14
9900 0 71
9900 9 63
9900 10 29
9900 10 94
9900 11 31
9900 11 63
9900 12 107
9900 29 60
9900 34 63
9900 35 63
9900 39 115
9900 44 99
9900 45 85
9900 45 89
9900 47 63
9900 53 115
9900 56 117
9900 69 80
9900 71 89
9900 73 74
9900 73 103
9900 89 97
9900 94 117
10200 0 14
10200 0 71
10200 5 71
10200 9 63
10200 9 18
10200 10 20
10200 10 74
10200 11 63
10200 18 63
10200 18 21
10200 18 71
10200 21 24
10200 24 102
10200 24 41
10200 24 27
10200 27 74
10200 29 110
10200 34 63
10200 34 37
10200 35 63
10200 36 93
10200 38 89
10200 39 115
10200 45 85
10200 47 63
10200 53 115
10200 69 80
10200 71 89
10200 73 103
10200 76 89
10200 89 97
10200 93 106
10500 5 50
10500 5 81
10500 5 115
10500 10 94
10500 10 81
10500 14 24
10500 18 101
10500 24 27
10500 27 74
10500 27 36
10500 27 44
10500 27 75
10500 27 82
10500 29 110
10500 34 37
10500 35 63
10500 35 75
10500 38 89
10500 45 85
10500 47 63
10500 53 115
10500 69 80
10500 73 103
10500 73 97
10500 76 89
10500 89 97
10500 94 117
10800 9 18
10800 9 63
10800 9 75
10800 10 68
10800 27 75
10800 27 82
10800 29 110
10800 30 119
10800 31 73
10800 31 65
10800 32 38
10800 32 68
10800 35 75
10800 35 68
10800 36 56
10800 38 89
10800 43 65
10800 45 85
10800 45 53
10800 47 63
10800 52 107
10800 52 82
10800 52 68
10800 53 115
10800 56 82
10800 65 107
10800 65 80
10800 68 119
10800 69 80
10800 71 89
10800 71 81
10800 71 75
10800 71 74
10800 73 97
10800 75 107
10800 75 82
11100 9 18
11100 9 63
11100 9 75
11100 9 107
11100 9 51
11100 10 68
11100 10 31
11100 10 82
11100 10 67
11100 13 68
11100 14 67
11100 30 119
11100 32 68
11100 35 68
11100 38 56
11100 45 53
11100 47 63
11100 51 68
11100 52 107
11100 52 68
11100 52 82
11100 52 58
11100 52 104
11100 52 69
11100 52 56
11100 53 115
11100 56 82
11100 58 107
11100 65 80
11100 65 107
11100 65 82
11100 68 119
11100 69 80
11100 75 82
11100 75 107
11100 82 107
11100 85 107
11100 98 114
11400 9 51
11400 9 18
11400 10 67
11400 13 68
11400 14 67
11400 27 82
11400 29 110
11400 30 119
11400 31 73
11400 32 68
11400 38 89
11400 43 65
11400 45 85
11400 45 53
11400 51 68
11400 52 58
11400 53 115
11400 58 107
11400 65 80
11400 69 80
11400 71 81
11400 71 89
11400 73 97
11400 98 114
11700 9 63
11700 9 18
11700 9 75
11700 13 68
11700 19 61
11700 27 82
11700 29 110
11700 30 119
11700 31 73
11700 32 68
11700 35 68
11700 38 56
11700 38 89
11700 43 65
11700 45 85
11700 46 81
11700 47 63
11700 51 68
11700 52 56
11700 53 115
11700 56 82
11700 69 80
11700 71 89
11700 71 81
11700 73 97
11700 86 105
11700 98 114
12000 9 18
12000 9 63
12000 10 67
12000 13 68
12000 14 67
12000 27 82
12000 29 110
12000 30 119
12000 31 73
12000 32 68
12000 38 56
12000 43 65
12000 46 81
12000 47 63
12000 51 68
12000 52 56
12000 53 115
12000 56 82
12000 58 107
12000 71 81
12000 71 89
12000 98 114
12300 9 63
12300 9 75
12300 10 67
12300 14 67
12300 20 61
12300 27 82
12300 29 110
12300 30 119
12300 31 73
12300 38 56
12300 38 89
12300 43 65
12300 46 81
12300 47 63
12300 52 56
12300 53 115
12300 56 82
12300 58 107
12300 69 80
12300 71 89
12300 71 81
12300 73 97
12300 98 114
12600 9 63
12600 10 67
12600 13 68
12600 14 67
12600 20 61
12600 27 82
12600 30 119
12600 32 68
12600 32 69
12600 34 102
12600 38 89
12600 43 65
12600 46 81
12600 47 63
12600 51 68
12600 53 115
12600 56 82
12600 58 107
12600 69 80
12600 71 81
12600 73 97
12600 98 114
12900 9 75
12900 9 63
12900 14 67
12900 20 61
12900 27 82
12900 30 119
12900 31 73
12900 32 69
12900 32 68
12900 38 89
12900 38 56
12900 43 65
12900 46 81
12900 47 63
12900 51 68
12900 51 70
12900 52 56
12900 53 115
12900 58 107
12900 71 89
12900 71 81
12900 73 97
12900 98 114
13200 1 75
13200 9 75
13200 14 67
13200 20 61
13200 27 82
13200 30 119
13200 31 73
13200 31 113
13200 32 68
13200 32 69
13200 38 89
13200 43 65
13200 47 63
13200 51 68
13200 51 70
13200 53 115
13200 58 107
13200 69 80
13200 98 114
13500 1 75
13500 9 75
13500 9 63
13500 14 67
13500 20 61
13500 27 82
13500 30 119
13500 31 113
13500 31 73
13500 32 68
13500 38 89
13500 38 56
13500 43 65
13500 46 81
13500 47 63
13500 51 70
13500 52 56
13500 53 115
13500 58 107
13500 69 80
13500 71 81
13500 98 114
13800 1 75
13800 9 63
13800 20 61
13800 27 82
13800 30 119
13800 31 113
13800 31 73
13800 32 69
13800 32 68
13800 38 56
13800 43 65
13800 46 81
13800 51 68
13800 51 70
13800 52 56
13800 53 115
13800 58 107
13800 69 80
13800 71 81
13800 98 114
14100 1 75
14100 9 63
14100 9 75
14100 20 61
14100 27 82
14100 30 119
14100 31 73
14100 32 69
14100 38 56
14100 43 65
14100 46 81
14100 47 63
14100 51 70
14100 52 56
14100 53 115
14100 58 107
14100 69 80
14100 84 97
14100 98 114
14400 1 75
14400 9 63
14400 9 75
14400 20 61
14400 30 119
14400 31 73
14400 32 68
14400 32 69
14400 46 81
14400 51 70
14400 51 68
14400 52 56
14400 53 115
14400 58 107
14400 69 80
14400 71 81
14400 72 84
14400 84 97
14400 98 114
14400 116 120
14700 1 75
14700 9 63
14700 20 61
14700 27 82
14700 30 119
14700 32 69
14700 32 68
14700 38 56
14700 38 48
14700 51 68
14700 51 70
14700 52 56
14700 53 115
14700 58 107
14700 69 80
14700 84 97
14700 98 114
14700 116 120
15000 1 75
15000 9 63
15000 9 27
15000 9 75
15000 11 44
15000 15 78
15000 15 67
15000 20 61
15000 27 82
15000 38 48
15000 38 121
15000 44 99
15000 48 81
15000 51 70
15000 52 56
15000 53 115
15000 84 97
15000 98 114
15000 116 120
15300 1 75
15300 2 77
15300 9 75
15300 20 61
15300 27 82
15300 32 56
15300 38 48
15300 44 99
15300 48 81
15300 51 70
15300 53 115
15300 56 77
15300 77 84
15300 84 97
15300 98 114
15300 116 120
15600 2 77
15600 2 114
15600 8 41
15600 9 24
15600 20 61
15600 21 31
15600 27 82
15600 32 56
15600 44 99
15600 48 81
15600 51 70
15600 53 115
15600 56 77
15600 84 97
15600 116 120
15900 2 77
15900 2 114
15900 11 31
15900 11 68
15900 20 61
15900 21 31
15900 24 77
15900 27 82
15900 32 56
15900 44 99
15900 51 70
15900 53 115
15900 68 104
15900 116 120
16200 2 114
16200 11 31
16200 11 68
16200 20 61
16200 21 31
16200 27 82
16200 32 56
16200 44 99
16200 53 115
16200 56 83
16200 56 68
16200 87 104
16200 116 120
16500 2 114
16500 20 61
16500 27 82
16500 32 56
16500 44 99
16500 50 87
16500 53 115
16500 56 83
16500 77 87
16500 116 120
16800 2 114
16800 5 43
16800 20 61
16800 27 82
16800 32 56
16800 44 99
16800 50 101
16800 53 115
16800 56 83
16800 77 87
16800 116 120
17100 2 114
17100 6 34
17100 6 28
17100 20 61
17100 27 82
17100 32 56
17100 41 87
17100 44 99
17100 56 83
17100 77 87
17100 116 120
17400 2 114
17400 6 34
17400 24 34
17400 27 82
17400 32 56
17400 34 107
17400 41 87
17400 41 51
17400 44 99
17400 56 83
17400 116 120
17700 2 114
17700 6 45
17700 6 121
17700 27 82
17700 30 90
17700 32 56
17700 38 118
17700 41 87
17700 44 99
17700 51 88
17700 56 83
17700 116 120
18000 2 114
18000 6 121
18000 6 45
18000 9 43
18000 30 90
18000 32 56
18000 38 118
18000 41 87
18000 41 52
18000 44 99
18000 51 88
18000 65 92
18000 116 120
18300 2 114
18300 6 45
18300 6 121
18300 9 43
18300 9 105
18300 9 79
18300 32 56
18300 33 65
18300 33 60
18300 38 118
18300 51 88
18300 92 119
18300 116 120
18600 6 121
18600 9 43
18600 9 79
18600 9 121
18600 9 84
18600 30 122
18600 32 56
18600 34 63
18600 38 118
18600 44 85
18600 51 88
18600 60 121
18600 92 119
18600 116 120
18900 2 33
18900 6 45
18900 9 79
18900 9 43
18900 9 84
18900 10 76
18900 10 70
18900 14 33
18900 33 69
18900 33 110
18900 33 121
18900 34 63
18900 38 118
18900 44 122
18900 44 110
18900 51 88
18900 85 121
18900 92 119
18900 116 120
19200 1 121
19200 6 45
19200 7 92
19200 7 121
19200 9 121
19200 9 79
19200 9 43
19200 9 84
19200 23 110
19200 33 121
19200 34 63
19200 38 118
19200 51 88
19200 60 121
19200 70 121
19200 85 121
19200 92 119
19200 92 121
19200 110 121
19200 117 121
19500 1 121
19500 6 45
19500 7 14
19500 9 79
19500 9 84
19500 14 99
19500 14 60
19500 19 71
19500 23 110
19500 34 63
19500 51 88
19500 60 71
19500 71 110
19500 71 99
19500 85 121
19500 92 107
19500 117 121
19800 0 51
19800 7 14
19800 14 60
19800 14 99
19800 19 71
19800 23 110
19800 34 63
19800 51 88
19800 51 120
19800 60 71
19800 71 99
19800 71 110
19800 85 121
19800 92 107
19800 110 120
19800 117 121
20100 6 51
20100 9 92
20100 9 14
20100 14 99
20100 19 70
20100 23 110
20100 34 63
20100 42 92
20100 60 122
20100 71 99
20100 71 110
20100 73 121
20100 74 82
20100 74 107
20100 82 106
20100 85 121
20100 92 107
20100 92 108
20100 117 121
20400 0 51
20400 6 51
20400 9 14
20400 11 92
20400 14 99
20400 23 110
20400 25 122
20400 34 63
20400 41 84
20400 41 55
20400 42 92
20400 42 52
20400 42 107
20400 52 98
20400 55 122
20400 60 82
20400 71 110
20400 73 121
20400 82 106
20400 85 121
20400 92 108
20400 92 107
20400 98 110
20400 117 121
20700 6 51
20700 9 14
20700 9 110
20700 9 42
20700 14 99
20700 18 57
20700 25 51
20700 34 63
20700 42 92
20700 42 52
20700 42 51
20700 52 101
20700 57 99
20700 71 99
20700 73 121
20700 84 99
20700 85 121
20700 92 108
20700 92 107
20700 98 110
20700 99 107
20700 108 118
20700 117 121
21000 0 73
21000 9 42
21000 9 110
21000 9 107
21000 14 99
21000 18 99
21000 31 92
21000 31 55
21000 34 63
21000 42 52
21000 52 98
21000 54 105
21000 55 73
21000 57 99
21000 58 121
21000 66 84
21000 71 99
21000 84 99
21000 92 107
21000 98 110
21000 99 107
21000 100 120
21000 108 118
21300 9 110
21300 18 99
21300 23 64
21300 38 107
21300 54 105
21300 58 121
21300 71 99
21300 82 83
21300 84 99
21300 85 92
21300 92 110
21300 98 110
21300 108 118
21600 1 94
21600 6 58
21600 9 110
21600 23 64
21600 23 42
21600 36 42
21600 42 49
21600 54 105
21600 66 84
21600 70 105
21600 71 99
21600 82 83
21600 98 110
21600 108 118
21900 1 94
21900 3 30
21900 3 92
21900 5 25
21900 5 44
21900 6 92
21900 9 110
21900 22 92
21900 23 42
21900 23 64
21900 30 98
21900 36 42
21900 42 49
21900 42 98
21900 54 105
21900 70 92
21900 82 83
21900 92 115
21900 98 110
21900 108 118
22200 1 94
22200 6 92
22200 9 110
22200 17 27
22200 23 64
22200 36 42
22200 42 49
22200 54 105
22200 54 77
22200 70 92
22200 82 83
22200 98 110
22200 108 118
22500 1 94
22500 1 110
22500 6 92
22500 9 110
22500 17 27
22500 23 64
22500 36 42
22500 54 105
22500 70 92
22500 82 83
22500 94 111
22500 108 118
22500 109 116
22800 1 110
22800 6 92
22800 17 77
22800 20 33
22800 54 105
22800 70 92
22800 82 83
22800 94 111
22800 108 118
23100 6 92
23100 8 47
23100 17 27
23100 20 33
23100 23 64
23100 26 107
23100 36 42
23100 46 110
23100 46 61
23100 54 105
23100 54 110
23100 82 83
23100 94 111
23100 108 118
23400 3 18
23400 5 18
23400 6 92
23400 8 46
23400 8 94
23400 10 47
23400 10 32
23400 12 31
23400 17 27
23400 20 33
23400 36 42
23400 46 110
23400 46 61
23400 54 110
23400 58 83
23400 82 83
23400 84 105
23400 94 111
23700 5 18
23700 12 31
23700 17 27
23700 20 33
23700 20 38
23700 36 42
23700 39 64
23700 46 61
23700 54 105
23700 58 83
23700 64 107
23700 84 105
23700 94 111
24000 17 27
24000 20 33
24000 20 38
24000 36 42
24000 46 61
24000 62 82
24000 64 107
24000 84 105
24300 12 31
24300 20 38
24300 20 33
24300 36 121
24300 46 61
24300 54 105
24300 55 88
24300 58 83
24300 62 82
24300 82 121
24300 84 105
24600 12 31
24600 13 51
24600 13 59
24600 13 58
24600 13 46
24600 13 61
24600 15 59
24600 17 27
24600 20 38
24600 20 33
24600 46 61
24600 54 105
24600 62 82
24600 64 84
24600 82 121
24900 2 44
24900 13 59
24900 13 58
24900 15 59
24900 20 38
24900 20 68
24900 22 64
24900 31 54
24900 46 61
24900 46 64
24900 62 82
24900 64 67
24900 82 121
24900 84 105
25200 2 44
25200 15 59
25200 20 68
25200 28 68
25200 62 82
25200 62 104
25200 82 121
25200 84 105
25500 2 44
25500 15 59
25500 20 68
25500 22 64
25500 28 68
25500 31 54
25500 46 64
25500 46 95
25500 54 117
25500 64 67
25500 82 121
25500 84 105
25800 15 59
25800 20 68
25800 21 55
25800 28 68
25800 46 95
25800 64 67
25800 82 121
25800 84 105
26100 15 59
26100 20 68
26100 28 68
26100 34 51
26100 64 67
26100 84 105
26400 20 68
26400 28 68
26400 84 105
26700 20 68
26700 24 71
27000 1 86
27000 61 86
27300 27 104
27300 30 33
27300 33 47
27300 55 61
27600 26 80
27600 47 87
27900 26 96
28200 80 92
28800 30 120
28800 64 76
29400 36 47
29400 84 120
29700 19 50
29700 31 120
29700 84 120
30000 73 84
30000 78 95
30000 84 99
30300 17 81
30300 29 71
30600 3 122
30900 17 81
30900 49 121
31200 7 104
31200 41 97
31200 43 115
31500 1 121
31500 22 121
31500 48 121
31800 7 104
31800 22 121
31800 48 121
31800 56 89
31800 78 89
32100 0 12
32100 6 104
32100 15 47
32100 15 74
32100 15 63
32100 28 74
32100 79 80
32400 3 13
32400 7 104
32400 15 63
32400 15 74
32400 56 89
32700 0 12
32700 6 104
32700 7 104
32700 56 89
33000 15 57
33300 45 52
33900 92 98
35100 86 117
35400 63 82
36300 10 72
38700 18 117
38700 63 117
39000 63 75
39300 15 63
39600 15 16
39900 16 35
87000 4 77
87000 4 96
87000 12 94
87000 27 71
87000 58 95
87000 59 63
87300 2 83
87300 5 44
87300 12 94
87300 28 37
87300 35 112
87300 41 51
87300 44 58
87300 58 95
87300 58 110
87300 63 68
87300 83 95
87600 10 120
87600 12 94
87600 28 37
87600 51 83
87600 53 58
87600 73 92
87600 110 120
87900 2 83
87900 8 120
87900 10 120
87900 12 94
87900 22 120
87900 77 84
87900 110 120
88200 2 6
88200 2 22
88200 7 96
88200 12 94
88200 27 85
88200 51 83
88200 77 84
88200 81 112
88200 91 106
88200 95 112
88200 96 120
88200 110 120
88500 2 83
88500 2 52
88500 2 18
88500 6 22
88500 7 96
88500 12 94
88500 18 106
88500 51 83
88500 67 112
88500 81 112
88500 95 112
88500 96 120
88500 110 120
88800 7 96
88800 12 94
88800 30 96
88800 31 75
88800 51 83
88800 53 66
88800 54 120
88800 54 122
88800 81 112
88800 110 120
89100 1 122
89100 2 52
89100 12 94
89100 24 73
89100 53 66
89100 54 122
89100 67 112
89100 81 112
89100 95 112
89400 0 58
89400 2 52
89400 2 121
89400 9 33
89400 9 121
89400 12 94
89400 18 37
89400 19 119
89400 24 73
89400 24 52
89400 24 37
89400 30 96
89400 53 66
89400 84 112
89400 95 112
89700 0 58
89700 2 6
89700 12 94
89700 18 59
89700 20 24
89700 24 73
89700 25 86
89700 30 37
89700 44 53
89700 74 121
89700 95 112
90000 0 58
90000 2 6
90000 2 23
90000 8 10
90000 12 94
90000 18 59
90000 19 119
90000 23 65
90000 24 73
90000 25 86
90000 26 32
90000 26 42
90000 26 121
90000 84 112
90000 95 112
90300 0 58
90300 1 101
90300 10 101
90300 12 94
90300 18 59
90300 19 119
90300 19 101
90300 20 24
90300 24 73
90300 25 86
90300 26 32
90300 26 42
90300 29 47
90300 39 66
90300 42 108
90300 44 53
90300 95 112
90300 112 122
90600 0 58
90600 2 6
90600 8 10
90600 10 101
90600 12 94
90600 18 59
90600 19 119
90600 19 101
90600 20 24
90600 24 73
90600 25 86
90600 26 32
90600 26 42
90600 29 47
90900 0 58
90900 2 6
90900 10 101
90900 12 94
90900 18 59
90900 19 119
90900 20 24
90900 25 86
90900 26 32
90900 26 42
90900 29 47
90900 95 112
91200 0 58
91200 2 6
91200 10 101
91200 18 59
91200 19 119
91200 20 24
91200 25 86
91200 26 42
91200 26 32
91200 29 47
91200 71 122
91200 95 112
91500 0 58
91500 2 6
91500 10 101
91500 18 59
91500 19 119
91500 20 24
91500 25 86
91500 26 32
91500 26 42
91500 95 112
91800 0 58
91800 2 6
91800 5 102
91800 10 101
91800 18 59
91800 20 24
91800 25 86
91800 26 42
91800 26 32
91800 29 47
91800 71 122
91800 95 112
92100 0 58
92100 2 6
92100 5 102
92100 7 85
92100 18 59
92100 20 24
92100 25 86
92100 26 32
92100 71 122
92100 95 112
92400 0 58
92400 2 6
92400 5 102
92400 18 59
92400 20 24
92400 25 86
92400 26 32
92400 29 47
92400 71 122
92400 95 112
92700 0 58
92700 2 6
92700 7 85
92700 18 59
92700 20 24
92700 25 86
92700 26 32
92700 71 122
92700 95 112
93000 0 58
93000 7 85
93000 18 59
93000 20 24
93000 25 86
93000 26 32
93000 29 47
93000 71 122
93000 95 112
93300 0 58
93300 2 6
93300 7 85
93300 18 59
93300 20 24
93300 25 86
93300 29 47
93300 64 113
93300 95 112
93600 0 58
93600 2 6
93600 11 105
93600 18 59
93600 20 24
93600 25 86
93600 29 47
93600 64 113
93600 95 112
93900 0 58
93900 2 6
93900 7 85
93900 20 24
93900 25 86
93900 29 47
93900 44 72
93900 60 68
93900 64 113
93900 95 112
94200 0 95
94200 2 6
94200 6 64
94200 7 108
94200 17 39
94200 20 24
94200 25 86
94200 29 47
94200 39 68
94200 44 72
94200 45 71
94200 47 72
94200 47 108
94200 60 68
94200 64 113
94200 64 68
94200 68 108
94200 68 119
94200 93 108
94200 95 112
94500 0 8
94500 2 6
94500 2 25
94500 9 54
94500 20 24
94500 25 86
94500 29 47
94500 37 46
94500 37 79
94500 47 72
94500 47 108
94500 64 113
94500 66 113
94500 95 122
94500 104 113
94500 107 122
94800 0 95
94800 0 8
94800 0 35
94800 2 25
94800 2 6
94800 6 109
94800 17 39
94800 17 35
94800 20 24
94800 29 47
94800 32 37
94800 32 34
94800 33 35
94800 34 97
94800 34 109
94800 34 111
94800 35 100
94800 35 106
94800 36 109
94800 37 63
94800 47 108
94800 47 109
94800 52 100
94800 95 100
94800 100 111
95100 0 35
95100 0 95
95100 0 8
95100 2 111
95100 6 109
95100 17 35
95100 17 111
95100 20 24
95100 31 32
95100 32 34
95100 33 35
95100 33 85
95100 34 111
95100 34 97
95100 34 37
95100 34 86
95100 34 49
95100 34 96
95100 35 100
95100 35 106
95100 35 95
95100 36 61
95100 45 117
95100 47 108
95100 47 72
95100 49 121
95100 64 113
95100 68 84
95100 76 108
95100 95 100
95100 96 111
95100 100 111
95100 108 117
95400 0 8
95400 0 105
95400 2 111
95400 2 25
95400 4 37
95400 4 110
95400 6 109
95400 6 117
95400 20 38
95400 33 110
95400 34 111
95400 36 61
95400 38 111
95400 38 112
95400 41 106
95400 47 72
95400 48 105
95400 52 100
95400 64 113
95400 96 111
95400 96 105
95400 100 111
95400 110 117
95400 110 113
95700 1 98
95700 1 21
95700 4 110
95700 4 37
95700 5 65
95700 5 66
95700 6 117
95700 20 38
95700 21 41
95700 24 110
95700 25 65
95700 25 47
95700 33 110
95700 33 41
95700 33 65
95700 36 61
95700 41 106
95700 41 105
95700 41 65
95700 47 108
95700 47 72
95700 48 105
95700 52 100
95700 53 65
95700 53 85
95700 53 98
95700 53 61
95700 64 113
95700 65 105
95700 68 84
95700 76 108
95700 92 110
95700 92 105
95700 92 101
95700 96 105
95700 105 110
95700 108 117
95700 110 113
95700 110 117
96000 0 8
96000 4 37
96000 4 105
96000 5 65
96000 6 109
96000 6 117
96000 12 81
96000 12 92
96000 12 108
96000 12 25
96000 25 47
96000 25 53
96000 33 65
96000 41 65
96000 47 108
96000 52 100
96000 53 61
96000 53 65
96000 53 64
96000 55 105
96000 64 113
96000 65 105
96000 65 89
96000 73 106
96000 76 108
96000 89 92
96000 92 101
96000 92 105
96000 92 110
96000 92 113
96000 96 105
96000 108 117
96300 0 8
96300 4 37
96300 5 65
96300 12 92
96300 12 25
96300 20 52
96300 25 53
96300 25 87
96300 25 35
96300 35 104
96300 47 72
96300 52 100
96300 53 98
96300 53 85
96300 53 65
96300 53 61
96300 53 64
96300 56 84
96300 68 92
96300 76 108
96300 89 92
96300 92 113
96300 92 101
96300 96 105
96300 110 117
96600 0 8
96600 0 35
96600 4 37
96600 4 78
96600 5 65
96600 12 25
96600 25 35
96600 25 87
96600 25 53
96600 31 78
96600 31 100
96600 31 110
96600 31 56
96600 35 104
96600 52 94
96600 53 61
96600 56 84
96600 56 78
96600 56 100
96600 56 94
96600 72 78
96600 76 108
96600 89 92
96600 92 105
96600 92 110
96600 96 105
96900 0 8
96900 4 37
96900 5 65
96900 12 25
96900 20 52
96900 30 122
96900 31 100
96900 35 104
96900 49 122
96900 49 112
96900 49 94
96900 56 100
96900 56 84
96900 60 100
96900 68 92
96900 72 119
96900 76 108
96900 80 112
96900 80 119
96900 89 92
96900 94 112
96900 94 122
96900 119 122
97200 0 8
97200 4 78
97200 4 37
97200 12 25
97200 28 61
97200 28 78
97200 31 78
97200 49 122
97200 49 94
97200 49 112
97200 49 78
97200 55 112
97200 55 88
97200 56 100
97200 56 84
97200 56 78
97200 68 92
97200 71 78
97200 72 119
97200 72 78
97200 76 108
97200 80 112
97200 80 122
97200 80 88
97200 94 112
97500 0 8
97500 3 60
97500 3 8
97500 12 25
97500 22 54
97500 22 97
97500 22 28
97500 22 109
97500 28 64
97500 55 88
97500 56 84
97500 68 92
97500 72 119
97500 76 108
97500 94 122
97800 0 8
97800 3 8
97800 3 60
97800 4 78
97800 4 37
97800 12 25
97800 22 109
97800 22 97
97800 28 61
97800 33 51
97800 34 37
97800 55 88
97800 56 100
97800 56 78
97800 68 92
97800 72 119
97800 72 78
97800 76 108
97800 80 88
97800 80 112
97800 80 122
98100 0 8
98100 3 60
98100 3 8
98100 4 78
98100 4 37
98100 11 84
98100 12 25
98100 22 97
98100 22 109
98100 28 61
98100 28 64
98100 56 100
98100 56 78
98100 68 92
98100 72 119
98100 72 78
98100 76 108
98100 80 112
98100 80 88
98400 0 8
98400 4 37
98400 4 78
98400 11 84
98400 12 25
98400 22 109
98400 22 97
98400 28 64
98400 28 61
98400 55 88
98400 56 78
98400 56 100
98400 68 92
98400 72 119
98400 80 88
98400 80 122
98400 80 112
98700 0 8
98700 3 8
98700 3 60
98700 4 37
98700 4 78
98700 11 84
98700 12 25
98700 22 97
98700 28 64
98700 28 61
98700 55 88
98700 56 100
98700 56 78
98700 68 92
98700 72 119
98700 72 78
98700 76 108
98700 80 112
98700 80 122
98700 87 105
99000 0 8
99000 3 8
99000 3 60
99000 4 37
99000 11 84
99000 22 97
99000 55 88
99000 68 92
99000 72 119
99000 72 78
99000 76 108
99000 80 112
99000 80 88
99000 80 122
99300 0 8
99300 3 60
99300 4 37
99300 4 78
99300 11 84
99300 12 25
99300 22 97
99300 28 61
99300 56 78
99300 56 100
99300 68 92
99300 72 119
99300 76 108
99300 80 88
99300 80 112
99600 0 8
99600 4 78
99600 4 37
99600 11 84
99600 12 25
99600 21 24
99600 22 97
99600 55 88
99600 56 78
99600 62 98
99600 68 92
99600 72 119
99600 76 108
99600 80 88
99600 80 112
99600 80 122
99900 0 8
99900 1 28
99900 3 60
99900 4 78
99900 4 37
99900 11 84
99900 12 25
99900 22 97
99900 55 88
99900 56 100
99900 56 78
99900 68 92
99900 72 119
99900 80 112
99900 80 122
100200 0 8
100200 4 78
100200 4 37
100200 21 24
100200 22 97
100200 32 65
100200 55 88
100200 56 100
100200 62 98
100200 68 92
100200 72 119
100200 80 122
100200 80 112
100500 0 8
100500 1 28
100500 4 78
100500 12 25
100500 22 97
100500 28 45
100500 55 88
100500 56 100
100500 62 98
100500 68 92
100500 72 119
100500 80 112
100500 80 122
100500 96 107
100800 0 8
100800 1 28
100800 4 37
100800 4 78
100800 11 102
100800 12 25
100800 22 97
100800 28 45
100800 42 86
100800 55 88
100800 57 65
100800 62 98
100800 72 119
100800 80 112
100800 80 122
101100 0 8
101100 1 28
101100 4 78
101100 11 102
101100 12 25
101100 22 97
101100 28 45
101100 42 86
101100 62 98
101100 80 122
101100 80 112
101100 86 96
101400 0 8
101400 1 28
101400 11 102
101400 12 25
101400 15 48
101400 22 97
101400 28 45
101400 29 48
101400 42 86
101400 48 98
101400 62 98
101400 80 112
101400 86 96
101700 0 8
101700 1 28
101700 11 102
101700 12 25
101700 22 97
101700 28 45
101700 29 48
101700 29 47
101700 61 69
101700 62 98
101700 80 112
101700 86 96
102000 0 8
102000 1 28
102000 12 25
102000 16 22
102000 22 97
102000 28 45
102000 29 47
102000 29 48
102000 41 87
102000 42 86
102000 61 69
102000 62 98
102000 86 96
102300 12 25
102300 16 22
102300 22 97
102300 28 45
102300 29 47
102300 42 86
102300 49 70
102300 61 69
102300 62 98
102300 70 74
102300 86 96
102600 12 25
102600 22 97
102600 28 45
102600 29 47
102600 29 103
102600 29 70
102600 41 87
102600 42 86
102600 61 69
102600 62 98
102600 86 96
102900 12 25
102900 22 97
102900 28 45
102900 29 103
102900 42 86
102900 50 61
102900 62 98
102900 86 96
103200 12 25
103200 20 120
103200 22 97
103200 62 98
103200 86 96
103500 12 25
103500 17 63
103500 20 120
103500 26 120
103500 36 86
103500 38 49
103500 55 69
103500 62 98
103500 69 95
103500 86 96
103500 86 95
103800 17 63
103800 20 120
103800 26 79
103800 38 49
103800 62 98
103800 69 95
103800 86 95
103800 86 96
103800 88 105
104100 17 63
104100 20 120
104100 26 79
104100 54 87
104100 62 98
104100 64 88
104100 64 86
104100 86 87
104100 87 115
104100 88 105
104400 17 63
104400 20 120
104400 26 79
104400 33 60
104400 45 115
104400 54 87
104400 62 98
104400 64 86
104400 86 87
104400 88 105
104700 17 63
104700 20 120
104700 26 35
104700 33 60
104700 35 64
104700 54 87
104700 64 122
104700 88 105
105000 0 64
105000 17 63
105000 20 120
105000 26 79
105000 26 50
105000 41 87
105000 50 87
105000 54 87
105000 64 122
105000 64 98
105000 64 87
105000 88 105
105300 5 118
105300 9 87
105300 15 50
105300 19 58
105300 20 120
105300 20 26
105300 26 50
105300 26 79
105300 26 76
105300 32 77
105300 41 87
105300 50 87
105300 50 120
105300 88 105
105600 4 94
105600 9 118
105600 9 20
105600 15 70
105600 16 47
105600 19 58
105600 20 26
105600 20 120
105600 20 87
105600 26 76
105600 26 50
105600 26 87
105600 32 77
105600 50 78
105900 4 94
105900 9 50
105900 9 78
105900 10 87
105900 16 47
105900 19 58
105900 20 50
105900 26 50
105900 26 76
105900 32 77
105900 50 78
106200 2 78
106200 9 118
106200 9 50
106200 9 78
106200 9 20
106200 10 69
106200 10 118
106200 19 58
106200 20 50
106200 20 29
106200 20 78
106200 26 50
106200 29 117
106200 32 77
106200 39 58
106200 50 78
106200 50 56
106500 4 94
106500 9 78
106500 9 20
106500 9 118
106500 9 50
106500 10 87
106500 10 118
106500 19 58
106500 20 78
106500 20 29
106500 20 60
106500 25 116
106500 29 117
106500 32 77
106500 39 71
106500 55 87
106500 57 58
106500 58 112
106500 78 87
106800 4 94
106800 4 10
106800 9 20
106800 10 118
106800 19 58
106800 20 29
106800 20 78
106800 21 66
106800 21 79
106800 25 78
106800 25 83
106800 29 118
106800 35 44
106800 39 58
106800 39 71
106800 44 54
106800 55 87
106800 57 58
106800 60 78
106800 78 87
107100 2 95
107100 2 59
107100 4 94
107100 4 9
107100 8 82
107100 10 118
107100 10 67
107100 19 58
107100 20 29
107100 21 117
107100 25 83
107100 25 116
107100 25 78
107100 29 39
107100 35 44
107100 39 71
107100 39 98
107100 40 47
107100 49 95
107100 55 87
107100 57 58
107100 58 112
107100 59 75
107400 0 25
107400 2 59
107400 2 95
107400 2 118
107400 4 94
107400 8 77
107400 19 58
107400 19 29
107400 19 78
107400 20 29
107400 25 95
107400 29 39
107400 39 58
107400 39 71
107400 39 98
107400 40 47
107400 44 54
107400 57 58
107400 62 118
107400 75 121
107400 78 118
107700 0 25
107700 2 95
107700 2 59
107700 4 25
107700 4 77
107700 4 56
107700 8 82
107700 8 25
107700 9 67
107700 10 67
107700 10 118
107700 14 118
107700 19 58
107700 19 25
107700 20 29
107700 21 25
107700 25 78
107700 25 95
107700 25 116
107700 25 83
107700 25 101
107700 25 118
107700 25 94
107700 29 39
107700 39 71
107700 39 98
107700 40 47
107700 49 95
107700 57 58
107700 62 118
108000 0 25
108000 2 95
108000 4 94
108000 4 56
108000 4 77
108000 4 10
108000 4 26
108000 8 77
108000 19 78
108000 19 58
108000 19 25
108000 31 52
108000 31 58
108000 39 71
108000 57 58
108000 62 118
108000 78 118
108300 2 59
108300 4 56
108300 4 94
108300 4 77
108300 8 77
108300 11 77
108300 18 31
108300 18 52
108300 19 25
108300 19 78
108300 24 31
108300 25 78
108300 31 60
108300 37 60
108300 43 71
108300 45 67
108300 56 118
108300 57 58
108300 62 118
108300 67 89
108300 71 88
108300 77 110
108300 78 118
108300 94 118
108600 4 94
108600 8 77
108600 18 52
108600 18 31
108600 18 110
108600 19 58
108600 25 78
108600 43 71
108600 52 118
108600 57 58
108600 62 118
108600 68 107
108600 69 95
108600 71 88
108600 77 118
108600 77 94
108600 78 118
108900 17 38
108900 18 52
108900 19 78
108900 37 60
108900 38 56
108900 43 71
108900 43 52
108900 45 67
108900 57 58
108900 62 118
108900 62 95
108900 67 89
108900 67 68
108900 68 107
108900 68 74
108900 71 88
108900 78 118
109200 17 49
109200 19 78
109200 37 60
109200 38 56
109200 43 71
109200 43 67
109200 45 67
109200 45 74
109200 67 68
109200 67 89
109200 68 74
109200 68 107
109200 69 95
109200 71 88
109200 74 89
109200 94 104
109500 17 38
109500 18 52
109500 37 60
109500 38 56
109500 57 58
109500 67 89
109500 68 107
109500 74 89
109500 77 103
109800 1 37
109800 18 57
109800 57 58
109800 57 110
109800 58 112
110100 1 37
110100 6 107
110100 57 110
110100 57 58
110100 59 74
110100 89 107
110400 1 37
110400 6 107
110400 18 57
110400 35 89
110400 53 62
110400 58 112
110700 6 107
110700 37 50
110700 53 62
110700 53 93
110700 74 96
111000 6 107
111000 26 100
111000 37 50
111000 53 62
111300 6 107
111300 6 110
111300 26 100
111300 26 91
111300 26 50
111300 37 50
111300 53 62
111300 74 96
111600 6 110
111600 26 53
111600 29 73
111600 41 112
111600 53 62
111600 74 96
111600 81 112
111600 91 112
111900 6 107
111900 11 90
111900 29 73
111900 37 50
111900 41 112
111900 50 90
111900 53 62
111900 53 71
111900 65 112
111900 74 96
111900 79 90
111900 81 112
112200 37 105
112200 41 112
112200 53 62
112200 53 71
112500 6 107
112500 17 73
112500 41 112
112500 53 62
112800 6 107
112800 17 73
112800 41 112
112800 77 95
113100 17 73
113400 66 107
113400 73 79
114000 38 117
114600 3 112
114900 36 92
115200 2 57
115500 7 50
115500 36 92
115500 38 94
115800 7 50
115800 9 99
116100 9 25
116100 22 107
116100 38 94
116400 0 97
116700 25 89
117000 29 61
117300 1 99
117300 31 104
117600 33 121
117600 54 103
117900 14 49
117900 48 74
117900 59 74
118200 11 46
118200 48 74
118200 54 103
118200 121 122
118500 11 46
118500 32 36
118500 48 74
118800 48 74
118800 48 120
118800 48 82
118800 82 120
119100 32 89
119100 32 57
119100 32 90
119100 48 74
119100 57 74
119100 90 91
119400 90 91
119700 39 48
119700 74 91
120000 15 44
120000 39 48
120300 37 60
120300 60 74
120900 2 35
120900 2 49
121500 74 85
121800 34 46
121800 68 92
122100 34 46
122100 68 92
122100 87 112
122400 5 119
122400 87 112
122700 64 96
123600 65 113
123900 28 113
124200 62 68
124500 71 107
124800 29 107
125100 17 32
125700 53 58
173400 4 118
173400 30 107
173400 47 82
173400 82 119
173400 86 101
173700 0 82
173700 2 107
173700 11 30
173700 11 12
173700 57 64
173700 86 101
174000 2 107
174000 11 30
174000 30 57
174000 40 66
174000 47 82
174000 54 95
174000 57 64
174000 86 101
174300 11 30
174300 42 97
174300 47 82
174300 47 71
174300 47 103
174300 62 95
174300 86 101
174600 7 90
174600 11 30
174600 15 46
174600 15 41
174600 41 46
174600 42 97
174600 46 47
174600 47 103
174600 47 71
174600 47 82
174600 62 95
174900 5 97
174900 7 90
174900 11 30
174900 15 46
174900 15 41
174900 16 46
174900 28 74
174900 28 67
174900 36 43
174900 41 46
174900 42 97
174900 46 47
174900 47 82
174900 47 71
174900 62 95
174900 66 84
174900 86 101
175200 9 18
175200 9 86
175200 11 30
175200 15 46
175200 15 16
175200 16 46
175200 22 78
175200 28 67
175200 28 74
175200 36 43
175200 41 46
175200 41 60
175200 42 97
175200 45 60
175200 46 47
175200 47 82
175200 47 103
175200 62 95
175200 78 100
175200 84 86
175200 86 101
175500 5 97
175500 9 18
175500 11 30
175500 12 92
175500 12 19
175500 15 16
175500 15 68
175500 16 28
175500 27 75
175500 28 67
175500 36 43
175500 62 95
175500 86 103
175800 2 28
175800 5 97
175800 11 30
175800 12 19
175800 12 92
175800 16 28
175800 19 121
175800 27 75
175800 27 28
175800 28 67
175800 28 92
175800 33 112
175800 35 117
175800 36 43
175800 62 95
176100 2 28
176100 5 97
176100 11 30
176100 12 19
176100 12 45
176100 16 28
176100 19 121
176100 28 67
176100 35 117
176100 62 95
176100 70 108
176400 2 28
176400 5 97
176400 11 30
176400 12 92
176400 19 121
176400 19 115
176400 28 67
176400 35 117
176400 62 95
176700 2 28
176700 5 97
176700 11 30
176700 12 45
176700 31 111
176700 35 117
176700 43 111
176700 62 95
177000 2 28
177000 5 97
177000 11 30
177000 12 45
177000 19 115
177000 31 111
177000 35 117
177000 43 111
177300 5 97
177300 11 30
177300 12 45
177300 19 115
177300 31 111
177300 35 117
177300 43 111
177300 46 100
177300 62 95
177600 5 97
177600 8 62
177600 11 30
177600 19 115
177600 31 111
177600 35 117
177600 43 111
177900 8 62
177900 11 30
177900 19 115
177900 31 111
177900 35 117
177900 42 70
177900 43 111
177900 70 104
178200 8 62
178200 11 30
178200 31 111
178200 35 117
178200 42 70
178200 43 111
178200 70 104
178500 8 62
178500 11 30
178500 19 115
178500 20 67
178500 31 111
178500 42 70
178500 43 111
178500 70 104
178800 11 30
178800 20 67
178800 31 111
178800 42 70
178800 43 111
178800 70 104
179100 10 79
179100 11 30
179100 20 67
179100 31 111
179100 42 70
179100 70 104
179400 11 30
179400 20 67
179400 22 84
179400 28 115
179400 31 111
179400 70 104
179700 10 79
179700 11 30
179700 20 67
179700 22 84
179700 29 79
179700 31 111
179700 75 79
179700 87 103
180000 11 30
180000 20 67
180000 25 104
180000 28 115
180000 28 98
180000 29 79
180000 31 111
180000 50 75
180000 70 104
180000 75 79
180000 87 103
180300 11 30
180300 20 67
180300 25 104
180300 28 115
180300 28 98
180300 31 111
180300 50 75
180300 68 95
180300 70 104
180300 75 79
180300 87 103
180600 11 30
180600 12 58
180600 12 70
180600 12 68
180600 12 49
180600 12 30
180600 12 75
180600 20 67
180600 25 104
180600 28 115
180600 28 38
180600 30 58
180600 31 111
180600 50 75
180600 56 58
180600 58 109
180600 58 93
180600 58 85
180600 65 104
180600 70 104
180600 85 114
180600 87 103
180900 4 89
180900 11 30
180900 12 49
180900 12 75
180900 12 58
180900 12 70
180900 12 68
180900 12 85
180900 12 89
180900 15 114
180900 15 20
180900 15 25
180900 20 67
180900 25 104
180900 25 58
180900 28 115
180900 30 58
180900 31 111
180900 44 53
180900 47 85
180900 50 75
180900 53 97
180900 56 58
180900 58 93
180900 58 109
180900 58 85
180900 58 78
180900 73 116
180900 87 103
180900 89 105
181200 4 89
181200 5 99
181200 5 53
181200 5 103
181200 12 89
181200 12 85
181200 12 30
181200 12 68
181200 12 49
181200 15 25
181200 18 116
181200 20 67
181200 25 58
181200 28 38
181200 28 115
181200 28 57
181200 31 111
181200 31 56
181200 31 57
181200 47 85
181200 47 51
181200 49 117
181200 49 85
181200 51 114
181200 53 117
181200 56 58
181200 56 73
181200 58 78
181200 75 119
181200 85 114
181200 87 103
181200 89 105
181200 89 117
181200 90 117
181200 91 99
181200 112 117
181500 4 89
181500 5 53
181500 5 103
181500 5 99
181500 5 105
181500 5 78
181500 5 94
181500 5 64
181500 5 117
181500 5 75
181500 12 75
181500 12 85
181500 20 67
181500 25 104
181500 28 38
181500 28 57
181500 31 57
181500 31 111
181500 31 56
181500 36 100
181500 47 85
181500 47 51
181500 47 53
181500 49 117
181500 49 85
181500 50 75
181500 51 114
181500 52 117
181500 53 117
181500 56 73
181500 58 78
181500 66 94
181500 66 117
181500 73 116
181500 73 94
181500 75 119
181500 75 114
181500 85 114
181500 87 103
181500 89 105
181500 90 117
181500 91 99
181500 99 117
181500 100 117
181800 4 89
181800 5 94
181800 7 14
181800 7 12
181800 12 85
181800 12 49
181800 12 108
181800 14 94
181800 14 59
181800 14 109
181800 14 81
181800 18 116
181800 20 67
181800 28 38
181800 31 111
181800 36 81
181800 39 96
181800 51 57
181800 52 117
181800 56 58
181800 66 94
181800 73 116
181800 73 94
181800 75 119
181800 81 97
181800 103 108
181800 108 116
182100 4 49
182100 5 75
182100 12 75
182100 12 108
182100 14 109
182100 14 59
182100 14 81
182100 14 94
182100 14 61
182100 17 108
182100 17 51
182100 18 27
182100 25 104
182100 27 59
182100 35 108
182100 35 51
182100 36 81
182100 36 51
182100 37 59
182100 39 96
182100 49 81
182100 49 56
182100 49 108
182100 50 75
182100 51 114
182100 51 57
182100 51 116
182100 52 117
182100 56 73
182100 57 108
182100 58 75
182100 61 108
182100 66 94
182100 75 119
182100 75 114
182100 75 87
182100 75 103
182100 81 97
182100 85 114
182100 103 108
182100 108 116
182100 108 122
182400 4 49
182400 13 114
182400 17 51
182400 17 108
182400 17 72
182400 17 114
182400 17 18
182400 27 73
182400 27 51
182400 27 114
182400 29 56
182400 35 51
182400 36 51
182400 39 96
182400 49 56
182400 51 114
182400 51 116
182400 51 57
182400 51 76
182400 52 117
182400 56 73
182400 58 71
182400 75 114
182400 76 114
182400 85 114
182400 104 110
182400 108 122
182400 114 122
182700 4 49
182700 5 75
182700 14 59
182700 17 18
182700 17 114
182700 17 72
182700 17 122
182700 19 29
182700 19 83
182700 19 46
182700 19 105
182700 19 33
182700 25 104
182700 27 59
182700 29 56
182700 29 45
182700 29 33
182700 29 83
182700 29 105
182700 33 76
182700 33 65
182700 35 51
182700 35 104
182700 37 59
182700 39 96
182700 51 76
182700 52 117
182700 58 75
182700 58 71
182700 58 76
182700 64 83
182700 68 76
182700 76 114
182700 85 114
182700 104 110
183000 5 75
183000 13 70
183000 14 59
183000 17 122
183000 17 108
183000 17 51
183000 17 72
183000 18 79
183000 19 83
183000 19 46
183000 19 105
183000 19 29
183000 19 122
183000 19 70
183000 19 28
183000 25 104
183000 25 70
183000 25 59
183000 25 87
183000 27 59
183000 28 75
183000 29 83
183000 29 45
183000 29 105
183000 29 33
183000 29 56
183000 29 59
183000 29 70
183000 29 79
183000 33 65
183000 33 76
183000 35 104
183000 37 59
183000 39 96
183000 51 76
183000 58 76
183000 58 71
183000 58 75
183000 68 76
183000 70 76
183000 76 114
183000 85 114
183000 104 110
183300 7 94
183300 9 69
183300 14 59
183300 17 108
183300 17 51
183300 17 122
183300 17 114
183300 19 70
183300 19 33
183300 25 87
183300 25 59
183300 25 70
183300 25 65
183300 25 45
183300 25 66
183300 25 99
183300 27 59
183300 27 70
183300 28 67
183300 29 59
183300 29 45
183300 29 70
183300 33 65
183300 37 59
183300 39 96
183300 50 94
183300 50 104
183300 50 66
183300 58 71
183300 58 66
183300 59 70
183300 64 83
183300 65 89
183300 67 85
183300 68 76
183300 70 76
183300 89 99
183300 97 105
183300 99 110
183300 104 110
183600 4 99
183600 4 15
183600 4 18
183600 4 109
183600 5 75
183600 7 108
183600 8 28
183600 8 101
183600 8 27
183600 8 66
183600 9 69
183600 14 59
183600 17 108
183600 17 114
183600 19 33
183600 25 65
183600 28 75
183600 37 59
183600 39 96
183600 50 94
183600 50 104
183600 50 66
183600 50 105
183600 50 114
183600 58 75
183600 58 71
183600 65 89
183600 66 69
183600 84 109
183600 87 99
183600 89 99
183600 97 105
183600 99 110
183900 4 99
183900 4 56
183900 5 75
183900 5 104
183900 5 37
183900 5 118
183900 5 101
183900 5 29
183900 7 108
183900 7 94
183900 7 8
183900 8 54
183900 9 69
183900 14 59
183900 17 122
183900 25 66
183900 28 75
183900 33 65
183900 37 59
183900 37 89
183900 50 94
183900 50 66
183900 50 104
183900 50 56
183900 56 101
183900 56 75
183900 58 75
183900 58 71
183900 58 66
183900 75 90
183900 87 99
183900 89 99
183900 97 105
183900 99 110
184200 4 18
184200 4 109
184200 5 101
184200 5 37
184200 5 29
184200 7 94
184200 7 8
184200 7 108
184200 8 28
184200 8 54
184200 9 69
184200 11 100
184200 14 59
184200 17 114
184200 17 108
184200 27 63
184200 28 75
184200 37 89
184200 37 59
184200 50 105
184200 50 114
184200 50 104
184200 66 69
184200 84 109
184200 87 99
184200 97 105
184500 4 18
184500 4 109
184500 5 37
184500 5 101
184500 5 29
184500 5 104
184500 7 8
184500 7 94
184500 7 108
184500 8 54
184500 9 69
184500 11 100
184500 14 59
184500 17 108
184500 17 114
184500 27 63
184500 28 75
184500 35 110
184500 37 89
184500 37 59
184500 50 114
184500 50 104
184500 56 101
184500 58 75
184500 58 71
184500 58 66
184500 84 109
184500 97 105
184500 99 110
184800 4 18
184800 4 109
184800 5 104
184800 5 37
184800 5 29
184800 7 94
184800 7 8
184800 7 108
184800 8 54
184800 8 28
184800 9 69
184800 11 100
184800 14 59
184800 17 114
184800 28 75
184800 35 110
184800 37 59
184800 37 89
184800 46 103
184800 50 104
184800 58 75
184800 58 71
184800 58 66
184800 99 110
185100 4 18
185100 4 109
185100 5 104
185100 5 101
185100 7 94
185100 8 54
185100 9 69
185100 11 100
185100 17 114
185100 27 115
185100 28 75
185100 35 110
185100 37 89
185100 46 103
185100 50 104
185100 56 101
185100 58 66
185100 58 75
185100 84 109
185100 97 105
185100 99 110
185400 4 18
185400 4 109
185400 5 101
185400 5 37
185400 7 108
185400 7 8
185400 8 54
185400 9 69
185400 11 100
185400 14 59
185400 17 114
185400 27 115
185400 27 97
185400 28 75
185400 37 89
185400 37 59
185400 46 103
185400 50 104
185400 58 75
185400 58 71
185400 58 66
185400 84 109
185400 97 105
185400 99 110
185700 4 109
185700 4 18
185700 5 37
185700 5 101
185700 7 108
185700 7 94
185700 7 8
185700 8 54
185700 9 69
185700 11 100
185700 14 15
185700 17 114
185700 28 75
185700 37 59
185700 38 76
185700 46 103
185700 50 104
185700 58 71
185700 58 66
185700 58 75
185700 84 109
185700 97 105
185700 99 110
186000 4 109
186000 4 18
186000 5 37
186000 7 94
186000 7 108
186000 7 8
186000 8 54
186000 9 69
186000 27 115
186000 27 97
186000 28 75
186000 32 119
186000 37 59
186000 46 103
186000 50 104
186000 58 66
186000 58 71
186000 58 75
186000 84 109
186000 89 115
186000 97 105
186000 99 110
186300 4 109
186300 5 101
186300 5 37
186300 7 108
186300 7 94
186300 7 8
186300 8 54
186300 9 69
186300 11 100
186300 13 25
186300 27 115
186300 27 97
186300 28 75
186300 37 59
186300 38 76
186300 38 100
186300 46 103
186300 50 104
186300 58 66
186300 58 75
186300 58 71
186300 89 115
186300 97 105
186300 99 110
186600 4 109
186600 5 101
186600 5 37
186600 7 108
186600 8 54
186600 9 69
186600 11 100
186600 28 75
186600 32 119
186600 37 59
186600 38 76
186600 46 103
186600 50 104
186600 58 66
186600 58 75
186600 58 71
186600 72 118
186600 89 115
186600 97 105
186600 99 110
186900 4 109
186900 5 37
186900 5 101
186900 7 108
186900 7 8
186900 9 69
186900 11 100
186900 26 44
186900 27 97
186900 27 115
186900 32 119
186900 37 59
186900 38 76
186900 38 100
186900 46 103
186900 50 104
186900 58 71
186900 72 118
186900 89 115
186900 91 119
186900 97 105
186900 99 110
187200 4 109
187200 5 101
187200 5 37
187200 7 8
187200 7 108
187200 9 69
187200 11 100
187200 26 44
187200 27 115
187200 27 97
187200 28 75
187200 32 119
187200 36 96
187200 37 59
187200 38 76
187200 38 100
187200 41 91
187200 44 113
187200 46 103
187200 50 104
187200 58 66
187200 58 75
187200 91 119
187200 97 105
187200 99 110
187500 4 109
187500 5 37
187500 5 101
187500 7 8
187500 9 69
187500 11 100
187500 17 113
187500 26 44
187500 27 97
187500 27 115
187500 32 119
187500 36 96
187500 37 59
187500 38 76
187500 38 100
187500 41 91
187500 44 113
187500 46 103
187500 50 104
187500 58 75
187500 58 66
187500 89 115
187500 97 105
187800 4 109
187800 5 101
187800 7 8
187800 7 91
187800 7 119
187800 9 69
187800 11 100
187800 26 44
187800 27 115
187800 32 119
187800 36 96
187800 37 59
187800 38 76
187800 46 103
187800 50 104
187800 89 115
187800 89 91
188100 4 109
188100 7 91
188100 9 69
188100 32 119
188100 36 96
188100 38 76
188100 38 116
188100 46 103
188100 50 104
188100 89 115
188100 89 91
188400 4 109
188400 9 69
188400 16 29
188400 16 115
188400 29 119
188400 36 96
188400 38 76
188400 46 103
188400 50 104
188400 71 115
188400 110 119
188700 1 38
188700 4 109
188700 9 69
188700 16 29
188700 16 115
188700 16 94
188700 29 119
188700 36 96
188700 38 80
188700 46 103
188700 68 91
188700 70 76
188700 71 115
188700 110 119
189000 4 109
189000 9 69
189000 14 43
189000 16 94
189000 16 29
189000 16 115
189000 22 65
189000 36 96
189000 38 80
189000 46 103
189000 71 115
189000 80 90
189000 110 119
189300 4 109
189300 9 69
189300 14 43
189300 15 119
189300 29 95
189300 29 38
189300 36 96
189300 38 80
189300 38 43
189300 46 103
189300 71 115
189300 80 90
189300 85 90
189300 90 119
189300 110 119
189600 9 69
189600 10 85
189600 14 43
189600 15 119
189600 15 95
189600 29 38
189600 29 95
189600 36 96
189600 38 43
189600 46 103
189600 71 115
189600 85 90
189600 110 119
189900 9 69
189900 10 85
189900 38 52
189900 38 119
189900 46 103
189900 52 119
189900 71 115
189900 110 119
190200 9 69
190200 17 85
190200 38 52
190200 38 119
190200 45 80
190200 46 103
190200 52 119
190200 79 85
190200 110 119
190500 9 69
190500 15 76
190500 15 27
190500 17 85
190500 19 80
190500 46 103
190500 53 76
190800 9 69
190800 53 76
190800 54 58
191100 9 69
191100 15 61
191100 27 46
191100 30 41
191100 34 114
191100 46 103
191100 53 76
191100 54 58
191100 54 114
191100 115 117
191400 6 15
191400 9 69
191400 12 46
191400 25 84
191400 41 46
191400 53 76
191400 54 58
191400 85 117
191400 115 117
191700 2 105
191700 2 9
191700 6 15
191700 9 69
191700 12 19
191700 14 53
191700 30 117
191700 51 117
191700 52 54
191700 54 58
191700 54 102
191700 58 61
191700 64 84
191700 85 117
191700 102 105
191700 115 117
192000 2 105
192000 2 9
192000 3 117
192000 6 15
192000 9 69
192000 9 40
192000 14 53
192000 27 60
192000 38 76
192000 41 54
192000 41 46
192000 41 76
192000 42 103
192000 46 103
192000 46 51
192000 46 62
192000 46 61
192000 54 58
192000 54 64
192000 62 117
192000 64 89
192000 82 94
192000 82 105
192000 102 105
192000 103 105
192000 115 117
192300 2 9
192300 2 105
192300 3 117
192300 6 15
192300 9 69
192300 9 40
192300 14 53
192300 27 60
192300 30 117
192300 41 46
192300 42 103
192300 46 51
192300 46 62
192300 46 103
192300 51 117
192300 54 102
192300 62 117
192300 64 84
192300 81 103
192300 81 91
192300 81 117
192300 82 105
192300 82 94
192300 82 103
192300 82 117
192300 85 117
192300 86 117
192300 103 105
192300 104 117
192300 105 117
192300 111 117
192600 2 105
192600 2 42
192600 6 15
192600 6 106
192600 6 121
192600 9 40
192600 9 69
192600 9 51
192600 14 53
192600 27 60
192600 42 103
192600 42 62
192600 42 83
192600 46 51
192600 49 81
192600 49 82
192600 54 102
192600 58 81
192600 81 117
192600 82 103
192600 82 94
192600 82 117
192600 82 105
192600 85 117
192600 86 117
192600 103 105
192900 2 105
192900 2 42
192900 4 17
192900 4 34
192900 4 58
192900 4 85
192900 6 106
192900 6 15
192900 6 119
192900 6 114
192900 9 69
192900 9 40
192900 9 51
192900 11 121
192900 11 46
192900 17 76
192900 27 60
192900 36 51
192900 42 62
192900 42 83
192900 42 108
192900 46 51
192900 46 85
192900 49 81
192900 58 81
192900 62 121
192900 82 105
192900 103 105
192900 104 117
193200 2 42
193200 2 25
193200 4 107
193200 6 119
193200 6 15
193200 6 121
193200 6 106
193200 9 69
193200 9 40
193200 17 64
193200 27 60
193200 42 83
193200 42 62
193200 45 51
193200 46 74
193200 49 81
193200 51 74
193200 58 81
193200 64 85
193200 64 99
193200 85 117
193200 99 109
193200 104 117
193200 105 107
193500 2 42
193500 4 85
193500 4 107
193500 4 17
193500 4 83
193500 4 120
193500 6 106
193500 6 121
193500 6 119
193500 6 15
193500 9 69
193500 9 40
193500 9 51
193500 9 117
193500 11 51
193500 17 64
193500 22 51
193500 22 116
193500 24 51
193500 36 51
193500 42 83
193500 42 62
193500 42 56
193500 45 51
193500 46 85
193500 46 51
193500 49 81
193500 51 74
193500 51 83
193500 51 86
193500 51 116
193500 51 57
193500 58 81
193500 62 121
193500 64 85
193500 64 99
193500 85 117
193500 86 101
193500 99 109
193500 104 117
193500 105 107
193500 107 117
193800 2 42
193800 4 85
193800 4 60
193800 6 106
193800 6 121
193800 9 69
193800 9 40
193800 9 85
193800 11 60
193800 11 17
193800 17 64
193800 17 107
193800 21 117
193800 21 22
193800 21 107
193800 21 121
193800 31 83
193800 42 62
193800 42 83
193800 46 85
193800 46 74
193800 46 51
193800 49 81
193800 58 81
193800 60 108
193800 64 99
193800 64 85
193800 64 108
193800 77 121
193800 83 117
193800 85 117
193800 105 107
194100 4 120
194100 4 85
194100 4 17
194100 4 83
194100 9 40
194100 9 101
194100 9 58
194100 11 60
194100 11 17
194100 11 51
194100 17 64
194100 17 107
194100 21 22
194100 21 107
194100 21 116
194100 39 52
194100 41 108
194100 46 51
194100 46 85
194100 57 104
194100 57 89
194100 57 62
194100 62 108
194100 62 109
194100 64 99
194100 64 85
194100 81 89
194100 84 107
194100 89 115
194100 89 117
194100 97 107
194100 99 109
194100 104 108
194100 105 107
194400 2 99
194400 4 83
194400 9 101
194400 9 58
194400 9 35
194400 9 11
194400 11 103
194400 17 108
194400 17 62
194400 21 22
194400 21 62
194400 42 62
194400 45 87
194400 46 51
194400 46 74
194400 57 89
194400 57 62
194400 57 104
194400 62 108
194400 62 109
194400 64 99
194400 64 69
194400 81 89
194400 89 117
194400 89 115
194400 99 122
194400 104 108
194400 105 107
194700 4 17
194700 4 11
194700 8 11
194700 9 35
194700 9 58
194700 9 11
194700 11 51
194700 11 103
194700 11 60
194700 11 17
194700 11 116
194700 11 79
194700 11 64
194700 11 58
194700 12 76
194700 17 64
194700 17 62
194700 17 107
194700 17 108
194700 17 34
194700 17 82
194700 17 74
194700 21 22
194700 21 62
194700 25 42
194700 41 76
194700 45 79
194700 46 74
194700 46 51
194700 46 79
194700 57 89
194700 57 62
194700 57 104
194700 62 108
194700 104 108
195000 4 83
195000 4 79
195000 7 116
195000 9 35
195000 11 79
195000 11 64
195000 11 103
195000 11 116
195000 12 76
195000 14 69
195000 17 82
195000 17 107
195000 21 22
195000 41 76
195000 45 79
195000 46 79
195000 46 51
195000 46 74
195000 46 64
195000 51 79
195000 64 99
195000 64 69
195000 81 89
195000 89 115
195000 99 122
195300 4 79
195300 4 83
195300 4 104
195300 4 107
195300 5 83
195300 8 11
195300 9 35
195300 11 103
195300 11 116
195300 11 79
195300 12 76
195300 12 58
195300 14 69
195300 14 41
195300 17 108
195300 21 22
195300 39 82
195300 45 79
195300 57 104
195300 57 62
195300 62 108
195300 64 99
195300 64 69
195300 79 83
195300 79 81
195300 89 115
195300 99 122
195300 104 108
195600 4 79
195600 4 110
195600 4 26
195600 5 83
195600 7 116
195600 9 35
195600 11 116
195600 11 103
195600 11 79
195600 12 76
195600 14 69
195600 21 22
195600 45 79
195600 46 74
195600 46 64
195600 46 51
195600 57 62
195600 58 74
195600 62 108
195600 64 99
195600 75 101
195600 99 122
195900 4 110
195900 7 116
195900 9 35
195900 12 58
195900 12 76
195900 14 69
195900 39 82
195900 45 79
195900 46 51
195900 57 62
195900 57 104
195900 62 108
195900 64 99
195900 69 75
195900 69 72
195900 75 103
195900 79 81
195900 99 122
196200 9 35
196200 12 58
196200 14 69
196200 22 74
196200 22 83
196200 35 69
196200 39 82
196200 45 79
196200 57 62
196200 57 104
196200 58 74
196200 62 108
196200 75 103
196200 75 83
196200 79 81
196200 79 104
196200 83 104
196200 83 99
196200 99 122
196500 4 110
196500 9 35
196500 14 69
196500 22 83
196500 22 74
196500 35 69
196500 45 79
196500 45 46
196500 57 104
196500 57 62
196500 62 108
196500 69 79
196500 72 84
196500 76 104
196500 79 81
196500 81 83
196800 4 110
196800 14 69
196800 22 74
196800 35 99
196800 39 43
196800 45 79
196800 48 55
196800 69 79
196800 72 84
196800 74 104
196800 79 81
197100 4 110
197100 14 69
197100 35 99
197100 45 79
197100 46 114
197100 46 83
197100 48 55
197100 62 108
197100 63 68
197100 69 79
197100 72 84
197100 74 110
197400 4 110
197400 14 69
197400 28 29
197400 39 63
197400 39 77
197400 44 52
197400 46 114
197400 48 55
197400 62 108
197400 62 102
197400 62 119
197400 63 68
197400 63 79
197400 79 81
197400 84 107
197700 4 110
197700 8 79
197700 14 69
197700 25 63
197700 28 29
197700 29 37
197700 39 77
197700 44 52
197700 48 55
197700 62 102
197700 62 108
197700 63 68
197700 63 79
197700 72 84
197700 79 81
197700 79 114
197700 84 107
198000 4 110
198000 14 69
198000 17 119
198000 25 63
198000 25 52
198000 25 79
198000 28 29
198000 39 63
198000 44 52
198000 44 101
198000 48 55
198000 51 81
198000 63 79
198000 79 81
198000 79 114
198000 119 121
198300 8 37
198300 8 114
198300 14 69
198300 16 121
198300 16 37
198300 17 119
198300 19 25
198300 25 63
198300 28 29
198300 31 101
198300 39 77
198300 44 52
198300 48 55
198300 51 81
198300 119 121
198600 14 69
198600 17 119
198600 28 29
198600 44 52
198600 119 121
198900 14 69
198900 19 25
198900 28 29
198900 34 114
198900 119 121
199200 19 25
199200 34 113
199200 99 113
199200 119 121
199500 19 25
199500 39 100
199500 119 121
199800 19 25
199800 27 77
199800 119 121
200100 27 77
200100 30 88
200100 30 92
200100 119 121
200700 17 81
200700 24 101
200700 51 115
200700 70 122
201000 10 113
201000 24 101
201000 51 115
201000 81 100
201300 10 113
201300 51 115
201600 51 115
202200 13 65
202200 42 64
202500 40 91
202500 96 110
202800 40 47
202800 42 47
202800 47 73
202800 47 68
202800 47 96
203100 42 47
203100 47 73
203100 47 96
203400 30 40
203400 30 91
203400 37 73
203400 40 82
203400 40 73
203400 47 73
204000 46 48
204000 60 82
204300 30 58
204600 0 108
204600 49 53
204900 12 49
205200 12 110
205200 34 93
205500 8 62
205500 34 93
205500 39 83
205500 52 94
205800 12 21
205800 39 83
205800 52 94
206100 8 67
206100 12 21
206400 8 67
207300 10 87
207300 20 34
207300 34 87
207300 34 96
207600 7 111
208500 42 94
208500 57 85
208800 41 117
208800 42 94
209100 31 40
209100 57 85
209400 67 85
210600 60 64
259800 70 103
260100 1 10
260100 6 27
260100 6 93
260100 10 103
260100 17 54
260100 17 29
260100 41 73
260400 6 93
260400 6 27
260400 10 103
260400 16 29
260400 21 43
260400 27 28
260400 41 73
260700 6 93
260700 6 87
260700 11 98
260700 16 27
260700 21 43
260700 67 95
261000 6 93
261000 11 98
261000 11 67
261000 21 43
261000 40 78
261000 40 106
261000 67 95
261300 0 83
261300 6 93
261300 11 101
261300 13 32
261300 21 43
261300 35 54
261300 40 78
261300 40 106
261300 45 101
261300 67 95
261600 0 83
261600 6 93
261600 11 101
261600 34 39
261600 35 54
261600 40 78
261600 40 106
261600 40 49
261600 45 101
261600 67 95
261900 0 83
261900 1 16
261900 6 93
261900 15 100
261900 35 54
261900 39 113
261900 39 101
261900 40 106
261900 40 78
261900 47 100
261900 48 100
261900 67 95
262200 0 83
262200 6 93
262200 12 65
262200 12 119
262200 32 101
262200 32 57
262200 35 54
262200 39 113
262200 39 101
262200 40 78
262200 40 106
262200 50 95
262200 50 119
262200 67 95
262500 0 83
262500 6 93
262500 12 119
262500 12 65
262500 32 101
262500 38 49
262500 39 113
262500 39 112
262500 40 106
262500 40 78
262500 40 112
262500 42 95
262500 42 60
262500 50 119
262500 50 101
262500 60 115
262500 60 94
262500 64 101
262500 67 95
262500 90 94
262800 6 93
262800 10 80
262800 12 50
262800 22 60
262800 32 101
262800 39 112
262800 40 78
262800 40 112
262800 40 106
262800 41 92
262800 42 95
262800 42 60
262800 45 119
262800 45 50
262800 49 60
262800 60 94
262800 60 115
262800 60 69
262800 60 90
262800 90 94
263100 4 68
263100 4 92
263100 6 93
263100 10 80
263100 22 58
263100 32 101
263100 38 49
263100 40 78
263100 40 69
263100 42 94
263100 50 101
263100 60 115
263100 64 101
263100 70 86
263100 105 112
263400 4 92
263400 6 93
263400 10 80
263400 38 49
263400 40 78
263400 50 101
263400 60 115
263400 64 101
263700 4 92
263700 6 93
263700 10 80
263700 22 58
263700 40 78
263700 42 94
263700 50 101
263700 58 66
263700 60 115
263700 89 107
263700 105 112
264000 4 92
264000 6 93
264000 10 80
264000 22 58
264000 40 78
264000 50 101
264000 58 66
264000 105 112
264300 6 93
264300 10 80
264300 22 58
264300 40 78
264300 42 94
264300 50 101
264300 58 66
264300 105 112
264600 6 93
264600 14 114
264600 22 58
264600 40 78
264600 42 94
264600 50 101
264600 58 66
264600 105 112
264900 6 93
264900 40 78
264900 42 94
264900 50 101
264900 58 66
264900 103 110
264900 105 112
265200 32 48
265200 38 103
265200 42 94
265200 50 101
265200 58 66
265200 105 112
265500 6 93
265500 28 39
265500 38 103
265500 42 94
265500 58 66
265500 105 112
265800 6 93
265800 42 94
265800 43 61
265800 50 101
265800 58 66
265800 61 104
265800 105 112
266100 6 93
266100 9 98
266100 42 94
266100 43 61
266100 50 101
266100 58 66
266100 61 104
266400 6 93
266400 42 94
266400 43 61
266400 50 101
266400 61 104
266400 105 112
266400 112 118
266700 6 93
266700 8 48
266700 42 94
266700 43 61
266700 50 101
266700 58 66
266700 61 104
266700 105 112
266700 112 118
267000 6 93
267000 16 64
267000 16 113
267000 19 46
267000 43 61
267000 46 61
267000 46 78
267000 46 99
267000 46 48
267000 50 101
267000 83 112
267000 83 104
267000 105 112
267000 112 118
267300 1 110
267300 1 32
267300 4 119
267300 6 93
267300 19 46
267300 25 96
267300 43 61
267300 44 84
267300 46 99
267300 46 48
267300 46 61
267300 46 78
267300 46 110
267300 50 101
267300 58 78
267300 78 92
267300 83 104
267300 96 113
267300 105 112
267300 112 118
267600 1 119
267600 1 50
267600 4 119
267600 19 46
267600 25 96
267600 25 72
267600 25 108
267600 25 98
267600 43 61
267600 45 105
267600 45 72
267600 46 48
267600 50 101
267600 58 78
267600 61 93
267600 66 119
267600 72 119
267600 72 98
267600 76 98
267600 78 119
267600 83 112
267600 83 104
267600 96 101
267600 96 108
267600 98 108
267600 105 112
267900 1 32
267900 1 25
267900 4 119
267900 9 30
267900 10 66
267900 25 108
267900 25 98
267900 25 38
267900 27 53
267900 30 98
267900 38 98
267900 42 98
267900 43 61
267900 45 91
267900 45 66
267900 46 48
267900 50 101
267900 53 81
267900 53 108
267900 53 98
267900 61 93
267900 72 98
267900 76 98
267900 78 119
267900 83 112
267900 83 104
267900 96 101
267900 96 108
267900 98 108
267900 98 105
268200 1 32
268200 1 26
268200 4 119
268200 10 78
268200 12 76
268200 25 96
268200 25 38
268200 25 108
268200 25 98
268200 26 29
268200 27 105
268200 38 70
268200 43 61
268200 45 81
268200 61 101
268200 65 83
268200 70 81
268200 72 98
268200 76 98
268200 78 119
268200 83 104
268500 1 32
268500 2 70
268500 4 119
268500 12 76
268500 27 105
268500 31 109
268500 31 37
268500 32 93
268500 37 62
268500 45 81
268500 45 91
268500 70 81
268500 72 81
268800 4 119
268800 18 101
268800 18 31
268800 25 73
268800 25 45
268800 31 37
268800 31 109
268800 36 93
268800 37 62
268800 45 91
268800 62 113
268800 73 93
268800 98 113
268800 101 113
269100 1 32
269100 4 119
269100 18 31
269100 18 101
269100 18 36
269100 18 28
269100 19 101
269100 25 45
269100 25 73
269100 32 93
269100 32 79
269100 36 93
269100 37 62
269100 37 93
269100 45 91
269100 62 113
269100 67 113
269100 70 81
269100 73 93
269100 77 116
269100 98 113
269100 101 113
269400 1 32
269400 4 119
269400 7 119
269400 7 73
269400 7 55
269400 7 89
269400 18 31
269400 18 28
269400 18 101
269400 18 36
269400 18 24
269400 24 49
269400 24 32
269400 24 89
269400 24 45
269400 25 94
269400 32 79
269400 32 93
269400 32 33
269400 32 89
269400 32 121
269400 32 98
269400 36 93
269400 45 91
269400 49 77
269400 49 55
269400 62 116
269400 73 93
269400 93 116
269400 105 109
269400 108 119
269700 7 89
269700 7 116
269700 7 115
269700 10 55
269700 18 24
269700 18 31
269700 24 89
269700 24 45
269700 24 49
269700 24 27
269700 25 94
269700 25 115
269700 27 49
269700 32 79
269700 32 89
269700 33 89
269700 36 57
269700 41 89
269700 49 55
269700 49 77
269700 55 115
269700 55 89
269700 57 115
269700 59 89
269700 62 116
269700 62 69
269700 66 88
269700 66 115
269700 89 108
269700 89 115
269700 93 116
270000 7 115
270000 18 31
270000 23 92
270000 23 50
270000 25 115
270000 25 94
270000 32 33
270000 33 115
270000 36 95
270000 45 63
270000 49 77
270000 55 115
270000 57 115
270000 59 95
270000 62 69
270000 63 95
270000 63 84
270000 66 115
270000 66 88
270000 89 115
270000 89 108
270000 93 116
270000 95 115
270000 108 119
270300 3 93
270300 18 31
270300 25 94
270300 25 40
270300 32 33
270300 32 112
270300 36 95
270300 40 43
270300 46 53
270300 46 79
270300 49 77
270300 50 53
270300 50 76
270300 55 115
270300 59 95
270300 59 89
270300 59 63
270300 62 69
270300 62 112
270300 63 84
270300 63 95
270300 66 74
270300 93 116
270300 108 119
270600 3 93
270600 18 31
270600 21 76
270600 22 97
270600 23 92
270600 23 50
270600 25 94
270600 25 40
270600 33 115
270600 36 95
270600 40 43
270600 41 100
270600 46 53
270600 46 79
270600 49 77
270600 50 76
270600 50 53
270600 59 63
270600 59 89
270600 62 112
270600 62 69
270600 66 74
270600 93 116
270600 108 119
270900 3 93
270900 18 31
270900 22 97
270900 23 92
270900 23 50
270900 25 40
270900 25 94
270900 32 33
270900 32 112
270900 36 95
270900 40 43
270900 41 100
270900 41 97
270900 46 79
270900 46 53
270900 49 77
270900 50 76
270900 59 63
270900 59 89
270900 59 95
270900 62 112
270900 63 95
270900 63 84
270900 93 116
271200 3 93
271200 5 38
271200 18 31
271200 21 76
271200 23 50
271200 25 40
271200 32 33
271200 32 112
271200 40 43
271200 41 97
271200 41 100
271200 46 53
271200 46 79
271200 49 77
271200 50 76
271200 59 89
271200 59 95
271200 62 69
271200 62 112
271200 63 84
271200 63 95
271200 66 74
271200 93 116
271500 1 105
271500 3 93
271500 5 38
271500 17 39
271500 21 109
271500 22 97
271500 23 50
271500 25 40
271500 32 112
271500 36 95
271500 38 85
271500 40 43
271500 41 97
271500 41 100
271500 46 53
271500 46 79
271500 49 77
271500 50 76
271500 59 95
271500 59 89
271500 62 69
271500 63 84
271500 63 95
271500 66 74
271800 3 93
271800 4 11
271800 5 38
271800 17 39
271800 18 31
271800 18 33
271800 23 50
271800 25 40
271800 32 112
271800 36 95
271800 38 85
271800 40 43
271800 41 100
271800 46 53
271800 46 79
271800 49 77
271800 50 76
271800 59 89
271800 59 95
271800 62 69
271800 62 112
271800 63 95
271800 66 74
271800 102 104
