0 0 51
0 3 86
0 3 113
0 3 22
0 9 108
0 13 114
0 15 60
0 15 38
0 16 32
0 16 31
0 17 86
0 17 60
0 17 95
0 18 86
0 18 110
0 18 40
0 18 105
0 21 74
0 22 78
0 31 116
0 32 95
0 32 87
0 32 33
0 32 42
0 34 35
0 35 71
0 38 114
0 39 103
0 50 67
0 51 88
0 51 108
0 60 75
0 67 95
0 71 108
0 75 103
0 75 97
0 88 95
0 92 95
0 97 105
0 102 111
0 106 119
300 0 51
300 3 86
300 9 108
300 16 32
300 16 31
300 17 95
300 17 86
300 18 110
300 18 105
300 18 86
300 18 40
300 18 25
300 18 108
300 21 74
300 22 78
300 31 116
300 31 111
300 32 87
300 32 42
300 32 33
300 32 95
300 35 95
300 39 103
300 50 111
300 51 88
300 60 75
300 67 95
300 71 108
300 75 97
300 75 103
300 75 95
300 86 97
300 88 95
300 92 95
300 102 111
300 106 119
600 0 51
600 9 108
600 13 114
600 15 60
600 16 31
600 16 84
600 17 86
600 17 60
600 18 105
600 18 110
600 18 86
600 21 74
600 22 78
600 27 103
600 31 116
600 32 42
600 32 33
600 38 114
600 51 88
600 60 75
600 75 97
600 75 103
600 88 111
600 91 101
600 92 95
600 101 112
600 102 111
600 106 119
900 0 51
900 13 114
900 17 86
900 18 105
900 18 108
900 18 110
900 18 86
900 21 74
900 22 78
900 31 116
900 32 33
900 35 60
900 51 85
900 53 112
900 71 108
900 101 112
900 102 111
1200 0 51
1200 9 51
1200 15 60
1200 18 105
1200 18 110
1200 18 86
1200 19 30
1200 21 74
1200 22 78
1200 27 103
1200 32 33
1200 46 51
1200 46 59
1200 59 108
1200 86 108
1200 101 112
1200 102 111
1500 9 27
1500 13 114
1500 15 41
1500 18 110
1500 19 30
1500 21 74
1500 22 78
1500 27 103
1500 27 92
1500 32 33
1500 41 92
1500 46 59
1500 54 95
1500 54 98
1800 10 99
1800 10 39
1800 18 110
1800 18 105
1800 19 30
1800 21 74
1800 22 78
1800 27 103
1800 27 71
1800 32 33
1800 46 59
1800 54 95
1800 61 71
2100 3 116
2100 7 116
2100 7 84
2100 10 39
2100 10 99
2100 18 110
2100 18 89
2100 19 30
2100 21 74
2100 22 78
2100 27 103
2100 32 33
2100 46 59
2100 52 118
2100 61 71
2400 3 116
2400 7 84
2400 7 116
2400 10 39
2400 10 11
2400 11 16
2400 16 91
2400 18 110
2400 18 89
2400 19 30
2400 21 74
2400 22 78
2400 27 103
2400 46 59
2400 52 118
2700 3 116
2700 5 104
2700 7 116
2700 9 70
2700 10 99
2700 11 16
2700 16 91
2700 18 110
2700 18 89
2700 18 70
2700 19 30
2700 21 74
2700 22 78
2700 46 59
2700 52 118
2700 104 109
3000 3 116
3000 5 104
3000 5 41
3000 7 116
3000 13 62
3000 16 109
3000 18 89
3000 19 30
3000 21 74
3000 22 78
3000 26 71
3000 27 103
3000 31 116
3000 46 59
3000 49 71
3000 52 118
3000 104 109
3300 3 116
3300 5 104
3300 7 116
3300 18 70
3300 18 110
3300 18 89
3300 19 30
3300 21 74
3300 26 71
3300 31 116
3300 31 104
3300 38 96
3300 46 59
3300 53 65
3300 67 84
3300 71 113
3600 3 116
3600 7 116
3600 15 29
3600 18 38
3600 19 30
3600 26 71
3600 31 116
3600 38 96
3600 46 59
3600 46 91
3600 65 101
3600 67 84
3600 67 91
3600 71 113
3600 95 112
3600 113 116
3900 3 116
3900 7 116
3900 19 30
3900 26 71
3900 38 96
3900 46 59
3900 61 71
3900 65 101
3900 67 84
3900 82 113
3900 82 107
3900 105 113
3900 113 116
4200 3 116
4200 19 30
4200 26 71
4200 38 96
4200 46 59
4200 54 66
4200 65 101
4200 67 84
4200 82 107
4200 82 113
4200 95 112
4200 105 113
4500 3 116
4500 19 30
4500 20 119
4500 20 95
4500 26 71
4500 38 96
4500 46 59
4500 54 66
4500 65 101
4500 67 84
4500 82 107
4500 82 113
4500 113 116
4800 3 116
4800 19 30
4800 20 119
4800 20 95
4800 28 31
4800 38 96
4800 46 59
4800 54 66
4800 64 112
4800 65 101
4800 67 84
4800 82 113
4800 95 112
4800 105 113
5100 3 116
5100 11 87
5100 16 108
5100 19 30
5100 20 95
5100 20 119
5100 38 96
5100 46 59
5100 54 66
5100 64 112
5100 65 101
5100 67 84
5100 95 112
5400 16 108
5400 19 30
5400 20 95
5400 20 119
5400 22 36
5400 38 96
5400 46 59
5400 53 76
5400 54 66
5400 64 112
5400 67 84
5400 95 112
5700 3 116
5700 9 116
5700 11 87
5700 16 108
5700 19 30
5700 20 119
5700 20 95
5700 22 36
5700 29 116
5700 38 96
5700 46 59
5700 53 76
5700 54 66
5700 65 101
5700 95 112
6000 3 116
6000 9 116
6000 16 108
6000 20 95
6000 22 36
6000 29 116
6000 46 59
6000 53 76
6000 54 66
6000 65 101
6000 90 110
6000 95 112
6300 3 116
6300 16 108
6300 19 30
6300 20 119
6300 20 95
6300 22 36
6300 26 89
6300 29 116
6300 46 59
6300 54 66
6300 65 101
6300 90 110
6300 95 112
6600 3 116
6600 20 119
6600 20 95
6600 22 36
6600 26 89
6600 29 116
6600 33 93
6600 46 59
6600 54 66
6600 65 101
6600 69 71
6600 71 117
6600 90 110
6600 95 112
6900 3 116
6900 20 95
6900 22 36
6900 26 89
6900 29 116
6900 46 59
6900 54 66
6900 65 101
6900 69 71
6900 71 117
6900 90 110
6900 95 112
7200 12 70
7200 22 36
7200 26 89
7200 29 116
7200 33 93
7200 46 59
7200 51 64
7200 54 66
7200 65 101
7200 69 71
7200 71 117
7200 90 110
7200 95 112
7500 3 116
7500 12 70
7500 22 36
7500 26 89
7500 29 116
7500 46 59
7500 51 64
7500 54 66
7500 65 101
7500 71 117
7500 78 106
7500 95 112
7800 6 95
7800 12 70
7800 22 36
7800 26 89
7800 29 116
7800 46 59
7800 51 64
7800 54 66
7800 65 101
7800 65 117
7800 78 106
7800 78 96
7800 95 112
8100 5 74
8100 6 95
8100 6 49
8100 12 70
8100 15 97
8100 19 58
8100 22 36
8100 26 89
8100 26 49
8100 29 116
8100 35 74
8100 37 46
8100 46 59
8100 49 67
8100 49 74
8100 49 76
8100 51 64
8100 54 66
8100 65 117
8100 67 74
8100 71 117
8100 74 97
8400 5 74
8400 6 49
8400 12 17
8400 22 36
8400 26 49
8400 29 116
8400 35 74
8400 37 46
8400 37 94
8400 49 67
8400 49 76
8400 49 74
8400 49 106
8400 54 66
8400 65 117
8400 66 118
8400 67 74
8400 71 117
8400 74 97
8700 5 74
8700 5 84
8700 5 75
8700 6 76
8700 7 17
8700 7 111
8700 12 17
8700 12 70
8700 12 46
8700 22 36
8700 29 116
8700 35 74
8700 37 46
8700 37 94
8700 49 106
8700 49 76
8700 54 66
8700 66 118
8700 67 117
8700 71 117
8700 98 111
8700 99 105
9000 11 94
9000 12 70
9000 22 36
9000 29 116
9000 29 70
9000 30 53
9000 30 110
9000 35 74
9000 37 105
9000 44 67
9000 49 106
9000 53 97
9000 60 70
9000 66 70
9000 67 75
9000 67 105
9000 70 105
9000 99 105
9300 5 105
9300 8 57
9300 11 94
9300 11 105
9300 11 30
9300 11 53
9300 11 54
9300 22 36
9300 29 116
9300 29 70
9300 30 110
9300 30 89
9300 35 74
9300 37 94
9300 37 105
9300 53 97
9300 53 66
9300 54 66
9300 57 66
9300 59 111
9300 64 87
9300 66 70
9300 66 89
9300 67 105
9300 70 105
9300 78 94
9300 99 105
9600 11 30
9600 11 53
9600 22 36
9600 23 57
9600 29 116
9600 29 58
9600 30 89
9600 30 34
9600 30 107
9600 35 74
9600 37 105
9600 53 97
9600 53 66
9600 53 57
9600 59 111
9600 97 107
9600 99 105
9900 6 107
9900 11 54
9900 11 30
9900 11 53
9900 22 36
9900 23 57
9900 29 116
9900 30 34
9900 35 74
9900 37 105
9900 54 66
9900 59 111
9900 63 66
9900 66 107
9900 77 102
9900 78 94
9900 78 114
9900 82 107
9900 97 107
9900 99 105
10200 3 88
10200 3 56
10200 6 105
10200 6 33
10200 6 49
10200 22 36
10200 28 78
10200 28 88
10200 28 37
10200 30 34
10200 33 78
10200 35 74
10200 49 92
10200 54 92
10200 56 78
10200 59 111
10200 59 78
10200 78 94
10200 88 102
10200 99 105
10500 3 88
10500 3 56
10500 3 15
10500 3 28
10500 8 107
10500 8 116
10500 19 44
10500 28 88
10500 28 78
10500 28 37
10500 28 92
10500 28 56
10500 28 44
10500 28 49
10500 30 34
10500 35 74
10500 35 94
10500 41 44
10500 44 88
10500 44 107
10500 49 92
10500 54 92
10500 54 66
10500 56 78
10500 56 94
10500 59 78
10500 59 111
10500 63 66
10500 66 107
10500 78 94
10500 78 88
10500 78 92
10500 79 92
10500 88 102
10500 88 97
10500 88 107
10500 99 105
10800 3 56
10800 8 116
10800 17 44
10800 19 44
10800 19 97
10800 28 44
10800 28 56
10800 28 37
10800 28 92
10800 30 34
10800 35 95
10800 37 59
10800 37 65
10800 41 44
10800 42 82
10800 42 97
10800 44 107
10800 44 88
10800 49 92
10800 54 92
10800 56 78
10800 56 106
10800 64 97
10800 78 92
10800 79 92
10800 88 97
10800 88 102
10800 92 97
10800 94 97
10800 99 105
11100 3 56
11100 4 17
11100 4 59
11100 8 116
11100 9 74
11100 9 35
11100 9 30
11100 9 64
11100 9 59
11100 9 37
11100 9 43
11100 11 65
11100 14 97
11100 14 59
11100 19 44
11100 35 95
11100 35 114
11100 41 44
11100 41 97
11100 41 52
11100 42 97
11100 44 107
11100 49 92
11100 54 92
11100 56 106
11100 59 74
11100 63 97
11100 64 97
11100 79 92
11100 88 102
11100 88 97
11100 92 97
11100 99 105
11400 1 52
11400 3 56
11400 4 59
11400 9 74
11400 9 35
11400 11 65
11400 11 108
11400 14 97
11400 14 59
11400 19 44
11400 35 114
11400 35 95
11400 41 97
11400 42 97
11400 44 107
11400 44 88
11400 49 92
11400 54 92
11400 56 78
11400 59 74
11400 78 92
11400 79 92
11400 88 97
11400 88 102
11400 99 105
11700 1 52
11700 3 56
11700 4 59
11700 9 64
11700 9 37
11700 14 97
11700 14 59
11700 19 44
11700 33 91
11700 35 95
11700 35 114
11700 41 52
11700 41 44
11700 42 97
11700 44 88
11700 56 78
11700 64 97
11700 78 92
11700 79 92
11700 88 102
11700 99 105
12000 1 52
12000 4 59
12000 6 20
12000 9 64
12000 9 74
12000 11 65
12000 11 108
12000 14 59
12000 14 97
12000 19 44
12000 35 114
12000 41 52
12000 41 44
12000 42 97
12000 44 88
12000 59 74
12000 64 97
12000 79 92
12000 88 97
12000 88 102
12000 99 105
12300 3 56
12300 4 59
12300 9 74
12300 9 37
12300 11 108
12300 11 65
12300 18 85
12300 19 44
12300 35 114
12300 39 65
12300 41 44
12300 41 52
12300 42 97
12300 44 88
12300 56 78
12300 59 74
12300 78 92
12300 79 92
12300 88 97
12300 88 102
12600 3 56
12600 4 59
12600 9 64
12600 11 108
12600 14 59
12600 14 97
12600 18 85
12600 41 52
12600 42 97
12600 56 78
12600 59 74
12600 64 97
12600 78 92
12600 79 92
12600 88 102
12900 3 56
12900 4 59
12900 9 37
12900 9 74
12900 9 64
12900 11 108
12900 11 65
12900 14 97
12900 14 59
12900 19 44
12900 39 65
12900 41 44
12900 41 52
12900 42 97
12900 44 88
12900 56 78
12900 59 74
12900 78 92
12900 88 97
12900 88 102
13200 4 59
13200 9 64
13200 9 37
13200 9 74
13200 11 108
13200 11 65
13200 14 97
13200 19 44
13200 39 65
13200 41 52
13200 42 97
13200 44 88
13200 56 78
13200 66 83
13200 78 92
13200 88 97
13500 4 59
13500 9 64
13500 9 74
13500 11 108
13500 11 65
13500 14 97
13500 14 59
13500 16 33
13500 19 44
13500 41 52
13500 41 44
13500 44 88
13500 56 78
13500 66 83
13500 88 97
13800 4 59
13800 9 74
13800 11 108
13800 11 65
13800 14 97
13800 16 33
13800 19 44
13800 36 62
13800 39 65
13800 41 52
13800 41 44
13800 42 97
13800 44 88
13800 56 78
13800 66 83
13800 78 92
14100 4 59
14100 9 74
14100 11 65
14100 11 108
14100 14 59
14100 16 33
14100 19 44
14100 35 118
14100 36 62
14100 39 65
14100 41 52
14100 44 88
14100 53 54
14100 56 78
14100 66 83
14100 78 92
14400 1 35
14400 4 59
14400 9 74
14400 11 65
14400 11 108
14400 14 97
14400 14 59
14400 19 44
14400 36 62
14400 41 52
14400 41 44
14400 42 97
14400 44 88
14400 56 78
14400 66 83
14400 68 115
14400 78 92
14700 4 59
14700 9 74
14700 11 108
14700 11 65
14700 14 97
14700 14 59
14700 16 113
14700 19 44
14700 25 98
14700 35 118
14700 36 62
14700 39 65
14700 39 116
14700 41 52
14700 41 44
14700 44 88
14700 56 78
15000 9 74
15000 11 108
15000 16 113
15000 19 44
15000 25 98
15000 25 78
15000 29 78
15000 41 52
15300 6 82
15300 6 75
15300 9 74
15300 16 113
15300 25 78
15300 25 98
15300 29 78
15300 36 62
15300 36 76
15300 41 52
15300 41 89
15600 3 4
15600 6 75
15600 6 82
15600 15 89
15600 16 113
15600 25 98
15600 29 78
15600 41 89
15600 41 52
15600 59 89
15900 5 71
15900 6 75
15900 15 89
15900 16 113
15900 25 98
15900 25 110
15900 25 71
15900 29 78
15900 36 62
15900 40 110
15900 41 52
16200 6 75
16200 9 91
16200 12 97
16200 16 113
16200 29 78
16200 35 102
16200 39 41
16200 40 110
16200 41 52
16200 41 85
16500 6 75
16500 9 91
16500 10 83
16500 16 113
16500 28 112
16500 41 85
16500 41 52
16500 110 112
16800 6 75
16800 9 91
16800 10 83
16800 10 41
16800 16 113
16800 41 85
16800 41 94
17100 6 75
17100 6 114
17100 10 41
17100 16 113
17100 18 22
17100 20 103
17100 41 94
17100 41 85
17100 95 102
17100 95 103
17400 6 75
17400 6 114
17400 16 113
17400 41 94
17400 41 85
17700 3 86
17700 6 114
17700 16 113
17700 41 85
17700 80 86
18000 0 35
18000 3 86
18000 6 114
18000 16 113
18000 35 86
18000 41 44
18000 41 60
18000 69 80
18300 0 35
18300 3 86
18300 6 114
18300 14 65
18300 16 113
18300 20 46
18300 35 86
18300 41 44
18300 44 98
18600 0 35
18600 3 86
18600 3 94
18600 6 114
18600 14 65
18600 20 46
18600 23 117
18600 32 69
18600 35 86
18600 41 60
18600 41 44
18600 69 80
18900 3 86
18900 3 31
18900 6 114
18900 20 46
18900 29 66
18900 31 41
18900 32 69
18900 32 66
18900 32 55
18900 35 66
18900 41 44
18900 41 86
18900 66 112
18900 69 80
18900 71 112
19200 3 94
19200 3 31
19200 3 86
19200 3 32
19200 6 114
19200 12 31
19200 12 88
19200 12 55
19200 20 46
19200 29 66
19200 32 66
19200 35 66
19200 36 112
19200 41 60
19200 51 60
19200 51 71
19200 62 69
19200 66 112
19200 66 88
19200 69 80
19200 71 112
19200 71 101
19500 1 51
19500 3 32
19500 3 86
19500 3 31
19500 3 38
19500 6 114
19500 12 88
19500 12 31
19500 12 55
19500 20 46
19500 29 66
19500 31 76
19500 32 94
19500 32 51
19500 35 66
19500 38 85
19500 41 60
19500 44 51
19500 44 88
19500 44 46
19500 46 71
19500 60 71
19500 66 112
19500 71 112
19800 1 51
19800 1 46
19800 1 43
19800 3 94
19800 3 86
19800 3 31
19800 3 32
19800 4 12
19800 4 58
19800 4 44
19800 6 114
19800 12 88
19800 12 31
19800 12 55
19800 15 91
19800 20 46
19800 26 55
19800 32 51
19800 35 66
19800 41 60
19800 44 51
19800 44 88
19800 44 62
19800 46 60
19800 51 55
19800 55 67
19800 59 112
19800 60 71
19800 62 94
19800 62 88
19800 66 112
19800 71 112
20100 1 38
20100 1 93
20100 3 31
20100 3 86
20100 3 32
20100 4 58
20100 4 12
20100 4 44
20100 4 23
20100 4 67
20100 6 114
20100 6 58
20100 6 32
20100 12 88
20100 12 31
20100 20 46
20100 22 31
20100 26 55
20100 32 51
20100 35 66
20100 38 55
20100 41 60
20100 44 88
20100 44 51
20100 51 55
20100 55 67
20100 60 71
20100 66 112
20100 71 112
20400 1 93
20400 3 86
20400 3 31
20400 3 32
20400 4 23
20400 4 58
20400 4 44
20400 6 114
20400 6 28
20400 12 31
20400 12 70
20400 16 60
20400 20 46
20400 26 55
20400 28 67
20400 28 90
20400 28 66
20400 32 51
20400 44 51
20400 44 88
20400 44 67
20400 51 55
20400 60 71
20400 71 112
20700 3 86
20700 3 31
20700 3 6
20700 6 16
20700 12 88
20700 12 31
20700 12 98
20700 12 44
20700 14 44
20700 16 60
20700 20 46
20700 28 78
20700 38 86
20700 38 68
20700 43 86
20700 44 51
20700 51 55
20700 60 71
20700 60 112
20700 71 115
20700 90 112
20700 98 112
21000 3 31
21000 3 86
21000 3 6
21000 6 28
21000 6 114
21000 6 16
21000 12 98
21000 12 88
21000 12 31
21000 14 112
21000 16 60
21000 16 51
21000 22 98
21000 28 78
21000 28 90
21000 28 47
21000 28 114
21000 32 44
21000 32 47
21000 38 68
21000 38 86
21000 43 86
21000 44 51
21000 47 114
21000 47 70
21000 51 55
21000 60 112
21000 60 71
21000 71 115
21000 71 112
21000 86 112
21000 90 112
21000 98 114
21300 3 86
21300 3 38
21300 6 114
21300 6 28
21300 6 85
21300 12 98
21300 12 16
21300 14 44
21300 16 60
21300 16 32
21300 28 114
21300 28 90
21300 28 78
21300 31 32
21300 32 44
21300 32 91
21300 38 86
21300 43 86
21300 44 51
21300 47 70
21300 47 114
21300 47 69
21300 51 55
21300 60 112
21300 71 115
21300 90 112
21300 98 112
21300 98 114
21600 3 38
21600 3 86
21600 6 85
21600 6 108
21600 12 16
21600 12 98
21600 12 29
21600 12 90
21600 16 60
21600 16 30
21600 16 47
21600 19 51
21600 28 78
21600 29 103
21600 32 44
21600 32 91
21600 44 51
21600 47 70
21600 47 69
21600 47 108
21600 51 55
21600 60 112
21600 98 114
21900 2 114
21900 3 38
21900 6 38
21900 6 110
21900 12 90
21900 12 64
21900 12 79
21900 19 51
21900 26 33
21900 28 78
21900 28 69
21900 28 64
21900 29 64
21900 32 44
21900 32 91
21900 37 98
21900 38 69
21900 38 64
21900 44 51
21900 44 78
21900 47 69
21900 51 55
21900 60 69
21900 71 115
21900 78 114
22200 3 86
22200 6 110
22200 6 38
22200 6 86
22200 12 90
22200 16 47
22200 16 30
22200 16 60
22200 19 51
22200 28 38
22200 32 44
22200 33 86
22200 33 69
22200 38 86
22200 44 51
22200 44 86
22200 64 69
22200 71 115
22200 78 79
22500 3 114
22500 6 38
22500 6 110
22500 12 90
22500 29 64
22500 29 32
22500 32 103
22500 64 69
22500 71 115
22500 78 79
22800 3 114
22800 3 86
22800 6 38
22800 6 110
22800 6 86
22800 12 90
22800 19 51
22800 29 64
22800 29 32
22800 33 69
22800 33 86
22800 35 79
22800 44 86
22800 55 71
22800 71 115
23100 2 78
23100 3 114
23100 6 110
23100 6 38
23100 12 90
23100 12 32
23100 29 32
23100 32 35
23100 33 86
23100 33 69
23100 35 79
23100 35 55
23100 56 71
23100 71 115
23100 78 86
23400 1 32
23400 1 99
23400 1 24
23400 6 86
23400 6 38
23400 9 114
23400 12 90
23400 33 69
23400 33 86
23400 35 79
23400 44 86
23400 71 115
23700 1 99
23700 1 24
23700 1 32
23700 1 2
23700 3 25
23700 25 33
23700 33 69
23700 71 115
24000 0 34
24000 0 111
24000 0 79
24000 1 32
24000 3 25
24000 3 79
24000 9 79
24000 24 60
24000 25 33
24000 30 69
24000 33 86
24000 35 79
24000 39 111
24000 44 86
24000 44 57
24000 44 79
24000 67 81
24000 71 115
24300 0 34
24300 0 79
24300 0 111
24300 0 37
24300 0 9
24300 3 25
24300 9 81
24300 24 60
24300 25 33
24300 33 86
24300 39 111
24300 40 75
24300 42 78
24300 44 57
24300 44 86
24300 44 112
24300 44 75
24300 54 68
24300 71 115
24600 0 111
24600 0 37
24600 0 79
24600 0 40
24600 0 38
24600 3 25
24600 9 81
24600 9 44
24600 24 60
24600 25 33
24600 26 30
24600 30 54
24600 33 86
24600 38 71
24600 38 42
24600 39 111
24600 39 75
24600 40 75
24600 44 86
24600 44 57
24600 44 75
24600 44 112
24600 44 108
24600 67 81
24600 71 115
24900 0 37
24900 0 79
24900 0 111
24900 0 38
24900 3 25
24900 24 60
24900 26 30
24900 33 86
24900 38 42
24900 38 71
24900 38 60
24900 38 40
24900 39 111
24900 40 75
24900 44 75
24900 44 112
24900 44 86
24900 48 67
24900 48 70
25200 0 38
25200 10 75
25200 24 60
25200 25 33
25200 26 30
25200 26 75
25200 38 42
25200 38 71
25200 38 61
25200 39 111
25200 42 59
25200 48 70
25200 70 72
25200 70 95
25200 71 115
25500 10 75
25500 13 23
25500 24 60
25500 25 33
25500 25 70
25500 26 30
25500 26 75
25500 30 88
25500 38 40
25500 38 42
25500 39 111
25500 40 75
25500 40 92
25500 44 75
25500 44 112
25500 44 86
25500 48 70
25500 58 75
25500 71 115
25500 75 110
25800 24 60
25800 25 33
25800 26 75
25800 26 30
25800 31 52
25800 38 42
25800 39 111
25800 44 112
25800 48 70
25800 58 75
25800 71 115
25800 101 108
26100 5 116
26100 24 60
26100 25 33
26100 26 30
26100 38 42
26100 39 111
26100 44 112
26100 48 70
26100 58 75
26400 25 33
26400 26 30
26400 38 42
26400 39 111
26400 45 115
26400 48 70
26700 18 119
26700 25 33
26700 35 79
26700 38 42
26700 39 111
26700 48 70
26700 58 75
26700 93 102
27000 21 75
27000 25 33
27000 35 79
27000 39 111
27000 48 70
27000 58 75
27300 25 33
27300 25 67
27300 35 79
27300 39 111
27300 58 75
27600 25 33
27600 39 111
27600 58 75
27900 0 109
27900 22 74
27900 25 33
27900 34 70
28200 22 111
28200 34 70
28200 34 50
28500 63 65
28500 75 76
28800 16 51
28800 75 76
28800 87 106
29100 12 103
29100 75 76
29400 17 88
29400 29 106
29400 42 87
29700 12 56
29700 56 99
29700 56 102
29700 75 76
29700 88 97
30000 12 56
30000 56 99
30000 56 102
30000 79 87
30300 28 40
30300 28 109
30300 39 76
30300 75 76
30600 34 60
30600 34 114
30600 39 76
30600 56 99
30600 111 114
30600 111 113
30900 39 79
30900 79 85
31200 13 64
31200 91 97
31500 19 73
31500 39 79
31500 79 85
31800 65 73
32100 19 73
32700 17 82
32700 42 73
33000 42 73
33300 10 30
33600 0 65
33600 42 73
33900 10 30
33900 42 73
34200 28 102
34500 37 79
34800 10 97
34800 28 102
35100 70 107
35700 18 111
35700 39 69
35700 69 87
36000 34 110
38700 59 92
39900 22 38
87000 20 114
87000 56 113
87000 106 114
87300 20 107
87300 20 81
87300 96 102
87300 106 114
87600 1 70
87600 1 79
87600 4 79
87600 4 78
87600 13 81
87600 29 96
87600 41 65
87600 96 102
87600 106 114
87900 4 78
87900 4 79
87900 13 81
87900 15 79
87900 15 90
87900 18 104
87900 29 119
87900 36 110
87900 51 55
87900 69 80
87900 96 102
88200 4 6
88200 13 81
88200 15 90
88200 15 87
88200 29 119
88200 36 110
88200 45 80
88200 51 55
88200 51 53
88200 96 102
88500 4 98
88500 5 43
88500 15 79
88500 15 90
88500 29 119
88500 30 98
88500 34 80
88500 36 110
88500 45 80
88500 52 80
88500 65 80
88500 96 102
88800 4 98
88800 15 79
88800 22 79
88800 29 119
88800 30 98
88800 36 110
88800 45 80
88800 52 80
88800 53 99
88800 58 118
88800 68 113
88800 78 88
88800 96 102
88800 109 113
89100 22 79
89100 29 119
89100 30 98
89100 36 110
89100 58 118
89100 64 88
89100 65 80
89100 66 98
89100 68 113
89100 78 88
89100 96 102
89100 109 113
89400 4 98
89400 22 79
89400 30 98
89400 36 110
89400 48 113
89400 58 118
89400 68 113
89400 78 88
89400 96 102
89700 22 79
89700 36 75
89700 48 116
89700 58 118
89700 68 113
89700 78 88
89700 94 104
89700 104 116
90000 6 108
90000 12 73
90000 22 79
90000 30 98
90000 36 75
90000 36 105
90000 36 81
90000 48 116
90000 58 118
90000 78 88
90000 104 116
90300 6 108
90300 12 73
90300 36 75
90300 36 105
90300 36 80
90300 43 102
90300 58 118
90300 78 88
90300 108 116
90600 6 108
90600 12 73
90600 36 75
90600 58 118
90600 78 88
90900 6 108
90900 36 80
90900 36 75
90900 36 105
90900 43 102
90900 58 118
90900 78 88
90900 98 109
91200 6 108
91200 14 51
91200 14 15
91200 36 105
91200 36 80
91200 36 75
91200 43 102
91200 58 118
91200 98 109
91500 6 108
91500 14 15
91500 14 51
91500 22 76
91500 36 80
91500 36 105
91500 43 102
91500 78 88
91500 98 109
91800 6 108
91800 14 51
91800 14 15
91800 22 26
91800 36 80
91800 43 102
91800 69 84
91800 78 88
91800 98 109
92100 6 108
92100 14 15
92100 22 26
92100 27 84
92100 36 80
92100 43 102
92100 78 88
92100 98 109
92400 6 108
92400 14 15
92400 22 26
92400 27 84
92400 36 80
92400 43 102
92400 58 110
92400 78 88
92400 98 109
92700 14 15
92700 22 26
92700 27 84
92700 36 80
92700 54 57
92700 58 110
92700 78 88
92700 98 109
93000 0 101
93000 6 108
93000 14 15
93000 22 26
93000 27 84
93000 36 80
93000 43 102
93000 51 55
93000 78 88
93000 98 109
93300 0 101
93300 0 104
93300 6 108
93300 14 15
93300 22 26
93300 27 84
93300 36 80
93300 51 55
93300 54 57
93300 98 109
93600 0 101
93600 6 108
93600 14 15
93600 22 26
93600 36 80
93600 51 55
93600 54 57
93600 57 82
93600 98 109
93900 0 101
93900 14 15
93900 17 43
93900 22 26
93900 36 80
93900 51 55
93900 98 109
94200 0 101
94200 11 74
94200 14 15
94200 22 98
94200 36 80
94200 41 56
94200 41 74
94200 51 55
94200 55 63
94200 56 74
94200 57 82
94200 63 92
94500 0 101
94500 3 75
94500 3 102
94500 4 102
94500 4 103
94500 4 63
94500 4 19
94500 4 44
94500 6 102
94500 6 44
94500 14 15
94500 14 90
94500 14 54
94500 22 98
94500 28 102
94500 36 80
94500 41 56
94500 44 63
94500 44 50
94500 51 55
94500 56 74
94500 63 92
94500 80 93
94500 102 103
94800 0 101
94800 1 113
94800 1 3
94800 1 91
94800 1 66
94800 1 71
94800 3 75
94800 3 102
94800 4 103
94800 4 102
94800 4 63
94800 4 19
94800 4 44
94800 4 30
94800 4 20
94800 6 102
94800 15 102
94800 22 98
94800 28 102
94800 31 53
94800 36 80
94800 44 63
94800 51 55
94800 53 66
94800 56 66
94800 63 92
94800 63 80
94800 66 79
94800 102 103
95100 0 101
95100 1 113
95100 1 91
95100 1 66
95100 1 71
95100 1 92
95100 1 37
95100 1 72
95100 3 75
95100 4 19
95100 14 15
95100 15 102
95100 15 77
95100 27 58
95100 27 37
95100 28 102
95100 36 80
95100 37 97
95100 46 55
95100 50 72
95100 51 55
95100 56 72
95100 63 92
95100 71 72
95100 72 108
95100 97 103
95400 0 101
95400 1 113
95400 1 66
95400 1 91
95400 1 72
95400 3 75
95400 7 54
95400 27 37
95400 35 56
95400 36 80
95400 37 97
95400 37 40
95400 37 54
95400 40 54
95400 40 114
95400 50 72
95400 50 100
95400 50 54
95400 54 81
95400 56 66
95400 56 72
95400 63 92
95400 71 72
95400 72 108
95400 72 80
95400 87 114
95700 0 101
95700 1 113
95700 1 66
95700 7 54
95700 9 80
95700 9 58
95700 9 63
95700 9 54
95700 26 29
95700 27 37
95700 27 58
95700 29 106
95700 36 80
95700 37 97
95700 37 54
95700 37 40
95700 40 54
95700 50 100
95700 50 54
95700 51 55
95700 54 88
95700 54 99
95700 54 87
95700 63 92
95700 63 91
95700 71 72
95700 72 108
95700 99 106
96000 0 101
96000 1 113
96000 1 66
96000 7 54
96000 9 55
96000 10 28
96000 11 48
96000 13 49
96000 27 58
96000 28 36
96000 28 48
96000 28 117
96000 34 48
96000 35 56
96000 35 73
96000 40 114
96000 45 93
96000 48 92
96000 48 108
96000 50 72
96000 50 100
96000 56 66
96000 63 91
96000 63 71
96000 87 114
96300 0 101
96300 0 95
96300 1 103
96300 3 102
96300 3 37
96300 6 23
96300 6 113
96300 7 54
96300 11 48
96300 13 49
96300 26 29
96300 27 58
96300 27 60
96300 28 36
96300 34 48
96300 37 66
96300 37 102
96300 47 102
96300 48 108
96300 48 92
96300 48 116
96300 60 116
96300 63 71
96300 63 91
96300 63 92
96300 73 102
96300 87 114
96300 92 102
96300 96 102
96600 0 101
96600 1 113
96600 1 66
96600 1 103
96600 1 26
96600 1 58
96600 1 21
96600 3 102
96600 3 37
96600 3 90
96600 3 72
96600 3 108
96600 13 49
96600 26 29
96600 27 58
96600 28 36
96600 34 48
96600 35 73
96600 35 56
96600 37 102
96600 37 47
96600 37 60
96600 40 102
96600 40 47
96600 47 102
96600 47 116
96600 48 116
96600 50 72
96600 50 100
96600 58 89
96600 63 91
96600 63 71
96600 73 102
96600 92 102
96600 96 102
96900 0 101
96900 0 1
96900 1 103
96900 1 21
96900 1 26
96900 1 66
96900 1 113
96900 1 55
96900 1 90
96900 3 37
96900 3 102
96900 3 72
96900 3 108
96900 3 84
96900 12 47
96900 13 49
96900 28 36
96900 34 48
96900 35 56
96900 37 102
96900 37 47
96900 40 47
96900 40 102
96900 47 95
96900 47 60
96900 50 72
96900 63 71
96900 63 92
96900 73 113
96900 84 88
96900 87 114
97200 1 113
97200 1 66
97200 1 21
97200 3 108
97200 13 49
97200 17 40
97200 17 67
97200 24 52
97200 34 48
97200 35 56
97200 35 111
97200 37 60
97200 47 60
97200 50 72
97200 50 52
97200 52 56
97200 52 84
97200 63 71
97200 72 108
97200 87 114
97200 88 93
97200 93 118
97500 1 66
97500 1 21
97500 3 108
97500 12 47
97500 13 49
97500 31 44
97500 32 47
97500 34 48
97500 35 56
97500 37 60
97500 40 44
97500 44 49
97500 44 61
97500 47 111
97500 47 76
97500 61 90
97500 61 76
97500 61 84
97500 87 114
97500 88 93
97500 111 119
97800 1 113
97800 1 21
97800 3 108
97800 13 49
97800 17 67
97800 17 40
97800 32 47
97800 34 48
97800 35 56
97800 37 60
97800 44 49
97800 47 76
97800 47 111
97800 50 52
97800 50 72
97800 52 56
97800 72 108
97800 87 114
97800 88 93
97800 92 119
97800 93 118
97800 111 119
98100 3 108
98100 13 49
98100 17 67
98100 17 40
98100 32 47
98100 34 48
98100 35 56
98100 37 60
98100 44 49
98100 47 76
98100 47 111
98100 50 72
98100 50 52
98100 52 56
98100 61 90
98100 61 76
98100 88 93
98100 92 119
98100 111 119
98400 1 113
98400 1 21
98400 3 108
98400 13 49
98400 34 48
98400 35 56
98400 37 60
98400 47 111
98400 50 72
98400 61 76
98400 61 90
98400 88 93
98400 111 119
98700 1 21
98700 3 108
98700 13 49
98700 17 40
98700 17 67
98700 32 47
98700 34 48
98700 35 56
98700 37 60
98700 44 49
98700 47 76
98700 50 52
98700 52 56
98700 61 76
98700 61 90
98700 88 93
98700 111 119
99000 1 113
99000 3 108
99000 13 49
99000 17 40
99000 17 67
99000 32 47
99000 34 48
99000 35 56
99000 37 60
99000 40 79
99000 44 49
99000 44 103
99000 47 76
99000 50 52
99000 52 56
99000 61 90
99000 88 93
99000 111 119
99300 1 21
99300 11 103
99300 17 67
99300 17 40
99300 32 47
99300 34 48
99300 35 56
99300 37 60
99300 44 49
99300 44 103
99300 47 76
99300 50 52
99300 52 56
99300 61 90
99300 88 93
99300 111 119
99600 17 40
99600 17 67
99600 32 47
99600 34 48
99600 35 56
99600 37 60
99600 44 103
99600 44 49
99600 47 76
99600 50 52
99600 61 90
99600 88 93
99600 111 119
99900 9 29
99900 17 67
99900 17 40
99900 32 47
99900 34 48
99900 35 56
99900 37 60
99900 44 49
99900 44 103
99900 47 76
99900 50 52
99900 88 93
99900 111 119
100200 9 29
100200 17 67
100200 17 40
100200 32 47
100200 35 56
100200 37 60
100200 47 76
100200 50 52
100200 61 90
100200 88 93
100200 111 119
100500 9 29
100500 17 67
100500 17 40
100500 32 47
100500 34 117
100500 35 56
100500 37 60
100500 44 103
100500 44 49
100500 47 76
100500 50 52
100500 111 119
100800 9 29
100800 16 42
100800 17 40
100800 17 67
100800 21 105
100800 32 47
100800 34 117
100800 35 56
100800 37 60
100800 44 103
100800 47 76
100800 50 52
100800 61 90
100800 111 119
101100 9 29
101100 17 40
101100 17 67
101100 32 47
101100 34 117
101100 35 56
101100 37 60
101100 44 103
101100 50 52
101100 61 90
101100 111 119
101400 9 29
101400 17 40
101400 17 67
101400 32 47
101400 34 117
101400 35 56
101400 37 60
101400 44 103
101400 47 82
101400 47 54
101400 50 52
101400 54 101
101400 58 61
101400 111 119
101700 6 54
101700 9 29
101700 17 67
101700 31 109
101700 32 47
101700 34 117
101700 35 56
101700 37 60
101700 44 103
101700 50 52
101700 53 84
101700 61 90
101700 111 119
102000 9 29
102000 17 67
102000 30 38
102000 35 56
102000 37 60
102000 44 103
102000 50 52
102000 53 84
102000 53 90
102000 111 119
102300 6 54
102300 9 29
102300 17 67
102300 35 56
102300 37 60
102300 44 103
102300 111 119
102600 6 54
102600 9 29
102600 17 67
102600 30 38
102600 35 56
102600 37 60
102600 53 84
102600 94 107
102900 9 29
102900 13 76
102900 17 67
102900 30 38
102900 35 56
102900 37 60
102900 94 107
103200 9 29
103200 30 38
103200 35 56
103200 37 60
103200 64 70
103200 64 103
103200 73 103
103200 94 107
103500 9 29
103500 30 38
103500 35 56
103500 37 60
103500 48 114
103500 74 105
103500 78 90
103500 94 107
103800 6 74
103800 9 29
103800 30 38
103800 35 56
103800 37 60
103800 48 114
103800 74 105
103800 94 107
104100 0 101
104100 5 46
104100 6 74
104100 30 38
104100 35 56
104100 37 60
104100 48 114
104100 74 105
104100 94 107
104400 0 101
104400 6 74
104400 26 52
104400 30 38
104400 35 56
104400 37 60
104400 48 114
104400 74 105
104400 94 107
104700 1 52
104700 1 42
104700 1 102
104700 26 52
104700 30 38
104700 35 56
104700 37 60
104700 48 114
104700 59 89
104700 74 105
104700 94 107
105000 0 76
105000 26 52
105000 26 114
105000 28 56
105000 28 114
105000 35 56
105000 37 60
105000 46 56
105000 48 114
105000 49 59
105000 56 101
105000 67 114
105000 67 116
105000 93 107
105000 94 107
105300 19 56
105300 25 114
105300 26 114
105300 28 114
105300 28 56
105300 30 49
105300 31 33
105300 35 56
105300 37 60
105300 44 106
105300 44 118
105300 46 56
105300 56 101
105300 67 114
105300 94 107
105300 107 116
105600 5 68
105600 21 68
105600 26 114
105600 28 114
105600 28 56
105600 30 49
105600 31 33
105600 37 60
105600 44 118
105600 44 106
105600 46 56
105600 61 70
105600 67 116
105600 94 107
105900 2 74
105900 21 68
105900 21 61
105900 21 56
105900 26 114
105900 28 82
105900 37 60
105900 44 118
105900 44 79
105900 51 74
105900 56 74
105900 66 81
105900 67 116
105900 74 100
105900 83 102
106200 0 37
106200 5 68
106200 21 116
106200 22 56
106200 35 49
106200 37 60
106200 37 67
106200 44 118
106200 44 91
106200 49 118
106200 51 74
106200 61 70
106200 66 81
106200 74 119
106200 82 109
106200 83 102
106200 83 100
106200 83 116
106500 5 83
106500 17 37
106500 21 116
106500 22 56
106500 31 72
106500 35 118
106500 37 101
106500 44 118
106500 51 74
106500 61 70
106500 66 81
106500 67 116
106500 79 83
106500 82 109
106500 88 103
106500 88 118
106800 6 37
106800 17 37
106800 22 56
106800 38 56
106800 51 74
106800 54 102
106800 56 88
106800 56 83
106800 61 70
106800 66 81
106800 67 116
106800 67 70
106800 74 119
106800 79 83
106800 82 109
106800 88 103
106800 88 118
107100 4 56
107100 5 39
107100 10 87
107100 17 37
107100 21 116
107100 22 56
107100 38 56
107100 38 65
107100 39 80
107100 51 74
107100 54 102
107100 56 88
107100 61 70
107100 66 81
107100 67 116
107100 82 109
107100 88 103
107400 0 12
107400 1 83
107400 1 12
107400 12 40
107400 12 105
107400 22 56
107400 38 56
107400 51 74
107400 54 102
107400 56 88
107400 61 70
107400 66 81
107400 67 70
107400 67 116
107400 74 119
107400 88 103
107700 0 3
107700 1 12
107700 3 13
107700 3 74
107700 3 73
107700 12 105
107700 12 84
107700 21 116
107700 22 56
107700 42 73
107700 42 109
107700 51 74
107700 54 102
107700 56 88
107700 56 119
107700 61 70
107700 66 81
107700 67 116
107700 74 79
107700 88 103
108000 0 3
108000 3 73
108000 3 13
108000 3 74
108000 4 88
108000 4 44
108000 4 42
108000 4 116
108000 7 12
108000 12 61
108000 21 116
108000 42 73
108000 42 109
108000 44 61
108000 51 74
108000 54 102
108000 56 88
108000 61 70
108000 61 117
108000 66 81
108000 67 116
108000 116 117
108300 3 13
108300 3 73
108300 4 44
108300 4 116
108300 4 88
108300 12 61
108300 12 116
108300 40 72
108300 40 88
108300 42 109
108300 42 73
108300 44 61
108300 54 102
108300 56 88
108300 61 75
108300 66 81
108300 72 117
108300 100 117
108300 116 117
108600 3 13
108600 40 72
108600 40 88
108600 42 73
108600 42 109
108600 48 72
108600 54 102
108600 61 75
108600 61 70
108600 61 116
108600 66 81
108600 70 100
108600 70 116
108900 3 13
108900 4 88
108900 4 116
108900 4 44
108900 25 61
108900 27 116
108900 40 88
108900 40 72
108900 42 109
108900 54 102
108900 57 59
108900 60 71
108900 61 70
108900 61 116
108900 61 73
108900 66 81
108900 70 116
108900 72 117
108900 73 109
108900 75 116
108900 100 117
108900 101 103
108900 116 117
109200 25 61
109200 40 88
109200 42 109
109200 60 62
109200 61 73
109200 61 116
109200 61 70
109200 61 87
109200 66 81
109200 70 73
109200 100 117
109200 101 103
109500 3 76
109500 4 88
109500 4 116
109500 4 44
109500 27 116
109500 31 103
109500 40 72
109500 40 88
109500 42 109
109500 70 116
109500 75 116
109500 100 117
109500 116 117
109800 3 4
109800 4 116
109800 4 88
109800 4 44
109800 4 75
109800 25 61
109800 31 103
109800 40 88
109800 41 89
109800 61 116
109800 61 70
109800 61 73
109800 66 81
109800 100 117
109800 101 103
109800 116 117
110100 3 4
110100 4 116
110100 4 44
110100 4 88
110100 4 27
110100 4 100
110100 27 81
110100 27 89
110100 27 88
110100 40 88
110100 52 107
110100 61 70
110100 61 107
110100 75 119
110100 100 117
110100 116 117
110400 4 88
110400 4 44
110400 4 116
110400 25 88
110400 27 117
110400 40 88
110400 52 107
110400 52 83
110400 61 107
110400 64 83
110400 83 103
110400 101 103
110400 116 117
110700 3 4
110700 4 116
110700 25 88
110700 25 51
110700 27 117
110700 27 44
110700 29 51
110700 29 97
110700 29 83
110700 36 51
110700 40 88
110700 51 83
110700 52 83
110700 52 107
110700 61 70
110700 61 107
110700 64 83
110700 116 117
111000 4 116
111000 4 53
111000 4 104
111000 25 88
111000 27 44
111000 27 117
111000 29 83
111000 32 83
111000 36 51
111000 40 88
111000 51 83
111000 51 104
111000 52 83
111000 81 107
111000 116 117
111300 4 53
111300 4 116
111300 4 70
111300 27 44
111300 27 117
111300 36 51
111300 40 88
111300 40 44
111300 51 70
111300 51 117
111300 116 117
111600 4 53
111600 24 29
111600 24 51
111600 27 117
111600 29 83
111600 32 83
111600 36 51
111600 40 44
111600 40 88
111600 51 83
111600 51 117
111600 51 70
111600 51 115
111600 52 83
111600 116 117
111900 4 70
111900 19 52
111900 37 88
111900 51 115
111900 52 83
111900 52 95
112200 57 75
112500 0 57
112500 24 28
112800 42 114
112800 106 114
113100 5 38
113100 5 48
113400 26 85
113400 45 82
113400 77 110
113700 9 82
113700 45 82
114000 10 72
114300 12 66
114300 62 105
114600 48 91
114600 55 66
114900 60 116
115500 36 109
115800 36 48
115800 41 48
116100 18 63
116400 21 46
116400 21 86
116400 51 97
116700 34 57
116700 63 111
117000 21 46
117000 34 57
117000 51 97
117300 46 87
117300 65 90
117600 11 96
117600 51 84
117600 57 84
117600 65 90
117600 84 102
117900 11 96
117900 51 84
117900 57 84
117900 65 90
117900 72 96
118200 11 57
118200 15 57
118200 57 84
118500 8 13
118500 13 110
118500 23 110
118500 23 59
118500 23 77
118500 23 38
118500 65 90
118800 23 59
118800 23 77
118800 50 90
118800 65 77
119100 8 13
119100 56 109
119100 65 77
119100 89 109
119400 23 86
119400 65 77
119700 13 108
120000 37 105
120000 37 63
120300 37 48
120600 59 84
120600 82 101
120900 59 84
121200 38 80
121500 28 69
121500 59 107
121800 38 80
121800 38 94
122100 38 80
122100 45 102
122100 73 84
122400 47 63
122400 73 84
122700 38 80
123300 25 77
123900 37 52
124200 52 102
124500 19 52
124500 97 102
124800 73 79
125400 34 117
173400 6 82
173400 11 55
173400 11 62
173400 25 113
173400 39 58
173400 64 92
173700 6 92
173700 6 55
173700 6 56
173700 11 62
173700 18 92
173700 18 21
173700 25 113
173700 39 58
173700 64 92
173700 82 106
174000 6 92
174000 6 82
174000 6 55
174000 6 56
174000 6 29
174000 6 73
174000 6 63
174000 11 62
174000 11 55
174000 18 21
174000 25 113
174000 39 58
174000 56 69
174000 64 92
174000 69 92
174000 73 85
174300 3 29
174300 6 29
174300 18 21
174300 25 113
174300 34 93
174300 39 58
174300 40 61
174300 61 66
174300 64 92
174300 76 93
174300 78 93
174600 3 29
174600 4 34
174600 6 29
174600 6 73
174600 11 55
174600 11 62
174600 16 90
174600 25 113
174600 27 72
174600 39 58
174600 61 66
174600 64 92
174600 73 85
174600 76 93
174600 78 93
174600 90 93
174600 93 114
174900 3 29
174900 6 73
174900 6 29
174900 6 55
174900 11 55
174900 11 90
174900 16 90
174900 16 102
174900 25 113
174900 30 85
174900 30 83
174900 39 58
174900 61 66
174900 64 92
174900 73 85
174900 73 107
174900 76 93
174900 78 93
174900 90 93
175200 3 29
175200 6 73
175200 6 29
175200 16 90
175200 16 30
175200 25 113
175200 29 44
175200 30 85
175200 30 83
175200 30 37
175200 39 58
175200 46 104
175200 50 83
175200 61 66
175200 73 107
175200 76 93
175200 90 93
175200 102 107
175500 6 29
175500 6 73
175500 11 90
175500 11 55
175500 16 90
175500 16 30
175500 16 37
175500 27 72
175500 30 107
175500 37 50
175500 39 58
175500 46 104
175500 50 83
175500 61 66
175500 81 107
175500 90 93
175500 102 107
175800 1 20
175800 1 5
175800 6 73
175800 6 29
175800 6 56
175800 11 90
175800 16 30
175800 27 72
175800 37 111
175800 37 112
175800 39 58
175800 46 104
175800 50 83
175800 61 66
175800 90 93
175800 102 107
176100 1 5
176100 1 20
176100 5 17
176100 6 29
176100 6 73
176100 6 56
176100 16 30
176100 17 56
176100 25 80
176100 27 72
176100 30 107
176100 37 111
176100 39 58
176100 44 80
176100 50 83
176100 61 66
176100 68 91
176100 81 107
176400 1 88
176400 6 29
176400 6 56
176400 6 73
176400 6 8
176400 16 30
176400 25 80
176400 27 72
176400 37 111
176400 39 58
176400 44 80
176400 46 104
176700 1 5
176700 5 17
176700 6 56
176700 6 29
176700 6 73
176700 6 8
176700 8 19
176700 16 30
176700 27 72
176700 37 111
176700 39 58
176700 44 80
176700 57 90
176700 80 101
177000 1 88
177000 5 17
177000 6 8
177000 6 73
177000 6 56
177000 6 29
177000 16 30
177000 27 72
177000 37 111
177000 39 58
177000 44 80
177000 81 103
177300 6 29
177300 6 73
177300 6 56
177300 13 57
177300 16 30
177300 27 72
177300 37 111
177300 39 58
177300 44 80
177300 57 90
177300 80 101
177300 81 103
177600 6 29
177600 6 73
177600 6 56
177600 6 8
177600 13 57
177600 16 30
177600 37 111
177600 39 58
177600 44 80
177600 57 90
177600 81 103
177600 86 118
177900 6 29
177900 6 73
177900 13 57
177900 16 30
177900 27 72
177900 37 111
177900 39 58
177900 44 80
177900 81 103
177900 86 118
178200 6 56
178200 6 73
178200 6 29
178200 9 62
178200 13 57
178200 16 30
178200 22 84
178200 37 111
178200 39 58
178200 81 103
178200 86 118
178500 6 73
178500 6 29
178500 9 62
178500 13 57
178500 16 30
178500 22 84
178500 27 72
178500 39 58
178500 51 59
178500 65 114
178500 81 103
178500 86 118
178800 6 29
178800 6 56
178800 7 87
178800 13 57
178800 16 30
178800 22 84
178800 27 72
178800 37 111
178800 39 58
178800 65 114
178800 81 103
178800 86 118
179100 6 29
179100 6 56
179100 13 57
179100 15 47
179100 16 30
179100 22 84
179100 27 72
179100 39 58
179100 51 59
179100 65 114
179100 81 103
179100 86 118
179400 3 21
179400 6 56
179400 6 29
179400 7 87
179400 13 57
179400 15 47
179400 16 30
179400 20 40
179400 22 84
179400 27 72
179400 37 111
179400 51 59
179400 65 114
179400 81 103
179700 6 29
179700 7 87
179700 12 88
179700 13 57
179700 15 47
179700 16 30
179700 22 84
179700 23 49
179700 27 72
179700 39 58
179700 51 59
179700 65 114
179700 81 103
180000 6 56
180000 6 29
180000 15 47
180000 16 30
180000 22 84
180000 27 72
180000 38 116
180000 39 58
180000 51 59
180000 53 104
180000 65 114
180000 81 103
180300 6 29
180300 13 57
180300 15 47
180300 16 30
180300 22 84
180300 23 49
180300 27 72
180300 38 116
180300 53 104
180300 65 114
180300 81 103
180600 13 57
180600 15 47
180600 16 30
180600 22 84
180600 23 88
180600 23 61
180600 27 72
180600 36 61
180600 38 116
180600 53 104
180600 61 63
180600 65 114
180600 72 81
180600 81 103
180600 81 116
180900 4 112
180900 4 61
180900 13 15
180900 16 30
180900 22 84
180900 23 88
180900 27 72
180900 44 118
180900 53 66
180900 61 112
180900 61 80
180900 65 114
180900 66 104
180900 81 103
180900 102 112
180900 103 112
180900 107 112
181200 1 92
181200 4 112
181200 4 57
181200 13 15
181200 13 34
181200 15 47
181200 15 102
181200 16 30
181200 17 102
181200 22 84
181200 23 88
181200 27 72
181200 30 57
181200 31 34
181200 37 44
181200 37 101
181200 40 92
181200 44 107
181200 51 96
181200 53 66
181200 61 112
181200 61 80
181200 65 114
181200 66 104
181200 92 102
181200 92 117
181200 102 112
181200 103 112
181200 107 112
181500 1 79
181500 3 37
181500 4 61
181500 10 86
181500 13 66
181500 16 30
181500 16 91
181500 22 84
181500 23 88
181500 27 72
181500 29 37
181500 30 57
181500 37 101
181500 37 44
181500 45 91
181500 50 85
181500 51 96
181500 57 104
181500 66 104
181500 70 102
181500 81 103
181500 85 91
181500 90 102
181800 1 92
181800 1 79
181800 1 81
181800 3 91
181800 4 57
181800 4 112
181800 4 61
181800 4 85
181800 4 71
181800 4 86
181800 10 86
181800 13 15
181800 15 47
181800 15 102
181800 16 91
181800 22 84
181800 23 88
181800 23 71
181800 27 72
181800 30 45
181800 33 86
181800 36 86
181800 50 85
181800 51 96
181800 52 85
181800 61 86
181800 70 102
181800 81 103
181800 85 91
181800 100 103
181800 103 112
182100 0 88
182100 1 79
182100 2 94
182100 2 16
182100 3 91
182100 4 57
182100 4 86
182100 4 85
182100 4 61
182100 4 71
182100 4 112
182100 4 95
182100 4 26
182100 4 100
182100 10 86
182100 13 15
182100 13 66
182100 13 95
182100 14 114
182100 15 47
182100 15 102
182100 15 70
182100 15 85
182100 16 91
182100 22 84
182100 22 71
182100 27 72
182100 30 45
182100 30 37
182100 37 114
182100 51 96
182100 52 85
182100 56 103
182100 57 104
182100 61 100
182100 66 104
182100 70 102
182100 70 71
182100 81 103
182400 2 7
182400 3 91
182400 5 22
182400 7 104
182400 7 39
182400 13 15
182400 13 83
182400 14 114
182400 15 70
182400 15 85
182400 15 102
182400 15 41
182400 27 72
182400 37 114
182400 37 56
182400 37 51
182400 41 104
182400 49 114
182400 51 96
182400 51 83
182400 52 85
182400 56 103
182400 56 114
182400 57 104
182400 62 114
182400 66 104
182400 66 102
182400 74 104
182400 74 114
182400 81 103
182400 85 91
182700 2 94
182700 2 16
182700 2 63
182700 2 31
182700 2 97
182700 3 91
182700 5 108
182700 6 37
182700 7 104
182700 7 83
182700 7 12
182700 7 30
182700 13 83
182700 23 63
182700 23 108
182700 27 72
182700 37 56
182700 37 51
182700 39 78
182700 39 74
182700 41 104
182700 51 96
182700 52 85
182700 57 104
182700 57 108
182700 66 104
182700 74 104
182700 74 114
182700 103 108
182700 104 108
183000 2 94
183000 2 63
183000 2 97
183000 2 31
183000 2 16
183000 2 12
183000 3 91
183000 5 108
183000 5 22
183000 5 12
183000 12 63
183000 12 32
183000 12 108
183000 14 63
183000 16 32
183000 16 68
183000 23 108
183000 23 63
183000 41 104
183000 41 108
183000 49 114
183000 49 94
183000 51 96
183000 51 83
183000 52 85
183000 56 103
183000 57 108
183000 61 68
183000 63 68
183000 63 108
183000 66 104
183000 67 108
183000 67 103
183000 81 103
183000 94 96
183000 103 108
183000 103 112
183000 104 108
183300 2 97
183300 2 31
183300 2 12
183300 3 91
183300 5 22
183300 5 12
183300 7 83
183300 7 34
183300 12 32
183300 12 63
183300 12 108
183300 16 68
183300 23 45
183300 27 83
183300 34 67
183300 38 105
183300 39 74
183300 41 105
183300 45 85
183300 45 118
183300 45 105
183300 46 67
183300 49 114
183300 49 70
183300 49 94
183300 51 83
183300 57 108
183300 61 68
183300 63 68
183300 67 85
183300 68 96
183300 68 114
183300 74 104
183300 74 114
183300 80 105
183600 2 97
183600 3 91
183600 5 108
183600 7 83
183600 7 34
183600 23 45
183600 23 105
183600 23 89
183600 23 96
183600 23 77
183600 26 83
183600 34 67
183600 34 45
183600 37 105
183600 39 74
183600 41 105
183600 42 56
183600 45 118
183600 45 85
183600 45 105
183600 45 51
183600 45 46
183600 51 83
183600 67 85
183600 68 96
183600 74 114
183600 74 104
183600 74 105
183600 75 91
183600 80 105
183600 85 105
183900 2 97
183900 3 91
183900 4 50
183900 5 50
183900 7 87
183900 23 89
183900 24 26
183900 24 50
183900 24 37
183900 24 101
183900 37 71
183900 38 105
183900 39 74
183900 41 105
183900 45 51
183900 46 67
183900 50 55
183900 50 81
183900 68 96
184200 2 97
184200 3 91
184200 7 87
184200 7 83
184200 7 34
184200 34 45
184200 34 67
184200 37 71
184200 39 74
184200 45 85
184200 45 118
184200 45 51
184200 50 81
184200 51 83
184200 67 85
184200 68 96
184200 85 105
184500 2 97
184500 3 91
184500 7 87
184500 7 83
184500 7 34
184500 23 89
184500 34 67
184500 37 71
184500 39 74
184500 50 81
184500 51 83
184500 67 85
184500 68 96
184500 85 105
184500 94 109
184800 2 97
184800 3 91
184800 7 34
184800 20 89
184800 23 86
184800 34 67
184800 39 74
184800 50 81
184800 51 83
184800 67 85
184800 68 96
184800 85 105
184800 94 109
185100 2 97
185100 3 91
185100 7 87
185100 7 83
185100 23 86
185100 39 74
185100 47 60
185100 50 81
185100 51 83
185100 68 96
185100 85 105
185400 2 97
185400 7 34
185400 7 83
185400 7 87
185400 23 86
185400 34 67
185400 39 74
185400 50 81
185400 67 85
185400 68 96
185400 85 105
185700 2 97
185700 7 83
185700 7 34
185700 7 87
185700 23 86
185700 34 67
185700 39 74
185700 50 81
185700 61 104
185700 67 85
185700 85 105
186000 2 97
186000 7 87
186000 23 86
186000 27 84
186000 34 67
186000 50 81
186000 67 85
186000 68 96
186000 85 105
186300 2 97
186300 7 34
186300 7 83
186300 9 26
186300 23 86
186300 27 84
186300 34 67
186300 39 74
186300 50 81
186300 61 104
186300 67 85
186300 85 105
186600 2 97
186600 7 83
186600 7 34
186600 7 87
186600 23 86
186600 27 84
186600 28 30
186600 39 74
186600 39 55
186600 50 81
186600 61 104
186600 67 85
186600 74 76
186600 85 105
186900 1 100
186900 2 97
186900 7 83
186900 7 34
186900 27 84
186900 28 30
186900 39 55
186900 39 74
186900 50 81
186900 61 104
186900 67 85
186900 85 105
187200 2 97
187200 7 83
187200 7 87
187200 7 34
187200 26 86
187200 27 84
187200 28 30
187200 39 55
187200 50 81
187200 61 104
187200 67 85
187200 85 105
187500 2 97
187500 7 83
187500 7 34
187500 15 71
187500 27 84
187500 28 30
187500 39 55
187500 61 104
187500 67 85
187500 85 105
187800 2 97
187800 7 34
187800 7 83
187800 7 15
187800 7 72
187800 27 84
187800 28 30
187800 39 55
187800 67 85
187800 85 105
188100 7 83
188100 27 84
188100 28 30
188100 37 95
188100 39 55
188100 67 85
188100 69 112
188100 85 105
188400 7 83
188400 27 84
188400 28 30
188400 37 95
188400 39 55
188400 67 85
188400 69 112
188400 86 95
188700 7 83
188700 27 84
188700 28 30
188700 36 75
188700 37 95
188700 48 85
188700 67 85
188700 69 112
188700 85 91
188700 86 95
189000 14 104
189000 27 84
189000 28 30
189000 36 75
189000 60 76
189000 67 85
189000 69 112
189000 85 91
189300 27 84
189300 28 30
189300 36 75
189300 46 85
189300 60 76
189300 60 111
189300 69 112
189300 85 91
189600 7 83
189600 27 84
189600 28 30
189600 36 75
189600 46 85
189600 55 111
189600 60 111
189600 69 112
189600 83 107
189600 85 91
189600 101 107
189900 7 83
189900 27 84
189900 28 30
189900 46 85
189900 69 112
189900 85 91
190200 7 83
190200 22 30
190200 22 83
190200 27 84
190200 46 85
190200 69 112
190200 83 106
190500 7 83
190500 22 83
190500 22 30
190500 27 84
190500 69 112
190500 110 118
190800 7 38
190800 25 83
190800 27 84
190800 69 112
190800 110 118
191100 7 38
191100 25 83
191100 27 84
191100 36 93
191100 69 112
191100 86 93
191400 2 84
191400 4 93
191400 6 84
191400 7 117
191400 8 25
191400 23 84
191400 25 93
191400 27 84
191400 36 93
191400 69 112
191400 86 93
191700 1 117
191700 1 16
191700 1 28
191700 2 84
191700 4 93
191700 6 84
191700 7 117
191700 11 84
191700 16 109
191700 23 84
191700 25 93
191700 36 93
191700 51 60
191700 64 109
191700 69 112
191700 73 93
191700 86 93
192000 2 84
192000 4 93
192000 6 84
192000 6 73
192000 6 117
192000 7 117
192000 16 91
192000 20 73
192000 20 117
192000 23 84
192000 27 84
192000 51 60
192000 73 93
192000 75 80
192000 80 101
192000 86 93
192300 2 84
192300 4 93
192300 6 84
192300 6 117
192300 6 73
192300 6 11
192300 11 27
192300 16 91
192300 27 40
192300 35 65
192300 51 60
192300 75 80
192600 4 93
192600 6 11
192600 6 73
192600 6 117
192600 6 84
192600 7 117
192600 9 27
192600 11 27
192600 14 95
192600 16 91
192600 27 33
192600 41 95
192600 51 60
192600 80 101
192900 1 118
192900 4 93
192900 6 117
192900 6 11
192900 14 95
192900 16 91
192900 16 53
192900 19 59
192900 33 95
192900 41 95
192900 51 60
192900 59 95
192900 101 103
193200 1 118
193200 4 93
193200 15 83
193200 15 57
193200 16 43
193200 16 95
193200 27 33
193200 33 37
193200 41 95
193200 51 60
193200 83 112
193500 4 93
193500 15 83
193500 15 57
193500 16 95
193500 16 57
193500 22 95
193500 33 37
193500 43 95
193500 51 53
193500 53 95
193500 54 117
193500 82 112
193500 101 103
193800 0 83
193800 4 93
193800 15 57
193800 15 83
193800 16 95
193800 16 80
193800 21 101
193800 27 34
193800 33 37
193800 49 83
193800 54 117
193800 57 81
193800 57 87
193800 101 103
194100 0 83
194100 4 93
194100 15 57
194100 16 95
194100 17 93
194100 17 25
194100 27 34
194100 33 37
194100 49 83
194100 54 117
194100 57 81
194100 83 98
194100 90 95
194100 101 103
194400 0 83
194400 13 15
194400 15 57
194400 15 98
194400 15 23
194400 16 95
194400 19 55
194400 49 83
194400 54 117
194400 56 101
194400 56 57
194400 57 81
194400 73 101
194700 0 83
194700 4 71
194700 4 69
194700 15 57
194700 15 98
194700 15 23
194700 15 113
194700 16 95
194700 17 116
194700 31 50
194700 49 83
194700 54 117
194700 57 81
194700 73 80
195000 0 17
195000 12 108
195000 16 31
195000 17 116
195000 17 108
195000 17 95
195000 19 55
195000 49 83
195000 54 117
195000 57 81
195000 73 101
195000 101 108
195300 4 12
195300 12 17
195300 15 57
195300 16 31
195300 17 95
195300 17 108
195300 19 55
195300 49 83
195300 73 101
195300 81 113
195300 91 108
195300 101 108
195300 108 113
195600 0 17
195600 0 65
195600 4 108
195600 16 31
195600 17 108
195600 17 116
195600 17 86
195600 18 83
195600 19 55
195600 49 83
195600 73 101
195600 73 108
195600 91 108
195600 101 108
195600 108 113
195900 0 17
195900 0 65
195900 0 78
195900 16 31
195900 18 78
195900 19 55
195900 49 83
195900 73 101
195900 78 95
195900 101 108
196200 0 65
196200 4 108
196200 16 31
196200 17 108
196200 18 78
196200 19 55
196200 31 113
196200 49 83
196200 73 108
196200 82 95
196200 91 108
196200 99 101
196200 108 113
196500 0 65
196500 4 108
196500 7 83
196500 7 17
196500 7 42
196500 11 32
196500 16 31
196500 18 78
196500 19 55
196500 31 113
196500 73 108
196500 82 95
196500 99 101
196800 4 108
196800 7 42
196800 11 32
196800 18 78
196800 19 55
196800 31 113
196800 31 32
196800 35 42
196800 42 83
196800 73 108
196800 82 95
197100 0 65
197100 0 19
197100 0 15
197100 4 108
197100 11 32
197100 18 99
197100 19 55
197100 20 99
197100 35 42
197100 42 83
197100 42 74
197100 82 95
197400 0 15
197400 0 65
197400 4 108
197400 4 20
197400 11 32
197400 11 76
197400 18 99
197400 19 55
197400 20 99
197400 35 42
197400 50 55
197400 71 114
197400 73 108
197400 82 95
197700 0 15
197700 4 108
197700 11 32
197700 11 76
197700 11 26
197700 18 19
197700 19 55
197700 19 98
197700 20 99
197700 26 65
197700 26 73
197700 32 55
197700 35 42
197700 50 55
197700 71 114
197700 73 108
197700 82 95
198000 0 15
198000 4 108
198000 11 76
198000 19 55
198000 19 35
198000 20 99
198000 44 55
198000 44 95
198000 44 114
198000 50 55
198000 70 82
198000 71 114
198000 73 108
198300 0 95
198300 4 108
198300 11 76
198300 15 90
198300 19 98
198300 19 70
198300 19 67
198300 26 65
198300 42 92
198300 71 114
198600 4 108
198600 11 76
198600 42 92
198600 49 112
198600 65 104
198900 3 30
198900 4 108
198900 11 76
198900 12 44
198900 42 92
199200 3 30
199200 4 108
199200 11 76
199200 66 97
199200 91 100
199500 4 108
199500 66 97
199500 83 104
199800 4 108
199800 9 65
199800 13 25
199800 83 104
200100 4 108
200100 9 65
200100 10 68
200100 10 99
200100 83 104
200400 4 108
200400 83 104
200700 47 58
200700 83 104
201000 7 118
201000 69 90
201300 90 115
201600 4 25
201600 13 115
201900 4 25
201900 29 116
201900 54 61
202200 4 46
202500 23 103
202500 66 71
202800 66 71
203100 0 77
203400 12 77
203400 22 56
203700 0 77
203700 12 77
203700 33 87
204000 8 112
204000 12 77
204000 22 56
204300 21 24
204300 21 37
204600 20 113
204600 31 113
204900 21 37
204900 31 113
204900 39 50
204900 53 87
204900 74 109
204900 103 104
205200 31 71
205200 48 70
205200 103 104
205500 31 113
205500 48 70
205500 70 109
205800 12 20
205800 66 86
206100 70 88
207000 46 118
207300 32 112
207300 58 112
207600 32 112
207600 97 112
208200 13 93
208200 96 115
209700 43 96
210000 24 96
210000 24 43
210900 32 48
210900 34 48
211500 91 102
212400 9 57
259800 18 106
259800 33 41
259800 39 102
259800 53 74
260100 11 57
260100 23 33
260100 28 74
260100 33 69
260100 33 61
260100 53 74
260100 53 83
260400 4 69
260400 4 11
260400 6 72
260400 33 61
260400 53 74
260700 4 11
260700 4 63
260700 6 72
260700 12 77
260700 12 71
260700 12 76
260700 23 33
260700 33 69
260700 57 71
260700 61 63
261000 4 11
261000 4 63
261000 12 76
261000 12 71
261000 12 77
261000 12 58
261000 12 116
261000 15 90
261000 23 33
261000 26 67
261000 33 61
261000 43 116
261000 57 71
261000 57 92
261000 61 63
261000 61 112
261300 1 71
261300 4 11
261300 4 63
261300 12 116
261300 12 76
261300 15 70
261300 26 67
261300 28 81
261300 43 116
261300 61 87
261600 4 63
261600 4 8
261600 22 99
261600 28 81
261600 81 116
261600 91 98
261900 1 71
261900 4 63
261900 22 99
261900 22 86
261900 22 97
261900 37 97
261900 43 116
261900 66 81
261900 81 116
262200 4 63
262200 9 22
262200 22 99
262200 29 59
262200 43 116
262200 59 79
262200 74 113
262200 105 116
262200 113 116
262500 9 22
262500 22 99
262500 30 113
262500 38 72
262500 58 71
262500 66 81
262500 74 113
262500 81 116
262500 113 116
262800 7 23
262800 8 116
262800 9 22
262800 22 99
262800 22 57
262800 23 72
262800 38 72
262800 38 49
262800 49 73
262800 58 71
262800 74 113
262800 90 112
262800 113 116
263100 1 116
263100 7 23
263100 7 13
263100 8 116
263100 9 22
263100 22 99
263100 23 72
263100 38 72
263100 45 116
263100 49 73
263100 58 71
263100 74 113
263400 7 23
263400 13 18
263400 22 99
263400 23 72
263400 38 72
263400 49 73
263400 58 71
263400 62 95
263400 74 113
263700 7 23
263700 8 116
263700 13 18
263700 23 72
263700 38 72
263700 58 71
263700 62 95
263700 74 113
264000 7 23
264000 13 18
264000 14 53
264000 16 53
264000 23 72
264000 38 72
264000 49 73
264000 58 71
264000 62 95
264000 74 113
264300 1 103
264300 7 23
264300 8 116
264300 13 18
264300 14 53
264300 16 53
264300 38 72
264300 49 73
264300 58 71
264300 62 95
264300 74 113
264600 7 23
264600 8 116
264600 13 18
264600 14 53
264600 16 53
264600 38 72
264600 58 71
264600 62 95
264600 68 118
264900 7 23
264900 8 116
264900 11 28
264900 13 18
264900 14 53
264900 38 72
264900 58 71
264900 62 95
265200 7 23
265200 11 28
265200 14 53
265200 38 72
265200 39 94
265200 44 94
265200 58 71
265200 62 95
265500 7 23
265500 11 28
265500 13 18
265500 14 53
265500 38 72
265500 39 94
265500 44 94
265500 58 71
265500 90 100
265800 7 23
265800 11 28
265800 14 53
265800 19 57
265800 33 47
265800 39 94
265800 44 94
265800 58 71
265800 62 95
266100 7 23
266100 11 28
266100 13 18
266100 13 116
266100 14 53
266100 31 95
266100 38 72
266100 39 94
266100 44 94
266100 58 71
266400 1 87
266400 7 23
266400 11 28
266400 13 18
266400 13 116
266400 14 53
266400 31 95
266400 33 47
266400 38 72
266400 44 94
266400 58 71
266700 1 87
266700 7 23
266700 13 18
266700 13 116
266700 14 53
266700 31 95
266700 33 47
266700 38 72
266700 44 94
266700 58 71
267000 7 23
267000 7 112
267000 11 13
267000 14 53
267000 19 62
267000 30 104
267000 31 95
267000 38 72
267000 44 94
267000 58 71
267000 62 66
267000 66 75
267300 1 87
267300 7 23
267300 12 110
267300 14 53
267300 23 62
267300 30 104
267300 31 95
267300 33 47
267300 33 62
267300 35 64
267300 44 94
267300 58 71
267300 62 113
267300 64 96
267300 64 92
267300 64 110
267300 66 110
267300 66 96
267300 68 80
267300 70 113
267300 83 110
267300 94 105
267300 110 113
267600 7 23
267600 7 119
267600 12 110
267600 14 53
267600 30 104
267600 31 95
267600 33 47
267600 35 64
267600 35 119
267600 44 94
267600 48 49
267600 58 71
267600 62 113
267600 64 110
267600 66 110
267600 66 113
267600 70 113
267600 71 103
267600 79 110
267600 79 113
267600 110 113
267900 0 98
267900 0 79
267900 7 23
267900 8 119
267900 11 25
267900 11 63
267900 12 110
267900 14 53
267900 21 119
267900 25 98
267900 30 104
267900 33 47
267900 33 97
267900 53 100
267900 63 118
267900 70 113
267900 71 77
268200 0 67
268200 5 55
268200 5 103
268200 7 23
268200 7 119
268200 8 119
268200 14 53
268200 33 97
268200 47 67
268200 55 67
268200 67 73
268200 67 101
268200 73 98
268200 98 100
268500 0 67
268500 6 84
268500 6 67
268500 6 37
268500 6 55
268500 7 23
268500 10 101
268500 10 67
268500 12 96
268500 14 53
268500 16 41
268500 33 97
268500 37 71
268500 37 48
268500 37 98
268500 47 67
268500 53 100
268500 55 67
268500 67 73
268500 67 101
268500 98 100
268800 7 119
268800 8 119
268800 9 19
268800 10 101
268800 12 119
268800 19 43
268800 19 81
268800 19 37
268800 19 73
268800 32 37
268800 33 97
268800 37 48
268800 43 112
268800 43 100
268800 43 74
268800 67 73
269100 3 98
269100 3 110
269100 9 19
269100 12 119
269100 14 53
269100 18 108
269100 19 73
269100 19 81
269100 19 21
269100 20 100
269100 33 97
269100 33 94
269100 37 98
269100 37 48
269100 43 100
269100 53 100
269100 85 88
269100 94 108
269100 98 100
269100 108 116
269400 9 19
269400 14 53
269400 18 108
269400 19 43
269400 19 81
269400 19 37
269400 33 94
269400 33 93
269400 37 48
269400 37 98
269400 38 53
269400 43 74
269400 49 106
269400 49 94
269400 53 100
269400 53 78
269400 53 64
269400 53 57
269400 67 73
269400 78 108
269400 94 108
269400 98 100
269400 100 114
269400 108 116
269700 6 109
269700 8 49
269700 8 43
269700 9 19
269700 12 119
269700 14 53
269700 16 106
269700 18 108
269700 19 73
269700 19 43
269700 19 81
269700 19 37
269700 27 109
269700 33 93
269700 37 48
269700 43 74
269700 43 115
269700 49 94
269700 49 115
269700 49 69
269700 67 73
269700 73 104
269700 108 116
270000 8 43
270000 9 19
270000 14 53
270000 15 62
270000 16 106
270000 18 108
270000 23 62
270000 25 62
270000 27 109
270000 29 87
270000 30 71
270000 33 93
270000 33 50
270000 37 98
270000 37 48
270000 49 69
270000 50 61
270000 53 57
270000 62 67
270000 73 104
270000 87 93
270300 8 116
270300 9 19
270300 12 119
270300 14 53
270300 14 25
270300 15 62
270300 16 106
270300 18 108
270300 23 62
270300 24 62
270300 25 62
270300 25 61
270300 27 109
270300 33 50
270300 40 50
270300 47 93
270300 48 62
270300 49 69
270300 50 61
270300 50 98
270300 50 62
270300 60 62
270300 61 75
270300 62 67
270300 68 108
270300 73 104
270600 9 19
270600 14 53
270600 14 25
270600 15 62
270600 16 106
270600 18 108
270600 23 62
270600 25 61
270600 29 60
270600 33 50
270600 33 93
270600 37 48
270600 37 98
270600 40 50
270600 49 69
270600 53 57
270600 61 75
270600 68 108
270600 73 104
270600 87 93
270600 97 116
270900 9 19
270900 12 119
270900 14 53
270900 14 25
270900 18 108
270900 22 58
270900 23 62
270900 25 61
270900 27 109
270900 33 93
270900 37 48
270900 37 98
270900 39 47
270900 40 50
270900 49 69
270900 53 57
270900 68 108
270900 73 104
270900 87 93
271200 9 19
271200 14 25
271200 15 62
271200 18 108
271200 22 58
271200 22 72
271200 23 62
271200 25 61
271200 27 109
271200 29 60
271200 33 93
271200 37 48
271200 37 98
271200 40 50
271200 49 69
271200 53 57
271200 73 104
271200 87 93
271500 9 19
271500 12 119
271500 14 25
271500 14 53
271500 15 62
271500 18 108
271500 22 72
271500 23 62
271500 24 46
271500 29 60
271500 33 93
271500 37 98
271500 39 47
271500 40 50
271500 49 69
271500 53 57
271500 60 119
271500 68 108
271500 87 93
271800 9 19
271800 12 119
271800 14 53
271800 14 25
271800 15 62
271800 22 72
271800 25 61
271800 27 109
271800 29 60
271800 33 93
271800 37 98
271800 40 50
271800 49 69
271800 53 57
271800 60 119
271800 68 108
271800 73 104
271800 87 93
