0 1 78
0 1 74
0 9 99
0 15 49
0 16 16
0 16 119
0 19 64
0 19 52
0 19 87
0 20 45
0 20 78
0 24 73
0 24 78
0 26 62
0 28 36
0 36 58
0 43 59
0 43 94
0 44 64
0 45 62
0 48 82
0 48 54
0 51 54
0 51 74
0 52 86
0 54 54
0 57 59
0 60 100
0 64 80
0 65 93
0 72 119
0 73 80
0 74 108
0 80 99
0 87 108
0 87 94
0 94 95
0 112 113
300 1 78
300 16 19
300 19 64
300 20 78
300 20 45
300 20 89
300 20 43
300 24 73
300 24 78
300 26 62
300 28 36
300 33 64
300 36 58
300 43 59
300 44 64
300 45 62
300 48 82
300 52 86
300 57 59
300 60 100
300 64 80
300 64 79
300 64 93
300 72 119
300 74 108
300 87 108
300 112 113
600 1 74
600 20 43
600 24 83
600 26 62
600 28 36
600 33 64
600 34 108
600 34 55
600 36 58
600 36 67
600 45 59
600 48 82
600 51 54
600 51 74
600 52 86
600 57 59
600 60 100
600 62 77
600 65 93
600 72 119
600 73 80
600 78 89
600 80 99
600 87 108
600 112 113
900 17 35
900 20 43
900 23 74
900 28 36
900 33 64
900 34 108
900 45 54
900 48 82
900 51 54
900 52 86
900 60 100
900 72 119
900 74 115
900 74 81
900 78 89
900 80 99
900 81 103
900 87 108
900 112 113
1200 1 54
1200 20 43
1200 23 74
1200 28 36
1200 33 64
1200 34 55
1200 34 108
1200 35 108
1200 36 67
1200 48 82
1200 51 54
1200 52 86
1200 60 100
1200 74 81
1200 78 89
1200 80 99
1200 81 103
1200 87 108
1200 112 113
1500 1 54
1500 1 81
1500 9 36
1500 20 43
1500 33 64
1500 34 108
1500 36 67
1500 36 47
1500 51 54
1500 68 105
1500 78 89
1500 80 99
1500 81 103
1500 87 108
1500 112 113
1800 1 54
1800 9 36
1800 9 105
1800 9 12
1800 20 43
1800 33 64
1800 34 108
1800 36 67
1800 39 54
1800 48 82
1800 51 54
1800 68 105
1800 78 89
1800 87 108
1800 93 109
1800 97 109
1800 112 113
2100 1 54
2100 9 60
2100 20 43
2100 33 64
2100 34 108
2100 36 67
2100 48 82
2100 51 54
2100 68 105
2100 78 89
2100 80 99
2100 82 108
2100 97 116
2100 112 113
2400 0 26
2400 1 54
2400 5 42
2400 9 12
2400 9 60
2400 20 43
2400 36 67
2400 37 46
2400 48 82
2400 51 54
2400 68 105
2400 71 119
2400 78 89
2400 87 108
2400 112 113
2700 1 54
2700 9 12
2700 9 30
2700 20 43
2700 33 64
2700 37 46
2700 48 82
2700 54 119
2700 68 105
2700 78 89
2700 80 99
2700 87 108
2700 97 116
2700 102 108
3000 1 54
3000 9 12
3000 9 30
3000 20 43
3000 33 64
3000 44 114
3000 48 82
3000 68 105
3000 78 89
3000 87 108
3000 95 108
3000 97 116
3300 1 54
3300 2 62
3300 9 30
3300 9 59
3300 20 43
3300 21 23
3300 29 70
3300 33 64
3300 44 114
3300 44 70
3300 48 82
3300 68 105
3300 78 89
3600 1 54
3600 2 62
3600 20 43
3600 21 23
3600 33 64
3600 38 70
3600 48 82
3600 52 110
3600 52 61
3600 61 121
3600 68 105
3600 78 89
3600 83 121
3900 1 54
3900 2 62
3900 20 43
3900 21 23
3900 33 64
3900 38 70
3900 38 83
3900 48 82
3900 52 110
3900 57 74
3900 61 121
3900 61 108
3900 68 105
3900 78 89
3900 104 108
4200 1 54
4200 2 62
4200 15 101
4200 20 43
4200 21 23
4200 33 64
4200 37 75
4200 48 82
4200 52 110
4200 61 108
4200 68 105
4200 78 89
4200 104 108
4500 1 54
4500 2 62
4500 11 97
4500 15 49
4500 20 43
4500 21 23
4500 30 75
4500 33 64
4500 37 75
4500 46 111
4500 48 82
4500 52 110
4500 61 108
4500 68 105
4500 78 89
4800 1 54
4800 2 62
4800 11 97
4800 15 49
4800 15 101
4800 20 43
4800 21 23
4800 31 74
4800 33 64
4800 37 75
4800 46 111
4800 48 82
4800 61 108
4800 68 105
4800 78 89
4800 106 118
5100 1 54
5100 2 62
5100 11 97
5100 15 49
5100 20 43
5100 21 23
5100 31 74
5100 33 64
5100 37 75
5100 46 111
5100 48 82
5100 52 110
5100 60 110
5100 78 89
5400 1 54
5400 2 62
5400 11 97
5400 15 49
5400 20 43
5400 31 74
5400 33 64
5400 37 75
5400 46 111
5400 48 82
5400 51 112
5400 52 110
5400 60 110
5400 68 105
5700 1 54
5700 2 62
5700 15 49
5700 20 43
5700 21 23
5700 31 74
5700 37 75
5700 46 111
5700 48 82
5700 51 112
5700 52 110
5700 60 110
5700 68 105
5700 78 89
6000 1 54
6000 2 62
6000 15 49
6000 20 43
6000 31 74
6000 33 64
6000 37 75
6000 39 93
6000 46 111
6000 48 82
6000 52 110
6000 60 110
6000 68 105
6300 1 54
6300 2 62
6300 7 38
6300 20 43
6300 31 74
6300 37 75
6300 39 93
6300 46 111
6300 48 82
6300 51 112
6300 52 110
6300 60 110
6300 68 105
6300 78 89
6600 2 62
6600 7 38
6600 7 59
6600 20 43
6600 33 64
6600 37 75
6600 46 111
6600 48 82
6600 51 112
6600 52 110
6600 60 110
6600 68 105
6600 78 89
6900 2 62
6900 7 38
6900 20 43
6900 31 74
6900 33 64
6900 37 75
6900 46 111
6900 48 82
6900 52 110
6900 60 110
6900 68 105
7200 2 62
7200 7 59
7200 7 38
7200 20 43
7200 31 74
7200 33 64
7200 37 75
7200 46 111
7200 48 82
7200 60 110
7200 68 105
7500 2 62
7500 7 38
7500 20 43
7500 31 74
7500 33 64
7500 37 75
7500 48 82
7500 52 110
7500 60 110
7500 68 105
7800 2 62
7800 7 38
7800 9 85
7800 18 59
7800 20 43
7800 23 115
7800 31 74
7800 37 75
7800 42 115
7800 45 63
7800 45 118
7800 48 82
7800 52 110
7800 60 110
7800 64 115
7800 68 118
7800 76 115
8100 1 69
8100 1 88
8100 7 38
8100 13 60
8100 13 110
8100 15 25
8100 20 43
8100 27 46
8100 31 74
8100 37 75
8100 42 80
8100 42 46
8100 45 63
8100 46 62
8100 46 60
8100 46 69
8100 48 82
8100 52 110
8100 60 110
8100 68 118
8400 7 38
8400 7 25
8400 12 27
8400 13 120
8400 16 75
8400 16 45
8400 20 43
8400 21 25
8400 25 91
8400 25 46
8400 27 46
8400 31 74
8400 37 75
8400 38 68
8400 42 80
8400 42 46
8400 42 90
8400 43 46
8400 45 63
8400 46 62
8400 46 60
8400 46 69
8400 46 91
8400 46 77
8400 48 82
8400 48 120
8400 67 91
8400 91 115
8400 115 118
8700 7 25
8700 13 120
8700 16 91
8700 20 118
8700 24 27
8700 24 124
8700 31 74
8700 42 80
8700 43 124
8700 45 124
8700 46 62
8700 48 120
8700 48 82
8700 61 124
8700 61 67
8700 63 124
8700 91 115
9000 1 16
9000 6 69
9000 6 51
9000 6 122
9000 7 25
9000 13 120
9000 16 68
9000 16 96
9000 16 27
9000 20 118
9000 27 124
9000 27 43
9000 40 124
9000 42 90
9000 42 80
9000 43 124
9000 45 124
9000 46 60
9000 46 62
9000 46 69
9000 48 120
9000 61 67
9000 61 124
9000 63 124
9000 91 115
9000 115 118
9000 115 124
9300 1 16
9300 1 95
9300 1 83
9300 1 122
9300 1 55
9300 6 122
9300 6 55
9300 6 95
9300 6 78
9300 7 25
9300 16 96
9300 16 68
9300 20 118
9300 32 40
9300 40 124
9300 40 99
9300 40 122
9300 42 90
9300 45 124
9300 46 60
9300 46 62
9300 46 69
9300 61 67
9300 61 83
9300 63 124
9300 63 120
9300 63 65
9300 65 91
9300 78 122
9300 90 122
9300 91 115
9300 115 118
9300 115 124
9600 1 95
9600 1 83
9600 6 78
9600 6 95
9600 7 25
9600 8 47
9600 13 120
9600 16 68
9600 27 43
9600 32 40
9600 32 56
9600 40 99
9600 40 122
9600 40 78
9600 42 90
9600 42 80
9600 43 124
9600 46 69
9600 46 60
9600 46 62
9600 46 80
9600 54 115
9600 54 75
9600 54 96
9600 61 67
9600 61 83
9600 65 118
9600 65 95
9600 65 78
9600 83 86
9600 83 120
9600 86 95
9900 1 122
9900 1 95
9900 6 95
9900 6 122
9900 7 25
9900 26 99
9900 26 83
9900 26 122
9900 26 70
9900 27 43
9900 30 32
9900 30 45
9900 31 57
9900 32 56
9900 40 78
9900 40 99
9900 42 80
9900 42 90
9900 43 124
9900 46 62
9900 46 80
9900 46 69
9900 61 67
9900 61 83
9900 61 81
9900 65 78
9900 65 95
9900 70 78
9900 78 122
9900 78 95
9900 80 122
9900 80 99
9900 80 81
9900 83 86
9900 83 120
9900 86 95
10200 1 122
10200 6 122
10200 7 25
10200 25 43
10200 26 122
10200 26 63
10200 30 32
10200 30 45
10200 30 122
10200 31 44
10200 42 80
10200 42 101
10200 46 60
10200 46 62
10200 49 101
10200 54 115
10200 54 96
10200 54 75
10200 56 101
10200 59 122
10200 61 81
10200 63 99
10200 63 122
10200 63 119
10200 63 98
10200 65 118
10200 68 122
10200 69 113
10200 78 122
10200 80 81
10200 80 122
10200 80 99
10200 80 86
10200 89 98
10200 116 122
10500 1 122
10500 1 49
10500 2 45
10500 6 122
10500 8 101
10500 8 54
10500 26 63
10500 42 101
10500 46 60
10500 46 62
10500 47 101
10500 49 54
10500 54 75
10500 54 96
10500 54 115
10500 56 101
10500 57 101
10500 63 99
10500 63 98
10500 63 119
10500 63 122
10500 63 115
10500 69 113
10500 80 86
10500 81 101
10500 83 86
10500 86 95
10500 86 118
10500 86 101
10500 89 98
10500 98 115
10500 116 122
10800 6 122
10800 8 54
10800 8 101
10800 18 25
10800 18 39
10800 28 57
10800 30 59
10800 39 64
10800 43 57
10800 46 60
10800 46 54
10800 49 54
10800 54 115
10800 54 96
10800 54 75
10800 57 101
10800 57 74
10800 63 119
10800 64 84
10800 68 122
10800 69 113
10800 83 84
10800 86 118
10800 116 122
11100 0 14
11100 2 66
11100 6 122
11100 8 64
11100 10 43
11100 18 25
11100 18 39
11100 22 106
11100 28 57
11100 39 64
11100 39 57
11100 43 57
11100 46 60
11100 51 118
11100 54 96
11100 54 75
11100 56 101
11100 57 66
11100 64 84
11100 65 106
11100 69 113
11100 83 84
11100 93 106
11100 116 122
11400 2 66
11400 6 122
11400 8 64
11400 10 43
11400 15 115
11400 18 39
11400 18 25
11400 22 106
11400 30 59
11400 39 57
11400 39 64
11400 46 54
11400 46 60
11400 54 96
11400 54 75
11400 57 66
11400 63 119
11400 64 84
11400 65 106
11400 68 122
11400 83 84
11400 93 106
11700 2 66
11700 6 122
11700 15 115
11700 18 25
11700 39 64
11700 46 54
11700 54 96
11700 64 84
11700 65 106
11700 69 79
11700 83 84
11700 93 106
12000 1 43
12000 2 66
12000 6 122
12000 15 115
12000 18 39
12000 22 106
12000 39 57
12000 39 64
12000 46 54
12000 54 96
12000 57 66
12000 64 84
12000 65 106
12000 68 122
12000 68 121
12000 83 84
12000 93 106
12300 2 66
12300 6 122
12300 15 115
12300 18 39
12300 22 106
12300 39 57
12300 46 54
12300 54 96
12300 57 66
12300 65 106
12300 68 121
12300 69 79
12300 79 124
12300 83 84
12300 93 106
12600 1 43
12600 1 124
12600 2 66
12600 6 122
12600 15 115
12600 18 39
12600 39 64
12600 45 98
12600 46 54
12600 54 96
12600 57 66
12600 64 84
12600 65 106
12600 68 121
12600 69 79
12600 79 124
12600 83 84
12600 93 106
12900 1 124
12900 1 43
12900 11 14
12900 15 115
12900 18 39
12900 22 106
12900 39 64
12900 46 54
12900 57 66
12900 64 84
12900 65 106
12900 68 121
12900 69 79
12900 83 84
12900 93 106
13200 1 43
13200 1 124
13200 8 38
13200 15 115
13200 18 39
13200 22 106
13200 39 64
13200 46 54
13200 57 66
13200 68 121
13200 69 79
13200 79 124
13200 83 84
13200 93 106
13500 1 43
13500 10 109
13500 11 14
13500 15 115
13500 18 39
13500 22 106
13500 39 64
13500 57 66
13500 64 84
13500 65 106
13500 68 121
13500 69 79
13500 79 124
13500 93 106
13800 1 43
13800 1 124
13800 10 30
13800 11 14
13800 15 115
13800 18 39
13800 57 66
13800 64 84
13800 68 121
13800 69 79
13800 79 124
13800 93 106
14100 1 43
14100 15 115
14100 18 39
14100 22 106
14100 39 64
14100 57 66
14100 64 84
14100 65 106
14100 65 102
14100 68 121
14100 69 79
14100 79 124
14100 93 106
14400 1 124
14400 1 43
14400 11 45
14400 15 115
14400 18 39
14400 22 106
14400 39 64
14400 57 66
14400 61 74
14400 65 106
14400 65 102
14400 69 79
14400 79 124
14700 1 43
14700 1 124
14700 15 115
14700 18 39
14700 22 106
14700 25 61
14700 39 64
14700 57 66
14700 65 102
14700 65 106
14700 69 79
14700 79 124
14700 84 109
15000 1 43
15000 2 109
15000 10 55
15000 15 115
15000 18 39
15000 25 61
15000 25 110
15000 39 64
15000 57 66
15000 69 79
15000 84 109
15300 1 43
15300 2 109
15300 10 55
15300 10 77
15300 18 39
15300 25 110
15300 25 61
15300 39 64
15300 57 66
15300 77 111
15300 84 109
15600 1 43
15600 2 109
15600 11 82
15600 18 39
15600 25 110
15600 25 61
15600 39 64
15600 49 82
15600 57 66
15600 68 82
15600 77 111
15600 84 109
15900 1 43
15900 2 109
15900 11 82
15900 11 77
15900 18 39
15900 25 61
15900 25 110
15900 53 77
15900 57 66
15900 77 111
16200 1 43
16200 2 109
16200 3 47
16200 3 24
16200 11 82
16200 18 39
16200 25 110
16200 43 80
16200 57 66
16200 77 111
16500 1 43
16500 2 109
16500 3 47
16500 3 24
16500 11 82
16500 18 39
16500 22 58
16500 25 61
16500 57 66
16500 58 118
16500 77 111
16800 1 43
16800 2 109
16800 3 24
16800 11 82
16800 18 39
16800 22 58
16800 30 58
16800 30 104
16800 57 66
16800 58 118
16800 77 111
17100 1 43
17100 2 109
17100 3 24
17100 11 82
17100 18 39
17100 22 58
17100 26 112
17100 30 58
17100 30 104
17100 30 53
17100 58 118
17100 77 111
17100 112 119
17400 1 43
17400 3 24
17400 11 82
17400 13 42
17400 13 112
17400 18 39
17400 22 58
17400 30 104
17400 58 118
17400 77 111
17700 1 43
17700 3 24
17700 11 82
17700 13 112
17700 13 42
17700 18 39
17700 22 58
17700 41 58
17700 42 114
17700 58 118
17700 58 114
17700 77 111
18000 1 43
18000 11 82
18000 13 112
18000 18 39
18000 22 58
18000 42 114
18000 58 114
18000 71 110
18000 77 111
18300 1 43
18300 13 112
18300 18 39
18300 42 107
18300 71 110
18300 71 107
18300 77 111
18300 97 120
18300 107 120
18300 110 120
18600 11 120
18600 13 112
18600 18 84
18600 42 107
18600 71 110
18600 71 107
18600 88 99
18600 97 120
18600 107 120
18600 107 110
18600 109 120
18600 110 120
18900 1 17
18900 8 43
18900 13 112
18900 14 77
18900 17 67
18900 19 26
18900 26 43
18900 26 122
18900 26 81
18900 49 107
18900 71 110
18900 71 106
18900 84 106
18900 106 107
18900 106 122
18900 110 120
19200 1 122
19200 4 120
19200 4 67
19200 11 120
19200 17 19
19200 26 122
19200 26 103
19200 39 103
19200 43 106
19200 49 107
19200 71 106
19200 71 110
19200 84 106
19200 95 118
19200 97 120
19200 106 122
19200 106 107
19200 109 120
19200 109 122
19200 110 120
19500 1 17
19500 1 122
19500 1 13
19500 3 26
19500 4 120
19500 8 43
19500 11 120
19500 11 81
19500 13 76
19500 13 71
19500 16 26
19500 26 103
19500 26 102
19500 26 81
19500 33 107
19500 39 81
19500 43 106
19500 49 107
19500 49 103
19500 49 122
19500 83 110
19500 84 106
19500 97 120
19500 109 120
19500 109 122
19800 1 122
19800 1 13
19800 1 49
19800 3 26
19800 6 81
19800 8 43
19800 11 120
19800 11 81
19800 13 71
19800 13 76
19800 16 26
19800 19 59
19800 19 109
19800 25 26
19800 26 81
19800 26 102
19800 26 103
19800 39 81
19800 40 97
19800 43 106
19800 43 97
19800 48 59
19800 49 107
19800 49 122
19800 54 58
19800 71 106
19800 71 110
19800 77 97
19800 81 91
19800 83 110
19800 91 106
19800 99 103
19800 109 122
20100 1 122
20100 1 13
20100 4 120
20100 5 71
20100 5 110
20100 11 120
20100 11 81
20100 13 25
20100 16 26
20100 26 103
20100 39 81
20100 40 97
20100 43 97
20100 43 78
20100 48 59
20100 49 107
20100 50 91
20100 50 71
20100 54 58
20100 56 96
20100 77 97
20100 83 110
20100 97 120
20100 97 122
20100 99 103
20100 103 107
20100 107 110
20100 107 120
20400 0 19
20400 1 122
20400 1 13
20400 1 50
20400 4 120
20400 11 120
20400 12 120
20400 13 25
20400 19 81
20400 26 103
20400 39 81
20400 40 97
20400 43 97
20400 43 78
20400 50 122
20400 50 104
20400 54 58
20400 56 66
20400 71 104
20400 77 97
20400 81 107
20400 83 110
20400 99 103
20400 103 107
20400 107 110
20400 107 120
20700 0 19
20700 0 11
20700 1 50
20700 1 122
20700 4 120
20700 11 120
20700 11 52
20700 13 34
20700 16 26
20700 24 82
20700 26 103
20700 33 104
20700 39 81
20700 43 97
20700 43 78
20700 50 104
20700 50 122
20700 50 82
20700 52 68
20700 54 58
20700 56 66
20700 56 68
20700 99 103
20700 103 107
20700 107 110
20700 107 120
21000 0 19
21000 1 122
21000 1 50
21000 4 120
21000 7 16
21000 11 52
21000 11 26
21000 13 34
21000 17 122
21000 26 103
21000 26 110
21000 36 78
21000 39 81
21000 43 97
21000 43 78
21000 50 122
21000 52 68
21000 54 58
21000 56 68
21000 56 66
21000 78 110
21000 83 110
21000 96 110
21000 99 103
21000 103 107
21000 107 120
21000 107 110
21300 0 11
21300 1 120
21300 3 18
21300 4 120
21300 11 52
21300 11 26
21300 13 34
21300 18 29
21300 18 122
21300 24 82
21300 26 103
21300 26 110
21300 29 82
21300 36 78
21300 39 81
21300 43 78
21300 43 97
21300 52 68
21300 56 68
21300 56 122
21300 77 107
21300 78 110
21300 96 110
21300 99 103
21300 103 107
21600 1 122
21600 2 29
21600 2 122
21600 3 18
21600 4 120
21600 6 122
21600 7 122
21600 11 26
21600 11 52
21600 13 34
21600 17 122
21600 17 115
21600 18 122
21600 19 97
21600 23 122
21600 26 103
21600 26 110
21600 35 122
21600 35 98
21600 36 78
21600 39 81
21600 43 78
21600 43 97
21600 49 122
21600 50 122
21600 50 106
21600 52 68
21600 52 84
21600 56 68
21600 59 122
21600 77 107
21600 78 97
21600 83 110
21600 97 122
21600 103 107
21900 2 56
21900 3 18
21900 4 120
21900 6 122
21900 7 122
21900 9 43
21900 11 52
21900 18 122
21900 19 97
21900 26 110
21900 29 50
21900 35 98
21900 36 78
21900 38 120
21900 39 81
21900 49 97
21900 50 56
21900 50 103
21900 52 68
21900 56 121
21900 59 122
21900 66 69
21900 68 120
21900 77 107
21900 78 97
21900 83 110
21900 97 122
21900 99 103
21900 103 107
21900 106 120
22200 3 18
22200 6 122
22200 7 122
22200 11 52
22200 23 76
22200 35 122
22200 35 98
22200 39 81
22200 52 68
22200 59 122
22200 66 69
22200 83 110
22200 99 120
22200 103 120
22500 3 18
22500 19 97
22500 29 50
22500 49 97
22500 50 103
22500 50 56
22500 59 122
22500 68 78
22500 68 84
22500 76 111
22500 78 97
22500 83 110
22500 97 122
22800 3 18
22800 7 103
22800 29 50
22800 34 84
22800 39 81
22800 50 56
22800 50 103
22800 50 85
22800 55 68
22800 56 97
22800 66 69
22800 67 84
22800 68 84
22800 83 110
22800 99 120
23100 6 97
23100 16 122
23100 39 81
23100 39 84
23100 39 99
23100 50 85
23100 50 103
23100 55 68
23100 56 97
23100 66 69
23100 67 95
23100 110 120
23400 6 97
23400 7 103
23400 36 56
23400 38 41
23400 39 81
23400 39 69
23400 55 68
23400 56 97
23400 56 64
23400 68 84
23400 83 110
23400 110 120
23700 6 97
23700 7 103
23700 38 41
23700 39 50
23700 39 119
23700 55 68
23700 56 97
23700 66 110
23700 66 94
23700 70 94
23700 93 94
23700 110 120
24000 6 97
24000 7 103
24000 39 50
24000 39 119
24000 39 81
24000 39 64
24000 55 68
24000 56 97
24000 64 75
24000 66 94
24000 110 120
24300 6 97
24300 7 103
24300 15 39
24300 28 64
24300 38 56
24300 39 119
24300 39 64
24300 39 50
24300 55 68
24300 56 97
24300 64 75
24300 66 110
24300 66 94
24300 110 120
24600 7 103
24600 13 48
24600 15 39
24600 15 119
24600 15 21
24600 15 77
24600 55 68
24600 56 97
24600 64 75
24600 66 94
24600 66 110
24600 77 97
24600 110 120
24900 7 103
24900 11 83
24900 13 48
24900 15 116
24900 32 82
24900 64 75
24900 65 116
24900 66 94
24900 66 110
24900 103 116
24900 112 116
25200 7 66
25200 11 83
25200 13 48
25200 15 116
25200 15 48
25200 39 110
25200 39 50
25200 44 110
25200 64 75
25200 66 94
25200 80 116
25200 112 116
25500 7 66
25500 7 103
25500 13 48
25500 15 116
25500 15 48
25500 39 50
25500 44 110
25500 49 116
25500 60 119
25500 64 75
25500 66 94
25500 103 116
25500 112 116
25800 15 116
25800 15 48
25800 30 72
25800 39 50
25800 40 78
25800 44 110
25800 60 119
25800 64 75
25800 66 94
25800 72 101
26100 3 112
26100 15 48
26100 39 50
26100 40 78
26100 64 75
26100 66 94
26100 72 101
26400 4 122
26400 15 48
26400 40 78
26400 66 94
26400 72 101
26700 4 122
26700 72 101
27000 3 58
27300 3 9
27300 4 12
27300 53 115
27300 73 119
27900 1 19
28200 1 54
28200 40 88
28200 48 52
28500 39 90
28800 28 36
29100 26 41
29100 41 77
29100 94 99
29400 26 41
29400 79 115
29400 94 99
29700 4 119
29700 41 77
29700 54 105
29700 94 99
29700 117 119
30000 16 47
30000 41 77
30000 94 99
30300 16 47
30300 47 84
30300 60 84
30300 117 119
30600 16 47
30600 51 60
30900 60 84
31200 12 33
31200 16 36
31500 16 122
31800 12 33
31800 16 122
31800 41 122
32100 19 35
32100 35 118
32400 12 33
32400 18 37
32400 19 35
32400 34 118
32700 19 35
32700 19 22
32700 19 120
32700 34 118
32700 64 109
33000 19 22
33000 34 118
33000 37 61
33000 61 118
33300 19 85
33300 81 91
33600 16 61
33600 81 91
33900 19 27
33900 28 107
34200 19 27
34500 11 115
34500 19 116
34800 47 89
35400 25 47
36000 6 75
36000 34 99
36000 34 87
36900 29 115
37200 76 115
37800 14 15
37800 15 32
39900 49 73
87000 10 56
87000 61 84
87300 1 122
87300 3 43
87300 23 42
87300 43 56
87300 56 69
87300 56 115
87300 107 118
87600 10 56
87600 11 99
87600 11 93
87600 25 47
87600 42 63
87600 55 99
87600 79 115
87600 107 118
87900 5 107
87900 25 47
87900 32 36
87900 55 99
87900 78 79
87900 79 96
87900 81 111
87900 107 118
88200 25 47
88200 45 66
88200 55 99
88200 76 85
88200 92 106
88200 107 118
88500 14 37
88500 14 30
88500 14 123
88500 30 80
88500 31 45
88500 45 66
88500 55 99
88500 81 111
88500 92 106
88500 107 118
88800 14 123
88800 14 30
88800 15 28
88800 17 61
88800 25 47
88800 51 122
88800 55 99
88800 76 85
88800 77 80
88800 77 95
88800 81 111
88800 92 106
88800 107 118
89100 14 123
89100 15 28
89100 17 61
89100 45 66
89100 51 122
89100 77 80
89100 77 95
89100 77 110
89100 81 111
89100 92 106
89100 95 104
89100 107 118
89400 2 103
89400 14 30
89400 14 123
89400 15 28
89400 17 61
89400 45 66
89400 51 122
89400 55 99
89400 61 100
89400 77 95
89400 81 111
89400 81 100
89400 89 101
89400 92 106
89400 95 104
89700 1 8
89700 1 2
89700 1 39
89700 8 94
89700 14 123
89700 15 28
89700 17 61
89700 19 39
89700 29 101
89700 31 81
89700 45 66
89700 61 100
89700 77 95
89700 81 111
89700 81 100
89700 81 95
89700 89 101
89700 92 106
89700 95 104
90000 1 8
90000 1 2
90000 1 39
90000 1 94
90000 1 81
90000 1 100
90000 1 61
90000 2 103
90000 6 19
90000 8 94
90000 10 101
90000 14 123
90000 15 28
90000 45 66
90000 55 99
90000 77 95
90000 81 111
90000 92 106
90300 6 19
90300 8 55
90300 14 123
90300 15 28
90300 19 100
90300 19 58
90300 19 53
90300 49 61
90300 55 99
90300 77 95
90300 80 121
90300 81 111
90300 81 95
90300 92 106
90300 95 104
90600 10 101
90600 14 123
90600 15 28
90600 19 53
90600 19 100
90600 33 66
90600 45 66
90600 55 99
90600 66 68
90600 81 111
90600 81 95
90600 92 106
90600 95 104
90900 6 19
90900 12 117
90900 14 123
90900 15 28
90900 19 100
90900 19 58
90900 19 53
90900 32 74
90900 33 66
90900 45 66
90900 55 99
90900 65 112
90900 66 68
90900 77 95
90900 81 95
90900 81 111
90900 92 106
90900 95 104
91200 10 101
91200 12 117
91200 14 123
91200 15 28
91200 18 85
91200 19 53
91200 19 58
91200 33 66
91200 36 117
91200 45 66
91200 55 99
91200 65 112
91200 66 68
91200 81 111
91200 81 95
91200 92 106
91500 10 101
91500 12 117
91500 14 123
91500 15 28
91500 19 58
91500 19 53
91500 19 100
91500 33 66
91500 35 98
91500 45 66
91500 65 112
91500 66 68
91500 77 95
91500 81 95
91500 81 111
91500 92 106
91500 95 104
91800 10 101
91800 12 117
91800 14 123
91800 15 28
91800 19 53
91800 19 58
91800 19 100
91800 33 66
91800 36 117
91800 45 66
91800 65 112
91800 77 95
91800 81 111
91800 95 104
92100 10 101
92100 12 117
92100 14 123
92100 15 28
92100 19 53
92100 19 100
92100 19 58
92100 33 66
92100 45 66
92100 77 95
92100 81 111
92100 95 104
92400 10 101
92400 12 117
92400 14 123
92400 15 28
92400 19 53
92400 19 100
92400 19 58
92400 45 66
92400 77 95
92400 81 111
92400 95 104
92700 10 101
92700 12 117
92700 14 123
92700 15 28
92700 19 100
92700 45 66
92700 77 95
92700 78 89
92700 81 111
92700 95 104
93000 10 101
93000 14 123
93000 15 28
93000 19 58
93000 19 100
93000 19 53
93000 45 66
93000 77 95
93000 78 89
93000 78 92
93000 81 111
93000 95 104
93300 10 101
93300 12 117
93300 14 123
93300 15 28
93300 17 80
93300 19 58
93300 19 53
93300 45 66
93300 77 95
93300 78 89
93300 81 111
93300 95 104
93600 10 101
93600 14 123
93600 17 80
93600 19 58
93600 19 53
93600 45 66
93600 77 95
93600 78 92
93600 78 89
93600 81 111
93600 95 104
93900 10 101
93900 14 123
93900 17 80
93900 19 58
93900 45 66
93900 77 95
93900 78 89
93900 78 92
93900 81 111
93900 95 104
94200 3 14
94200 10 101
94200 14 41
94200 17 80
94200 19 58
94200 25 92
94200 25 104
94200 31 48
94200 38 57
94200 45 66
94200 77 95
94200 78 92
94200 78 95
94200 81 111
94200 92 115
94200 95 104
94500 3 14
94500 3 98
94500 3 59
94500 12 59
94500 12 16
94500 14 41
94500 14 65
94500 16 98
94500 16 110
94500 19 58
94500 19 98
94500 25 98
94500 31 48
94500 45 66
94500 61 109
94500 61 99
94500 69 98
94500 81 111
94800 3 98
94800 14 41
94800 14 65
94800 16 98
94800 16 110
94800 16 107
94800 17 80
94800 25 98
94800 25 66
94800 25 123
94800 25 67
94800 25 31
94800 45 66
94800 61 109
94800 69 98
94800 77 95
94800 81 111
94800 84 98
94800 88 98
94800 98 99
94800 98 123
95100 3 14
95100 12 59
95100 12 16
95100 16 110
95100 41 99
95100 45 66
95100 61 109
95100 61 102
95100 66 92
95100 69 96
95100 81 111
95100 84 95
95100 88 92
95100 92 109
95100 92 123
95100 92 95
95400 1 103
95400 3 98
95400 3 14
95400 3 72
95400 6 41
95400 12 16
95400 14 89
95400 15 92
95400 16 107
95400 16 110
95400 18 31
95400 41 99
95400 45 82
95400 66 92
95400 69 96
95400 69 98
95400 69 72
95400 72 79
95400 72 110
95400 73 96
95400 81 111
95400 82 104
95400 82 103
95400 84 95
95400 88 92
95400 89 96
95400 92 109
95400 92 95
95400 92 123
95400 95 96
95400 96 109
95400 110 121
95400 121 123
95700 1 103
95700 1 89
95700 1 40
95700 1 73
95700 3 89
95700 6 41
95700 6 108
95700 6 70
95700 6 82
95700 6 86
95700 31 70
95700 31 111
95700 31 73
95700 31 75
95700 40 86
95700 45 66
95700 45 82
95700 59 108
95700 61 109
95700 61 102
95700 69 98
95700 69 72
95700 73 108
95700 81 111
95700 82 103
95700 82 104
95700 82 86
95700 84 95
95700 86 107
95700 89 108
96000 1 73
96000 1 89
96000 1 40
96000 1 94
96000 3 14
96000 6 41
96000 7 120
96000 12 16
96000 16 110
96000 26 107
96000 31 70
96000 31 73
96000 31 75
96000 31 111
96000 33 40
96000 40 86
96000 40 63
96000 40 66
96000 45 75
96000 49 77
96000 51 109
96000 60 120
96000 63 93
96000 69 72
96000 69 96
96000 70 103
96000 77 93
96000 81 111
96000 82 104
96000 84 95
96000 110 121
96000 121 123
96300 1 40
96300 2 33
96300 2 103
96300 2 19
96300 2 77
96300 6 86
96300 6 70
96300 6 82
96300 6 108
96300 6 19
96300 6 20
96300 8 111
96300 8 96
96300 14 16
96300 14 77
96300 19 77
96300 19 88
96300 19 82
96300 26 107
96300 33 40
96300 33 114
96300 33 93
96300 33 121
96300 40 66
96300 40 86
96300 40 63
96300 45 75
96300 51 109
96300 53 110
96300 59 103
96300 60 120
96300 70 103
96300 73 108
96300 82 104
96300 82 110
96300 84 95
96300 86 107
96300 102 121
96600 2 77
96600 2 103
96600 2 19
96600 2 56
96600 2 20
96600 2 79
96600 2 6
96600 4 82
96600 6 70
96600 6 108
96600 6 86
96600 6 19
96600 6 20
96600 6 82
96600 6 56
96600 18 31
96600 19 82
96600 19 77
96600 19 88
96600 19 118
96600 19 31
96600 19 56
96600 19 121
96600 19 79
96600 20 93
96600 20 114
96600 26 107
96600 31 53
96600 32 113
96600 32 73
96600 36 102
96600 40 66
96600 40 63
96600 45 75
96600 51 109
96600 56 82
96600 56 111
96600 56 79
96600 59 103
96600 73 108
96600 73 111
96600 79 111
96600 82 104
96600 82 123
96600 84 95
96600 86 94
96600 110 111
96900 0 116
96900 0 115
96900 2 56
96900 3 69
96900 6 56
96900 6 70
96900 14 77
96900 15 109
96900 18 31
96900 19 56
96900 19 88
96900 19 31
96900 20 93
96900 20 34
96900 20 113
96900 20 44
96900 26 107
96900 29 60
96900 31 53
96900 40 63
96900 45 75
96900 51 109
96900 53 110
96900 55 110
96900 55 78
96900 55 67
96900 56 111
96900 56 82
96900 56 109
96900 56 110
96900 59 103
96900 65 121
96900 70 103
96900 70 116
96900 78 100
96900 82 104
96900 82 110
96900 84 95
96900 85 99
96900 86 94
96900 99 116
96900 100 110
96900 108 121
96900 110 111
97200 0 116
97200 2 77
97200 2 79
97200 3 69
97200 14 77
97200 15 109
97200 19 77
97200 19 79
97200 20 93
97200 20 113
97200 20 44
97200 26 107
97200 29 60
97200 29 105
97200 29 116
97200 29 31
97200 29 42
97200 32 73
97200 34 105
97200 42 116
97200 42 85
97200 42 81
97200 45 75
97200 51 109
97200 52 77
97200 53 110
97200 55 81
97200 55 100
97200 55 121
97200 56 109
97200 56 82
97200 56 110
97200 59 103
97200 65 121
97200 70 103
97200 70 116
97200 77 110
97200 78 100
97200 79 111
97200 79 81
97200 79 82
97200 79 100
97200 81 122
97200 82 110
97200 82 104
97200 82 106
97200 84 95
97200 85 99
97200 86 94
97200 99 116
97200 99 108
97200 100 110
97200 110 111
97500 0 116
97500 2 77
97500 2 79
97500 2 85
97500 2 105
97500 3 69
97500 6 56
97500 6 70
97500 14 77
97500 15 109
97500 19 79
97500 20 113
97500 20 44
97500 20 93
97500 20 34
97500 26 105
97500 29 60
97500 29 116
97500 30 83
97500 32 73
97500 34 105
97500 40 123
97500 42 116
97500 45 75
97500 51 109
97500 55 100
97500 56 82
97500 65 121
97500 78 100
97500 79 81
97500 79 100
97500 79 82
97500 79 123
97500 79 105
97500 81 122
97500 82 104
97500 82 110
97500 82 106
97500 82 96
97500 83 116
97500 84 95
97500 96 103
97500 99 116
97500 100 110
97500 100 109
97800 6 56
97800 6 70
97800 14 77
97800 15 109
97800 19 77
97800 19 79
97800 20 44
97800 20 34
97800 20 113
97800 20 93
97800 29 60
97800 30 83
97800 32 73
97800 40 123
97800 55 81
97800 59 103
97800 65 121
97800 78 100
97800 79 123
97800 79 111
97800 82 106
97800 82 96
97800 83 116
97800 84 95
97800 85 99
97800 96 103
97800 110 111
98100 3 69
98100 6 56
98100 6 70
98100 14 77
98100 15 109
98100 20 34
98100 20 113
98100 20 93
98100 29 60
98100 32 73
98100 33 90
98100 34 105
98100 40 123
98100 45 75
98100 51 109
98100 65 121
98100 78 100
98100 79 123
98100 79 111
98100 82 106
98100 84 95
98100 100 109
98400 6 70
98400 14 77
98400 19 79
98400 19 77
98400 20 113
98400 20 93
98400 29 60
98400 32 73
98400 33 90
98400 34 105
98400 40 123
98400 42 99
98400 45 75
98400 51 109
98400 59 103
98400 59 108
98400 65 121
98400 78 100
98400 79 111
98400 79 123
98400 82 96
98400 82 106
98400 83 116
98400 84 95
98400 96 103
98400 100 109
98400 110 111
98700 2 35
98700 6 56
98700 6 70
98700 14 77
98700 19 77
98700 19 79
98700 20 93
98700 20 34
98700 20 113
98700 22 122
98700 29 60
98700 32 73
98700 33 90
98700 34 105
98700 40 123
98700 45 75
98700 51 109
98700 59 103
98700 78 100
98700 79 123
98700 82 96
98700 84 95
98700 96 103
98700 100 109
98700 110 111
99000 2 35
99000 6 70
99000 6 56
99000 14 77
99000 19 79
99000 19 77
99000 20 34
99000 32 73
99000 33 90
99000 40 123
99000 42 99
99000 42 106
99000 45 75
99000 51 109
99000 59 108
99000 59 103
99000 65 121
99000 78 100
99000 79 111
99000 79 123
99000 82 96
99000 82 106
99000 84 95
99000 96 103
99000 110 111
99300 2 35
99300 6 56
99300 6 70
99300 14 77
99300 19 77
99300 19 79
99300 20 34
99300 20 113
99300 20 93
99300 29 60
99300 32 73
99300 42 99
99300 42 106
99300 45 75
99300 51 109
99300 59 108
99300 65 121
99300 65 114
99300 78 100
99300 79 111
99300 84 95
99300 98 115
99300 100 109
99600 2 35
99600 4 37
99600 6 56
99600 19 77
99600 19 79
99600 20 113
99600 20 93
99600 40 123
99600 42 99
99600 42 106
99600 45 75
99600 51 109
99600 59 103
99600 59 108
99600 65 114
99600 71 74
99600 79 123
99600 79 111
99600 82 106
99600 82 96
99600 84 95
99600 96 103
99600 100 109
99600 110 111
99900 4 37
99900 6 70
99900 6 56
99900 20 34
99900 20 93
99900 20 113
99900 37 74
99900 40 123
99900 42 99
99900 42 106
99900 45 75
99900 51 109
99900 59 108
99900 59 103
99900 65 121
99900 65 114
99900 71 74
99900 79 123
99900 82 96
99900 82 106
99900 84 95
99900 96 103
99900 100 109
100200 4 37
100200 6 70
100200 14 36
100200 19 79
100200 19 77
100200 20 34
100200 20 113
100200 20 93
100200 37 74
100200 40 123
100200 51 109
100200 59 103
100200 65 114
100200 65 121
100200 70 77
100200 71 74
100200 79 111
100200 79 123
100200 82 96
100200 84 95
100200 96 103
100200 100 109
100200 110 111
100500 4 37
100500 6 70
100500 12 66
100500 14 36
100500 15 116
100500 19 77
100500 19 79
100500 20 93
100500 20 34
100500 37 74
100500 42 106
100500 42 99
100500 45 75
100500 51 109
100500 54 76
100500 59 108
100500 59 103
100500 65 114
100500 65 121
100500 71 74
100500 79 111
100500 82 96
100500 82 106
100500 84 95
100500 96 103
100500 100 109
100800 0 116
100800 4 37
100800 6 70
100800 14 36
100800 19 79
100800 19 77
100800 20 93
100800 20 113
100800 20 34
100800 42 99
100800 42 106
100800 45 75
100800 54 76
100800 54 55
100800 59 103
100800 59 108
100800 65 121
100800 65 114
100800 70 77
100800 79 123
100800 82 106
100800 84 95
100800 96 103
100800 110 111
100800 113 115
101100 4 37
101100 6 70
101100 14 36
101100 15 116
101100 19 77
101100 20 113
101100 20 34
101100 20 93
101100 37 74
101100 42 99
101100 42 106
101100 45 75
101100 54 76
101100 59 103
101100 65 114
101100 65 121
101100 70 77
101100 71 74
101100 82 96
101100 82 106
101100 96 103
101100 100 109
101100 110 111
101100 113 115
101400 4 37
101400 6 70
101400 14 36
101400 15 116
101400 19 54
101400 19 53
101400 20 34
101400 20 93
101400 42 99
101400 45 75
101400 54 76
101400 54 57
101400 62 112
101400 65 114
101400 71 74
101400 82 96
101400 82 106
101400 96 103
101400 102 107
101400 110 111
101400 113 115
101700 6 70
101700 14 36
101700 15 116
101700 19 54
101700 19 53
101700 20 93
101700 20 34
101700 31 63
101700 42 99
101700 53 120
101700 54 76
101700 54 57
101700 62 112
101700 62 70
101700 65 114
101700 70 106
101700 71 74
101700 77 113
101700 102 107
101700 106 107
101700 110 111
101700 113 115
101700 113 120
102000 6 70
102000 14 36
102000 15 116
102000 20 34
102000 31 63
102000 42 99
102000 47 60
102000 53 120
102000 54 57
102000 60 119
102000 62 70
102000 62 112
102000 65 114
102000 70 106
102000 71 74
102000 77 113
102000 96 103
102000 102 107
102000 103 119
102000 106 107
102000 110 111
102000 113 120
102000 113 115
102300 3 20
102300 6 70
102300 14 36
102300 15 116
102300 19 20
102300 20 34
102300 31 63
102300 42 99
102300 50 84
102300 62 112
102300 65 114
102300 71 74
102300 77 113
102300 110 111
102600 3 20
102600 6 70
102600 14 36
102600 15 116
102600 31 63
102600 61 117
102600 62 112
102600 71 74
102600 77 113
102600 110 111
102900 1 38
102900 3 20
102900 6 70
102900 14 36
102900 15 116
102900 31 63
102900 38 70
102900 61 117
102900 62 112
102900 77 113
102900 110 111
103200 1 12
103200 3 20
103200 6 70
103200 14 36
103200 15 116
103200 27 37
103200 31 63
103200 33 96
103200 37 38
103200 38 70
103200 61 117
103200 62 112
103500 3 20
103500 6 70
103500 14 36
103500 15 116
103500 31 63
103500 33 96
103500 37 45
103500 61 117
103800 3 20
103800 14 36
103800 15 116
103800 31 63
103800 33 96
103800 61 117
104100 12 78
104100 14 36
104100 15 116
104100 31 63
104100 61 117
104400 14 36
104400 15 116
104400 24 110
104400 61 117
104400 102 110
104700 0 24
104700 2 60
104700 14 36
104700 41 55
104700 41 113
104700 61 117
104700 102 110
105000 0 24
105000 0 15
105000 0 49
105000 2 60
105000 2 106
105000 20 55
105000 33 49
105000 48 105
105000 49 106
105000 55 106
105300 0 49
105300 0 10
105300 2 106
105300 5 67
105300 5 14
105300 5 70
105300 5 106
105300 14 100
105300 14 106
105300 20 55
105300 33 49
105300 41 55
105300 41 73
105300 42 108
105300 42 70
105300 48 105
105300 49 106
105300 49 100
105300 49 108
105300 50 73
105300 55 106
105600 0 10
105600 0 49
105600 2 55
105600 2 51
105600 2 24
105600 5 14
105600 5 55
105600 14 100
105600 14 106
105600 19 69
105600 19 54
105600 20 55
105600 23 100
105600 38 98
105600 41 73
105600 41 55
105600 41 51
105600 42 108
105600 48 105
105600 50 73
105600 95 98
105900 0 10
105900 0 91
105900 2 106
105900 2 24
105900 2 51
105900 2 55
105900 2 89
105900 2 91
105900 5 55
105900 5 106
105900 5 42
105900 5 70
105900 5 53
105900 14 100
105900 14 108
105900 19 54
105900 19 69
105900 19 91
105900 20 55
105900 22 87
105900 25 70
105900 33 49
105900 38 51
105900 41 55
105900 41 73
105900 42 70
105900 42 108
105900 47 52
105900 48 105
105900 49 106
105900 49 100
105900 49 108
105900 49 51
105900 51 70
105900 55 106
105900 69 108
105900 70 100
105900 95 98
106200 0 91
106200 2 91
106200 5 70
106200 5 42
106200 5 53
106200 5 106
106200 5 91
106200 11 42
106200 13 112
106200 14 100
106200 14 108
106200 19 91
106200 19 54
106200 19 69
106200 21 112
106200 22 87
106200 23 100
106200 32 69
106200 33 112
106200 38 98
106200 41 73
106200 41 55
106200 41 106
106200 42 91
106200 49 106
106200 49 108
106200 55 106
106200 69 108
106200 69 112
106200 108 121
106500 0 10
106500 2 51
106500 2 55
106500 2 24
106500 2 106
106500 2 89
106500 2 120
106500 5 106
106500 9 42
106500 11 42
106500 14 108
106500 14 100
106500 14 21
106500 17 84
106500 19 69
106500 19 54
106500 19 55
106500 22 87
106500 25 70
106500 32 69
106500 33 112
106500 41 73
106500 41 55
106500 42 70
106500 42 91
106500 42 49
106500 49 108
106500 49 69
106500 51 70
106500 55 106
106500 55 84
106500 69 112
106500 70 100
106500 70 97
106800 2 89
106800 2 55
106800 2 51
106800 10 121
106800 10 117
106800 14 21
106800 14 122
106800 14 28
106800 17 84
106800 19 54
106800 19 55
106800 19 69
106800 22 87
106800 22 107
106800 22 55
106800 32 69
106800 33 112
106800 33 73
106800 33 121
106800 45 123
106800 51 70
106800 55 84
106800 69 112
106800 70 97
106800 84 98
106800 100 106
106800 106 121
107100 2 89
107100 10 117
107100 10 121
107100 10 22
107100 10 42
107100 10 33
107100 11 42
107100 14 100
107100 17 84
107100 19 69
107100 19 51
107100 22 55
107100 22 87
107100 22 107
107100 28 98
107100 31 106
107100 32 69
107100 33 73
107100 33 121
107100 33 112
107100 42 49
107100 42 91
107100 42 70
107100 44 70
107100 55 84
107100 69 112
107100 70 100
107100 70 72
107100 106 121
107400 2 89
107400 4 91
107400 10 33
107400 10 42
107400 10 95
107400 11 42
107400 12 89
107400 14 100
107400 17 84
107400 19 87
107400 19 112
107400 22 87
107400 22 107
107400 31 106
107400 33 112
107400 33 73
107400 33 121
107400 54 89
107400 55 84
107400 69 95
107400 70 72
107400 89 121
107400 95 119
107400 106 121
107700 2 89
107700 4 91
107700 8 70
107700 9 14
107700 11 42
107700 12 89
107700 14 100
107700 14 89
107700 17 84
107700 19 51
107700 19 87
107700 19 112
107700 22 87
107700 28 42
107700 31 106
107700 33 73
107700 33 112
107700 33 121
107700 39 111
107700 42 91
107700 42 70
107700 44 111
107700 50 91
107700 54 89
107700 55 84
107700 69 95
107700 70 72
107700 87 111
107700 89 121
107700 90 111
107700 95 119
107700 106 121
108000 0 100
108000 1 9
108000 3 17
108000 9 14
108000 9 99
108000 11 42
108000 14 100
108000 14 84
108000 17 91
108000 19 87
108000 19 112
108000 22 87
108000 22 33
108000 22 121
108000 22 111
108000 31 106
108000 33 73
108000 33 121
108000 35 70
108000 42 70
108000 44 91
108000 55 84
108000 69 95
108000 70 72
108000 95 119
108000 106 121
108000 108 118
108300 2 89
108300 3 17
108300 4 91
108300 4 83
108300 9 14
108300 9 91
108300 9 111
108300 12 89
108300 14 100
108300 14 89
108300 17 91
108300 17 84
108300 19 87
108300 22 121
108300 22 111
108300 22 49
108300 33 121
108300 33 73
108300 34 49
108300 42 70
108300 44 91
108300 51 89
108300 54 89
108300 55 84
108300 70 72
108300 83 100
108300 89 121
108300 95 119
108300 100 112
108300 106 121
108300 108 118
108300 111 112
108300 112 118
108600 0 99
108600 2 89
108600 3 17
108600 9 91
108600 9 111
108600 9 70
108600 9 109
108600 12 89
108600 17 91
108600 19 87
108600 22 87
108600 22 111
108600 22 49
108600 22 100
108600 22 99
108600 31 106
108600 33 73
108600 34 49
108600 35 70
108600 42 70
108600 44 91
108600 51 89
108600 70 72
108600 70 91
108600 108 118
108900 0 11
108900 2 89
108900 3 17
108900 4 70
108900 9 70
108900 9 109
108900 9 91
108900 9 84
108900 9 113
108900 11 70
108900 11 12
108900 19 87
108900 19 76
108900 22 49
108900 31 106
108900 33 73
108900 34 49
108900 40 95
108900 42 70
108900 51 89
108900 95 107
109200 3 17
109200 9 113
109200 9 91
109200 9 109
109200 9 70
109200 9 84
109200 9 111
109200 9 49
109200 11 12
109200 13 15
109200 22 100
109200 31 106
109200 35 51
109200 40 95
109200 42 70
109500 3 17
109500 9 91
109500 9 109
109500 15 73
109500 15 113
109500 27 76
109500 31 106
109500 35 91
109500 40 95
109500 42 76
109500 69 73
109500 95 107
109800 3 17
109800 3 31
109800 25 111
109800 31 106
109800 35 91
109800 35 51
109800 42 76
110100 3 17
110100 15 73
110100 27 76
110100 31 106
110100 35 51
110100 35 91
110100 42 76
110100 51 106
110100 51 113
110100 69 73
110100 73 113
110400 3 17
110400 25 111
110400 27 76
110400 35 51
110400 51 106
110400 69 73
110700 3 17
110700 4 51
110700 4 15
110700 15 56
110700 25 111
110700 27 51
110700 35 51
110700 69 73
111000 51 107
111000 86 119
111000 111 119
111300 10 52
111300 43 76
111300 51 107
111300 52 76
111300 52 114
111300 56 76
111600 6 81
111600 41 97
111600 43 76
111600 52 114
111600 56 76
111600 56 97
111600 76 97
111600 81 97
111900 6 88
111900 12 51
111900 23 86
111900 41 97
111900 43 76
111900 43 51
111900 56 97
112200 6 88
112200 8 9
112200 22 26
112200 56 97
112500 6 88
112500 22 26
112500 39 83
112500 53 65
112500 56 97
112800 0 112
112800 3 37
112800 6 88
112800 22 26
112800 52 81
112800 89 90
113100 0 112
113100 3 37
113100 22 26
113100 51 96
113100 52 81
113100 63 102
113400 3 37
113400 22 26
113400 51 97
113400 52 81
113400 63 102
113700 3 37
113700 22 26
114000 3 37
114000 25 82
114300 3 37
114300 62 68
114600 3 37
114600 10 22
114600 27 106
114900 2 6
114900 3 37
114900 27 106
114900 28 103
114900 37 82
114900 56 68
115200 2 6
115200 18 109
115200 28 103
115200 30 117
115500 18 61
115500 30 117
115800 2 6
115800 18 61
115800 25 90
115800 46 90
115800 55 90
115800 75 90
116100 0 122
116100 2 6
116100 18 61
116100 25 90
116100 31 117
116400 0 122
116400 2 6
116400 18 61
116400 46 122
116400 55 88
116700 0 122
116700 2 6
116700 46 122
116700 62 68
116700 86 88
117000 0 122
117000 0 19
117000 2 6
117000 46 122
117300 0 122
117300 0 19
117300 32 46
117300 32 72
117300 46 122
117600 0 122
117600 2 6
117600 2 85
117600 46 122
117900 0 19
117900 36 68
117900 55 73
118200 0 19
118200 15 55
118200 15 19
118200 36 85
118200 94 116
118500 31 77
118500 36 68
118800 22 65
118800 26 116
118800 30 59
118800 48 59
118800 59 76
119100 35 88
119100 48 59
119100 56 116
119100 59 76
119400 18 27
119400 21 49
119700 59 76
119700 59 88
120000 5 66
120000 18 27
120000 59 88
120300 23 44
120300 59 88
120300 59 76
120900 59 71
120900 71 76
122100 6 10
124500 11 68
126300 77 115
173400 58 107
173400 89 109
173700 10 12
173700 10 81
173700 39 107
173700 39 58
173700 58 87
174000 10 12
174000 11 94
174000 11 57
174000 39 107
174000 39 58
174000 41 87
174000 41 96
174000 58 107
174000 58 87
174000 87 96
174300 10 12
174300 11 14
174300 14 26
174300 20 23
174300 23 87
174300 26 112
174300 39 58
174300 39 107
174300 41 96
174300 41 107
174300 49 98
174300 53 98
174300 58 107
174300 58 87
174300 60 96
174300 96 97
174600 4 19
174600 10 12
174600 14 26
174600 15 39
174600 15 58
174600 27 81
174600 35 112
174600 39 107
174600 49 98
174600 53 98
174600 58 107
174600 96 97
174600 113 123
174900 4 19
174900 4 116
174900 10 12
174900 15 39
174900 15 58
174900 21 123
174900 26 112
174900 27 81
174900 29 79
174900 96 97
174900 98 113
174900 113 123
175200 4 19
175200 4 121
175200 10 12
175200 15 39
175200 15 98
175200 26 112
175200 27 81
175200 29 79
175200 31 121
175200 43 100
175200 43 111
175200 49 98
175200 96 97
175500 4 19
175500 4 121
175500 4 71
175500 4 87
175500 4 48
175500 10 12
175500 15 39
175500 15 98
175500 26 112
175500 27 81
175500 29 79
175500 34 95
175500 43 111
175500 43 100
175500 49 98
175500 49 121
175500 87 95
175800 4 48
175800 4 121
175800 4 19
175800 10 12
175800 15 39
175800 15 33
175800 18 63
175800 26 112
175800 27 81
175800 29 79
175800 31 121
175800 43 100
175800 43 52
175800 66 98
175800 83 116
175800 87 95
176100 4 19
176100 4 48
176100 7 73
176100 10 12
176100 11 90
176100 13 110
176100 26 112
176100 27 81
176100 31 121
176100 38 73
176100 43 52
176100 52 101
176100 83 116
176100 109 117
176400 4 48
176400 7 73
176400 11 90
176400 11 110
176400 11 34
176400 11 67
176400 26 112
176400 27 81
176400 31 121
176400 35 117
176400 43 52
176400 52 101
176400 83 116
176700 4 48
176700 4 19
176700 7 73
176700 10 12
176700 11 90
176700 15 44
176700 25 69
176700 25 30
176700 26 112
176700 27 81
176700 31 121
176700 43 52
176700 52 101
176700 52 65
176700 64 95
177000 4 48
177000 7 73
177000 11 67
177000 11 110
177000 11 90
177000 15 44
177000 25 30
177000 25 69
177000 26 112
177000 27 81
177000 52 101
177000 64 95
177000 68 104
177000 83 116
177300 7 73
177300 11 67
177300 11 90
177300 11 110
177300 15 44
177300 25 69
177300 25 30
177300 26 112
177300 27 81
177300 31 121
177300 31 80
177300 40 98
177300 43 52
177300 50 120
177300 52 65
177300 52 101
177300 83 116
177600 7 73
177600 11 67
177600 15 44
177600 24 65
177600 25 30
177600 25 69
177600 26 112
177600 27 81
177600 31 121
177600 31 80
177600 43 52
177600 52 101
177600 52 65
177600 83 116
177900 7 73
177900 11 110
177900 11 90
177900 15 44
177900 25 30
177900 25 69
177900 26 112
177900 27 81
177900 31 80
177900 31 121
177900 50 120
177900 51 88
177900 52 65
177900 52 101
177900 83 116
178200 7 73
178200 11 90
178200 11 67
178200 12 57
178200 15 44
178200 24 65
178200 25 30
178200 25 69
178200 26 112
178200 27 81
178200 31 80
178200 31 121
178200 43 52
178200 51 88
178200 52 65
178200 76 110
178200 83 116
178200 91 114
178500 7 73
178500 11 90
178500 11 67
178500 12 57
178500 15 44
178500 25 30
178500 25 69
178500 26 112
178500 31 121
178500 31 80
178500 51 88
178500 52 65
178500 76 110
178500 83 116
178800 7 73
178800 11 67
178800 11 90
178800 12 57
178800 15 44
178800 25 30
178800 25 69
178800 26 112
178800 31 121
178800 52 65
178800 58 120
178800 83 116
179100 7 73
179100 11 67
179100 11 90
179100 12 57
179100 25 30
179100 25 69
179100 31 121
179100 51 88
179100 52 65
179100 58 120
179100 63 99
179100 83 116
179400 0 77
179400 7 73
179400 11 90
179400 11 67
179400 12 57
179400 25 69
179400 25 30
179400 58 120
179400 83 116
179700 7 73
179700 11 67
179700 11 90
179700 12 57
179700 25 69
179700 45 50
179700 52 65
179700 58 120
179700 83 116
180000 0 77
180000 7 73
180000 11 90
180000 11 67
180000 12 57
180000 16 114
180000 45 50
180000 54 56
180000 83 116
180300 7 73
180300 11 67
180300 11 90
180300 12 57
180300 16 114
180300 25 69
180300 45 50
180300 78 121
180300 78 111
180300 83 116
180600 4 67
180600 4 44
180600 4 105
180600 7 73
180600 11 57
180600 12 57
180600 14 75
180600 16 114
180600 25 69
180600 32 95
180600 32 53
180600 44 105
180600 45 50
180600 75 105
180600 83 116
180900 4 105
180900 4 44
180900 4 67
180900 4 93
180900 7 73
180900 11 57
180900 11 67
180900 11 41
180900 11 14
180900 14 75
180900 15 93
180900 16 114
180900 25 69
180900 32 95
180900 44 105
180900 45 50
180900 45 93
180900 59 93
180900 67 74
180900 75 105
180900 83 116
180900 93 115
180900 93 105
180900 103 115
181200 4 93
181200 7 73
181200 11 75
181200 11 115
181200 11 93
181200 15 93
181200 20 96
181200 25 69
181200 32 95
181200 44 115
181200 45 50
181200 45 93
181200 59 93
181200 83 116
181200 83 96
181200 83 93
181200 93 105
181200 93 115
181500 0 44
181500 0 75
181500 7 73
181500 11 14
181500 14 75
181500 15 93
181500 16 114
181500 20 96
181500 20 39
181500 20 115
181500 20 76
181500 20 123
181500 25 69
181500 32 95
181500 39 54
181500 44 48
181500 44 121
181500 44 75
181500 45 50
181500 45 54
181500 59 93
181500 75 119
181500 75 115
181500 93 105
181800 0 75
181800 2 49
181800 2 121
181800 4 75
181800 7 73
181800 11 14
181800 14 75
181800 14 68
181800 14 53
181800 14 124
181800 14 16
181800 15 93
181800 15 115
181800 16 114
181800 16 54
181800 16 71
181800 16 83
181800 20 76
181800 22 123
181800 25 69
181800 32 95
181800 39 54
181800 44 75
181800 49 114
181800 71 114
181800 75 115
181800 75 121
181800 105 113
182100 6 47
182100 9 42
182100 11 14
182100 13 105
182100 14 68
182100 20 76
182100 20 32
182100 20 42
182100 22 123
182100 25 69
182100 30 114
182100 30 47
182100 32 95
182100 37 63
182100 43 48
182100 44 75
182100 93 105
182100 105 113
182400 2 49
182400 4 75
182400 15 93
182400 15 37
182400 16 54
182400 16 71
182400 20 42
182400 20 32
182400 23 30
182400 23 47
182400 25 69
182400 30 112
182400 32 95
182400 39 54
182400 43 48
182400 47 122
182400 49 114
182400 51 95
182400 51 122
182400 51 76
182400 58 122
182400 70 105
182400 71 114
182400 93 105
182400 95 110
182400 112 122
182700 2 49
182700 2 111
182700 4 75
182700 14 68
182700 15 37
182700 16 71
182700 20 76
182700 20 42
182700 23 47
182700 25 69
182700 30 82
182700 32 51
182700 33 79
182700 37 42
182700 39 66
182700 43 48
182700 49 114
182700 49 107
182700 49 101
182700 49 111
182700 49 56
182700 51 122
182700 51 95
182700 51 59
182700 66 111
182700 70 105
182700 71 114
182700 79 112
182700 79 111
182700 112 114
183000 2 49
183000 4 75
183000 4 121
183000 4 79
183000 5 57
183000 12 118
183000 12 53
183000 15 37
183000 20 76
183000 23 47
183000 31 83
183000 32 71
183000 33 79
183000 39 54
183000 39 66
183000 39 43
183000 42 118
183000 51 95
183000 51 76
183000 51 122
183000 51 59
183000 53 112
183000 58 122
183000 67 76
183000 70 105
183000 79 111
183000 79 112
183000 79 124
183300 0 71
183300 0 113
183300 1 67
183300 1 98
183300 4 121
183300 4 79
183300 5 57
183300 7 27
183300 7 79
183300 10 12
183300 12 53
183300 15 37
183300 18 80
183300 18 43
183300 18 124
183300 20 76
183300 22 108
183300 23 47
183300 27 47
183300 27 31
183300 27 69
183300 29 124
183300 30 82
183300 32 71
183300 33 79
183300 39 66
183300 42 64
183300 51 95
183300 51 59
183300 53 112
183300 58 122
183300 64 89
183300 70 105
183300 79 112
183300 89 102
183300 91 97
183300 97 124
183600 0 71
183600 0 113
183600 1 67
183600 1 40
183600 2 49
183600 2 67
183600 5 57
183600 7 113
183600 7 53
183600 8 46
183600 8 87
183600 15 37
183600 18 43
183600 18 115
183600 18 29
183600 18 108
183600 23 47
183600 29 47
183600 30 82
183600 30 108
183600 32 71
183600 34 103
183600 40 64
183600 42 64
183600 42 112
183600 51 59
183600 51 95
183600 58 122
183600 58 113
183600 60 100
183600 64 89
183600 64 108
183600 66 88
183600 67 76
183600 69 100
183600 70 105
183600 79 124
183600 79 111
183600 80 98
183600 92 103
183600 103 113
183600 113 122
183900 0 103
183900 2 67
183900 2 49
183900 2 92
183900 5 57
183900 7 53
183900 7 63
183900 15 37
183900 18 115
183900 18 43
183900 22 55
183900 28 104
183900 30 82
183900 32 71
183900 37 57
183900 42 92
183900 49 120
183900 51 103
183900 53 71
183900 56 122
183900 58 122
183900 67 76
183900 69 120
183900 70 105
183900 80 98
183900 92 102
183900 103 120
184200 1 67
184200 1 40
184200 2 92
184200 2 67
184200 5 57
184200 7 63
184200 8 87
184200 8 46
184200 18 29
184200 18 108
184200 18 115
184200 29 47
184200 30 108
184200 30 82
184200 32 71
184200 34 103
184200 34 106
184200 37 57
184200 40 64
184200 49 120
184200 51 59
184200 58 113
184200 58 122
184200 60 100
184200 64 108
184200 66 88
184200 67 76
184200 69 120
184200 69 100
184200 70 105
184200 79 124
184200 79 111
184200 103 120
184500 1 40
184500 1 67
184500 2 67
184500 2 92
184500 5 57
184500 7 63
184500 7 53
184500 8 87
184500 8 46
184500 15 37
184500 18 108
184500 28 104
184500 29 47
184500 30 82
184500 30 108
184500 32 71
184500 34 106
184500 34 103
184500 37 57
184500 40 64
184500 42 112
184500 49 120
184500 53 71
184500 56 122
184500 56 85
184500 58 122
184500 58 113
184500 60 100
184500 64 108
184500 69 100
184500 69 120
184500 70 105
184500 79 124
184500 79 111
184500 92 102
184500 103 120
184800 1 67
184800 1 40
184800 2 92
184800 2 67
184800 5 57
184800 7 53
184800 7 63
184800 8 87
184800 8 46
184800 15 37
184800 18 29
184800 18 108
184800 29 47
184800 30 108
184800 30 82
184800 34 106
184800 34 103
184800 35 62
184800 37 57
184800 40 64
184800 49 120
184800 51 59
184800 53 71
184800 56 122
184800 56 85
184800 60 100
184800 64 108
184800 67 76
184800 69 100
184800 70 105
184800 79 124
184800 79 111
184800 103 120
185100 1 67
185100 1 40
185100 2 92
185100 2 67
185100 7 53
185100 8 87
185100 15 37
185100 18 29
185100 18 108
185100 28 104
185100 30 108
185100 30 82
185100 32 71
185100 34 106
185100 34 103
185100 35 62
185100 45 83
185100 49 120
185100 51 59
185100 53 71
185100 56 85
185100 56 122
185100 58 113
185100 64 108
185100 67 76
185100 69 100
185100 70 105
185100 79 124
185100 103 120
185400 1 40
185400 2 67
185400 7 53
185400 8 87
185400 15 37
185400 18 108
185400 18 29
185400 29 47
185400 30 82
185400 35 62
185400 36 63
185400 37 57
185400 40 64
185400 49 120
185400 51 59
185400 53 71
185400 56 122
185400 56 85
185400 58 113
185400 58 99
185400 60 100
185400 64 108
185400 67 76
185400 69 100
185400 70 105
185400 79 111
185400 79 124
185400 103 120
185700 1 67
185700 1 40
185700 2 67
185700 2 92
185700 7 53
185700 8 87
185700 15 37
185700 16 21
185700 18 108
185700 18 29
185700 28 104
185700 29 47
185700 30 108
185700 34 106
185700 34 103
185700 35 62
185700 36 63
185700 37 57
185700 40 64
185700 49 120
185700 51 59
185700 53 71
185700 56 122
185700 56 85
185700 58 99
185700 64 108
185700 69 100
185700 70 105
185700 79 124
185700 96 99
185700 103 120
186000 1 67
186000 1 40
186000 2 92
186000 2 67
186000 6 96
186000 7 53
186000 8 87
186000 15 37
186000 16 21
186000 18 29
186000 18 108
186000 29 47
186000 30 108
186000 34 103
186000 34 106
186000 35 62
186000 37 57
186000 53 71
186000 56 85
186000 56 122
186000 58 99
186000 58 113
186000 69 100
186000 70 105
186000 79 124
186000 96 99
186300 2 67
186300 2 92
186300 6 96
186300 7 53
186300 8 87
186300 15 37
186300 16 21
186300 18 29
186300 18 108
186300 29 47
186300 30 108
186300 34 103
186300 34 106
186300 35 62
186300 40 64
186300 49 120
186300 51 59
186300 53 71
186300 56 85
186300 56 122
186300 58 113
186300 58 99
186300 64 108
186300 69 100
186300 96 99
186300 103 120
186600 1 40
186600 1 67
186600 2 67
186600 7 53
186600 8 87
186600 15 37
186600 16 21
186600 18 29
186600 18 108
186600 29 47
186600 30 108
186600 32 91
186600 34 106
186600 34 103
186600 35 62
186600 37 57
186600 40 64
186600 49 120
186600 56 85
186600 56 122
186600 58 113
186600 58 99
186600 64 108
186600 96 99
186600 103 120
186900 1 40
186900 1 67
186900 6 96
186900 7 53
186900 15 37
186900 16 21
186900 18 108
186900 18 29
186900 29 47
186900 30 108
186900 34 103
186900 34 106
186900 35 62
186900 37 57
186900 40 64
186900 49 120
186900 56 122
186900 56 85
186900 58 99
186900 58 113
186900 64 108
186900 69 100
186900 103 120
187200 1 40
187200 1 67
187200 2 67
187200 7 53
187200 9 91
187200 16 21
187200 18 29
187200 29 47
187200 30 108
187200 32 91
187200 34 106
187200 35 62
187200 37 57
187200 49 120
187200 56 85
187200 56 122
187200 58 113
187200 69 100
187200 103 120
187500 1 40
187500 1 67
187500 2 67
187500 7 53
187500 9 91
187500 16 21
187500 18 29
187500 18 108
187500 30 108
187500 34 106
187500 34 103
187500 35 62
187500 37 57
187500 40 64
187500 49 120
187500 56 122
187500 56 85
187500 58 113
187500 63 96
187500 64 108
187500 69 100
187500 75 102
187500 103 120
187800 1 40
187800 7 53
187800 16 21
187800 18 108
187800 18 29
187800 29 91
187800 30 108
187800 34 106
187800 34 103
187800 35 62
187800 37 57
187800 40 64
187800 56 122
187800 63 96
187800 69 100
187800 75 102
187800 103 120
188100 1 108
188100 7 53
188100 11 56
188100 30 108
188100 34 106
188100 35 62
188100 37 57
188100 56 122
188100 56 108
188100 63 96
188100 65 116
188100 69 100
188100 75 102
188400 1 108
188400 2 87
188400 2 65
188400 7 53
188400 34 106
188400 34 116
188400 35 62
188400 37 57
188400 56 108
188400 56 122
188400 65 116
188400 69 100
188400 75 102
188700 1 108
188700 2 87
188700 7 53
188700 12 56
188700 30 108
188700 34 106
188700 35 62
188700 56 122
188700 69 100
188700 75 102
189000 1 108
189000 2 87
189000 7 53
189000 21 34
189000 34 106
189000 34 99
189000 56 122
189000 69 100
189000 75 102
189000 93 99
189300 7 53
189300 34 106
189300 43 61
189300 52 61
189300 56 122
189300 56 60
189300 56 101
189300 69 100
189600 7 53
189600 34 106
189600 43 61
189600 43 60
189600 46 52
189600 51 103
189600 52 61
189600 53 66
189600 69 100
189900 7 53
189900 34 106
189900 46 52
189900 53 66
189900 69 100
189900 75 82
189900 82 119
189900 103 112
190200 7 53
190200 26 83
190200 34 106
190200 42 52
190200 53 66
190200 69 100
190200 75 82
190500 7 53
190500 18 59
190500 47 89
190500 53 66
190500 59 82
190500 69 100
190500 75 82
190800 31 70
190800 37 115
190800 42 52
190800 47 89
190800 59 75
190800 63 87
191100 39 82
191100 42 52
191100 47 89
191100 70 108
191100 98 113
191400 3 73
191400 12 83
191400 18 124
191400 36 70
191400 37 83
191400 39 82
191400 61 83
191400 70 108
191400 83 104
191700 1 3
191700 3 73
191700 18 124
191700 25 96
191700 30 54
191700 34 115
191700 34 124
191700 37 83
191700 61 83
191700 70 108
191700 83 104
192000 0 4
192000 0 78
192000 1 46
192000 3 73
192000 4 43
192000 4 82
192000 4 12
192000 8 35
192000 11 35
192000 12 81
192000 12 68
192000 19 69
192000 25 96
192000 36 70
192000 46 54
192000 62 121
192000 64 101
192000 68 69
192000 81 97
192000 85 106
192300 0 4
192300 1 3
192300 3 73
192300 4 82
192300 4 12
192300 4 43
192300 4 42
192300 11 35
192300 16 124
192300 18 115
192300 19 69
192300 38 41
192300 41 124
192300 46 54
192300 52 64
192300 52 54
192300 64 101
192300 66 118
192300 85 106
192600 3 35
192600 3 52
192600 4 82
192600 4 42
192600 11 35
192600 16 124
192600 18 115
192600 18 82
192600 19 69
192600 23 30
192600 23 35
192600 30 54
192600 30 124
192600 30 64
192600 35 41
192600 38 41
192600 41 124
192600 45 64
192600 46 54
192600 50 107
192600 54 104
192600 64 101
192600 68 69
192600 76 92
192900 3 35
192900 4 82
192900 4 16
192900 4 85
192900 11 35
192900 12 23
192900 12 35
192900 12 30
192900 15 23
192900 16 124
192900 16 82
192900 18 115
192900 23 35
192900 23 111
192900 35 41
192900 38 41
192900 41 124
192900 46 54
192900 48 107
192900 52 105
192900 54 104
192900 64 101
192900 68 69
193200 0 60
193200 0 3
193200 0 9
193200 0 69
193200 3 54
193200 3 48
193200 4 42
193200 4 82
193200 9 93
193200 11 35
193200 12 23
193200 12 30
193200 12 35
193200 15 31
193200 15 69
193200 16 124
193200 16 82
193200 30 81
193200 30 77
193200 35 41
193200 38 41
193200 41 124
193200 42 69
193200 54 104
193200 82 107
193500 0 3
193500 0 9
193500 0 69
193500 0 60
193500 3 35
193500 3 54
193500 3 48
193500 3 30
193500 3 23
193500 4 42
193500 10 77
193500 11 54
193500 12 122
193500 15 31
193500 15 69
193500 15 124
193500 15 68
193500 16 82
193500 16 124
193500 23 30
193500 32 69
193500 35 41
193500 41 124
193500 42 69
193500 54 104
193500 68 69
193800 3 30
193800 3 35
193800 3 23
193800 4 82
193800 9 42
193800 9 16
193800 10 77
193800 12 30
193800 12 122
193800 14 15
193800 15 68
193800 15 23
193800 23 30
193800 25 30
193800 27 30
193800 30 81
193800 30 77
193800 30 124
193800 30 54
193800 30 71
193800 30 31
193800 31 67
193800 35 41
193800 41 124
193800 41 119
193800 54 104
194100 0 69
194100 10 77
194100 12 122
194100 14 15
194100 15 31
194100 15 23
194100 15 69
194100 15 124
194100 15 91
194100 15 119
194100 15 41
194100 15 77
194100 15 68
194100 15 34
194100 15 35
194100 15 89
194100 17 44
194100 23 94
194100 27 30
194100 30 54
194100 31 67
194100 32 69
194100 34 48
194100 37 45
194100 41 68
194100 42 69
194100 54 104
194100 57 102
194100 68 69
194100 77 81
194100 81 89
194400 2 23
194400 3 35
194400 9 42
194400 9 16
194400 14 15
194400 15 91
194400 17 44
194400 23 94
194400 26 106
194400 26 94
194400 30 124
194400 30 54
194400 31 67
194400 31 81
194400 34 81
194400 35 41
194400 37 45
194400 41 124
194400 41 89
194400 48 89
194400 48 62
194400 54 104
194400 68 81
194400 68 89
194400 70 71
194400 77 81
194400 81 89
194700 0 69
194700 1 9
194700 2 23
194700 3 35
194700 3 50
194700 14 15
194700 15 91
194700 15 69
194700 16 50
194700 17 44
194700 23 94
194700 23 91
194700 29 48
194700 30 124
194700 30 54
194700 30 91
194700 31 67
194700 31 81
194700 32 69
194700 34 81
194700 35 41
194700 35 69
194700 35 48
194700 35 73
194700 41 124
194700 41 89
194700 41 64
194700 42 69
194700 48 62
194700 48 89
194700 48 94
194700 54 124
194700 59 94
194700 62 72
194700 68 69
194700 70 71
194700 81 124
195000 1 14
195000 2 23
195000 23 94
195000 26 106
195000 29 48
195000 30 124
195000 30 91
195000 31 67
195000 31 81
195000 32 69
195000 34 81
195000 35 82
195000 35 124
195000 41 124
195000 42 69
195000 43 48
195000 48 62
195000 48 91
195000 62 72
195000 87 124
195300 2 23
195300 17 42
195300 17 91
195300 17 63
195300 23 94
195300 26 106
195300 26 79
195300 29 48
195300 30 124
195300 30 91
195300 31 67
195300 31 81
195300 34 81
195300 35 82
195300 41 124
195300 43 48
195300 48 62
195300 59 94
195300 62 72
195300 63 91
195600 2 23
195600 5 11
195600 17 42
195600 23 94
195600 26 106
195600 29 48
195600 31 81
195600 31 41
195600 32 122
195600 35 124
195600 35 82
195600 41 124
195600 59 113
195600 91 122
195900 17 42
195900 26 106
195900 29 48
195900 30 106
195900 31 81
195900 32 53
195900 34 81
195900 41 124
195900 41 87
195900 43 48
195900 82 122
195900 91 122
196200 17 42
196200 23 113
196200 26 43
196200 29 48
196200 31 81
196200 31 43
196200 31 113
196200 32 53
196200 34 106
196200 43 48
196200 69 113
196200 91 122
196200 108 113
196500 23 113
196500 25 27
196500 29 48
196500 29 53
196500 30 113
196500 31 81
196500 43 48
196500 69 113
196500 69 78
196500 69 108
196500 91 122
196500 108 113
196800 10 86
196800 25 27
196800 30 113
196800 32 53
196800 69 108
196800 69 91
196800 77 79
196800 91 122
197100 10 86
197100 29 78
197100 30 32
197100 31 81
197100 32 53
197100 69 108
197100 78 98
197100 91 122
197400 6 113
197400 29 78
197400 30 32
197400 31 81
197400 32 53
197400 32 120
197400 69 108
197400 91 122
197400 91 111
197400 91 110
197400 110 113
197700 31 81
197700 67 108
197700 69 108
197700 91 119
198000 0 104
198000 24 86
198000 29 53
198000 29 86
198000 32 120
198000 32 53
198000 53 106
198000 53 58
198000 53 105
198000 69 108
198000 91 119
198300 0 104
198300 24 86
198300 24 28
198300 29 53
198300 31 56
198300 31 48
198300 53 105
198300 53 106
198300 80 91
198300 91 119
198600 0 104
198600 0 42
198600 24 86
198600 29 53
198600 53 105
198600 53 106
198600 91 119
198900 0 104
198900 9 22
198900 24 86
198900 53 106
198900 91 119
199200 0 104
199200 24 86
199200 25 34
199200 83 110
199500 0 104
199500 17 92
199500 24 86
199500 83 110
199800 17 92
199800 82 96
200100 2 86
200100 17 92
200100 38 84
200400 2 86
200400 17 92
200400 34 67
200400 76 116
200700 15 100
200700 17 92
200700 27 91
200700 78 121
201000 0 65
201000 15 100
201000 78 121
201300 0 65
201300 15 100
201300 17 92
201300 73 106
201300 83 124
201600 0 65
201600 1 92
201600 15 100
201600 17 92
201600 73 106
201600 73 91
201900 0 65
201900 1 92
201900 15 100
201900 28 117
201900 37 91
201900 73 106
202200 15 100
202200 28 117
202200 37 91
202200 73 106
202200 117 121
202500 0 65
202500 15 100
202500 37 91
202800 19 72
202800 37 91
202800 38 72
203100 19 88
203400 19 88
203400 22 83
203700 71 93
204000 4 73
204000 63 78
204300 4 73
204300 6 71
204300 33 114
204600 1 89
204600 6 71
204600 29 119
204600 63 78
204900 1 89
204900 6 71
204900 6 114
204900 29 119
204900 97 103
205200 1 89
205200 1 78
205200 42 71
205500 6 71
205500 42 71
205500 98 119
205800 1 89
205800 42 71
205800 95 110
206400 1 89
206400 14 108
206700 14 108
207300 10 108
207600 55 72
207900 26 108
208500 55 103
208800 18 63
208800 62 63
209100 38 101
209100 90 117
211200 7 109
211200 109 122
212400 12 71
212400 15 71
259800 2 105
259800 26 49
259800 45 76
259800 75 113
259800 97 100
260100 2 105
260100 2 49
260100 18 26
260100 20 75
260100 20 113
260100 22 26
260100 97 100
260400 0 104
260400 2 105
260400 18 26
260400 20 113
260400 25 113
260400 26 92
260400 26 113
260400 26 104
260400 58 104
260400 97 100
260700 0 104
260700 0 9
260700 1 46
260700 20 113
260700 23 41
260700 38 123
260700 47 113
260700 97 100
261000 0 9
261000 1 46
261000 2 105
261000 3 54
261000 20 113
261000 26 104
261000 38 40
261000 58 104
261000 97 100
261300 0 9
261300 1 46
261300 20 113
261300 23 41
261300 26 104
261300 38 40
261300 53 54
261300 58 104
261300 88 95
261300 102 114
261600 0 9
261600 1 46
261600 2 105
261600 26 104
261600 34 104
261600 38 40
261600 47 88
261600 53 110
261600 88 95
261600 92 95
261600 94 120
261600 102 114
261900 0 9
261900 1 46
261900 13 45
261900 17 52
261900 26 104
261900 34 104
261900 47 88
261900 53 110
261900 102 114
261900 110 120
262200 0 9
262200 1 46
262200 13 45
262200 26 104
262200 47 88
262200 69 110
262200 72 115
262200 72 85
262200 94 120
262200 102 114
262200 104 110
262500 0 9
262500 1 46
262500 3 115
262500 3 120
262500 13 45
262500 47 88
262500 65 120
262500 72 115
262500 72 85
262500 78 85
262500 85 93
262500 85 86
262500 102 114
262800 1 46
262800 3 115
262800 3 120
262800 13 45
262800 24 72
262800 47 88
262800 52 116
262800 52 115
262800 65 120
262800 75 116
262800 78 86
262800 83 108
262800 85 93
262800 93 115
262800 102 114
263100 1 46
263100 3 8
263100 13 45
263100 44 67
263100 47 88
263100 52 115
263100 65 120
263100 91 120
263100 102 114
263400 3 115
263400 13 45
263400 42 117
263400 44 67
263400 47 88
263400 52 115
263400 65 120
263400 93 115
263400 102 114
263700 1 46
263700 3 115
263700 3 8
263700 12 34
263700 12 87
263700 13 45
263700 47 88
263700 52 115
263700 65 120
263700 91 120
263700 93 115
263700 102 114
264000 3 115
264000 12 87
264000 12 34
264000 13 45
264000 44 67
264000 44 99
264000 44 107
264000 47 88
264000 60 87
264000 65 120
264000 69 122
264000 93 115
264000 102 114
264300 3 115
264300 12 87
264300 12 34
264300 13 45
264300 44 99
264300 44 67
264300 44 107
264300 47 88
264300 60 122
264300 65 120
264300 93 115
264300 102 114
264600 3 115
264600 12 34
264600 12 87
264600 13 45
264600 21 119
264600 44 99
264600 47 88
264600 61 109
264600 65 120
264600 93 115
264600 102 114
264900 3 115
264900 12 34
264900 12 87
264900 13 45
264900 21 119
264900 44 67
264900 44 107
264900 47 88
264900 60 122
264900 76 121
264900 93 115
264900 102 114
265200 3 115
265200 8 69
265200 12 34
265200 12 87
265200 13 45
265200 21 119
265200 43 110
265200 44 67
265200 47 88
265200 93 115
265200 102 114
265500 3 115
265500 12 34
265500 12 87
265500 13 45
265500 21 119
265500 33 76
265500 43 110
265500 44 67
265500 60 122
265500 76 121
265500 76 83
265500 93 115
265500 102 114
265800 8 69
265800 12 87
265800 13 45
265800 19 90
265800 21 119
265800 29 71
265800 33 76
265800 43 110
265800 44 67
265800 76 121
265800 76 83
265800 93 115
265800 102 114
266100 8 69
266100 12 87
266100 19 90
266100 21 119
266100 29 71
266100 43 110
266100 44 67
266100 71 85
266100 76 121
266100 76 83
266100 93 115
266100 102 114
266400 13 45
266400 19 90
266400 21 119
266400 23 117
266400 29 71
266400 43 110
266400 44 67
266400 71 85
266400 76 121
266400 76 83
266400 93 115
266400 102 114
266700 19 90
266700 21 119
266700 23 117
266700 43 110
266700 44 67
266700 57 82
266700 71 85
266700 76 83
266700 76 121
266700 93 115
266700 102 114
267000 8 46
267000 16 31
267000 16 24
267000 21 119
267000 22 67
267000 22 31
267000 23 117
267000 39 82
267000 44 67
267000 44 114
267000 71 85
267000 76 121
267000 76 119
267000 82 107
267000 93 115
267000 101 111
267300 19 91
267300 21 119
267300 22 31
267300 23 117
267300 31 69
267300 39 109
267300 42 122
267300 42 79
267300 44 91
267300 67 91
267300 71 85
267300 75 79
267300 76 83
267300 79 91
267300 83 105
267300 93 115
267300 103 119
267600 8 46
267600 9 106
267600 9 79
267600 9 67
267600 18 67
267600 18 109
267600 23 117
267600 39 109
267600 42 79
267600 42 122
267600 67 79
267600 71 85
267600 76 121
267600 79 95
267600 93 115
267600 103 119
267900 0 47
267900 8 46
267900 9 106
267900 9 67
267900 9 79
267900 9 63
267900 9 91
267900 9 21
267900 13 60
267900 18 109
267900 23 117
267900 29 91
267900 31 69
267900 39 106
267900 42 47
267900 44 91
267900 48 50
267900 83 105
267900 91 99
267900 103 119
268200 1 107
268200 6 63
268200 8 46
268200 9 106
268200 9 63
268200 9 91
268200 9 79
268200 9 21
268200 9 83
268200 13 47
268200 13 63
268200 18 109
268200 23 117
268200 37 116
268200 37 83
268200 39 106
268200 41 83
268200 42 45
268200 42 116
268200 42 89
268200 42 73
268200 44 89
268200 45 48
268200 48 50
268200 59 83
268200 63 78
268200 63 91
268200 69 94
268200 69 112
268200 73 94
268200 79 95
268200 83 107
268200 94 111
268200 103 119
268200 105 121
268500 9 83
268500 9 21
268500 13 63
268500 13 47
268500 13 68
268500 13 52
268500 18 109
268500 23 117
268500 26 111
268500 32 39
268500 37 83
268500 38 68
268500 38 112
268500 39 106
268500 41 83
268500 42 73
268500 44 95
268500 45 73
268500 45 52
268500 46 73
268500 47 73
268500 48 50
268500 52 116
268500 52 111
268500 55 111
268500 63 78
268500 68 109
268500 69 112
268500 69 94
268500 69 107
268500 69 111
268500 73 94
268500 79 95
268500 83 107
268500 83 112
268500 94 111
268500 94 124
268500 103 119
268500 105 121
268500 106 116
268800 4 117
268800 4 46
268800 8 46
268800 9 21
268800 13 68
268800 23 117
268800 24 55
268800 32 110
268800 37 83
268800 37 118
268800 38 112
268800 38 68
268800 38 118
268800 41 83
268800 44 95
268800 45 73
268800 45 52
268800 47 73
268800 48 50
268800 51 58
268800 52 117
268800 55 111
268800 58 109
268800 63 78
268800 68 109
268800 68 121
268800 68 78
268800 73 94
268800 73 96
268800 74 121
268800 79 95
268800 83 112
268800 96 122
268800 105 121
269100 1 81
269100 1 123
269100 4 46
269100 4 30
269100 8 46
269100 9 21
269100 17 95
269100 29 99
269100 32 39
269100 33 118
269100 39 106
269100 41 83
269100 42 73
269100 44 95
269100 45 48
269100 46 73
269100 46 124
269100 46 99
269100 48 50
269100 48 67
269100 55 81
269100 67 118
269100 68 78
269100 69 112
269100 75 96
269100 96 122
269100 96 118
269100 105 121
269400 4 30
269400 4 46
269400 8 46
269400 12 45
269400 12 19
269400 17 95
269400 17 29
269400 17 112
269400 17 21
269400 19 27
269400 27 55
269400 27 30
269400 27 68
269400 29 81
269400 29 112
269400 30 114
269400 30 69
269400 30 67
269400 33 118
269400 37 83
269400 37 118
269400 44 46
269400 46 99
269400 46 73
269400 48 50
269400 63 81
269400 64 112
269400 67 112
269400 68 69
269400 75 96
269400 96 122
269400 105 121
269700 3 57
269700 8 46
269700 12 45
269700 12 104
269700 12 23
269700 16 17
269700 17 95
269700 17 112
269700 17 104
269700 17 37
269700 19 57
269700 23 25
269700 23 57
269700 23 38
269700 27 55
269700 27 84
269700 29 112
269700 32 38
269700 37 83
269700 37 67
269700 41 83
269700 44 46
269700 45 95
269700 46 99
269700 55 81
269700 57 81
269700 64 112
269700 67 112
269700 75 96
269700 96 122
269700 96 118
269700 105 121
270000 8 46
270000 12 104
270000 12 23
270000 12 20
270000 17 104
270000 19 38
270000 23 38
270000 32 38
270000 37 118
270000 38 98
270000 38 118
270000 44 46
270000 46 99
270000 61 118
270000 64 112
270000 75 96
270000 81 111
270000 96 118
270000 111 118
270300 16 119
270300 17 46
270300 17 54
270300 17 38
270300 19 38
270300 23 25
270300 23 38
270300 27 55
270300 32 38
270300 38 98
270300 44 46
270300 46 99
270300 51 81
270300 51 57
270300 54 84
270300 55 81
270300 57 117
270300 64 112
270300 75 117
270300 96 122
270300 104 119
270600 3 15
270600 12 104
270600 12 20
270600 12 23
270600 16 119
270600 17 54
270600 19 38
270600 27 55
270600 32 38
270600 38 98
270600 46 99
270600 49 70
270600 51 57
270600 51 81
270600 54 84
270600 55 81
270600 64 112
270600 75 117
270600 104 119
270600 111 118
270900 4 44
270900 12 104
270900 12 23
270900 12 20
270900 16 119
270900 17 54
270900 17 46
270900 17 38
270900 19 38
270900 32 38
270900 44 46
270900 46 99
270900 51 57
270900 51 81
270900 54 84
270900 64 112
270900 75 117
270900 104 119
270900 111 118
271200 4 44
271200 12 20
271200 12 104
271200 12 23
271200 17 54
271200 17 46
271200 17 38
271200 19 38
271200 27 55
271200 27 100
271200 32 38
271200 43 49
271200 44 46
271200 46 99
271200 51 81
271200 51 57
271200 54 84
271200 55 81
271200 64 112
271200 75 117
271200 104 119
271200 111 118
271500 12 23
271500 12 20
271500 16 119
271500 17 38
271500 17 54
271500 17 46
271500 19 38
271500 27 100
271500 27 55
271500 32 38
271500 44 46
271500 46 99
271500 51 57
271500 54 84
271500 55 81
271500 64 112
271500 75 117
271500 80 116
271500 104 119
271800 12 23
271800 12 104
271800 12 20
271800 16 119
271800 17 46
271800 17 54
271800 19 38
271800 27 55
271800 27 100
271800 32 38
271800 44 46
271800 46 99
271800 51 57
271800 51 81
271800 54 84
271800 55 81
271800 64 112
271800 104 119
271800 111 118
