0 51 54
0 63 89
300 63 89
600 48 63
1500 14 47
1800 14 47
2100 33 83
2400 24 49
2400 48 49
2700 48 49
3300 26 61
3600 19 87
3900 68 78
4200 10 80
4200 24 80
4500 12 30
4500 21 24
4500 21 66
4500 30 61
4500 30 90
4500 41 66
4800 1 9
4800 12 30
4800 21 24
4800 30 61
5100 48 66
5400 18 64
5400 54 71
5700 10 81
5700 18 64
6300 8 52
6600 10 78
6600 29 49
6600 32 87
6600 48 78
6600 52 66
6900 56 80
7200 40 77
7500 3 18
7500 11 59
7500 68 81
7800 13 23
7800 68 81
9300 14 31
9600 0 65
9900 3 14
9900 14 31
10200 3 14
10200 15 37
10500 3 14
10800 0 42
10800 15 48
11100 44 48
11400 20 54
12000 63 86
12300 45 59
12600 17 52
12900 17 52
13200 33 42
13200 33 55
13800 55 67
14100 34 78
14400 19 34
14700 19 34
15000 1 89
15300 10 40
15300 26 39
15300 39 73
15300 39 68
15600 11 54
15600 26 39
15600 39 73
15600 40 54
15600 53 73
15600 53 54
15900 26 39
15900 29 73
15900 41 73
15900 41 72
16500 9 60
16500 9 59
16500 9 33
16500 14 40
16500 20 33
16800 32 76
16800 40 76
16800 59 60
17100 10 68
17100 11 20
17100 45 52
17100 54 83
17400 9 64
17400 10 29
17400 11 20
17400 11 29
17400 52 64
17400 54 83
17700 11 20
17700 11 29
17700 20 29
17700 29 39
17700 29 45
17700 52 64
18000 11 20
18000 44 83
18300 30 83
18300 53 83
18300 63 83
18600 2 50
18600 16 83
18600 30 83
18600 30 44
18900 2 50
18900 43 47
18900 44 83
19200 20 43
19200 43 47
19200 47 58
19200 55 57
19500 55 57
19800 9 88
19800 26 70
19800 32 51
19800 58 62
20100 9 88
20100 29 51
20100 43 51
20100 46 62
20100 62 76
20400 9 88
20400 56 87
20700 8 10
20700 28 55
20700 56 87
21000 28 32
21000 88 89
21300 12 21
21300 21 27
21300 28 32
21300 43 65
21300 43 52
21300 50 55
21600 21 23
21600 28 32
21600 28 90
21600 33 72
21600 43 65
21600 75 90
21900 17 27
21900 61 70
21900 75 90
22200 9 61
22200 33 72
22200 37 38
22200 61 70
22200 61 79
22500 17 27
22500 33 72
22500 34 37
22500 75 90
22800 4 83
22800 61 70
22800 75 90
23100 17 27
23100 18 60
23100 45 61
23100 75 90
23400 4 83
23400 16 79
23400 18 60
23400 43 45
23400 61 70
23700 16 79
23700 75 90
24000 4 83
24300 6 11
24600 6 86
25200 3 26
25200 26 62
25500 60 91
26700 11 90
26700 41 47
27000 10 35
27000 18 27
27300 10 35
27300 41 81
27300 41 50
27600 5 70
27600 8 33
27600 14 46
27600 24 66
27900 8 33
27900 14 28
27900 14 75
27900 23 45
28200 3 78
28200 3 77
28200 8 33
28200 14 15
28500 5 57
28500 8 33
28500 39 88
28800 9 21
28800 39 88
29100 0 10
29100 3 15
29100 39 88
29400 0 88
29400 14 53
29400 39 88
29700 18 37
29700 37 49
29700 39 88
30000 8 35
30000 8 44
30000 39 88
30300 8 44
30300 9 91
30300 19 39
30600 8 44
31200 8 13
31200 49 87
31500 12 82
31500 65 91
31800 12 82
31800 31 42
31800 73 86
32100 68 76
32400 68 76
32400 86 91
32700 86 91
33600 34 74
33900 10 22
34200 10 22
34800 9 74
34800 50 54
35100 9 74
35400 5 59
35400 5 22
35400 33 59
35700 33 59
36000 5 59
36000 5 22
89400 0 74
90600 19 90
90600 28 86
90600 31 58
90600 62 86
90600 80 91
90900 31 88
91200 31 58
91200 58 84
91500 8 68
91500 31 36
91500 51 55
91500 52 75
91800 42 51
91800 51 58
91800 52 75
91800 79 87
92100 16 79
92100 17 33
92100 52 75
92100 79 87
92100 84 90
92400 10 80
92400 17 88
92400 36 68
92700 18 90
92700 36 90
92700 52 82
93000 36 90
93000 47 67
93000 52 82
93000 79 80
93300 12 23
93300 53 58
93300 79 80
93600 17 34
93600 26 53
93600 32 57
93900 1 79
93900 4 64
93900 30 79
93900 30 91
94200 1 79
94200 7 17
94200 22 55
94200 22 41
94200 26 73
94200 30 91
94200 30 79
94200 70 85
94500 1 79
94500 7 17
94500 20 71
94500 22 41
94500 30 91
94500 30 79
94500 33 45
94500 45 60
94500 70 85
94500 71 73
94800 1 79
94800 7 17
94800 10 49
94800 18 29
94800 20 71
94800 22 41
94800 30 79
94800 30 91
94800 33 45
94800 40 73
94800 45 60
95100 1 79
95100 18 29
95100 20 71
95100 22 41
95100 23 76
95100 30 79
95100 40 73
95100 45 60
95100 66 76
95100 70 85
95400 1 79
95400 1 33
95400 22 41
95400 29 55
95400 29 68
95400 29 62
95400 30 79
95400 45 60
95700 1 79
95700 20 37
95700 22 41
95700 30 79
95700 66 80
95700 70 72
95700 77 88
96000 1 79
96000 24 25
96000 29 62
96000 29 55
96000 29 68
96000 29 35
96000 30 79
96000 53 77
96000 77 88
96300 1 79
96300 11 42
96300 24 25
96300 29 68
96300 30 79
96600 1 79
96600 23 89
96600 29 68
96600 55 60
96900 11 34
96900 29 68
96900 58 76
96900 76 89
97200 1 85
97200 11 34
97200 23 89
97200 26 47
97200 76 89
97500 10 22
97500 10 51
97500 26 40
97500 40 49
97500 76 89
97800 1 6
97800 10 67
97800 18 33
97800 26 40
98100 12 84
98100 26 40
98400 1 91
98400 25 52
98400 46 51
98400 46 79
98700 0 26
98700 1 91
98700 25 60
98700 46 51
98700 52 75
99000 1 91
99000 8 63
99000 26 37
99000 30 85
99300 62 91
99600 10 58
99600 62 91
99900 33 70
99900 58 85
99900 62 91
100200 5 58
100200 20 77
100200 62 91
100500 5 7
100500 6 48
100500 58 70
100500 62 91
100800 5 7
100800 5 6
100800 25 54
101100 20 25
101700 8 52
102300 18 32
102600 4 25
102900 77 89
103200 30 90
103500 11 21
103500 29 36
104100 58 77
104400 61 77
104700 61 78
105000 32 69
105000 48 83
105000 61 78
105300 21 32
105300 21 33
105600 15 58
105600 21 33
105600 39 85
105900 15 37
105900 34 59
105900 84 87
106200 12 62
106200 15 37
106200 28 67
106200 67 69
106500 34 59
106500 35 73
106500 37 56
106500 41 48
106800 11 39
106800 41 48
106800 44 73
107100 14 34
107100 34 74
107100 41 48
107400 32 48
107400 32 80
107400 41 48
107400 44 73
107700 47 48
107700 48 65
108000 3 29
108000 29 31
108000 32 80
108000 44 73
108300 10 29
108300 18 43
108900 3 26
108900 22 59
108900 22 71
109200 3 19
109200 19 71
109500 3 69
110100 3 90
110100 3 37
110100 46 49
110400 1 6
110400 1 46
110400 3 90
110700 1 46
110700 14 54
111000 1 54
111300 20 74
111600 20 21
111600 20 24
111900 27 52
111900 43 85
112200 9 18
112200 26 57
112500 9 23
112500 48 68
113100 39 87
113100 56 83
113400 43 56
113400 49 57
113400 56 83
113700 14 36
114000 1 85
114000 16 36
114000 27 88
114000 35 85
114000 43 56
114300 35 85
114600 9 26
114600 9 65
114600 28 88
114900 28 88
114900 37 91
115200 84 85
115500 43 54
115800 20 60
116100 12 19
116400 14 61
116400 45 49
116700 11 49
117300 25 61
117900 32 40
117900 32 77
118500 33 68
118500 58 75
118800 33 68
118800 65 77
119100 16 33
119100 33 68
119100 65 72
119400 26 77
119700 32 43
120000 0 23
120300 25 90
120600 4 66
120600 9 43
120900 9 43
120900 31 32
121200 28 43
121500 19 43
121500 24 31
121800 51 63
121800 73 79
122100 49 78
122100 73 79
122400 49 78
122700 3 22
122700 22 48
125700 35 88
126000 78 84
176400 19 73
177000 16 49
177000 29 73
177000 45 62
177300 49 81
177300 53 75
177600 32 61
177600 49 81
177600 49 67
177600 49 86
177900 32 39
177900 46 67
177900 46 89
177900 67 83
178200 5 67
178200 46 67
178200 46 52
178200 60 80
178200 86 91
178500 7 52
178500 14 85
178500 32 37
178500 44 50
178500 52 79
178800 44 50
178800 44 53
178800 52 79
178800 60 85
178800 68 76
179100 16 75
179100 44 61
179100 50 84
179100 52 79
179100 76 81
179400 7 85
179400 52 79
179700 14 76
179700 29 67
179700 38 85
179700 72 85
180000 6 63
180000 29 67
180000 72 85
180000 76 85
180300 7 64
180300 25 87
180300 45 61
180300 64 69
180300 76 85
180600 13 63
180600 23 66
180600 23 72
180600 25 66
180600 28 47
180600 45 61
180600 59 65
180600 76 85
180900 33 84
180900 37 72
180900 45 63
180900 49 72
180900 52 72
180900 76 85
181200 4 72
181200 33 91
181200 37 72
181500 33 91
181500 50 72
181500 51 59
181800 13 15
181800 51 59
181800 72 74
182100 51 59
182400 27 52
182400 27 64
182700 5 52
182700 21 22
182700 22 90
183000 18 38
183000 18 32
183300 20 54
183600 54 77
183900 62 65
183900 65 66
184200 13 74
184500 6 56
184500 13 74
184500 62 65
184800 6 56
184800 12 43
185100 3 34
185100 12 43
185400 6 56
185400 16 32
185400 38 56
185700 4 25
185700 20 44
186000 12 32
186000 38 56
186300 56 90
186600 36 76
186900 5 60
187200 87 89
188100 69 91
188400 7 63
189300 14 58
189600 46 91
189900 18 47
189900 18 27
189900 21 42
189900 40 47
190200 18 27
190200 21 42
190200 27 52
190200 46 75
190800 19 79
191100 60 75
191100 64 79
191100 72 83
191400 7 78
191400 27 36
191400 28 65
191400 28 76
191400 65 78
191700 7 78
191700 36 67
191700 54 67
191700 62 76
191700 65 78
192000 12 38
192000 17 18
192000 36 67
192000 60 78
192000 62 76
192300 53 86
192300 60 78
192600 9 44
192600 44 78
192600 53 86
192600 62 86
192900 3 39
192900 27 34
192900 34 85
192900 39 85
192900 42 85
192900 44 53
192900 62 86
192900 85 86
193200 39 79
193200 82 91
193500 4 27
193500 6 83
193500 6 72
193500 21 77
193500 21 27
193500 27 38
193500 27 77
193500 60 79
193500 63 72
193800 6 72
193800 6 64
193800 6 11
193800 21 77
193800 21 38
193800 27 77
193800 44 51
193800 44 77
193800 57 64
193800 60 79
194100 21 38
194100 44 51
194100 45 58
194100 58 80
194100 58 77
194400 14 91
194400 21 38
194400 37 86
194400 44 51
194400 44 86
194400 45 86
194400 58 77
194400 58 80
194700 4 38
194700 9 67
194700 37 86
194700 37 51
194700 45 86
195000 9 67
195000 37 86
195000 44 86
195000 45 86
195000 58 80
195300 6 18
195300 37 86
195300 44 86
195300 44 67
195600 58 80
195900 37 86
196200 0 38
196200 12 18
196200 18 38
196500 6 39
196500 9 51
196500 12 18
196800 9 51
197100 24 72
197100 44 54
197400 23 45
197400 27 89
197400 45 65
198000 7 75
198300 23 24
198300 52 79
198600 3 18
198900 3 24
199200 22 54
199500 25 45
199800 51 69
199800 60 89
200100 69 89
200400 40 84
200700 63 85
201900 9 34
202200 17 68
202200 68 89
202500 1 29
202500 9 11
202800 9 60
202800 17 76
203400 9 76
203400 46 76
203700 31 76
203700 38 42
203700 42 61
203700 56 59
204000 56 59
204300 14 44
204900 44 58
205200 53 70
205500 28 60
205500 41 44
205800 28 60
205800 51 90
207600 12 47
208200 7 27
209100 20 70
209100 60 80
210000 38 82
211200 2 12
211500 2 12
260100 22 38
262800 13 61
263400 11 73
263400 19 58
263400 30 65
263400 32 40
263400 40 58
263400 51 65
263400 54 65
263700 5 90
263700 6 90
263700 12 69
263700 40 58
263700 51 65
263700 54 65
264000 12 69
264000 17 52
264000 39 54
264000 54 65
264000 87 91
264300 9 65
264300 32 76
264300 48 76
264300 54 65
264300 87 91
264600 6 33
264600 32 76
264600 45 76
264600 48 76
264900 1 65
264900 32 76
264900 36 37
265200 19 79
265200 19 78
265200 64 65
265500 19 78
265800 10 21
266100 6 82
266100 11 28
266100 49 50
266400 15 77
266400 65 77
266700 7 16
266700 16 73
266700 21 61
266700 26 77
267000 16 26
267000 16 91
267000 35 49
267000 42 77
267300 3 10
267300 4 26
267300 16 26
267300 26 77
267300 26 54
267600 3 32
267600 26 77
267900 6 13
267900 12 71
267900 20 45
268200 2 90
268200 37 48
268500 21 79
268800 6 58
268800 21 79
268800 66 88
269100 3 34
269100 3 19
269400 13 64
269400 54 64
269700 23 64
269700 54 67
269700 67 89
270000 4 26
270000 11 26
270000 67 68
270300 15 33
270300 72 83
270600 72 83
270900 37 77
270900 72 83
270900 73 89
271200 38 89
271200 72 83
271200 73 89
271500 14 60
271500 72 83
271500 82 88
271800 14 55
271800 72 83
272100 72 83
272400 27 34
273000 20 44
273000 21 85
273300 20 39
273300 30 85
273900 39 69
274200 17 38
274200 28 69
274500 17 38
274500 17 43
274500 20 47
274800 17 38
274800 17 37
274800 21 38
275100 3 69
275400 11 79
275400 11 51
275400 45 60
276300 34 71
276600 9 67
276600 20 43
277800 11 75
277800 36 38
278100 1 2
278100 1 52
278100 8 90
278100 52 70
278100 61 72
278400 11 40
278400 33 59
278400 33 62
278400 52 70
278700 3 5
278700 5 83
278700 5 57
278700 5 75
278700 5 73
278700 33 59
278700 52 70
279000 17 27
279000 27 33
279000 33 59
279300 27 33
279600 27 51
279600 46 77
279600 64 79
279900 16 35
279900 17 79
279900 17 37
279900 17 64
279900 46 77
279900 64 79
280200 1 70
280200 11 89
280200 16 35
280200 16 41
280200 64 79
280500 14 80
280500 27 41
280500 37 57
280500 57 71
280500 57 80
280500 57 62
280500 64 79
280800 1 31
280800 11 52
280800 19 52
280800 25 52
280800 62 72
281100 36 78
281100 45 55
281100 45 60
281400 31 62
281400 36 78
281700 1 78
281700 5 41
281700 17 34
281700 17 57
281700 45 60
282000 5 41
282000 8 50
282000 31 62
282300 66 88
282600 8 90
282600 66 88
283200 20 88
283200 29 31
283200 33 82
283500 0 68
283500 20 88
283500 25 40
283500 34 91
283800 23 34
284100 6 85
284100 23 34
284100 34 91
284100 40 68
284100 51 59
284400 10 78
284400 60 70
284700 2 62
285000 57 58
285000 60 70
285000 73 78
285300 22 55
285300 55 86
285600 7 35
285600 7 76
285600 62 76
285900 20 43
285900 28 38
285900 41 86
286500 7 20
286500 9 87
286800 6 59
286800 9 87
286800 10 75
287100 9 87
287400 6 59
287400 23 81
287700 13 43
288000 59 82
288300 44 47
288600 6 77
288600 8 65
288600 65 68
288900 8 65
288900 10 91
288900 45 88
288900 50 81
289200 6 85
289200 44 46
289200 65 68
289200 71 91
289200 85 91
289500 12 46
289500 12 68
289500 34 84
289500 44 46
289500 55 63
289500 68 81
289800 34 84
289800 34 61
289800 34 63
289800 55 63
289800 58 86
289800 68 81
290100 28 91
290100 34 61
290100 47 71
290100 55 63
290400 1 59
290400 5 57
290400 17 47
290400 47 71
290700 5 57
290700 16 28
290700 17 36
290700 50 78
291000 5 57
291000 5 60
291000 28 57
291300 65 85
291300 81 88
291600 4 35
291600 81 88
291900 2 69
291900 12 50
292200 2 69
292200 44 47
292200 52 54
292500 44 47
292500 44 68
292800 44 68
293100 20 42
293100 67 88
293400 12 64
293400 20 42
293400 48 78
293700 20 42
294000 20 42
294000 20 66
294300 9 30
294300 20 66
294300 66 84
294600 0 7
294600 7 56
294600 20 66
294900 0 83
294900 20 66
294900 22 33
295200 20 66
295500 39 85
349800 50 60
349800 63 64
350100 34 71
350100 60 62
350400 30 67
350700 12 57
351000 35 50
351000 56 65
351300 9 56
351300 49 91
351600 16 72
351600 17 63
351900 21 57
351900 32 59
351900 38 72
352200 21 57
352200 54 67
352500 15 17
352500 29 34
352800 4 10
352800 29 34
353100 10 54
353400 10 54
353400 44 56
355200 57 80
355200 70 80
355800 54 90
356100 17 41
356100 54 90
356400 24 86
357000 4 33
357300 25 73
357300 33 47
357300 34 89
357600 25 73
357600 33 47
357600 63 70
357900 34 89
357900 64 77
358500 5 54
358500 43 45
358800 0 28
358800 0 1
358800 5 54
358800 5 78
359100 0 1
359100 58 79
359400 5 78
359400 40 91
359700 9 74
359700 24 90
360000 35 44
360000 50 53
360300 0 44
360300 9 33
360600 0 35
360600 9 33
360900 9 33
360900 33 62
360900 33 41
360900 33 87
361200 7 59
361200 31 59
361200 33 41
361200 33 87
361500 0 57
361500 47 89
361500 57 87
361500 71 87
361500 75 87
361500 86 87
361800 0 10
361800 0 90
361800 1 10
361800 1 36
362100 0 90
362100 17 19
362700 8 56
362700 8 51
362700 42 87
363000 8 87
363000 13 52
363900 36 47
364200 38 86
364500 40 89
365700 8 38
366000 3 27
366300 20 45
366600 33 74
367200 49 63
367200 59 90
367500 0 48
367800 24 83
368100 59 70
368400 11 86
368700 4 8
368700 39 78
369000 39 78
369000 82 91
369300 12 82
369300 39 78
369600 39 78
369600 48 79
369900 39 78
370500 36 73
370800 14 51
370800 37 90
371400 4 10
372300 10 53
374100 25 76
374700 23 72
374700 34 70
375000 70 76
375300 34 70
375300 52 85
375600 54 69
376200 8 56
376200 55 79
376500 26 45
376500 48 55
376800 12 73
376800 38 43
377100 12 80
377400 61 64
377700 57 66
377700 61 64
378000 70 81
378300 44 74
378300 70 81
378600 70 81
378900 70 81
379200 70 81
379500 7 64
379500 70 81
379800 70 81
380100 0 64
380100 70 81
380400 27 64
380400 70 81
380700 23 29
380700 70 81
381000 1 30
381000 70 81
381300 70 81
381600 70 81
381900 70 81
382200 70 81
606000 35 85
606300 7 9
606300 8 46
606600 7 49
606600 27 49
606600 49 86
607200 15 46
607200 51 65
607500 51 65
607800 3 80
609000 18 48
609300 23 45
609300 23 34
609300 39 43
609600 7 65
609600 25 62
609600 45 71
609900 23 34
609900 39 77
610200 33 45
610200 33 49
610500 26 53
610500 33 45
610500 36 53
610800 7 40
610800 26 53
610800 33 45
610800 40 53
610800 53 70
610800 82 83
611100 7 40
611100 7 49
611100 40 53
611400 7 49
611700 27 61
611700 40 61
611700 53 83
612300 51 65
612600 44 69
612900 16 33
612900 24 84
612900 69 83
613200 48 89
613800 20 90
614100 20 65
614400 35 37
615300 28 49
615600 9 29
616200 29 59
616500 22 85
616500 45 91
616500 49 75
616800 1 51
616800 49 75
617400 10 39
617400 10 47
617400 39 56
618000 10 39
618600 44 91
618900 20 61
619200 3 11
619200 57 87
619500 57 87
619800 11 59
620100 11 81
620100 13 20
620400 14 81
620400 24 28
620400 28 31
620400 37 54
620700 13 20
620700 31 63
620700 59 67
621000 13 90
621000 19 30
621300 6 35
621600 6 35
621600 8 58
621600 58 72
621600 69 72
621900 8 58
621900 21 61
621900 50 58
621900 51 61
622200 1 74
622200 20 34
622200 50 58
622200 51 74
622200 74 81
622500 1 74
622500 23 77
622500 42 44
622800 1 6
622800 6 34
622800 23 77
622800 57 77
623100 6 34
623100 6 7
623100 6 37
623100 6 31
623100 7 31
623100 34 39
623100 42 44
623100 61 71
623400 1 45
623400 6 31
623400 6 58
623400 7 31
623400 25 57
623400 31 50
623700 45 62
624000 23 25
624000 30 75
624000 55 86
624300 9 75
624300 58 82
624300 72 73
624600 20 42
624600 33 62
624600 42 62
624900 20 42
624900 38 86
624900 42 62
625200 4 69
625200 10 69
625200 10 74
625200 42 62
625500 1 55
625500 10 69
625500 10 74
625500 20 23
625500 23 38
625500 38 58
625500 42 62
625800 10 69
625800 23 38
625800 24 39
625800 28 39
625800 28 58
625800 39 58
625800 43 44
626100 1 35
626100 2 52
626100 24 74
626100 28 39
626100 39 58
626100 43 44
626400 24 74
626400 28 39
626400 28 86
626400 32 37
626400 37 41
626400 39 54
626400 39 75
626400 41 52
626700 32 37
626700 37 41
626700 39 75
626700 39 54
626700 39 89
626700 41 60
626700 54 89
626700 56 83
627000 24 74
627000 32 37
627000 39 89
627300 32 37
627600 16 49
627600 19 63
627600 42 49
627900 16 49
627900 28 64
627900 50 86
628200 14 83
628200 18 44
628200 28 64
628200 50 86
628500 16 49
628500 28 64
628500 50 86
628800 2 8
628800 16 49
628800 28 64
628800 50 86
629100 16 49
629100 28 64
629100 50 86
629400 3 39
629400 4 68
629400 12 26
629400 28 64
629400 39 55
629400 50 86
629400 55 68
629700 39 55
629700 55 68
629700 62 67
630000 28 64
630600 32 37
631200 2 4
631200 36 69
631200 52 58
631200 57 69
631500 7 37
631500 11 69
631500 54 75
631800 0 47
631800 16 56
631800 54 75
632100 16 56
632100 35 80
632100 54 75
632100 62 74
632400 9 11
632400 16 56
632700 11 65
632700 16 56
632700 36 43
633000 5 91
633000 11 65
633000 14 80
633000 20 29
633300 0 25
633300 14 20
633300 49 79
633900 82 87
634200 37 80
634200 82 87
635100 53 80
635700 3 90
635700 5 45
636000 5 45
636000 10 41
636000 72 88
636300 3 48
636600 3 48
636600 8 61
636600 20 89
636600 20 21
636600 42 74
636600 61 74
636900 8 61
636900 20 89
636900 64 68
637200 8 61
637200 64 68
637500 11 29
637500 20 89
637500 32 58
637800 32 58
637800 51 58
638100 21 63
638100 63 89
638400 21 63
638400 51 58
638400 63 89
638700 3 87
638700 16 87
639000 0 28
639000 16 87
639000 52 60
639300 52 60
639900 48 89
640800 9 11
641100 36 53
693000 1 67
693300 18 63
693600 30 75
693600 54 67
694800 27 71
695400 11 61
695400 42 44
695400 47 76
695700 2 82
695700 23 50
695700 28 68
695700 42 44
695700 60 79
696000 2 82
696300 4 58
696300 24 36
696600 0 47
696600 12 25
696600 51 58
697200 32 77
697200 42 79
697500 23 82
697500 23 28
697500 33 82
697500 59 77
697800 7 21
697800 18 50
697800 20 21
697800 22 62
697800 23 82
697800 42 79
698100 0 77
698100 18 50
698100 33 82
698100 45 90
698100 71 88
698400 18 50
698400 50 88
698400 71 88
698400 73 80
698700 6 58
698700 11 91
698700 26 57
698700 50 88
699000 11 91
699000 11 25
699000 50 88
699000 71 83
699300 4 14
699300 11 91
699300 11 25
699300 35 48
699300 48 58
699300 71 83
699600 11 91
699600 11 25
699600 48 58
699600 50 88
699600 50 60
699600 57 85
699600 71 83
699900 6 60
699900 11 25
699900 35 83
699900 40 83
699900 48 58
699900 50 88
699900 50 60
700200 6 60
700200 37 71
700200 48 58
700200 50 88
700200 61 90
700200 71 83
700500 6 60
700500 35 83
700500 35 57
700500 35 37
700500 37 71
700500 61 90
700500 71 83
700500 76 78
700800 4 88
700800 6 60
700800 30 48
700800 35 37
700800 35 83
700800 48 58
700800 48 91
700800 50 88
701100 4 88
701100 4 37
701100 6 60
701100 35 57
701100 37 73
701100 50 88
701100 56 72
701400 0 72
701400 4 88
701400 6 60
701400 35 83
701400 37 73
701400 37 85
701400 44 48
701400 50 88
701400 56 72
701700 6 60
701700 14 68
701700 35 51
701700 50 88
701700 51 74
701700 56 72
702000 8 85
702000 8 84
702000 14 82
702000 51 74
702000 56 72
702000 63 82
702300 22 83
702300 35 51
702300 50 88
702300 56 72
702300 63 82
702600 8 85
702600 8 84
702600 56 72
702600 63 83
702900 8 85
702900 8 16
702900 56 72
703200 8 85
703500 1 29
703500 42 54
703800 1 29
703800 76 85
704100 1 29
704100 26 61
704400 73 85
704700 2 90
705000 45 55
705300 19 79
705600 19 24
705600 43 84
705900 5 36
705900 25 91
705900 52 62
706200 5 36
706200 5 8
706200 73 86
706500 5 36
706500 5 62
706500 25 91
706500 62 79
706800 24 73
706800 24 86
706800 61 86
706800 73 86
706800 73 79
707100 24 73
707100 61 86
707100 73 86
707400 31 79
707400 61 86
707400 73 79
707400 73 86
707700 71 76
708000 42 48
709800 15 65
709800 15 39
709800 15 66
710100 1 21
710100 15 66
710100 15 39
710100 15 86
710100 54 65
710400 15 39
710400 31 54
710400 56 65
710700 2 46
710700 8 39
710700 14 27
710700 15 66
710700 36 44
710700 42 65
711000 2 46
711000 2 37
711000 8 66
711000 14 73
711000 15 66
711000 17 67
711000 22 67
711000 42 65
711000 46 65
711300 2 3
711300 2 66
711300 15 66
711300 22 67
711300 36 44
711300 37 57
711300 42 65
711600 4 87
711600 14 73
711600 22 67
711600 24 41
711600 32 41
711600 42 65
711600 46 65
711600 51 66
711900 15 66
711900 22 67
711900 34 61
711900 39 61
711900 42 65
712200 22 67
712200 22 73
712200 34 73
712200 39 73
712200 39 50
712200 66 73
712500 22 73
712500 39 73
712500 55 78
712800 17 22
712800 21 50
712800 37 50
712800 39 73
713100 6 28
713100 22 72
713100 39 73
713400 5 57
713400 6 28
713400 42 72
713400 57 62
714000 20 71
714300 20 31
714300 33 42
714300 47 87
714600 35 62
714600 47 87
714900 22 42
715200 26 27
716100 9 69
716100 40 59
716100 69 80
716400 40 59
716700 9 69
717000 4 38
717000 4 59
717300 4 59
717300 4 69
717300 4 60
717600 4 59
717900 42 89
718200 7 42
718200 43 59
718500 39 77
718500 42 89
718800 39 72
719100 49 77
719400 14 26
719400 26 40
719400 26 39
719700 19 26
719700 26 39
719700 32 82
720000 24 38
720000 64 90
720300 6 71
720300 64 90
720600 6 71
720600 63 88
720600 73 88
720900 39 42
720900 63 88
721200 21 58
721200 63 88
721200 66 88
721200 86 90
721500 2 39
721500 55 63
721800 2 39
721800 31 75
721800 35 73
722100 2 39
722100 16 21
722100 35 73
722700 36 74
723300 38 47
723900 43 47
724200 17 48
724800 12 87
725100 50 87
725700 22 27
725700 46 67
725700 48 84
726300 61 71
726600 54 68
726900 33 48
727200 36 54
727200 36 42
727200 42 79
730800 31 79
731100 48 89
778500 3 9
778800 2 64
779100 3 56
779400 10 48
780000 12 74
780000 28 74
780000 38 74
780300 32 74
780600 12 74
780600 38 74
780900 57 73
781800 10 66
782100 31 57
782100 44 66
782400 2 25
782400 25 31
782400 44 58
782700 1 30
782700 2 25
782700 18 57
782700 27 30
783000 8 76
783000 9 87
783000 41 61
783300 14 50
783300 41 61
783300 50 85
783600 2 57
783600 8 49
783600 41 61
783600 45 49
783900 16 63
783900 22 41
783900 41 61
784200 2 41
784200 3 59
784200 8 70
784200 22 41
784500 2 48
784500 8 70
784500 51 81
784500 76 81
784800 3 10
784800 3 29
784800 4 82
784800 6 10
784800 8 70
784800 60 66
784800 62 66
784800 76 81
785100 3 29
785100 3 10
785100 4 82
785100 5 70
785100 6 10
785100 27 70
785400 1 30
785400 3 29
785400 4 82
785400 5 70
785400 13 74
785400 27 70
785400 60 66
785700 5 70
785700 13 48
785700 27 70
786000 3 29
786000 13 74
786000 14 58
786000 18 29
786000 18 43
786000 74 90
786300 9 73
786300 14 58
786300 34 84
786600 3 15
786600 9 73
786600 12 31
786600 14 58
786900 9 73
786900 14 58
786900 25 31
786900 31 86
787200 9 73
787200 14 58
787200 25 31
787200 31 86
787200 69 73
787500 9 73
787500 45 73
787800 57 81
788100 28 81
788100 61 70
788400 2 47
788400 19 53
788400 28 80
788700 10 73
789300 27 72
789900 9 37
790200 24 91
790500 16 22
790500 54 62
790800 16 22
790800 20 26
791100 16 22
791100 23 85
791400 16 22
791400 53 70
791700 4 56
792000 12 36
792000 23 24
792300 15 66
792600 6 72
792600 15 66
792900 17 27
793200 87 88
793500 27 42
793500 71 80
793800 1 86
793800 27 43
793800 52 86
793800 55 56
794100 12 82
794100 55 56
794100 55 86
794400 40 86
794400 52 87
794700 18 87
794700 37 52
795000 25 40
795300 43 51
795600 30 62
795600 51 62
795900 55 68
796200 14 30
796200 14 73
796200 68 79
796500 6 34
796500 14 73
796500 14 63
796500 14 17
796500 31 55
796800 14 17
796800 22 81
796800 22 74
797100 4 84
797100 17 40
797100 22 24
797100 24 63
797100 43 84
797400 22 24
797400 26 52
797400 43 84
797700 5 55
797700 22 24
797700 35 55
798000 2 40
798000 35 55
798000 40 73
798000 40 43
798300 2 40
798300 22 73
798300 40 73
798300 40 43
798600 2 40
798600 2 66
798600 2 12
798600 2 73
798600 40 43
798600 54 90
798600 54 56
798900 7 18
798900 22 51
798900 40 43
798900 43 51
798900 54 90
798900 87 90
799200 12 31
799200 22 51
799200 33 40
799200 40 43
799200 43 51
799200 59 90
799500 13 65
799500 13 51
799500 32 33
799500 40 43
799500 45 79
799800 40 43
799800 45 79
800100 5 36
800100 13 65
800100 26 75
800100 37 63
800100 40 43
800100 45 79
800400 40 43
800400 45 79
800400 65 79
800700 13 65
800700 40 47
800700 47 68
801000 65 79
801600 29 80
801900 87 91
802200 9 31
802200 52 79
802500 28 66
802800 35 40
803100 28 66
803100 64 76
803400 28 66
803400 35 40
803400 41 63
803700 35 76
803700 74 76
804600 24 77
805200 8 52
805800 13 64
807000 18 72
807000 72 86
807600 39 68
807900 0 86
807900 48 57
807900 52 86
808200 39 72
808200 52 72
808500 18 47
808500 31 77
808500 52 72
808500 52 86
808800 52 72
809100 16 70
809400 24 70
809400 39 58
809400 53 68
809400 58 85
809700 24 70
810000 24 70
810300 31 74
810600 60 67
810900 33 48
812400 12 52
813300 19 26
813600 48 87
814800 22 85
815100 52 85
815400 44 63
815400 63 65
815700 44 63
816000 44 63
817500 43 78
867000 54 81
868200 10 41
868200 20 51
868500 20 43
868500 27 88
868500 43 62
868500 69 88
868800 1 73
868800 6 30
868800 30 39
868800 52 82
868800 69 88
868800 71 82
869100 13 88
869100 13 83
869100 16 52
869100 69 88
869400 20 34
869400 24 80
869400 30 80
869700 3 34
870000 14 74
870000 34 55
870000 34 85
870000 52 69
870300 24 85
870300 24 29
870300 34 59
870300 52 85
870300 52 72
870600 17 42
870600 42 62
870900 59 70
870900 74 80
871200 3 47
871200 47 88
871500 38 84
871500 45 87
871800 1 59
871800 11 34
871800 67 84
872100 5 59
872100 11 34
872100 16 46
872100 45 87
872100 75 89
872400 11 34
872400 45 87
872400 45 76
872700 50 75
873000 40 87
873300 3 81
873300 19 34
873600 2 78
873600 13 34
873900 10 34
873900 13 34
873900 19 34
873900 25 81
873900 29 34
874200 1 76
874200 5 76
874200 9 40
874200 25 81
874500 1 5
874500 5 76
874500 10 91
874500 27 72
874500 27 81
874500 76 77
874800 10 91
874800 16 81
874800 27 77
874800 76 77
875100 17 66
875100 27 72
875100 66 86
875400 16 67
875400 27 72
875700 16 67
875700 27 72
876000 16 67
876000 27 72
876300 25 76
876300 27 72
876900 28 74
876900 52 68
876900 53 71
877200 53 79
877500 7 56
877500 53 88
877800 7 56
877800 16 63
877800 35 36
877800 49 62
878100 49 62
878400 20 41
878400 49 62
878700 20 41
879000 14 23
879000 57 71
879300 6 87
879600 14 73
879600 14 17
880200 15 17
880200 77 91
880500 7 34
880800 14 75
880800 14 39
880800 31 54
880800 31 75
881100 2 86
881100 14 39
881400 12 43
881400 14 39
881400 43 62
881700 10 36
881700 12 43
881700 42 63
882000 29 52
882000 41 52
882000 42 63
882300 10 23
882300 26 52
882300 29 52
882300 52 64
882600 10 40
882600 14 18
882600 26 52
882900 8 66
882900 29 52
883200 2 14
883200 16 90
883200 68 86
883500 2 42
883500 5 35
883500 16 90
883500 22 55
883500 35 68
883500 42 66
883500 66 68
883800 13 38
883800 15 41
883800 19 56
883800 31 56
883800 33 82
883800 38 81
883800 66 68
884100 4 35
884100 15 41
884100 26 77
884100 26 28
884100 33 82
884100 36 42
884100 66 68
884400 3 83
884400 19 56
884400 19 45
884400 24 53
884400 33 82
884700 7 87
884700 9 35
884700 12 58
884700 12 18
884700 18 58
884700 19 56
884700 26 28
885000 7 87
885000 12 31
885000 19 56
885000 24 53
885000 31 53
885000 39 59
885300 30 50
885300 30 72
885300 31 53
885600 31 53
885600 31 41
885600 41 91
885900 1 46
885900 46 58
885900 62 77
886200 20 86
886200 62 77
886500 20 86
886800 20 86
886800 23 63
886800 72 78
887100 30 63
887100 43 47
887100 76 80
887400 43 47
887700 34 35
888000 35 44
888000 66 79
888300 9 84
888300 35 44
888300 62 86
888300 63 86
888600 8 54
888600 8 33
888600 9 84
888600 35 44
888900 9 84
888900 32 67
888900 62 86
889200 8 33
889200 15 79
889200 28 49
889200 62 86
889500 1 70
889500 8 33
889500 28 49
889500 32 67
889800 15 21
889800 39 49
889800 46 51
889800 62 86
890100 1 70
890100 46 51
890400 46 51
890700 36 70
891000 13 34
891300 18 25
891600 16 85
891600 18 25
891900 18 25
891900 36 69
892200 64 85
892200 77 90
892500 22 57
892500 36 69
892500 64 85
892800 25 66
892800 36 69
892800 54 86
893100 16 36
893100 22 57
893100 39 85
893100 42 61
893100 54 86
893400 0 47
893400 73 87
893700 13 68
893700 29 83
894300 15 23
894600 25 58
894900 24 58
894900 25 50
894900 50 70
895200 18 25
895200 47 50
895200 72 90
895500 14 24
895500 18 77
895500 26 35
895500 47 50
895800 14 50
895800 14 25
895800 47 50
896100 29 47
896100 47 50
896100 48 73
896400 25 73
896400 34 70
896400 47 50
896700 10 34
896700 20 47
896700 29 34
897000 7 60
897000 62 67
897000 62 74
897300 81 88
897600 81 88
897900 52 59
898200 35 48
898200 48 59
898200 49 51
898500 48 59
898500 64 71
898800 22 38
898800 48 59
899100 38 75
899100 48 59
899700 16 40
954600 9 53
954600 20 66
954900 20 66
955200 14 44
955500 0 52
955500 14 44
955800 11 12
955800 14 44
955800 22 46
955800 22 50
955800 26 46
956100 14 44
956100 82 88
956400 0 53
956400 10 87
956400 10 29
956700 10 87
956700 10 20
956700 10 54
956700 11 54
956700 22 91
957000 22 91
957300 21 26
957300 55 81
957300 55 69
957600 14 34
957600 21 45
957600 45 47
957600 55 81
957900 7 37
957900 7 15
957900 15 64
957900 32 37
957900 58 70
958200 14 34
958200 58 70
958500 58 70
959100 20 87
959400 43 82
960300 12 62
960600 62 84
960900 39 51
960900 50 53
961200 8 80
961200 29 43
961500 3 47
961500 8 80
961500 41 88
961500 55 90
961800 8 80
961800 20 47
961800 67 76
962100 8 80
962100 16 27
962400 12 36
962400 34 49
962700 46 65
962700 61 83
963000 46 65
963000 61 83
963300 0 71
963300 61 83
963600 23 90
963600 61 83
963900 61 83
964200 23 90
964200 28 48
964500 1 5
964500 19 90
964500 23 30
964800 9 51
964800 19 38
964800 23 30
965100 19 38
965100 23 30
965100 62 88
965400 13 71
965400 19 38
965400 32 90
965700 32 90
965700 32 41
965700 41 73
966000 16 90
966000 26 90
966000 26 72
966000 32 90
966000 80 90
966300 26 90
966300 47 80
966300 72 80
966300 80 90
966600 3 14
966600 3 60
966600 15 51
966600 51 86
966900 3 60
966900 3 62
966900 14 60
966900 53 86
967200 4 60
967200 14 60
967500 53 79
967500 79 86
967800 8 10
967800 8 15
967800 10 49
967800 28 40
967800 47 49
967800 50 69
967800 53 69
968100 8 15
968100 28 40
968100 38 39
968100 40 63
968100 62 89
968400 38 39
968400 38 63
968400 42 46
968700 7 38
968700 38 39
969300 38 39
969900 8 23
971700 11 77
971700 21 87
971700 51 77
972000 49 65
972300 46 90
973200 2 90
973500 8 87
973800 1 27
973800 25 81
974400 6 49
975300 28 72
976500 8 10
976500 46 66
976800 30 59
977100 11 67
977400 32 41
977400 56 77
977400 60 77
977700 1 68
977700 32 65
977700 68 70
978000 24 89
978300 11 66
978600 9 38
978600 15 47
978900 9 38
978900 38 46
979200 9 38
979200 19 77
979500 9 38
979800 20 21
980400 9 76
980700 33 49
980700 40 75
981600 6 52
981600 60 89
981900 3 8
982200 7 67
982500 33 70
982800 57 65
983100 13 43
983700 44 67
984600 73 88
985500 32 70
986400 19 69
