0 7 8
0 7 8
1 7 8
1 7 8
1 7 8
1 7 8
2 7 8
2 7 8
2 8 7
2 8 7
3 7 8
3 7 8
3 7 8
3 7 8
4 8 7
4 8 7
4 8 7
4 8 7
5 7 8
5 7 8
5 8 7
5 8 7
6 8 7
6 8 7
6 8 7
6 8 7
7 7 8
7 7 8
7 8 7
7 8 7
8 7 8
8 7 8
8 8 7
8 8 7
9 7 8
9 7 8
9 8 7
9 8 7
10 7 8
10 7 8
10 8 7
10 8 7
11 8 7
11 8 7
11 8 7
11 8 7
12 7 8
12 7 8
12 8 7
12 8 7
13 7 8
13 7 8
13 8 7
13 8 7
14 7 8
14 7 8
14 8 7
14 8 7
15 7 8
15 7 8
15 8 7
15 8 7
16 8 7
16 8 7
16 8 7
16 8 7
17 7 8
17 7 8
17 7 8
17 7 8
18 7 8
18 7 8
18 8 7
18 8 7
19 8 7
19 8 7
19 8 7
19 8 7
20 7 8
20 7 8
20 8 7
20 8 7
20 10 11
20 10 8
20 10 7
21 7 8
21 7 8
21 7 12
21 7 12
21 10 11
21 10 11
21 10 11
21 10 8
21 10 7
22 7 8
22 7 8
22 11 8
22 11 12
22 11 7
22 12 8
22 12 8
22 13 14
22 13 8
22 13 11
23 8 11
23 8 11
23 10 11
23 10 7
23 10 7
24 7 8
24 7 8
24 8 7
24 8 13
24 8 14
24 14 13
24 14 13
24 15 16
24 15 16
25 7 13
25 7 13
25 12 8
25 12 10
25 12 11
25 15 12
25 15 12
26 8 7
26 8 10
26 8 10
26 8 10
26 8 15
26 12 13
26 12 14
26 13 14
26 15 16
26 15 16
27 8 10
27 8 10
27 11 15
27 11 15
27 14 17
27 14 17
28 7 17
28 8 16
28 8 16
28 17 7
28 17 7
28 18 7
28 18 17
29 12 14
29 12 17
29 12 18
29 13 8
29 13 8
29 15 7
29 15 7
29 16 19
29 16 19
30 7 18
30 7 18
30 10 19
30 10 19
30 14 15
30 14 10
30 14 11
30 20 11
30 20 12
30 20 17
31 14 19
31 14 19
31 15 19
31 15 19
31 16 20
31 16 14
31 20 14
32 7 8
32 7 17
32 7 14
32 14 16
32 14 16
32 16 14
32 16 14
32 21 8
32 21 20
32 21 14
33 7 19
33 7 19
33 16 8
33 16 8
34 8 20
34 8 20
34 13 16
34 13 16
34 22 14
34 22 10
34 22 18
35 8 21
35 8 21
35 13 18
35 13 18
36 11 17
36 11 17
36 22 10
36 22 10
37 8 11
37 8 16
37 8 16
37 8 21
37 8 17
37 19 14
37 19 14
37 23 7
37 23 19
37 23 17
38 7 21
38 8 7
38 8 21
38 16 14
38 16 14
38 19 23
38 19 23
38 24 7
38 24 15
38 24 10
39 22 10
39 22 10
39 24 20
39 24 20
40 12 13
40 12 17
40 12 20
40 15 24
40 15 24
40 16 19
40 16 19
40 25 26
40 25 27
40 25 24
41 7 20
41 8 16
41 8 16
41 17 18
41 17 18
41 25 20
41 26 20
42 10 25
42 10 25
42 27 7
42 27 7
43 11 21
43 11 21
43 11 24
43 11 23
43 16 8
43 16 8
43 24 23
44 7 10
44 7 10
44 25 13
44 25 13
45 7 15
45 7 15
45 12 24
45 12 24
46 13 15
46 13 15
46 21 11
46 21 11
47 21 12
47 21 12
47 26 27
47 26 27
48 10 16
48 10 16
48 16 15
48 16 15
49 10 26
49 10 26
49 21 8
49 21 8
50 23 15
50 23 15
50 25 20
50 25 20
51 14 28
51 14 28
51 17 10
51 17 10
51 22 23
51 22 23
51 23 25
51 23 26
51 23 13
52 15 12
52 22 15
52 22 12
52 23 24
52 23 24
52 24 17
52 24 17
53 14 19
53 14 19
53 20 28
53 20 24
53 20 22
53 22 19
53 22 19
54 10 23
54 10 23
54 16 14
54 16 23
54 16 24
54 17 26
54 17 26
55 7 15
55 7 15
55 18 15
55 18 15
56 8 20
56 8 20
56 21 29
56 21 29
56 25 17
56 25 17
57 8 25
57 8 25
57 26 24
57 26 24
58 12 10
58 12 10
58 17 27
58 19 17
58 19 27
58 27 7
58 27 7
59 8 11
59 8 11
59 17 29
59 17 29
59 21 30
59 25 30
59 26 30
60 18 19
60 18 25
60 19 25
60 22 26
60 22 26
60 30 10
60 30 10
61 14 27
61 14 27
61 18 13
61 18 13
62 8 18
62 8 18
62 19 10
62 19 10
63 16 21
63 16 21
63 18 17
63 18 17
64 7 10
64 7 10
64 8 27
64 8 26
64 8 30
64 19 8
64 19 8
65 17 13
65 17 13
65 24 22
65 24 22
66 16 31
66 16 31
66 19 29
66 19 29
66 27 24
66 27 24
67 8 19
67 8 19
67 10 18
67 10 18
67 12 8
67 12 11
67 12 20
68 11 10
68 11 10
68 20 32
68 20 32
68 20 23
68 20 25
68 20 26
68 22 31
68 22 31
69 23 11
69 23 11
69 23 11
69 23 11
69 31 8
69 31 14
69 31 29
70 11 22
70 11 29
70 22 29
70 23 33
70 23 33
70 25 26
70 25 20
70 25 11
70 27 30
70 27 30
70 32 23
70 32 23
71 11 28
71 11 28
71 30 14
71 30 14
72 7 24
72 7 24
72 22 11
72 22 16
72 22 17
72 26 33
72 26 33
73 7 34
73 7 34
73 27 17
73 27 17
73 32 22
73 32 22
74 12 19
74 12 19
74 26 32
74 26 32
74 26 21
74 26 15
74 26 22
75 8 31
75 10 31
75 18 35
75 18 35
75 30 13
75 30 13
75 32 31
75 34 28
75 34 28
76 10 20
76 10 20
76 25 21
76 25 21
77 15 14
77 15 14
77 19 17
77 19 17
77 21 26
77 21 7
77 26 7
78 10 15
78 14 30
78 14 30
78 24 12
78 24 12
78 28 10
78 28 15
78 31 21
78 31 26
78 31 22
78 36 37
78 36 37
79 25 35
79 25 35
79 25 32
79 25 32
80 21 14
80 21 14
80 29 14
80 29 14
80 36 24
80 36 23
80 36 28
80 38 39
80 38 14
80 38 15
81 12 26
81 12 26
81 38 34
81 38 34
82 14 15
82 14 22
82 14 23
82 31 24
82 31 24
82 38 12
82 38 12
82 40 11
82 40 23
82 40 18
83 35 34
83 35 34
83 38 28
83 38 28
83 38 31
83 38 10
83 38 30
84 12 26
84 12 27
84 12 39
84 16 15
84 16 15
84 27 34
84 27 34
85 27 13
85 27 13
85 30 41
85 30 41
85 30 33
85 30 33
86 22 18
86 22 24
86 24 18
86 26 34
86 26 34
86 33 10
86 33 10
87 10 22
87 10 14
87 10 41
87 11 40
87 11 40
87 23 34
87 23 34
87 27 32
87 42 27
87 42 32
88 10 11
88 10 11
88 39 31
88 39 31
89 28 38
89 28 38
89 35 34
89 35 34
90 14 22
90 14 8
90 20 24
90 20 24
90 22 8
90 42 17
90 42 17
90 43 15
90 43 35
90 43 21
91 18 26
91 18 26
91 18 27
91 18 8
91 18 10
91 32 21
91 32 21
91 43 44
91 43 44
92 20 39
92 20 39
92 38 14
92 38 14
93 32 16
93 32 16
93 41 22
93 41 22
94 7 42
94 7 42
94 11 21
94 11 40
94 11 27
94 29 8
94 29 8
94 38 20
94 45 38
94 45 20
95 7 24
95 7 24
95 23 8
95 23 8
96 27 42
96 27 42
96 42 14
96 42 14
97 7 39
97 12 13
97 12 13
97 19 32
97 19 32
97 35 7
97 35 39
98 8 36
98 8 36
98 38 20
98 38 20
98 46 47
98 46 47
99 11 12
99 11 12
99 26 10
99 26 17
99 26 8
99 29 15
99 29 15
100 23 38
100 23 38
100 34 41
100 34 41
101 7 15
101 7 15
101 10 19
101 10 19
101 23 26
101 48 23
101 48 26
102 16 35
102 16 36
102 16 11
102 30 19
102 30 19
102 47 45
102 47 45
103 7 16
103 7 16
103 11 42
103 11 42
104 12 21
104 12 21
104 35 37
104 35 37
104 37 30
104 37 20
104 37 34
105 29 22
105 29 22
105 35 36
105 35 12
105 36 12
105 38 24
105 38 24
106 8 27
106 8 27
106 34 25
106 34 25
107 27 17
107 27 17
107 33 30
107 33 30
108 13 22
108 13 22
108 43 26
108 43 26
109 15 8
109 15 8
109 25 42
109 25 42
109 49 15
109 49 16
109 49 39
110 23 16
110 23 16
110 35 11
110 35 11
111 19 50
111 19 50
111 24 44
111 24 44
111 27 52
111 42 27
111 42 27
111 51 27
111 51 52
112 37 22
112 37 22
112 42 12
112 42 12
113 27 34
113 27 34
113 42 18
113 42 18
114 16 10
114 16 10
114 17 53
114 33 53
114 38 25
114 38 25
114 42 53
115 36 49
115 36 49
115 37 47
115 37 47
116 14 17
116 14 30
116 14 31
116 20 46
116 34 7
116 34 7
116 45 20
116 45 46
116 52 34
116 52 34
117 23 32
117 23 32
117 47 52
117 47 52
117 54 37
117 54 51
117 54 18
118 14 57
118 15 55
118 15 55
118 16 38
118 16 39
118 29 38
118 29 38
118 38 39
118 50 20
118 50 21
118 50 31
118 54 46
118 54 46
118 56 14
118 56 57
119 30 23
119 30 23
119 30 42
119 30 42
119 33 37
119 33 20
119 33 32
120 17 8
120 17 8
120 20 10
120 20 10
120 26 30
120 26 15
120 30 15
121 15 55
121 15 46
121 15 33
121 29 40
121 29 40
121 55 57
121 55 57
122 54 12
122 54 12
122 57 10
122 57 10
123 7 35
123 7 35
123 30 29
123 30 29
123 52 40
123 52 41
123 52 24
123 58 17
123 58 18
123 58 29
124 19 25
124 19 31
124 28 36
124 28 36
124 31 59
124 31 59
124 31 25
124 58 8
124 58 8
125 12 13
125 12 14
125 12 14
125 12 41
125 41 13
125 52 16
125 52 53
125 52 58
125 55 18
125 55 18
126 27 20
126 27 20
126 39 36
126 39 36
126 53 11
126 53 57
126 53 51
127 16 60
127 16 60
127 30 17
127 30 17
127 36 10
127 36 10
128 33 44
128 33 44
128 38 39
128 49 39
128 49 38
128 58 13
128 58 13
129 44 45
129 44 45
129 44 45
129 44 29
129 44 46
129 46 14
129 46 14
130 19 35
130 19 35
130 47 20
130 47 20
131 42 40
131 42 40
131 59 8
131 59 8
132 31 30
132 31 30
132 53 10
132 53 55
132 53 42
132 55 38
132 55 38
133 33 20
133 33 20
133 42 30
133 42 16
133 42 50
133 46 60
133 46 60
134 16 54
134 16 40
134 27 21
134 45 28
134 45 28
134 46 31
134 46 31
134 54 40
134 61 27
134 61 21
135 37 40
135 37 40
135 50 22
135 50 22
136 37 43
136 37 43
136 38 42
136 38 42
136 62 21
136 62 17
136 62 31
137 49 10
137 49 10
137 62 37
137 62 37
138 30 10
138 30 10
138 37 35
138 37 35
139 16 45
139 16 45
139 40 43
139 40 52
139 40 30
139 55 50
139 55 50
140 10 51
140 24 21
140 24 21
140 50 40
140 50 40
140 53 51
140 53 10
141 7 8
141 7 16
141 7 26
141 29 52
141 29 52
141 46 31
141 46 31
142 23 53
142 23 53
142 30 37
142 30 37
142 32 24
142 32 30
142 32 15
143 17 34
143 17 61
143 17 31
143 32 24
143 32 24
143 32 34
143 32 34
144 26 15
144 26 15
144 34 30
144 34 24
144 34 37
144 53 62
144 53 62
145 17 27
145 17 27
145 40 62
145 40 54
145 40 20
145 46 47
145 46 47
146 43 49
146 58 62
146 58 62
146 60 42
146 60 42
146 63 43
146 63 49
147 18 24
147 18 24
147 29 64
147 34 64
147 36 45
147 36 45
147 40 64
148 43 44
148 43 44
148 53 57
148 53 57
149 21 34
149 21 34
149 29 24
149 29 13
149 29 26
149 39 45
149 39 45
150 31 40
150 31 40
150 45 55
150 45 55
151 20 40
151 20 40
151 54 13
151 54 13
152 10 54
152 10 54
152 24 59
152 24 59
152 31 65
152 31 65
153 45 18
153 45 18
153 58 14
153 58 14
154 46 41
154 46 41
154 49 66
154 49 66
154 50 11
154 50 11
155 32 8
155 32 8
155 52 20
155 52 20
156 28 29
156 28 59
156 28 44
156 56 67
156 56 67
156 62 44
156 62 44
156 63 15
156 63 15
157 34 43
157 34 43
157 50 31
157 50 62
157 50 51
157 53 15
157 53 15
158 14 34
158 14 52
158 34 52
158 35 19
158 35 19
158 62 33
158 62 33
159 10 50
159 10 50
159 18 65
159 18 65
159 56 44
159 56 29
159 56 15
160 31 29
160 31 29
160 64 21
160 64 21
161 15 53
161 15 53
161 24 13
161 24 37
161 24 67
161 30 38
161 30 38
162 26 16
162 26 16
162 31 8
162 31 8
162 57 12
162 57 20
162 57 37
163 7 14
163 7 14
163 56 13
163 56 13
163 59 70
163 59 70
163 68 69
163 68 69
164 29 13
164 29 13
164 41 40
164 41 40
165 12 23
165 24 17
165 24 17
165 56 25
165 56 25
166 24 54
166 24 54
166 25 23
166 25 23
166 50 34
166 50 10
166 50 66
167 31 21
167 31 21
167 32 63
167 32 63
168 24 48
168 24 48
168 40 49
168 40 49
169 42 53
169 42 53
169 63 11
169 63 11
170 32 44
170 32 44
170 38 8
170 38 8
171 34 15
171 34 15
171 39 71
171 39 71
171 54 69
171 54 69
172 49 35
172 49 35
172 50 60
172 50 60
173 54 30
173 54 43
173 54 56
173 58 68
173 58 68
173 62 58
173 62 58
174 36 30
174 36 30
174 59 64
174 59 64
175 20 52
175 20 52
175 37 35
175 37 66
175 37 38
175 43 16
175 43 16
175 58 67
175 58 22
175 67 22
176 12 10
176 12 61
176 12 66
176 35 22
176 35 22
176 66 11
176 66 11
177 11 66
177 11 66
177 16 72
177 16 72
177 24 46
177 24 46
178 21 30
178 21 30
178 24 56
178 24 56
179 51 30
179 51 30
179 54 17
179 54 17
180 8 73
180 34 73
180 47 33
180 47 33
180 57 73
180 61 54
180 61 54
181 28 19
181 28 35
181 28 58
181 43 21
181 43 21
181 43 14
181 43 14
182 41 59
182 41 14
182 41 47
182 68 34
182 68 34
182 70 67
182 70 67
183 7 35
183 7 44
183 7 47
183 26 63
183 26 63
183 72 8
183 72 8
184 20 32
184 20 32
184 40 36
184 40 36
185 13 52
185 13 52
185 68 53
185 68 53
186 13 45
186 13 31
186 20 59
186 20 59
186 28 74
186 28 74
186 45 31
186 69 61
186 69 61
187 31 20
187 31 20
187 35 36
187 35 36
188 26 42
188 34 46
188 34 46
188 44 31
188 44 31
188 47 42
188 52 42
189 20 25
189 20 25
189 60 63
189 60 63
190 40 34
190 40 32
190 40 66
190 60 35
190 60 35
190 65 50
190 65 50
191 16 53
191 16 53
191 29 14
191 29 10
191 29 18
191 54 22
191 54 22
192 59 19
192 59 19
192 68 72
192 68 72
193 58 56
193 58 56
193 73 25
193 73 25
194 43 72
194 43 7
194 43 27
194 44 20
194 44 20
194 70 65
194 70 65
195 26 36
195 27 53
195 27 53
195 28 36
195 28 26
195 57 31
195 57 31
195 75 76
195 75 46
195 75 22
196 33 20
196 33 20
196 37 77
196 37 77
196 40 13
196 40 13
197 47 50
197 47 50
197 76 75
197 76 75
198 8 13
198 8 13
198 23 31
198 23 31
198 57 70
198 57 74
198 57 29
199 8 52
199 8 52
199 53 8
199 53 8
200 24 66
200 24 66
200 28 78
200 41 78
200 65 78
200 71 13
200 71 13
201 10 48
201 10 48
201 24 7
201 24 7
202 20 7
202 20 7
202 22 79
202 22 79
202 34 27
202 34 27
203 23 43
203 23 43
203 79 69
203 79 69
204 59 46
204 59 46
204 59 10
204 59 10
205 20 32
205 20 32
205 52 31
205 52 31
205 62 35
205 62 13
205 62 57
206 60 47
206 60 47
206 71 11
206 71 11
207 8 49
207 8 49
207 44 80
207 44 80
207 58 26
207 58 77
207 58 10
207 67 44
207 67 44
208 27 65
208 27 65
208 37 71
208 37 71
208 40 76
208 40 68
208 76 68
209 47 26
209 47 26
209 62 19
209 62 19
209 78 81
209 78 81
210 34 15
210 34 80
210 34 16
210 69 22
210 69 22
210 74 15
210 74 15
210 82 83
210 82 53
210 82 38
211 24 27
211 24 27
211 29 48
211 29 35
211 29 79
211 82 7
211 82 7
212 26 62
212 26 62
212 33 59
212 33 59
212 64 58
212 84 64
212 84 58
213 32 63
213 32 63
213 48 66
213 48 66
214 57 33
214 57 33
214 80 15
214 80 15
215 30 39
215 30 39
215 46 8
215 46 74
215 46 40
215 60 61
215 60 61
216 23 49
216 23 49
216 43 39
216 43 39
217 14 78
217 14 78
217 49 83
217 49 83
218 16 67
218 19 67
218 30 65
218 30 70
218 30 82
218 34 67
218 35 74
218 70 55
218 70 55
218 81 58
218 81 58
218 84 35
218 84 74
219 18 21
219 18 21
219 58 77
219 58 77
220 26 64
220 26 64
220 64 7
220 64 7
221 17 42
221 17 42
221 51 85
221 51 85
221 55 15
221 55 15
221 67 20
221 67 35
221 67 76
222 13 86
222 13 86
222 32 84
222 32 84
222 34 53
222 34 53
223 12 88
223 45 46
223 45 46
223 67 88
223 82 24
223 82 24
223 87 88
224 42 44
224 42 88
224 42 51
224 56 43
224 56 43
224 85 34
224 85 34
225 34 61
225 34 61
225 44 46
225 44 68
225 44 78
225 69 36
225 69 36
226 12 89
226 12 89
226 26 53
226 26 53
226 60 69
226 60 69
227 15 90
227 15 90
227 22 40
227 22 40
227 22 63
227 22 63
227 43 49
227 43 67
227 67 49
228 40 13
228 40 13
228 46 47
228 46 47
229 7 34
229 7 34
229 15 14
229 15 69
229 15 10
229 25 91
229 36 91
229 58 77
229 58 77
229 68 91
230 59 47
230 59 47
230 73 53
230 73 53
231 38 12
231 50 11
231 50 11
231 59 11
231 59 11
231 80 38
231 80 12
232 23 79
232 23 79
232 60 31
232 60 31
232 86 46
232 86 13
232 86 67
233 8 52
233 8 52
233 27 42
233 27 42
233 27 93
233 50 93
233 51 93
233 92 81
233 92 30
233 92 84
234 23 83
234 23 83
234 38 70
234 38 70
234 94 58
234 94 72
234 94 76
235 30 75
235 30 75
235 84 88
235 84 88
236 38 95
236 52 21
236 52 21
236 61 83
236 61 83
236 63 95
236 64 95
236 82 16
236 82 80
236 82 35
237 18 37
237 18 37
237 27 97
237 58 72
237 59 87
237 59 87
237 96 27
237 96 97
237 98 58
237 98 72
238 36 81
238 36 81
238 68 15
238 68 15
238 89 99
238 89 99
239 8 33
239 8 33
239 16 72
239 16 63
239 16 77
239 94 14
239 94 14
240 14 86
240 56 72
240 56 72
240 76 93
240 76 93
241 18 25
241 18 25
241 32 80
241 32 80
242 48 100
242 48 100
242 49 25
242 49 25
242 86 41
242 86 41
243 12 32
243 12 55
243 32 55
243 64 51
243 64 51
243 86 96
243 86 96
244 37 101
244 37 101
244 46 23
244 46 23
244 62 77
244 62 77
245 14 102
245 17 10
245 17 10
245 44 102
245 46 83
245 46 83
245 62 102
246 42 56
246 42 56
246 59 93
246 59 93
246 103 75
246 103 78
246 103 39
247 27 75
247 27 75
247 103 38
247 103 38
247 104 67
247 104 78
247 104 98
248 10 105
248 10 105
248 32 42
248 32 95
248 42 95
248 72 104
248 72 41
248 72 87
248 76 19
248 76 19
248 94 65
248 94 65
249 25 77
249 25 77
249 45 51
249 45 51
249 106 107
249 106 107
250 41 54
250 41 54
250 68 63
250 68 63
251 21 96
251 21 96
251 73 110
251 73 110
251 94 40
251 94 40
251 108 109
251 108 109
252 23 81
252 23 52
252 23 95
252 39 24
252 39 24
252 49 111
252 49 111
252 63 28
252 63 28
253 41 59
253 41 25
253 41 43
253 50 55
253 50 55
253 68 100
253 68 100
254 37 112
254 37 112
254 42 98
254 42 98
254 54 47
254 54 47
255 82 60
255 82 60
255 110 41
255 110 41
256 88 81
256 88 81
256 97 83
256 97 83
257 32 108
257 32 108
257 36 60
257 36 62
257 36 72
257 56 29
257 56 29
258 15 22
258 15 22
258 28 100
258 28 100
258 34 113
258 34 113
259 48 91
259 48 91
259 62 67
259 62 67
260 13 26
260 13 26
260 52 102
260 52 19
260 54 45
260 54 45
260 80 32
260 80 55
260 80 42
260 102 19
260 114 115
260 114 115
261 18 86
261 18 86
261 62 33
261 62 33
261 106 116
261 106 116
261 117 63
261 117 97
261 117 49
262 42 68
262 42 68
262 95 61
262 95 61
263 17 8
263 17 8
263 27 63
263 27 63
263 35 118
263 35 118
263 73 55
263 73 46
263 73 105
263 119 120
263 119 48
263 119 69
264 48 20
264 48 20
264 69 92
264 69 92
265 16 86
265 16 86
265 49 74
265 49 74
265 121 73
265 121 38
265 121 45
266 82 11
266 82 11
266 105 50
266 105 50
267 24 15
267 24 15
267 57 36
267 57 36
268 18 47
268 18 47
268 70 83
268 70 83
268 117 82
268 117 48
268 117 32
269 12 20
269 12 32
269 20 32
269 79 76
269 79 76
269 84 33
269 84 33
270 39 36
270 39 36
270 48 58
270 48 93
270 58 93
270 110 111
270 110 111
271 89 29
271 89 29
271 120 62
271 120 62
272 27 85
272 27 85
272 28 36
272 28 115
272 28 52
272 79 49
272 79 49
273 13 122
273 13 122
273 14 109
273 14 109
273 30 93
273 30 93
274 37 105
274 37 105
274 70 57
274 70 57
275 18 56
275 18 56
275 116 56
275 116 56
276 59 78
276 59 91
276 59 60
276 76 56
276 76 56
276 116 60
276 116 60
277 54 91
277 54 91
277 55 114
277 55 114
278 35 15
278 35 15
278 116 114
278 116 35
278 116 49
278 121 13
278 121 13
279 43 95
279 43 95
279 111 30
279 111 30
280 16 123
280 16 123
280 36 79
280 36 86
280 72 111
280 72 111
280 79 86
280 102 63
280 102 63
281 29 113
281 29 113
281 58 48
281 58 48
281 122 55
281 122 59
281 122 49
282 28 37
282 78 28
282 78 37
282 105 15
282 105 15
282 111 8
282 111 8
283 19 56
283 19 56
283 77 94
283 77 112
283 77 115
283 82 57
283 82 57
284 26 7
284 26 62
284 26 55
284 67 27
284 72 38
284 72 38
284 90 92
284 90 92
284 96 27
284 96 67
285 23 65
285 23 45
285 32 57
285 32 57
285 65 45
285 82 103
285 82 103
286 19 54
286 19 54
286 44 108
286 44 108
286 51 124
286 51 124
286 125 114
286 125 122
286 125 116
287 37 42
287 37 42
287 40 108
287 49 48
287 49 48
287 126 40
287 126 108
287 127 11
287 127 112
287 127 12
288 104 29
288 104 29
288 119 114
288 119 114
288 128 104
288 128 92
288 128 120
289 91 101
289 91 101
289 125 126
289 125 126
290 60 18
290 60 18
290 61 115
290 61 115
290 129 130
290 129 131
290 129 36
291 28 102
291 28 102
291 54 113
291 54 113
291 65 82
291 65 64
291 82 64
292 17 132
292 29 122
292 29 122
292 51 132
292 74 120
292 74 120
292 112 132
292 127 8
292 127 36
292 127 17
293 12 58
293 12 58
293 59 33
293 59 33
293 121 54
293 121 94
293 121 104
294 83 31
294 83 31
294 95 112
294 95 23
294 95 97
294 108 27
294 108 27
294 133 134
294 133 134
294 135 101
294 135 16
294 135 44
295 32 16
295 32 16
295 46 115
295 46 115
295 48 23
295 58 23
295 72 23
295 76 136
295 76 136
296 38 54
296 38 54
296 57 45
296 57 45
297 46 25
297 46 25
297 108 48
297 112 10
297 112 10
297 125 126
297 125 128
297 125 28
297 137 108
297 137 48
298 96 115
298 96 115
298 125 111
298 125 111
298 138 12
298 138 98
298 138 28
299 22 131
299 22 131
299 118 130
299 118 130
300 21 30
300 21 30
300 45 26
300 45 26
301 23 139
301 23 139
301 25 62
301 70 8
301 70 129
301 70 84
301 95 10
301 95 10
301 99 81
301 99 81
301 129 25
301 129 62
302 34 84
302 34 84
302 38 132
302 38 132
302 45 78
302 62 45
302 62 78
303 35 50
303 35 50
303 57 102
303 57 104
303 57 94
303 82 124
303 82 124
304 11 131
304 11 131
304 14 85
304 14 85
304 24 54
304 24 48
304 24 120
305 86 140
305 86 140
305 122 127
305 122 127
305 131 7
305 131 7
306 7 61
306 7 61
306 45 138
306 45 100
306 45 44
306 50 115
306 50 115
307 35 49
307 35 49
307 35 125
307 74 64
307 74 64
307 85 125
307 130 125
307 141 13
307 141 126
307 141 106
308 35 116
308 35 116
308 120 44
308 120 44
309 93 124
309 93 124
309 100 71
309 125 100
309 125 71
309 130 53
309 130 53
310 33 90
310 33 15
310 33 115
310 51 110
310 51 110
310 78 56
310 78 56
311 43 76
311 43 76
311 81 107
311 81 107
312 17 36
312 17 37
312 17 101
312 120 16
312 120 16
312 133 50
312 133 50
313 11 7
313 11 98
313 11 36
313 106 34
313 106 34
313 137 47
313 137 47
314 29 35
314 29 35
314 86 20
314 86 20
314 117 76
314 117 108
314 117 102
315 24 112
315 24 112
315 29 97
315 29 97
316 18 44
316 18 44
316 76 78
316 76 78
316 123 97
316 123 18
316 123 69
317 62 85
317 62 85
317 105 11
317 105 11
318 31 73
318 31 73
318 33 65
318 33 82
318 33 117
318 110 41
318 110 41
319 8 70
319 8 70
319 13 67
319 13 67
320 43 113
320 43 113
320 123 126
320 123 126
320 142 143
320 142 143
321 79 138
321 79 138
321 117 20
321 117 20
321 124 144
321 124 144
322 32 134
322 32 134
322 51 59
322 51 59
323 75 48
323 75 48
323 85 145
323 85 145
323 85 19
323 85 19
324 28 73
324 28 73
324 53 59
324 53 59
324 53 78
324 123 53
324 123 78
325 15 7
325 15 125
325 15 131
325 99 144
325 99 144
325 109 25
325 109 25
326 109 29
326 109 29
326 145 29
326 145 29
326 146 120
326 146 96
326 146 13
327 15 30
327 15 30
327 33 47
327 33 39
327 33 73
327 84 108
327 84 108
328 45 49
328 45 49
328 87 147
328 87 147
328 108 134
328 108 134
329 54 7
329 54 7
329 65 81
329 65 81
329 110 57
329 110 101
329 110 147
330 40 15
330 40 15
330 56 139
330 56 139
330 94 99
330 94 84
330 99 84
331 28 15
331 28 15
331 137 41
331 137 41
332 53 129
332 53 129
332 147 15
332 147 15
333 8 114
333 8 114
333 108 51
333 108 51
333 148 149
333 148 150
333 148 32
334 14 29
334 15 141
334 15 141
334 18 116
334 18 116
334 28 55
334 28 141
334 28 122
334 43 29
334 54 29
334 151 152
334 151 58
334 151 56
335 59 52
335 64 59
335 64 52
335 75 108
335 75 108
335 132 114
335 132 114
336 49 125
336 49 125
336 68 82
336 68 82
336 101 153
336 101 153
337 32 46
337 32 46
337 68 28
337 68 28
338 32 143
338 32 48
338 65 109
338 65 109
338 119 95
338 119 95
338 143 48
339 50 151
339 50 151
339 107 18
339 107 18
339 151 89
339 151 128
339 151 84
340 55 141
340 55 141
340 77 119
340 77 119
341 11 89
341 11 89
341 59 154
341 59 154
341 75 42
341 75 42
342 61 28
342 61 28
342 112 13
342 112 13
343 29 98
343 29 98
343 35 111
343 35 111
344 72 29
344 72 29
344 103 60
344 103 60
345 125 91
345 125 91
345 129 17
345 129 17
346 12 71
346 12 71
346 115 22
346 115 22
346 155 143
347 19 73
347 19 73
347 113 25
347 113 25
348 41 32
348 41 32
348 147 101
348 147 101
349 97 32
349 97 32
349 134 70
349 134 70
349 141 156
349 141 156
350 117 141
350 117 141
350 129 148
350 129 148
351 8 147
351 8 54
351 10 122
351 10 122
351 126 86
351 126 86
351 140 136
351 140 113
351 140 38
351 147 54
352 27 73
352 40 112
352 40 112
352 62 73
352 69 23
352 69 23
352 83 73
352 157 158
352 157 158
353 50 8
353 50 8
353 68 35
353 68 35
353 139 92
353 139 118
353 139 68
354 56 24
354 56 24
354 128 140
354 128 140
355 10 130
355 10 130
355 24 142
355 24 144
355 46 159
355 46 159
355 142 144
355 144 123
355 144 123
356 84 65
356 84 65
356 104 100
356 104 100
357 74 160
357 74 160
357 100 51
357 100 51
357 128 52
357 128 52
358 11 161
358 11 161
358 14 148
358 14 148
358 114 28
358 114 28
358 130 147
358 130 152
358 130 157
359 76 77
359 76 77
359 91 142
359 97 68
359 97 68
359 146 162
359 146 162
359 156 91
359 156 142
360 21 63
360 21 31
360 37 117
360 37 117
360 63 31
360 76 23
360 76 23
360 163 164
360 163 164
361 10 67
361 43 76
361 43 76
361 144 95
361 144 95
361 158 10
361 158 67
362 62 27
362 62 27
362 76 35
362 76 35
363 37 104
363 37 104
363 105 18
363 105 18
364 84 82
364 84 82
364 163 67
364 163 67
365 59 128
365 59 128
365 77 139
365 77 139
365 158 166
365 165 158
365 165 166
366 7 125
366 7 125
366 157 106
366 157 106
367 8 34
367 53 144
367 53 144
367 97 164
367 97 164
367 152 8
367 152 34
367 167 168
367 167 14
367 167 63
368 67 35
368 67 35
368 69 119
368 69 119
369 23 153
369 23 153
369 37 147
369 37 147
369 76 157
369 76 107
369 76 122
369 115 132
369 115 167
369 132 167
369 133 169
369 133 169
370 7 107
370 7 107
370 73 136
370 73 136
370 113 170
370 113 170
371 25 171
371 52 68
371 52 12
371 52 168
371 53 138
371 53 138
371 58 143
371 58 143
371 60 171
371 87 171
372 7 117
372 7 117
372 22 172
372 22 172
372 73 13
372 73 36
372 73 171
372 95 71
372 95 71
373 109 58
373 109 58
373 153 74
373 153 74
374 20 118
374 20 118
374 34 36
374 34 36
374 41 57
374 41 35
374 41 139
375 167 116
375 167 116
375 171 55
375 171 55
375 173 174
375 173 151
375 173 39
376 97 163
376 97 163
376 141 75
376 141 28
376 141 60
376 155 116
376 155 116
377 24 164
377 24 107
377 24 117
377 76 143
377 76 143
377 137 124
377 137 124
378 68 19
378 68 19
378 74 165
378 74 165
378 108 134
378 108 170
378 170 134
379 52 32
379 52 32
379 56 39
379 69 56
379 69 39
379 86 175
379 86 175
379 103 95
379 103 150
379 103 28
379 112 109
379 112 109
380 40 54
380 40 66
380 40 63
380 59 99
380 59 99
380 70 150
380 70 150
381 36 147
381 36 147
381 72 30
381 72 107
381 72 16
381 169 124
381 169 124
381 176 177
381 176 178
381 176 98
382 54 29
382 54 29
382 147 67
382 147 67
383 38 101
383 38 101
383 146 102
383 146 102
383 179 180
383 179 47
383 179 113
384 123 120
384 123 120
384 151 33
384 151 33
385 24 13
385 24 13
385 68 149
385 68 149
385 181 182
385 181 183
385 181 167
386 92 12
386 92 12
386 125 100
386 125 100
387 36 133
387 36 133
387 49 85
387 52 128
387 52 128
387 67 85
387 175 85
388 53 83
388 53 56
388 83 56
388 92 63
388 92 63
388 178 21
388 178 21
389 143 160
389 143 160
389 176 22
389 176 22
390 27 128
390 27 128
390 29 22
390 29 78
390 29 176
390 142 184
390 142 184
390 174 79
390 174 79
391 114 102
391 114 102
391 161 65
391 161 65
391 174 187
391 174 187
391 185 186
391 185 186
392 17 150
392 51 131
392 51 131
392 91 150
392 97 99
392 97 98
392 97 112
392 101 182
392 101 182
392 184 150
393 76 106
393 76 106
393 183 94
393 183 94
394 33 146
394 33 146
394 44 50
394 44 50
395 28 179
395 28 179
395 151 157
395 151 157
395 166 127
395 166 130
395 166 46
396 8 14
396 8 14
396 142 59
396 142 59
397 71 90
397 71 90
397 116 75
397 116 75
398 33 186
398 49 188
398 49 188
398 79 80
398 79 80
398 117 19
398 117 19
398 189 33
398 189 186
399 17 119
399 17 119
399 105 190
399 105 190
399 116 189
399 116 189
400 21 188
400 25 191
400 29 70
400 29 70
400 32 124
400 32 124
400 50 21
400 50 188
400 117 191
400 140 191
401 68 84
401 68 84
401 138 10
401 138 10
401 192 193
401 192 18
401 192 75
401 194 65
401 194 57
401 194 91
402 96 101
402 96 101
402 182 160
402 182 160
403 30 94
403 30 94
403 193 97
403 193 97
404 73 45
404 73 45
404 150 49
404 150 49
405 30 33
405 30 33
405 174 74
405 174 74
406 50 158
406 90 50
406 90 158
406 92 71
406 92 71
406 155 165
406 155 165
406 195 99
406 195 58
406 195 50
407 148 163
407 148 163
407 165 153
407 165 153
408 62 21
408 62 21
408 82 189
408 82 189
408 154 172
408 154 187
408 154 66
409 82 19
409 82 19
409 189 167
409 189 167
410 38 155
410 38 16
410 38 61
410 64 29
410 64 29
410 134 78
410 134 78
411 76 50
411 76 54
411 76 18
411 95 53
411 95 53
411 188 57
411 188 57
412 179 52
412 179 52
412 191 195
412 191 195
413 44 89
413 44 89
413 128 149
413 128 149
414 29 36
414 29 36
414 174 137
414 174 137
414 192 135
414 192 77
414 192 127
415 56 105
415 56 105
415 138 161
415 138 161
415 142 140
415 142 17
415 142 75
415 196 43
415 196 151
415 196 18
416 126 65
416 126 65
416 141 152
416 141 152
416 161 131
416 161 169
416 161 64
417 91 157
417 91 157
417 133 31
417 133 31
417 158 180
417 158 47
417 180 47
418 99 116
418 99 116
418 130 132
418 130 132
419 113 142
419 113 142
419 126 40
419 126 40
419 197 157
419 197 25
419 197 69
420 81 93
420 81 93
420 98 141
420 98 141
421 40 84
421 40 84
421 100 119
421 100 119
421 102 198
421 108 198
421 163 198
422 26 106
422 26 106
422 148 21
422 148 21
423 12 13
423 12 13
423 21 175
423 21 175
424 24 75
424 24 75
424 139 49
424 139 49
425 49 199
425 49 199
425 66 64
425 66 64
425 106 93
425 106 93
426 40 33
426 40 33
426 50 174
426 50 187
426 168 111
426 168 111
426 174 187
427 87 200
427 87 200
427 107 95
427 107 95
427 139 165
427 139 165
427 201 102
427 201 142
427 201 39
428 19 71
428 19 36
428 19 81
428 22 76
428 22 120
428 34 143
428 34 143
428 76 120
428 101 50
428 101 50
429 22 133
429 22 133
429 164 101
429 164 101
430 52 62
430 52 62
430 120 122
430 120 122
431 25 73
431 25 73
431 117 173
431 117 173
432 8 202
432 8 202
432 16 61
432 22 123
432 22 123
432 81 38
432 81 181
432 81 87
432 127 16
432 127 61
432 142 154
432 142 154
433 28 59
433 28 59
433 87 18
433 87 18
434 13 36
434 13 36
434 122 43
434 179 122
434 179 43
434 196 172
434 196 172
435 20 112
435 20 112
435 195 86
435 195 86
435 203 26
435 203 93
435 203 7
436 60 157
436 60 157
436 196 60
436 196 60
436 204 205
436 204 73
436 204 154
437 127 177
437 127 177
437 166 68
437 166 68
438 37 83
438 37 83
438 39 140
438 39 140
439 7 19
439 152 205
439 152 205
439 186 85
439 186 85
439 206 7
439 206 19
440 36 206
440 36 206
440 124 128
440 124 85
440 124 43
440 159 20
440 159 20
441 79 41
441 79 41
441 91 184
441 91 69
441 91 75
441 102 140
441 102 140
442 132 86
442 132 86
442 174 45
442 174 45
443 58 145
443 58 128
443 63 159
443 63 159
443 97 162
443 97 89
443 97 12
443 141 154
443 141 154
443 145 128
443 207 15
443 207 131
443 207 113
444 174 49
444 174 49
444 175 51
444 175 51
445 13 172
445 13 172
445 92 188
445 92 188
446 23 122
446 23 122
446 58 13
446 58 83
446 58 153
446 60 126
446 60 126
447 88 175
447 88 175
447 111 100
447 111 100
447 186 91
447 186 60
447 186 51
448 7 131
448 7 126
448 7 94
448 65 176
448 65 176
448 135 162
448 135 162
449 46 7
449 46 7
449 58 181
449 58 181
449 208 209
449 208 209
450 18 110
450 18 110
450 186 161
450 186 37
450 186 29
450 187 87
450 187 87
450 210 211
450 210 211
451 74 46
451 74 46
451 211 34
451 211 34
452 78 133
452 78 133
452 201 42
452 201 42
452 212 70
452 212 32
452 212 138
453 162 91
453 162 91
453 191 40
453 191 40
454 43 45
454 43 45
454 130 78
454 130 78
454 131 64
454 131 197
454 131 171
454 190 213
454 190 213
454 214 154
454 214 49
454 214 119
455 32 23
455 32 23
455 188 162
455 188 162
456 25 166
456 25 212
456 25 59
456 46 52
456 46 52
456 104 99
456 104 99
456 209 215
456 209 215
457 33 61
457 33 61
457 74 182
457 74 103
457 74 40
457 188 197
457 188 197
458 25 146
458 25 146
458 83 90
458 83 90
458 138 173
458 138 124
458 138 166
459 126 200
459 126 200
459 210 53
459 210 53
460 72 43
460 102 72
460 102 43
460 157 40
460 157 40
460 158 96
460 158 96
461 120 84
461 120 84
461 137 112
461 137 112
461 195 55
461 216 195
461 216 55
462 125 70
462 125 70
462 208 64
462 208 64
463 38 134
463 38 134
463 162 7
463 162 7
463 199 218
463 217 199
463 217 218
464 100 87
464 100 87
464 100 11
464 100 186
464 100 208
464 215 50
464 215 50
465 52 23
465 52 23
465 96 77
465 96 48
465 96 80
465 123 185
465 123 185
466 60 219
466 60 219
466 90 26
466 90 138
466 90 43
466 209 14
466 209 14
466 214 170
466 214 170
467 74 123
467 74 207
467 74 7
467 113 24
467 113 24
467 204 181
467 204 181
468 122 62
468 122 62
468 214 205
468 214 205
469 130 119
469 130 119
469 163 175
469 163 175
469 220 10
469 220 59
469 220 195
470 36 28
470 36 28
470 53 60
470 53 60
470 67 130
470 67 10
470 99 221
470 99 221
470 130 10
470 181 16
470 181 151
470 181 60
471 16 8
471 16 8
471 215 209
471 215 209
471 222 13
471 222 191
471 222 93
472 88 56
472 88 56
472 162 58
472 162 58
473 81 173
473 81 173
473 150 223
473 150 223
473 199 42
473 199 42
474 12 94
474 12 94
474 80 132
474 80 37
474 80 195
474 142 91
474 142 91
475 32 117
475 32 117
475 113 91
475 172 158
475 172 158
475 177 113
475 177 91
476 108 188
476 108 188
476 173 112
476 173 112
477 128 194
477 128 194
477 150 202
477 150 202
478 17 177
478 17 177
478 41 180
478 41 180
479 24 124
479 24 124
479 142 178
479 142 178
479 166 68
479 166 194
479 194 68
480 20 124
480 20 124
480 192 105
480 192 105
481 56 33
481 155 165
481 155 165
481 166 223
481 166 223
481 176 69
481 176 133
481 176 159
481 200 56
481 200 33
482 31 127
482 31 127
482 101 7
482 101 7
482 224 203
482 224 169
482 224 90
483 58 221
483 58 221
483 151 114
483 151 114
483 199 135
483 199 137
483 199 14
484 11 103
484 11 103
484 210 45
484 210 45
484 225 226
484 225 226
485 15 102
485 15 102
485 76 40
485 76 40
486 45 74
486 45 74
486 73 185
486 73 185
486 86 112
486 86 162
486 104 49
486 104 189
486 104 10
486 112 162
487 91 116
487 91 116
487 116 20
487 116 20
487 227 228
487 227 17
487 227 136
488 111 193
488 111 87
488 111 180
488 152 216
488 152 216
488 165 56
488 165 56
489 21 139
489 21 139
489 41 134
489 41 134
489 118 212
489 118 201
489 118 56
489 164 229
489 164 229
489 230 231
489 230 29
489 230 73
490 7 191
490 7 191
490 94 75
490 94 75
491 32 91
491 32 91
491 92 88
491 92 88
491 158 26
491 158 175
491 158 42
492 172 118
492 172 118
492 220 71
492 220 71
493 28 185
493 28 185
493 57 186
493 57 82
493 57 83
493 71 72
493 87 232
493 87 232
493 147 71
493 147 72
493 205 35
493 205 35
493 233 234
493 233 181
493 233 80
494 73 147
494 73 147
494 188 135
494 188 135
495 16 210
495 16 44
495 16 64
495 138 200
495 138 200
495 226 13
495 226 13
496 40 33
496 40 33
496 92 167
496 92 167
497 33 147
497 33 147
497 90 132
497 90 132
498 196 49
498 196 49
498 203 17
498 203 17
499 69 110
499 69 110
499 178 77
499 178 77
500 82 31
500 82 31
500 155 90
500 155 223
500 155 156
500 186 101
500 186 101
500 235 13
501 38 94
501 38 37
501 38 187
501 76 120
501 76 120
501 214 201
501 214 201
502 163 200
502 163 200
502 196 153
502 196 153
503 107 218
503 107 208
503 188 87
503 188 87
503 218 208
503 219 62
503 219 62
504 24 196
504 24 175
504 72 32
504 72 32
504 196 175
504 227 198
504 227 198
505 14 183
505 14 183
505 180 176
505 180 176
506 17 54
506 17 120
506 17 140
506 20 18
506 98 109
506 98 109
506 116 20
506 116 18
506 145 190
506 145 190
507 58 152
507 58 152
507 64 129
507 64 129
507 236 107
507 236 108
507 236 224
508 99 159
508 99 159
508 120 38
508 120 38
509 147 40
509 147 40
509 200 198
509 200 198
510 107 13
510 107 13
510 184 50
510 184 50
511 58 157
511 58 157
511 106 155
511 106 100
511 106 220
511 121 147
511 121 147
512 89 41
512 89 41
512 174 107
512 174 107
512 237 175
512 237 48
512 237 133
513 29 91
513 29 114
513 33 194
513 33 194
513 79 89
513 79 89
513 91 114
514 69 89
514 69 89
514 98 48
514 98 48
515 81 37
515 81 37
515 224 193
515 224 193
515 238 56
515 238 158
515 238 141
516 130 57
516 130 57
516 180 113
516 180 113
517 91 63
517 91 63
517 186 10
517 186 121
517 186 221
517 199 127
517 199 127
518 35 163
518 35 224
518 35 80
518 128 130
518 128 130
518 181 105
518 181 105
519 53 217
519 53 217
519 206 75
519 206 33
519 206 82
519 225 137
519 225 137
520 64 13
520 70 135
520 70 135
520 158 64
520 158 13
520 229 237
520 229 237
521 33 51
521 33 51
521 162 153
521 162 153
522 114 219
522 114 219
522 162 76
522 162 76
522 239 210
522 239 235
522 239 148
523 88 240
523 88 240
523 121 98
523 121 98
523 129 176
523 129 149
523 129 206
523 192 77
523 192 77
524 51 139
524 51 139
524 117 120
524 117 120
525 96 63
525 96 63
525 156 192
525 156 192
526 164 108
526 164 108
526 200 45
526 200 45
527 34 172
527 34 172
527 136 80
527 136 80
528 26 177
528 26 84
528 26 112
528 33 51
528 33 51
528 73 92
528 73 92
528 84 241
528 115 241
528 215 241
529 86 119
529 86 78
529 86 190
529 132 115
529 179 180
529 179 180
529 198 114
529 198 114
529 206 115
529 239 115
530 139 29
530 139 157
530 139 163
530 198 187
530 198 187
530 198 70
530 198 70
531 60 223
531 77 193
531 77 193
531 92 145
531 92 145
531 107 18
531 107 57
531 107 133
531 199 60
531 199 223
532 111 242
532 183 242
532 187 242
532 200 229
532 200 229
532 241 49
532 241 49
533 118 141
533 118 141
533 166 128
533 166 128
534 10 48
534 10 220
534 48 220
534 76 55
534 76 55
534 228 47
534 228 47
534 243 187
534 243 135
534 243 95
535 7 153
535 7 153
535 171 188
535 171 188
535 173 140
535 173 169
535 173 77
535 244 159
535 244 48
535 244 125
536 99 41
536 99 41
536 128 34
536 128 34
536 195 186
536 195 61
536 195 24
537 188 208
537 188 208
537 203 149
537 203 149
538 180 90
538 180 90
538 227 102
538 227 102
539 14 49
539 14 49
539 194 128
539 194 128
540 18 123
540 18 123
540 111 49
540 111 49
541 13 206
541 13 206
541 36 7
541 36 7
542 92 218
542 92 218
542 215 88
542 215 88
543 17 200
543 17 200
543 32 238
543 32 238
543 145 168
543 145 149
543 145 108
544 210 33
544 210 33
544 213 46
544 213 46
544 232 245
544 232 245
544 246 247
544 246 190
544 246 25
545 145 34
545 145 34
545 211 120
545 211 120
546 71 241
546 71 181
546 71 95
546 157 218
546 157 218
546 189 184
546 189 184
546 207 248
546 207 248
547 100 160
547 100 160
547 207 201
547 207 201
548 15 44
548 15 44
548 30 205
548 30 205
548 103 249
548 103 249
549 131 224
549 131 224
549 192 42
549 192 42
550 122 153
550 122 153
550 153 195
550 153 195
551 72 146
551 72 146
551 136 194
551 136 194
551 171 221
551 171 105
551 171 102
551 213 250
551 213 250
552 86 218
552 86 218
552 147 101
552 147 101
552 160 185
552 160 246
552 160 159
553 15 116
553 15 116
553 20 131
553 20 134
553 20 85
553 124 224
553 124 224
553 150 251
553 150 251
554 22 200
554 22 200
554 44 29
554 44 106
554 44 213
554 250 155
554 250 155
555 13 198
555 13 29
555 42 146
555 42 146
555 93 151
555 93 151
555 198 29
556 26 252
556 26 252
556 64 219
556 64 219
556 192 41
556 192 41
557 87 54
557 87 54
557 242 40
557 242 40
558 51 120
558 51 120
558 166 201
558 166 192
558 166 118
558 231 102
558 231 102
559 46 119
559 46 119
559 151 58
559 151 89
559 151 117
559 172 205
559 172 205
560 15 44
560 15 44
560 52 142
560 149 52
560 149 142
560 193 239
560 193 239
561 15 254
561 38 254
561 63 74
561 63 74
561 249 36
561 249 36
561 253 254
562 102 194
562 102 194
562 232 220
562 232 220
563 49 109
563 49 109
563 220 189
563 220 189
564 38 249
564 38 249
564 156 52
564 156 52
565 14 169
565 14 169
565 145 164
565 158 50
565 158 50
565 240 145
565 240 164
566 68 81
566 120 161
566 120 161
566 178 11
566 178 11
566 185 68
566 185 81
567 104 142
567 104 142
567 240 112
567 240 112
568 55 124
568 55 124
568 251 28
568 251 28
569 118 106
569 118 106
569 230 243
569 230 243
570 62 18
570 62 18
570 128 17
570 128 17
571 19 228
571 19 228
571 139 123
571 139 123
571 255 28
571 255 236
571 255 247
572 161 227
572 161 227
572 186 35
572 186 35
572 213 243
572 213 26
572 213 136
573 36 61
573 36 61
573 44 257
573 100 196
573 100 37
573 166 217
573 166 151
573 166 188
573 196 37
573 219 61
573 219 61
573 256 44
573 256 257
574 10 258
574 10 258
574 109 191
574 109 191
574 203 72
574 203 72
574 203 89
574 203 136
574 203 182
575 17 26
575 17 34
575 17 118
575 24 120
575 49 258
575 49 258
575 80 120
575 81 120
575 193 244
575 193 244
576 70 12
576 70 12
576 182 137
576 182 137
576 198 252
576 198 217
576 252 217
577 66 126
577 66 126
577 251 166
577 251 166
578 90 138
578 90 138
578 138 83
578 138 83
579 51 226
579 51 226
579 129 37
579 129 37
579 230 44
579 230 98
579 230 164
580 23 254
580 23 254
580 95 72
580 95 72
580 165 195
580 165 115
580 165 148
581 59 257
581 59 257
581 174 104
581 174 104
581 205 156
581 205 163
581 205 28
582 84 196
582 84 196
582 164 120
582 164 120
583 20 55
583 21 20
583 21 55
583 72 104
583 72 104
583 210 146
583 210 146
584 93 203
584 93 203
584 113 228
584 113 131
584 113 35
584 144 47
584 144 47
585 53 185
585 53 185
585 242 188
585 242 188
586 78 130
586 78 130
586 159 259
586 159 259
586 227 128
586 227 245
586 227 159
586 230 99
586 230 99
587 47 67
587 47 67
587 139 260
587 139 260
587 167 64
587 167 64
588 95 261
588 95 261
588 118 194
588 118 194
588 141 56
588 141 56
589 208 141
589 208 141
589 242 129
589 242 129
590 50 34
590 50 34
590 112 262
590 112 262
590 143 104
590 143 85
590 143 130
590 170 220
590 170 220
591 49 222
591 49 222
591 232 17
591 232 17
592 140 111
592 140 111
592 166 96
592 166 96
593 34 195
593 34 195
593 118 124
593 118 184
593 118 34
593 199 213
593 199 213
594 56 163
594 56 163
594 225 195
594 225 195
595 109 76
595 109 76
595 123 236
595 123 236
596 106 94
596 106 94
596 235 169
596 235 169
597 43 23
597 43 23
597 87 133
597 87 133
598 134 242
598 134 242
598 176 101
598 176 101
599 31 115
599 31 115
599 234 23
599 234 23
599 263 261
599 263 160
599 263 197
600 79 80
600 79 80
600 193 59
600 193 59
600 223 92
600 223 156
600 223 51
601 160 26
601 160 229
601 160 105
601 182 86
601 182 86
601 226 144
601 226 144
602 134 186
602 134 230
602 134 12
602 224 225
602 224 225
602 257 107
602 257 107
603 23 171
603 23 171
603 77 51
603 77 51
603 79 41
603 79 83
603 83 41
604 166 20
604 166 20
604 170 109
604 170 109
604 217 199
604 217 201
604 217 111
605 125 211
605 125 211
605 132 82
605 132 82
606 44 54
606 44 18
606 44 113
606 85 13
606 85 13
606 261 29
606 261 29
607 63 264
607 63 264
607 87 106
607 87 106
607 175 74
607 175 74
608 184 161
608 184 19
608 184 37
608 201 119
608 201 119
608 240 159
608 240 159
609 120 26
609 120 26
609 171 14
609 171 14
610 16 208
610 16 208
610 17 47
610 17 47
611 60 24
611 60 24
611 126 144
611 126 144
611 149 265
611 149 265
612 29 130
612 29 130
612 102 241
612 102 241
613 88 269
613 112 87
613 112 87
613 140 61
613 140 61
613 155 269
613 216 269
613 266 267
613 266 268
613 266 166
614 11 99
614 11 99
614 128 196
614 128 196
615 148 123
615 170 148
615 170 123
615 207 79
615 207 79
615 261 77
615 261 77
616 85 233
616 85 233
616 255 137
616 255 137
617 7 243
617 7 243
617 13 55
617 13 55
617 72 54
617 72 233
617 72 145
617 132 228
617 132 58
617 209 271
617 228 58
617 270 209
617 270 271
618 72 243
618 72 243
618 140 177
618 140 177
618 143 268
618 143 159
618 143 256
619 21 73
619 21 73
619 118 75
619 118 75
620 101 12
620 101 12
620 164 201
620 164 201
620 202 272
620 202 272
621 65 230
621 65 259
621 65 51
621 125 114
621 125 114
621 156 25
621 156 25
621 273 274
621 273 31
621 273 68
622 107 195
622 107 195
622 174 127
622 174 127
623 10 204
623 10 204
623 254 224
623 254 224
623 265 62
623 265 251
623 265 233
624 8 190
624 8 190
624 35 106
624 35 106
624 234 257
624 234 54
624 257 54
625 71 275
625 71 275
625 87 142
625 87 168
625 87 161
625 141 26
625 141 26
625 247 116
625 247 116
626 81 225
626 81 225
626 93 119
626 93 119
627 23 152
627 23 152
627 101 92
627 101 92
627 132 86
627 132 256
627 132 120
628 143 269
628 143 269
628 252 26
628 252 26
629 22 210
629 22 210
629 204 31
629 204 31
630 72 91
630 184 173
630 184 173
630 214 241
630 214 241
630 245 72
630 245 91
630 276 264
630 276 34
630 276 92
631 57 120
631 57 120
631 163 267
631 163 267
632 27 126
632 27 126
632 50 65
632 50 65
633 193 222
633 193 222
633 251 185
633 251 185
633 277 30
633 277 51
633 277 240
634 88 16
634 88 16
634 258 122
634 258 122
635 95 276
635 95 276
635 155 64
635 155 64
636 46 225
636 46 225
636 96 149
636 96 149
636 229 45
636 229 212
636 229 155
637 81 20
637 81 20
637 143 278
637 143 278
637 172 196
637 172 138
637 172 162
637 189 219
637 189 219
638 74 157
638 74 157
638 108 15
638 146 108
638 146 15
638 170 129
638 171 112
638 171 112
638 279 170
638 279 129
638 280 32
638 280 137
638 280 117
639 42 279
639 42 279
639 113 220
639 113 28
639 113 105
639 159 281
639 159 281
639 269 240
639 269 240
640 37 45
640 37 45
640 72 74
640 72 74
640 282 14
640 282 276
640 282 150
641 99 191
641 99 191
641 125 150
641 125 150
642 82 170
642 82 170
642 237 220
642 237 220
643 41 192
643 41 192
643 165 178
643 165 178
643 186 236
643 186 246
643 236 246
644 134 66
644 134 66
644 173 46
644 173 46
644 283 284
644 283 284
645 28 191
645 28 191
645 269 220
645 269 220
646 118 121
646 118 242
646 121 242
646 170 152
646 170 152
646 171 222
646 171 222
646 216 285
646 216 285
647 11 51
647 11 51
647 64 21
647 64 217
647 64 72
647 278 67
647 278 67
648 43 183
648 43 183
648 133 265
648 133 265
649 165 19
649 165 19
649 220 76
649 220 76
650 200 11
650 200 11
650 214 68
650 214 68
651 88 84
651 88 84
651 273 29
651 273 29
652 48 133
652 48 133
652 68 127
652 68 78
652 68 269
652 141 180
652 141 180
653 28 40
653 28 40
653 48 169
653 48 169
654 89 42
654 89 42
654 199 213
654 199 213
655 50 14
655 50 69
655 50 74
655 124 171
655 124 171
655 128 286
655 128 286
655 182 193
655 182 193
655 287 68
655 287 148
655 287 222
656 39 51
656 39 190
656 51 190
656 240 130
656 240 130
656 269 160
656 269 160
657 119 114
657 119 114
657 194 12
657 218 121
657 218 121
657 269 12
657 281 12
658 88 40
658 88 40
658 131 93
658 131 93
658 200 124
658 200 243
658 200 278
659 96 232
659 96 232
659 119 114
659 119 114
660 118 123
660 118 123
660 149 142
660 149 142
661 68 146
661 68 146
661 153 288
661 153 288
661 197 88
661 197 88
661 282 47
661 282 281
661 282 206
662 8 23
662 8 23
662 175 169
662 245 203
662 245 203
662 289 175
662 289 169
663 151 165
663 151 165
663 224 38
663 224 38
663 269 185
663 269 242
663 269 168
664 137 228
664 137 228
664 173 156
664 173 156
665 73 48
665 87 50
665 87 50
665 252 190
665 252 190
665 275 73
665 275 48
666 86 171
666 86 171
666 87 268
666 87 20
666 87 178
666 211 128
666 211 128
667 55 70
667 55 70
667 132 16
667 132 16
667 290 291
667 290 205
667 290 250
668 123 280
668 123 280
668 260 180
668 260 180
669 52 121
669 52 121
669 169 185
669 169 185
670 80 30
670 80 30
670 255 97
670 255 97
671 51 213
671 51 213
671 189 173
671 189 173
672 67 127
672 67 127
672 285 50
672 285 50
673 45 179
673 45 179
673 82 51
673 97 35
673 97 35
673 184 82
673 184 51
673 230 8
673 230 111
673 230 135
674 26 276
674 26 276
674 26 168
674 184 26
674 184 168
674 199 232
674 199 232
675 10 67
675 10 67
675 282 61
675 282 61
676 120 121
676 120 108
676 175 233
676 175 233
676 187 231
676 187 231
677 150 290
677 150 290
677 187 39
677 187 39
678 12 173
678 12 173
678 74 145
678 74 145
678 114 200
678 114 269
678 114 63
678 125 292
678 125 292
678 190 199
678 190 107
678 199 107
679 21 285
679 21 285
679 23 19
679 90 7
679 90 7
679 134 23
679 134 19
679 293 181
679 293 47
679 293 30
680 48 163
680 48 163
680 247 75
680 247 75
680 270 160
680 270 231
680 270 240
681 38 294
681 82 86
681 82 86
681 144 294
681 289 294
681 291 159
681 291 159
682 118 65
682 118 65
682 165 96
682 165 107
682 165 168
682 224 178
682 224 178
683 98 177
683 98 177
683 292 102
683 292 102
684 162 98
684 162 98
684 181 71
684 181 71
684 208 263
684 226 208
684 226 263
685 31 208
685 31 170
685 31 19
685 183 132
685 183 132
685 288 205
685 288 205
685 295 296
685 295 127
685 295 173
686 67 205
686 67 205
686 151 81
686 211 287
686 211 287
686 237 151
686 237 81
687 109 53
687 109 53
687 128 226
687 128 226
688 74 23
688 74 23
688 74 197
688 74 197
688 138 166
688 138 287
688 138 125
689 118 17
689 154 92
689 154 92
689 240 118
689 240 17
689 248 191
689 248 191
689 297 298
689 297 299
689 297 228
690 89 146
690 89 91
690 89 257
690 198 176
690 198 176
690 256 260
690 256 260
691 69 61
691 69 61
691 263 7
691 263 7
692 115 280
692 115 227
692 115 247
692 128 175
692 128 175
692 287 183
692 287 183
693 24 37
693 24 257
693 179 247
693 179 247
693 257 37
693 261 225
693 261 225
694 95 175
694 95 175
694 228 28
694 228 28
695 205 144
695 205 144
695 262 79
695 262 79
696 31 8
696 31 22
696 31 105
696 241 172
696 241 172
696 259 160
696 259 160
697 76 129
697 129 53
697 129 53
697 171 95
697 171 95
697 208 129
697 233 129
697 300 230
697 300 18
697 300 223
698 108 280
698 108 280
698 167 49
698 167 49
698 270 32
698 270 142
698 270 291
699 41 98
699 41 98
699 123 241
699 123 252
699 123 17
699 179 243
699 179 243
700 28 100
700 28 100
700 251 297
700 251 297
700 287 101
700 287 114
700 287 182
701 84 41
701 84 41
701 130 69
701 130 69
701 301 302
701 301 302
702 12 304
702 33 143
702 33 143
702 45 247
702 45 132
702 45 33
702 95 152
702 95 51
702 120 234
702 120 234
702 152 51
702 303 12
702 303 304
703 230 227
703 230 227
703 243 110
703 243 110
704 20 163
704 20 163
704 40 135
704 40 223
704 40 197
704 127 34
704 169 20
704 169 20
704 241 127
704 241 34
705 90 192
705 90 192
705 144 106
705 144 17
705 144 44
705 294 11
705 294 11
706 8 77
706 8 77
706 134 143
706 134 143
706 305 278
706 305 183
706 305 269
707 150 285
707 150 285
707 187 238
707 187 238
707 191 256
707 191 109
707 191 90
708 33 121
708 33 121
708 152 82
708 152 82
709 211 33
709 211 33
709 260 124
709 260 124
710 19 99
710 19 99
710 209 256
710 209 171
710 256 171
710 296 180
710 296 180
711 129 287
711 129 150
711 129 289
711 193 106
711 193 106
711 211 261
711 211 261
712 41 266
712 41 76
712 43 186
712 43 186
712 245 286
712 245 286
712 254 308
712 254 308
712 266 76
712 306 307
712 306 307
713 260 172
713 260 172
713 265 222
713 265 222
714 133 49
714 133 49
714 151 103
714 157 22
714 157 22
714 220 151
714 220 103
715 152 261
715 152 261
715 235 38
715 235 38
716 136 83
716 136 83
716 166 149
716 166 161
716 166 179
716 283 63
716 283 63
717 39 221
717 39 221
717 142 37
717 142 37
718 71 103
718 71 103
718 227 12
718 227 12
719 45 309
719 45 309
719 50 296
719 50 257
719 50 225
719 190 73
719 190 73
719 269 151
719 269 151
720 82 19
720 154 113
720 154 113
720 228 171
720 228 171
720 264 82
720 264 19
721 36 10
721 36 10
721 39 125
721 39 125
721 236 286
721 236 36
721 236 173
721 247 275
721 283 247
721 283 275
722 212 146
722 212 146
722 234 95
722 234 95
722 261 310
722 261 310
723 181 11
723 181 11
723 233 35
723 236 131
723 236 131
723 257 233
723 257 35
724 92 35
724 92 35
724 268 234
724 268 234
725 18 264
725 18 264
725 182 262
725 182 262
726 64 146
726 64 146
726 120 231
726 120 308
726 120 20
726 213 234
726 213 234
726 298 311
726 298 311
727 74 189
727 74 189
727 77 215
727 77 200
727 215 200
727 279 21
727 279 21
727 312 143
727 312 169
727 312 211
728 58 218
728 58 218
728 180 119
728 180 119
728 313 314
728 313 314
729 223 140
729 223 140
729 249 39
729 249 39
730 141 212
730 184 151
730 184 151
730 216 295
730 216 295
730 231 141
730 231 212
730 263 148
730 263 39
730 263 38
730 315 316
730 315 265
730 315 277
731 42 293
731 42 293
731 157 185
731 157 36
731 185 36
731 270 214
731 270 214
732 114 241
732 114 241
732 174 247
732 174 247
732 317 271
732 317 192
732 317 34
733 109 53
733 109 53
733 173 220
733 173 220
733 213 96
733 213 207
733 213 118
734 150 120
734 150 120
734 199 235
734 199 235
734 318 319
734 318 320
734 318 206
734 321 268
734 321 278
734 321 137
735 237 64
735 237 64
735 274 101
735 274 101
735 322 93
735 322 133
735 322 67
736 43 289
736 43 289
736 59 125
736 59 43
736 59 198
736 233 217
736 233 217
737 76 274
737 76 274
737 132 102
737 132 102
737 177 228
737 177 258
737 177 127
738 54 323
738 71 323
738 78 146
738 78 146
738 194 323
738 212 203
738 212 234
738 212 18
738 305 313
738 305 167
738 313 167
738 314 280
738 314 280
739 82 51
739 82 26
739 82 243
739 100 221
739 100 221
739 188 15
739 188 15
740 85 78
740 85 78
740 128 60
740 247 317
740 247 317
740 247 309
740 247 37
740 247 306
740 279 128
740 279 60
741 144 279
741 144 131
741 160 163
741 160 163
741 166 324
741 166 324
741 203 305
741 203 305
741 279 131
742 43 44
742 43 44
742 132 310
742 132 310
743 71 42
743 71 42
743 275 136
743 275 136
744 84 142
744 84 269
744 84 225
744 171 163
744 171 163
744 227 62
744 249 175
744 249 175
744 325 227
744 325 62
745 84 134
745 84 134
745 264 326
745 264 326
745 272 119
745 272 119
746 126 12
746 126 12
746 220 230
746 220 72
746 220 30
746 266 236
746 266 236
747 29 257
747 29 257
747 144 186
747 144 111
747 144 222
747 210 264
747 210 264
748 300 29
748 300 29
748 301 320
748 301 320
749 261 304
749 261 304
749 312 233
749 312 233
750 86 149
750 86 149
750 306 223
750 313 84
750 313 84
750 324 306
750 324 223
751 21 76
751 21 76
751 39 327
751 39 327
751 223 172
751 223 172
752 168 154
752 168 109
752 168 205
752 178 153
752 178 153
752 218 114
752 218 114
753 43 292
753 43 292
753 117 129
753 117 129
754 209 248
754 209 248
754 256 41
754 256 41
755 112 328
755 112 328
755 137 214
755 137 214
755 283 266
755 283 266
755 292 23
755 292 64
755 292 322
756 169 302
756 169 302
756 248 7
756 248 7
756 329 7
756 329 157
756 329 192
757 78 192
757 78 192
757 257 239
757 257 239
757 330 210
757 330 249
757 330 150
758 39 92
758 87 195
758 87 195
758 215 332
758 307 82
758 307 82
758 317 39
758 317 92
758 331 215
758 331 332
759 132 274
759 132 274
759 309 310
759 309 310
760 96 30
760 96 30
760 301 284
760 301 284
760 333 334
760 333 334
761 65 188
761 95 65
761 95 188
761 101 100
761 101 100
761 121 324
761 121 324
761 279 128
761 279 331
761 279 148
762 38 192
762 38 192
762 215 49
762 215 35
762 215 156
762 257 264
762 257 264
762 335 91
762 335 199
762 335 315
763 146 190
763 146 190
763 295 102
763 295 102
763 301 330
763 301 164
763 301 170
764 89 233
764 154 165
764 154 165
764 191 99
764 191 99
764 319 89
764 319 233
765 119 11
765 119 11
765 119 136
765 119 327
765 119 303
765 327 41
765 327 41
765 336 66
765 336 235
765 336 201
766 110 80
766 110 80
766 122 337
766 122 337
766 314 300
766 314 300
767 115 135
767 115 135
767 199 72
767 199 72
768 154 183
768 154 183
768 192 50
768 192 50
768 209 338
768 209 338
769 46 7
769 46 318
769 46 250
769 49 114
769 49 114
769 226 257
769 226 257
770 165 338
770 165 338
770 294 297
770 294 297
771 229 100
771 229 100
771 248 102
771 248 102
772 62 286
772 62 286
772 239 318
772 239 318
773 205 194
773 205 194
773 248 132
773 248 132
774 86 160
774 86 160
774 133 297
774 133 297
774 338 198
774 338 7
774 338 19
775 36 52
775 36 52
775 68 56
775 68 56
776 164 165
776 164 165
776 208 190
776 208 190
777 24 146
777 24 146
777 304 159
777 304 159
778 211 82
778 211 82
778 228 339
778 228 339
778 332 326
778 332 326
779 149 65
779 149 65
779 258 266
779 258 18
779 258 225
779 285 122
779 285 122
779 340 32
779 340 175
779 340 313
780 45 67
780 45 67
780 56 25
780 56 258
780 56 291
780 328 240
780 328 240
781 57 288
781 57 288
781 137 82
781 137 82
781 188 121
781 283 188
781 283 121
781 286 191
781 286 335
781 286 51
782 26 35
782 26 35
782 75 52
782 75 52
783 39 234
783 39 234
783 45 63
783 45 63
783 227 341
783 227 341
783 252 260
783 342 252
783 342 260
784 97 331
784 97 331
784 116 149
784 116 149
784 338 332
784 338 95
784 338 321
785 72 74
785 72 74
785 77 69
785 77 69
785 325 344
785 343 325
785 343 344
786 126 171
786 126 171
786 228 30
786 228 30
786 345 346
786 345 346
787 70 271
787 70 271
787 76 176
787 76 176
787 180 186
787 180 152
787 180 150
788 170 49
788 170 49
788 188 181
788 188 181
788 347 348
788 347 349
788 347 199
788 350 18
788 350 8
788 350 14
789 101 98
789 101 98
789 172 260
789 172 260
790 10 148
790 10 148
790 120 64
790 120 64
791 51 125
791 51 125
791 57 160
791 57 65
791 122 124
791 122 124
791 160 65
792 262 187
792 262 187
792 268 342
792 268 342
793 45 80
793 45 80
793 153 104
793 183 140
793 183 140
793 349 153
793 349 104
794 127 97
794 127 97
794 139 7
794 139 7
795 91 177
795 94 115
795 94 115
795 139 206
795 139 206
796 221 321
796 221 146
796 221 96
796 234 288
796 234 288
796 350 112
796 350 112
797 73 173
797 73 173
797 205 297
797 205 297
798 81 71
798 81 71
798 248 259
798 248 259
799 43 315
799 43 79
799 43 318
799 105 74
799 105 74
799 149 290
799 149 290
800 204 235
800 204 235
800 255 257
800 255 23
800 255 18
800 261 150
800 261 150
801 38 262
801 38 262
801 128 163
801 128 70
801 163 70
801 206 271
801 206 271
802 223 24
802 223 79
802 223 307
802 249 149
802 249 149
802 335 89
802 335 89
803 97 293
803 97 293
803 167 336
803 167 336
804 143 223
804 143 223
804 296 300
804 296 300
805 331 52
805 331 52
805 344 67
805 344 67
806 76 225
806 89 105
806 89 105
806 116 76
806 116 225
806 318 186
806 318 186
807 11 119
807 11 119
807 56 212
807 56 212
808 10 133
808 10 133
808 67 97
808 67 97
808 123 45
808 123 240
808 123 178
808 299 351
808 299 351
809 41 151
809 41 151
809 327 60
809 327 60
810 13 338
810 47 98
810 47 98
810 173 338
810 204 15
810 204 276
810 204 249
810 215 338
810 339 98
810 339 98
810 352 212
810 352 18
810 352 55
811 165 191
811 165 314
811 191 314
811 267 94
811 267 94
811 288 174
811 288 128
811 288 47
811 292 185
811 292 185
812 225 219
812 225 219
812 319 254
812 319 254
812 353 354
812 353 247
812 353 273
813 20 123
813 20 123
813 35 157
813 35 197
813 35 275
813 101 138
813 101 138
814 28 188
814 28 188
814 330 87
814 330 87
815 156 334
815 156 334
815 247 259
815 247 259
816 44 132
816 44 132
816 157 355
816 157 355
816 202 247
816 202 247
817 143 125
817 143 125
817 202 214
817 202 214
818 106 346
818 106 300
818 106 323
818 119 212
818 119 212
818 237 25
818 237 25
819 76 356
819 88 53
819 88 53
819 137 356
819 229 356
819 303 280
819 303 280
820 113 179
820 113 179
820 139 64
820 139 64
820 166 62
820 276 166
820 276 62
821 119 310
821 119 310
821 199 104
821 199 104
821 255 273
821 255 345
821 255 164
821 357 110
821 357 77
821 357 177
822 42 8
822 42 194
822 42 339
822 46 346
822 46 346
822 186 358
822 186 358
822 290 137
822 290 137
823 150 229
823 150 229
823 162 55
823 162 55
824 52 97
824 52 97
824 187 359
824 209 359
824 225 359
824 355 166
824 355 166
825 96 22
825 96 22
825 224 354
825 224 354
826 13 263
826 13 263
826 293 292
826 293 292
827 85 215
827 85 215
827 165 211
827 165 211
827 360 309
827 360 116
827 360 114
828 38 309
828 38 309
828 345 320
828 345 320
829 300 349
829 300 349
829 343 50
829 343 50
830 37 137
830 41 37
830 41 137
830 73 152
830 73 152
830 354 92
830 354 92
831 64 161
831 64 161
831 310 356
831 346 355
831 346 355
832 244 132
832 244 132
832 262 347
832 262 347
833 22 172
833 22 323
833 32 20
833 32 126
833 32 138
833 74 131
833 74 131
833 323 172
833 351 294
833 351 294
834 100 12
834 100 12
834 134 228
834 134 228
835 133 221
835 133 221
835 213 140
835 213 140
836 94 51
836 94 51
836 272 105
836 272 105
837 23 330
837 23 330
837 52 361
837 52 361
837 103 41
837 103 42
837 103 82
837 292 144
837 292 144
838 244 54
838 244 54
838 292 107
838 292 107
839 16 362
839 16 362
839 68 210
839 68 210
839 104 203
839 104 203
840 16 353
840 16 353
840 48 12
840 48 12
840 354 330
840 354 245
840 354 359
841 38 247
841 38 247
841 67 337
841 67 337
841 111 258
841 111 309
841 111 51
842 43 78
842 43 269
842 43 215
842 81 29
842 81 29
842 164 35
842 164 35
843 267 150
843 267 150
843 335 336
843 335 336
844 280 44
844 280 44
844 297 32
844 297 32
845 75 153
845 75 153
845 348 48
845 348 48
846 12 143
846 12 143
846 286 169
846 286 169
846 363 287
846 363 193
846 363 98
847 204 290
847 204 290
847 279 8
847 279 8
848 130 19
848 130 19
848 154 329
848 154 329
848 358 364
848 358 364
849 148 282
849 148 282
849 243 24
849 243 24
849 287 367
849 287 367
849 365 366
849 365 366
850 128 177
850 128 136
850 128 258
850 269 12
850 269 12
850 310 80
850 310 80
851 147 223
851 147 223
851 175 86
851 175 86
852 234 276
852 234 276
852 257 153
852 257 153
853 23 156
853 23 191
853 51 249
853 51 249
853 59 226
853 59 226
853 156 191
854 141 36
854 141 36
854 239 236
854 239 236
855 274 262
855 274 262
855 294 63
855 294 63
856 20 328
856 20 328
856 229 307
856 229 307
857 80 293
857 80 356
857 197 166
857 197 166
857 293 356
857 308 95
857 308 95
858 196 237
858 196 237
858 212 217
858 212 217
859 292 140
859 292 140
859 339 268
859 339 268
859 368 369
859 368 62
859 368 194
860 10 236
860 10 236
860 318 313
860 318 313
861 84 241
861 84 105
861 84 124
861 257 74
861 257 74
861 348 70
861 348 70
862 330 119
862 330 119
862 344 328
862 344 328
863 30 220
863 30 220
863 271 300
863 271 300
863 279 101
863 279 48
863 279 316
864 104 349
864 104 349
864 233 161
864 233 249
864 233 70
864 344 318
864 344 318
864 370 371
864 370 371
865 109 18
865 109 18
865 200 365
865 200 365
866 46 151
866 46 151
866 84 335
866 84 335
866 215 178
866 215 87
866 215 130
867 50 121
867 50 121
867 290 65
867 290 65
868 67 42
868 67 42
868 94 372
868 94 372
868 263 178
868 263 178
869 37 184
869 37 184
869 294 373
869 294 373
869 351 347
869 351 347
870 61 348
870 61 348
870 257 210
870 257 210
871 50 185
871 50 185
871 98 231
871 98 231
871 300 376
871 300 376
871 374 375
871 374 375
872 68 94
872 68 356
872 68 237
872 277 28
872 277 28
872 278 227
872 278 227
873 198 10
873 217 299
873 217 299
873 243 198
873 243 10
873 290 364
873 290 64
873 290 25
873 318 124
873 318 124
874 190 170
874 190 170
874 224 123
874 224 123
875 245 287
875 245 287
875 344 367
875 344 367
876 153 173
876 153 173
876 174 140
876 183 360
876 183 360
876 261 174
876 261 140
877 108 15
877 108 15
877 198 303
877 198 303
878 154 153
878 154 153
878 186 85
878 186 78
878 186 293
878 274 104
878 274 104
878 377 12
878 377 272
878 377 326
879 33 237
879 33 237
879 86 39
879 86 39
879 378 379
879 378 89
879 378 272
880 39 255
880 42 214
880 42 214
880 49 39
880 49 255
880 149 317
880 149 317
881 159 32
881 159 32
881 190 239
881 190 239
881 245 312
881 245 324
881 312 324
882 88 130
882 88 130
882 319 96
882 319 96
883 251 19
883 251 19
883 365 43
883 365 43
884 123 249
884 123 249
884 318 183
884 318 183
885 52 325
885 52 325
885 374 282
885 374 282
