0 29 30
0 29 31
1 29 30
1 29 30
1 31 29
1 31 29
2 29 30
2 29 30
2 29 30
2 29 31
2 29 31
2 29 31
2 30 31
2 32 31
2 32 29
2 32 30
3 30 32
3 30 32
3 32 31
3 32 31
4 29 30
4 29 30
4 31 29
4 31 32
4 31 30
4 32 31
4 32 31
5 30 32
5 30 32
5 31 32
5 31 32
5 32 31
5 33 32
5 33 31
6 29 31
6 29 31
6 29 32
6 29 32
6 31 34
6 31 34
7 29 30
7 29 30
7 29 30
7 29 33
7 29 34
7 33 29
7 33 29
8 33 31
8 33 29
8 33 30
8 33 30
8 33 34
8 34 33
8 34 33
9 29 30
9 29 31
9 30 31
9 31 34
9 31 34
9 32 33
9 32 33
10 32 29
10 32 29
10 34 33
10 34 33
11 31 29
11 31 29
11 32 30
11 32 30
12 30 35
12 30 35
12 32 30
12 32 30
12 34 29
12 34 29
13 29 30
13 29 34
13 29 35
13 32 34
13 32 34
13 35 30
13 35 30
14 30 31
14 30 32
14 30 33
14 34 35
14 34 35
14 34 35
14 34 35
15 30 31
15 30 31
15 31 32
15 33 32
15 33 31
15 35 32
15 35 32
16 30 31
16 30 31
16 33 31
16 33 31
16 35 30
16 35 29
16 35 33
17 30 32
17 30 32
17 31 34
17 31 34
18 33 34
18 33 34
18 34 35
18 34 35
19 32 35
19 32 35
19 33 30
19 33 30
20 29 30
20 29 34
20 29 34
20 29 34
20 33 31
20 33 31
20 34 29
20 34 35
20 34 30
20 34 30
21 30 31
21 30 31
21 33 29
21 33 34
21 33 35
21 35 34
21 35 34
21 36 37
21 36 37
22 30 32
22 30 32
22 35 32
22 35 32
23 33 37
23 33 37
23 36 31
23 36 31
24 31 34
24 31 33
24 31 33
24 31 35
24 31 36
24 34 38
24 34 38
24 36 37
24 36 37
25 33 36
25 33 36
25 35 36
25 35 36
26 29 37
26 29 37
26 30 36
26 30 36
26 35 32
26 35 34
26 35 31
27 31 30
27 31 30
27 34 35
27 34 35
27 35 32
27 35 36
27 36 32
28 30 31
28 30 31
28 32 38
28 32 38
29 31 38
29 31 38
29 38 35
29 38 35
30 31 30
30 31 30
30 33 31
30 33 35
30 33 36
30 37 32
30 37 32
31 30 34
31 30 34
31 33 36
31 33 36
31 36 32
31 36 34
31 36 30
32 31 32
32 31 35
32 31 35
32 31 37
32 32 29
32 32 29
32 37 32
33 31 32
33 31 32
33 32 33
33 32 33
33 36 31
33 36 29
33 36 33
34 35 29
34 35 29
34 35 37
34 35 37
35 31 36
35 31 36
35 31 39
35 31 39
35 35 36
35 35 36
36 31 33
36 31 38
36 31 37
36 33 37
36 33 37
36 35 36
36 35 36
37 30 36
37 30 36
37 32 29
37 33 29
37 34 29
37 35 32
37 35 32
38 31 38
38 31 38
38 33 35
38 33 35
38 39 40
38 39 40
39 31 32
39 31 32
39 39 32
39 39 32
40 31 36
40 31 36
40 35 34
40 35 31
40 35 40
40 40 34
40 40 34
41 40 34
41 40 34
41 40 38
41 40 38
42 30 39
42 30 39
42 33 40
42 33 40
42 38 39
42 38 33
42 39 33
42 40 41
42 40 41
43 37 32
43 37 32
43 40 37
43 40 37
44 30 38
44 30 38
44 36 34
44 36 29
44 36 35
44 40 41
44 40 41
45 40 35
45 40 35
45 41 38
45 41 38
45 42 39
45 42 29
45 42 36
46 29 30
46 29 30
46 35 32
46 35 32
46 43 39
46 43 40
46 43 42
47 38 39
47 38 39
47 43 37
47 43 37
48 32 33
48 32 33
48 33 34
48 33 41
48 39 38
48 39 38
48 41 34
49 39 30
49 39 30
49 41 31
49 41 31
50 29 42
50 29 42
50 33 29
50 33 30
50 33 38
50 39 30
50 39 30
51 43 36
51 43 36
51 43 35
51 43 35
51 44 33
51 44 41
51 44 37
52 33 34
52 33 34
52 39 37
52 39 37
53 40 38
53 40 38
53 41 40
53 41 40
54 30 31
54 30 33
54 30 34
54 33 34
54 33 34
54 35 45
54 35 45
54 40 38
54 40 38
55 33 30
55 33 36
55 33 43
55 37 41
55 37 41
55 44 36
55 44 36
56 29 39
56 29 39
56 37 36
56 37 36
56 44 34
56 46 44
56 46 34
56 47 31
56 47 29
56 47 40
57 32 33
57 32 33
57 40 35
57 40 35
58 39 33
58 39 33
58 39 36
58 39 36
58 48 37
58 48 47
58 48 38
59 39 33
59 39 33
59 48 45
59 48 45
60 36 33
60 36 33
60 46 43
60 46 43
61 32 39
61 32 39
61 36 38
61 36 38
62 32 40
62 32 41
62 39 34
62 39 34
62 40 41
62 45 30
62 45 30
63 44 33
63 44 33
63 46 47
63 46 47
64 34 41
64 34 41
64 40 38
64 40 47
64 40 31
64 48 47
64 48 47
65 36 35
65 36 35
65 47 40
65 47 40
65 49 50
65 49 48
65 49 37
66 30 34
66 30 34
66 44 31
66 44 31
67 40 47
67 40 31
67 45 39
67 45 39
67 46 48
67 46 48
67 47 31
68 35 40
68 35 40
68 48 49
68 48 49
69 31 33
69 31 33
69 47 33
69 47 33
70 36 31
70 36 31
70 46 44
70 46 44
71 44 35
71 44 35
71 45 29
71 45 29
72 40 41
72 40 41
72 45 48
72 45 48
73 29 34
73 29 42
73 30 34
73 30 34
73 34 42
73 47 49
73 47 49
74 29 32
74 29 32
74 40 41
74 40 43
74 43 41
74 46 33
74 46 33
75 39 38
75 39 38
75 50 48
75 50 48
75 51 33
75 51 45
75 51 34
76 36 52
76 36 52
76 42 44
76 42 44
76 48 44
76 48 44
76 53 30
76 53 41
76 53 47
77 31 39
77 31 39
77 41 49
77 41 49
77 54 38
77 54 45
77 54 39
78 31 49
78 31 49
78 38 32
78 38 32
78 43 56
78 55 43
78 55 56
79 35 38
79 35 38
79 45 37
79 45 37
80 35 57
80 35 57
80 40 38
80 40 38
80 53 37
80 53 37
81 31 51
81 31 51
81 48 38
81 48 38
82 36 51
82 36 51
82 53 31
82 53 31
83 29 53
83 29 50
83 29 51
83 34 45
83 34 45
83 37 32
83 37 32
84 37 45
84 37 45
84 44 48
84 44 48
85 30 34
85 30 45
85 30 45
85 30 52
85 30 42
85 41 58
85 44 58
85 49 58
85 53 43
85 53 43
86 32 31
86 32 33
86 32 56
86 49 56
86 49 56
86 51 43
86 51 43
86 59 37
86 59 51
86 59 30
87 48 54
87 48 54
87 49 36
87 53 49
87 53 36
87 55 54
87 55 54
88 40 41
88 40 41
88 47 57
88 47 57
88 49 60
88 49 60
88 56 48
88 56 43
88 56 36
89 45 41
89 45 41
89 46 34
89 46 34
90 29 59
90 29 59
90 43 35
90 43 35
90 43 61
90 44 61
90 57 61
91 32 40
91 32 40
91 50 61
91 50 40
91 50 31
91 58 52
91 58 52
91 62 63
91 62 41
91 62 43
92 43 32
92 43 32
92 49 53
92 49 57
92 49 51
92 58 61
92 58 61
92 64 46
92 64 52
92 64 41
93 30 31
93 30 31
93 62 55
93 62 55
94 37 38
94 37 38
94 48 63
94 48 63
95 31 35
95 31 50
95 31 52
95 44 31
95 44 31
95 54 36
95 54 36
96 40 62
96 40 62
96 49 51
96 49 52
96 49 44
96 59 35
96 59 35
97 38 52
97 38 48
97 43 51
97 43 51
97 52 48
97 62 37
97 62 37
97 62 37
97 62 53
97 62 46
98 47 65
98 50 65
98 54 29
98 54 29
98 55 65
98 64 37
98 64 37
99 59 46
99 59 46
99 65 41
99 65 41
100 36 58
100 36 58
100 51 40
100 51 40
101 43 33
101 43 33
101 63 62
101 63 62
102 33 34
102 33 34
102 34 62
102 34 62
103 65 52
103 65 52
103 65 44
103 65 44
104 34 38
104 34 52
104 34 52
104 34 36
104 34 53
104 39 40
104 39 40
105 43 39
105 43 39
105 54 31
105 54 31
105 62 64
105 62 36
105 62 39
106 43 54
106 43 54
106 65 56
106 65 56
107 33 35
107 33 60
107 33 61
107 52 53
107 52 53
107 59 46
107 59 46
108 34 29
108 34 62
108 34 56
108 48 55
108 48 55
108 55 30
108 55 30
109 58 38
109 58 38
109 64 32
109 64 32
109 66 67
109 66 67
110 49 67
110 49 67
110 59 41
110 59 41
111 47 68
111 47 68
111 53 38
111 53 38
111 56 46
111 56 46
112 29 67
112 32 29
112 32 33
112 32 63
112 40 58
112 40 58
112 48 50
112 48 50
112 69 29
112 69 67
113 51 34
113 53 34
113 55 34
113 66 33
113 66 33
113 67 39
113 67 39
113 70 71
113 70 58
113 70 46
114 45 39
114 45 39
114 58 36
114 58 36
115 43 61
115 43 61
115 51 52
115 51 41
115 51 67
115 57 62
115 57 62
116 40 43
116 40 32
116 40 57
116 67 43
116 67 43
116 68 72
116 68 72
116 70 35
116 70 35
117 39 48
117 39 48
117 72 69
117 72 69
118 39 66
118 39 59
118 39 46
118 54 30
118 54 30
118 68 60
118 68 60
118 73 74
118 73 74
119 67 45
119 67 45
119 74 40
119 74 40
120 45 33
120 45 33
120 55 66
120 55 42
120 55 36
120 71 70
120 71 70
121 30 55
121 30 55
121 31 56
121 31 56
122 54 35
122 54 35
122 67 48
122 67 48
123 31 50
123 31 50
123 42 44
123 42 35
123 44 35
123 59 44
123 59 44
124 53 47
124 53 47
124 63 68
124 63 68
125 31 33
125 31 33
125 33 60
125 33 60
125 38 52
125 38 37
125 38 62
125 66 59
125 75 66
125 75 59
125 76 66
125 76 45
125 76 69
126 40 76
126 40 76
126 58 50
126 58 50
126 77 33
126 77 50
126 77 74
127 44 65
127 44 65
127 54 42
127 64 36
127 64 36
127 78 54
127 78 42
128 44 52
128 44 52
128 45 30
128 45 30
128 60 79
128 60 79
128 80 81
128 80 48
128 80 41
129 35 37
129 35 40
129 35 59
129 35 66
129 35 64
129 57 70
129 57 70
129 59 66
129 61 44
129 61 44
129 82 83
129 82 83
130 48 74
130 48 74
130 51 52
130 51 49
130 51 32
130 62 38
130 62 38
130 71 84
130 71 84
131 35 78
131 35 78
131 69 44
131 69 44
131 85 72
131 85 48
131 85 80
132 33 53
132 33 80
132 33 65
132 40 76
132 40 76
132 79 33
132 79 33
133 31 47
133 56 31
133 56 47
133 61 59
133 61 59
133 72 75
133 72 75
134 49 56
134 49 76
134 49 38
134 73 54
134 73 54
134 84 68
134 84 68
135 31 34
135 31 34
135 35 48
135 35 48
135 39 69
135 81 39
135 81 69
135 86 77
135 86 84
135 86 46
136 33 32
136 33 79
136 33 84
136 34 51
136 34 51
136 50 87
136 50 87
136 86 65
136 86 65
137 54 31
137 54 53
137 54 80
137 61 58
137 61 58
137 77 57
137 77 57
138 64 69
138 64 69
138 84 53
138 84 53
139 40 70
139 40 45
139 44 88
139 44 88
139 64 65
139 64 65
139 70 45
139 74 42
139 74 42
140 45 80
140 45 49
140 45 78
140 55 59
140 55 59
140 82 57
140 82 57
141 31 38
141 31 72
141 31 54
141 38 85
141 38 85
141 79 62
141 79 62
142 83 77
142 83 77
142 84 48
142 84 48
142 89 90
142 89 90
143 37 89
143 60 89
143 62 89
143 66 91
143 66 91
143 70 60
143 70 60
143 75 43
143 75 43
143 92 84
143 92 63
143 92 52
144 38 37
144 38 47
144 38 90
144 68 89
144 68 89
144 77 36
144 77 36
145 38 64
145 38 86
145 44 58
145 44 81
145 44 85
145 49 32
145 49 32
145 55 29
145 55 29
145 64 86
145 78 58
145 81 58
145 87 58
146 65 36
146 65 36
146 87 58
146 87 58
146 93 80
146 93 81
146 93 40
147 72 59
147 72 59
147 73 57
147 73 57
147 88 49
147 88 85
147 88 82
148 29 81
148 29 64
148 29 41
148 64 50
148 64 50
148 64 31
148 64 31
149 45 65
149 45 65
149 75 82
149 75 82
150 42 30
150 42 30
150 54 50
150 54 50
151 30 57
151 46 57
151 65 57
151 67 48
151 67 48
151 74 44
151 74 44
152 77 56
152 77 56
152 89 74
152 89 74
153 67 84
153 67 84
153 91 93
153 91 93
153 94 73
153 94 65
154 41 68
154 41 68
154 46 87
154 46 53
154 50 71
154 50 71
154 87 53
155 50 51
155 50 51
155 69 75
155 69 61
155 69 34
155 73 88
155 73 88
156 44 80
156 44 80
156 52 38
156 52 38
156 84 92
156 84 65
156 92 65
157 38 34
157 38 34
157 49 34
157 49 34
158 55 95
158 67 95
158 77 89
158 77 89
158 81 74
158 81 74
158 94 95
159 70 54
159 70 54
159 72 77
159 72 77
160 66 36
160 66 36
160 90 60
160 90 60
161 52 74
161 52 71
161 74 93
161 74 93
161 74 71
161 80 83
161 80 83
162 43 80
162 43 80
162 50 74
162 50 74
162 73 52
162 75 52
162 78 52
163 52 38
163 52 38
163 59 62
163 59 62
164 36 31
164 36 31
164 65 63
164 65 63
165 32 97
165 39 41
165 39 77
165 41 77
165 44 29
165 44 29
165 44 63
165 44 63
165 49 62
165 57 62
165 67 96
165 67 96
165 74 97
165 75 58
165 75 77
165 75 63
165 75 97
165 85 62
166 61 62
166 61 62
166 61 91
166 61 70
166 61 51
166 96 48
166 96 48
167 37 41
167 37 41
167 54 51
167 54 51
168 31 82
168 31 82
168 69 98
168 69 98
168 80 76
168 80 76
169 55 67
169 55 67
169 89 34
169 89 34
170 53 50
170 53 50
170 68 70
170 68 70
170 99 100
170 99 100
171 32 30
171 32 97
171 32 93
171 51 82
171 51 82
171 94 53
171 94 53
171 101 78
171 101 36
171 101 85
172 49 31
172 49 31
172 64 60
172 66 94
172 66 42
172 66 88
172 75 67
172 75 67
172 80 64
172 80 60
172 102 103
172 102 88
172 102 100
173 32 48
173 32 48
173 38 91
173 38 91
174 30 36
174 30 59
174 30 61
174 33 89
174 33 89
174 44 86
174 72 44
174 72 86
174 103 70
174 103 70
175 31 32
175 31 35
175 31 36
175 39 86
175 57 102
175 57 102
175 68 44
175 68 44
175 87 39
175 87 86
176 55 42
176 55 39
176 55 39
176 55 90
176 55 85
176 83 91
176 83 91
177 37 75
177 37 75
177 71 98
177 71 98
178 63 73
178 63 69
178 63 91
178 78 69
178 78 69
178 92 95
178 92 95
179 30 96
179 30 96
179 35 59
179 35 59
180 45 96
180 45 96
180 68 84
180 68 84
181 47 54
181 47 54
181 89 86
181 89 86
182 54 68
182 54 68
182 96 104
182 96 104
182 97 94
182 97 94
183 48 58
183 48 58
183 95 92
183 95 92
184 52 104
184 52 104
184 85 82
184 85 82
185 36 105
185 36 105
185 76 79
185 76 79
185 103 32
185 103 32
186 30 69
186 30 69
186 38 62
186 38 81
186 38 59
186 97 51
186 97 51
186 106 107
186 106 107
187 29 61
187 29 61
187 44 65
187 44 84
187 65 84
187 72 51
187 72 51
187 95 96
187 95 47
187 95 38
187 108 84
187 108 48
187 108 51
188 35 36
188 35 36
188 50 95
188 50 95
188 84 109
188 84 109
189 40 75
189 40 75
189 41 75
189 41 100
189 75 100
189 76 34
189 76 34
190 39 110
190 52 110
190 55 43
190 55 43
190 65 110
190 109 76
190 109 76
191 70 113
191 70 113
191 84 65
191 84 65
191 110 32
191 110 32
191 111 112
191 111 112
192 50 95
192 50 93
192 50 86
192 62 90
192 73 52
192 73 52
192 87 90
192 89 90
192 99 111
192 99 111
193 54 55
193 54 55
193 63 85
193 63 85
193 96 106
193 96 50
193 96 78
194 83 64
194 83 64
194 96 49
194 96 49
195 71 68
195 71 68
195 93 75
195 93 75
196 53 112
196 53 112
196 107 60
196 107 60
197 65 42
197 65 42
197 86 107
197 86 107
198 37 38
198 37 38
198 57 72
198 57 72
199 93 96
199 93 96
199 94 89
199 94 89
200 32 30
200 32 30
200 93 104
200 93 104
201 36 89
201 36 89
201 81 71
201 81 71
201 112 114
201 112 114
202 32 34
202 32 34
202 51 67
202 51 58
202 58 67
202 91 34
202 91 34
203 53 71
203 53 71
203 102 51
203 102 51
204 46 90
204 46 90
204 50 60
204 50 60
205 64 43
205 64 43
205 75 53
205 75 53
206 89 91
206 89 91
206 90 31
206 90 31
207 34 106
207 34 106
207 76 56
207 76 56
208 81 55
208 81 55
208 95 85
208 95 85
208 115 59
208 115 92
208 115 97
209 36 92
209 36 81
209 36 97
209 62 68
209 62 68
209 87 84
209 87 84
209 116 66
209 116 32
209 116 88
210 37 50
210 37 50
210 40 107
210 40 107
210 45 117
210 45 117
211 44 118
211 44 118
211 44 69
211 44 69
211 83 78
211 83 61
211 83 45
211 103 96
211 103 96
212 78 68
212 78 68
212 83 89
212 83 89
213 102 84
213 102 84
213 105 109
213 105 109
214 72 42
214 72 42
214 102 107
214 102 107
215 91 41
215 91 41
215 93 52
215 93 52
215 119 89
215 119 29
215 119 55
216 34 91
216 46 99
216 46 99
216 53 91
216 75 91
216 97 112
216 97 112
217 58 70
217 58 70
217 65 117
217 65 117
218 34 86
218 34 86
218 37 118
218 37 82
218 37 54
218 93 69
218 93 69
219 100 35
219 100 35
219 110 40
219 110 40
220 93 30
220 93 30
220 107 120
220 107 120
220 119 30
220 119 30
220 121 80
220 121 107
220 121 32
221 64 51
221 64 51
221 71 68
221 71 69
221 71 31
221 121 112
221 121 112
222 33 113
222 33 113
222 105 122
222 105 122
222 109 76
222 109 48
222 109 48
222 109 31
222 109 87
222 121 58
222 123 121
222 123 58
223 44 52
223 44 42
223 44 114
223 86 71
223 86 71
223 94 51
223 94 51
224 40 109
224 40 109
224 61 35
224 61 35
224 67 124
224 67 124
225 63 67
225 63 67
225 80 74
225 80 74
225 125 109
225 125 56
225 125 50
226 34 126
226 57 41
226 57 41
226 77 126
226 78 126
226 82 91
226 82 91
227 31 128
227 38 101
227 38 101
227 84 126
227 96 118
227 96 118
227 110 126
227 118 126
227 127 31
227 127 128
228 30 72
228 30 72
228 89 131
228 89 131
228 105 76
228 105 76
228 129 130
228 129 130
229 29 126
229 29 126
229 54 89
229 54 89
229 132 133
229 132 118
229 132 102
229 134 77
229 134 106
229 134 102
230 76 113
230 76 86
230 76 120
230 108 72
230 116 108
230 116 72
230 117 65
230 117 65
230 131 124
230 131 124
231 33 120
231 33 120
231 105 94
231 105 94
232 34 100
232 34 100
232 90 44
232 90 61
232 90 68
232 107 40
232 107 40
232 135 136
232 135 136
233 44 124
233 44 124
233 47 35
233 47 35
234 56 86
234 56 86
234 70 47
234 70 47
235 63 98
235 63 98
235 122 133
235 122 133
235 137 51
235 137 84
235 137 104
236 57 103
236 57 103
236 63 103
236 63 103
237 31 138
237 59 95
237 59 95
237 63 69
237 63 69
237 108 138
237 109 138
237 123 112
237 133 123
237 133 112
238 42 90
238 42 90
238 56 39
238 56 39
239 59 114
239 59 114
239 59 123
239 59 70
239 59 34
239 78 121
239 78 121
240 119 114
240 119 114
240 133 74
240 133 74
241 48 97
241 48 97
241 105 106
241 105 106
242 47 41
242 47 41
242 114 86
242 114 86
243 57 95
243 57 95
243 118 84
243 118 84
244 48 100
244 48 100
244 81 133
244 81 121
244 81 43
244 83 29
244 83 29
244 139 140
244 139 72
244 139 103
245 51 127
245 51 127
245 90 87
245 90 87
246 43 95
246 43 95
246 63 80
246 63 80
247 43 32
247 43 32
247 89 128
247 89 128
248 43 80
248 85 42
248 85 42
248 104 57
248 104 57
248 114 43
248 114 80
249 50 117
249 50 117
249 59 141
249 59 141
249 138 47
249 138 47
250 56 121
250 56 121
250 91 122
250 91 110
250 93 94
250 93 94
250 100 38
250 100 114
250 100 95
250 122 110
251 65 136
251 65 136
251 85 51
251 85 51
252 135 110
252 135 110
252 135 97
252 135 97
253 55 51
253 55 51
253 86 126
253 108 114
253 108 114
253 142 86
253 142 126
254 29 30
254 29 30
254 72 64
254 88 72
254 88 64
254 95 116
254 95 116
254 140 47
254 143 140
254 143 47
255 61 52
255 61 52
255 118 88
255 118 88
256 42 40
256 42 40
256 61 128
256 61 128
257 112 83
257 112 83
257 136 80
257 136 80
258 111 100
258 111 100
258 132 128
258 132 128
259 36 94
259 36 94
259 91 140
259 91 140
259 135 107
259 135 62
259 135 96
260 54 113
260 54 113
260 79 106
260 79 80
260 79 97
260 111 72
260 111 72
261 73 81
261 73 81
261 100 121
261 100 121
262 72 118
262 72 118
262 138 36
262 138 36
263 38 86
263 38 34
263 38 76
263 54 144
263 54 144
263 60 142
263 60 142
263 122 50
263 122 50
264 44 146
264 45 146
264 49 146
264 68 42
264 68 42
264 73 138
264 73 138
264 145 113
264 145 129
264 145 81
265 60 114
265 60 114
265 83 53
265 83 53
266 74 147
266 74 147
266 81 49
266 81 122
266 81 83
266 82 105
266 82 105
266 97 126
266 97 126
267 83 41
267 83 41
267 141 60
267 141 60
267 148 146
267 148 126
267 148 88
268 30 149
268 47 149
268 75 132
268 75 132
268 85 149
268 103 44
268 103 44
269 38 78
269 38 78
269 138 124
269 138 124
270 47 129
270 69 47
270 69 129
270 79 30
270 79 30
270 145 117
270 145 117
270 150 49
270 150 58
270 150 145
271 105 42
271 105 42
271 132 61
271 132 61
272 44 130
272 44 75
272 44 68
272 93 61
272 93 61
272 115 132
272 115 132
273 47 151
273 47 151
273 126 106
273 126 106
273 138 133
273 138 133
274 43 115
274 43 115
274 134 145
274 134 145
274 152 98
274 152 40
274 152 52
275 86 88
275 86 88
275 143 46
275 143 46
276 34 135
276 34 135
276 46 100
276 46 100
277 47 75
277 47 75
277 132 78
277 132 78
278 39 65
278 39 65
278 62 127
278 62 145
278 95 54
278 95 54
278 127 145
279 79 104
279 79 104
279 103 131
279 103 131
279 122 55
279 122 86
279 122 80
280 44 58
280 44 58
280 49 112
280 49 112
280 70 153
280 70 153
281 88 142
281 94 88
281 94 142
281 115 52
281 115 52
281 134 121
281 134 121
281 152 100
281 152 115
281 152 94
281 154 108
281 154 76
281 154 125
282 111 139
282 111 139
282 151 136
282 151 136
283 130 93
283 130 93
283 145 109
283 145 109
284 83 94
284 83 94
284 124 155
284 124 155
284 144 147
284 144 147
285 61 103
285 61 103
285 129 83
285 129 83
286 36 128
286 36 128
286 68 152
286 68 152
287 73 92
287 73 92
287 102 100
287 102 84
287 102 61
287 145 94
287 145 94
288 64 156
288 64 156
288 118 47
288 118 47
288 147 54
288 147 54
288 157 146
288 157 43
288 157 99
289 34 51
289 34 51
289 142 82
289 142 82
290 47 116
290 47 116
290 74 89
290 74 89
290 78 159
290 87 159
290 93 159
290 110 158
290 110 158
291 56 94
291 56 94
291 60 55
291 60 154
291 60 106
291 102 53
291 102 53
291 103 52
291 160 103
291 160 52
292 51 85
292 51 85
292 92 163
292 92 163
292 104 140
292 104 140
292 161 162
292 161 162
293 30 113
293 30 113
293 88 138
293 88 138
294 37 164
294 37 164
294 52 163
294 52 163
294 124 54
294 124 54
295 73 67
295 73 67
295 84 50
295 84 50
296 125 71
296 125 71
296 158 56
296 158 56
297 112 44
297 112 44
297 126 124
297 126 124
297 149 152
297 149 87
297 152 87
298 60 56
298 60 56
298 112 160
298 112 160
299 46 129
299 46 66
299 46 108
299 50 119
299 50 119
299 110 109
299 110 109
300 96 130
300 96 103
300 96 66
300 141 151
300 141 151
300 161 48
300 161 48
301 66 154
301 66 154
301 92 151
301 92 162
301 144 30
301 144 30
301 151 162
302 34 160
302 34 160
302 116 111
302 116 111
302 148 81
302 148 107
302 148 105
303 34 65
303 60 157
303 98 60
303 98 157
303 113 50
303 113 50
303 133 111
303 133 111
303 165 34
303 165 65
304 69 59
304 69 59
304 147 46
304 147 46
305 128 69
305 128 69
305 142 153
305 142 153
305 166 60
306 65 145
306 65 145
306 72 149
306 72 149
306 77 136
306 134 167
306 134 167
306 139 72
306 139 93
306 139 154
306 143 77
306 143 136
307 120 63
307 120 63
307 142 129
307 142 129
307 148 150
307 148 132
307 148 125
308 59 75
308 59 75
308 153 122
308 153 122
309 56 84
309 56 84
309 100 67
309 100 67
310 37 54
310 37 54
310 126 97
310 126 47
310 126 90
310 140 129
310 140 129
311 69 70
311 69 162
311 69 37
311 74 127
311 74 127
311 103 83
311 103 83
312 63 131
312 63 131
312 95 46
312 95 46
312 168 164
312 168 157
312 168 116
313 34 70
313 34 70
313 113 135
313 113 135
314 141 69
314 141 69
314 166 45
314 166 45
314 169 170
314 169 170
315 32 104
315 32 104
315 58 83
315 58 83
316 59 121
316 59 121
316 118 51
316 118 51
316 134 81
316 134 45
316 134 80
317 46 140
317 46 140
317 154 148
317 154 148
318 156 141
318 156 141
318 167 116
318 167 116
319 149 95
319 149 95
319 156 171
319 156 171
319 160 52
319 160 52
320 65 149
320 65 149
320 117 149
320 117 149
320 157 154
320 157 97
320 157 83
321 57 114
321 57 114
321 96 174
321 96 174
321 111 87
321 111 87
321 172 173
321 172 173
322 98 127
322 98 127
322 126 125
322 126 125
323 83 90
323 83 72
323 83 133
323 135 91
323 135 91
323 151 159
323 151 159
324 41 110
324 41 110
324 115 175
324 134 175
324 137 157
324 137 108
324 137 43
324 141 175
324 168 73
324 168 73
325 55 145
325 55 70
325 102 123
325 102 123
325 114 60
325 114 60
325 145 70
325 176 177
325 176 141
325 176 50
326 35 83
326 35 83
326 57 90
326 103 90
326 128 90
326 142 105
326 142 105
326 178 179
326 178 119
326 178 148
327 138 61
327 138 61
327 147 175
327 147 175
328 65 121
328 65 121
328 158 88
328 158 88
329 78 172
329 78 172
329 83 158
329 83 158
330 43 118
330 43 69
330 56 105
330 112 105
330 118 69
330 123 154
330 123 154
330 131 51
330 131 51
330 162 180
330 162 180
330 173 105
331 50 51
331 50 51
331 149 105
331 149 105
332 36 57
332 36 57
332 150 32
332 150 32
333 130 83
333 130 83
333 149 105
333 149 105
334 150 60
334 150 116
334 150 129
334 152 133
334 152 133
334 163 37
334 163 37
335 87 65
335 87 65
335 126 35
335 126 35
336 36 33
336 119 168
336 119 168
336 146 36
336 146 33
336 153 53
336 153 53
337 158 29
337 158 29
337 179 31
337 179 31
337 181 96
337 181 129
337 181 95
338 32 132
338 32 132
338 120 117
338 120 117
339 65 72
339 65 72
339 77 57
339 77 40
339 77 165
339 117 182
339 117 182
339 156 138
339 168 58
339 168 58
339 183 156
339 183 138
340 99 71
340 99 71
340 115 116
340 115 116
341 122 99
341 122 99
341 150 130
341 150 89
341 150 110
341 159 176
341 159 176
342 105 138
342 105 138
342 110 92
342 110 92
343 92 159
343 92 159
343 166 124
343 166 124
343 184 185
343 184 185
344 48 169
344 48 169
344 99 34
344 99 34
344 140 186
344 140 186
345 139 129
345 139 129
345 168 161
345 168 161
345 187 144
345 187 61
345 187 38
346 46 103
346 46 103
346 165 84
346 165 84
347 94 130
347 94 130
347 167 162
347 167 162
348 77 101
348 77 101
348 149 105
348 149 105
349 105 150
349 105 150
349 132 104
349 132 104
350 29 63
350 29 63
350 54 153
350 54 153
350 127 35
350 151 127
350 151 35
351 124 136
351 124 136
351 132 51
351 132 51
351 139 188
351 139 188
352 33 176
352 33 176
352 38 169
352 68 184
352 68 184
352 141 38
352 141 169
353 70 191
353 70 191
353 173 74
353 173 74
353 182 70
353 182 70
353 189 190
353 189 190
354 33 87
354 33 87
354 85 188
354 85 188
355 84 149
355 84 149
355 112 107
355 112 107
356 44 93
356 44 93
356 57 192
356 57 192
356 143 188
356 143 188
356 193 136
356 193 50
356 193 62
357 53 40
357 53 40
357 56 161
357 56 161
357 84 35
357 84 64
357 84 30
357 110 194
357 110 194
358 82 30
358 82 30
358 164 190
358 164 190
359 93 39
359 93 39
359 167 132
359 167 132
360 85 128
360 85 128
360 120 29
360 120 29
361 79 72
361 79 72
361 114 81
361 114 81
362 38 180
362 38 180
362 179 56
362 179 56
363 62 59
363 62 59
363 167 83
363 167 83
363 195 196
363 195 122
363 195 110
364 67 156
364 67 156
364 76 197
364 76 197
364 152 157
364 152 157
364 163 128
364 163 177
364 163 169
364 198 182
364 198 140
364 198 94
365 58 194
365 58 194
365 62 163
365 62 163
366 39 113
366 39 113
366 51 146
366 51 146
367 60 187
367 60 187
367 160 31
367 160 31
368 44 179
368 44 185
368 44 62
368 92 163
368 92 163
368 145 39
368 145 39
369 159 91
369 159 91
369 173 37
369 173 37
370 47 199
370 47 199
370 125 34
370 125 34
370 159 89
370 159 89
371 138 39
371 138 39
371 173 191
371 173 191
372 40 188
372 40 188
372 42 199
372 42 199
373 34 48
373 34 48
373 98 110
373 98 110
374 118 162
374 118 162
374 155 182
374 155 182
374 161 109
374 176 161
374 176 109
375 120 184
375 120 184
375 123 135
375 123 135
376 170 33
376 170 33
376 194 142
376 194 142
377 70 82
377 70 156
377 70 86
377 89 180
377 89 180
377 136 134
377 136 134
378 48 71
378 48 71
378 100 143
378 100 143
379 113 159
379 113 159
379 117 68
379 117 68
380 42 88
380 42 33
380 68 149
380 68 149
380 88 33
380 140 139
380 140 139
380 151 200
380 151 200
380 199 76
380 199 138
380 199 148
381 74 201
381 74 201
381 97 69
381 97 69
381 157 91
381 157 91
382 93 122
382 93 122
382 184 93
382 184 93
382 202 203
382 202 137
383 71 51
383 71 51
383 166 43
383 166 170
383 166 137
383 198 101
383 198 101
384 29 204
384 29 204
384 192 56
384 192 56
384 194 29
384 194 29
385 59 91
385 59 111
385 59 140
385 109 42
385 121 155
385 121 155
385 134 30
385 134 30
385 205 109
385 205 42
386 40 55
386 40 55
386 96 119
386 96 119
387 108 77
387 159 108
387 159 77
387 165 84
387 165 84
387 190 181
387 190 181
388 121 70
388 121 70
388 160 196
388 160 196
389 37 90
389 37 90
389 89 91
389 89 165
389 89 41
389 194 203
389 194 203
390 51 53
390 51 53
390 71 105
390 139 105
390 178 160
390 178 160
390 196 105
391 89 206
391 89 206
391 92 49
391 92 70
391 92 68
391 177 33
391 177 33
391 200 51
391 200 51
392 76 177
392 76 177
392 107 62
392 107 62
393 92 60
393 92 60
393 98 194
393 98 194
393 175 107
393 175 127
393 175 108
394 94 160
394 94 160
394 108 177
394 108 177
394 131 57
394 131 144
394 131 94
395 36 54
395 36 54
395 84 52
395 84 52
395 177 38
395 177 181
395 177 143
396 128 92
396 128 92
396 181 138
396 181 138
397 119 96
397 119 96
397 153 30
397 153 204
397 153 66
397 192 59
397 192 59
398 35 51
398 35 62
398 35 188
398 39 163
398 39 163
398 148 147
398 148 147
398 156 207
398 156 207
399 184 151
399 184 151
399 190 47
399 190 47
399 202 208
399 202 208
400 89 204
400 89 204
400 134 189
400 134 189
401 92 181
401 92 181
401 129 156
401 134 150
401 134 150
401 139 129
401 139 156
402 29 35
402 29 35
402 53 195
402 53 195
402 124 58
402 124 43
402 124 114
402 209 210
402 209 210
402 211 212
402 211 213
402 211 195
403 53 140
403 53 140
403 135 211
403 135 155
403 176 39
403 176 39
403 211 155
404 126 157
404 126 157
404 139 81
404 139 81
405 141 209
405 141 64
405 141 67
405 175 210
405 175 210
405 182 103
405 182 103
406 34 117
406 34 117
406 114 73
406 114 73
407 43 79
407 43 79
407 104 214
407 146 214
407 153 214
407 197 178
407 197 178
408 195 112
408 195 112
408 201 160
408 201 160
409 75 51
409 75 51
409 84 145
409 84 174
409 84 88
409 190 162
409 190 162
410 52 37
410 52 37
410 52 145
410 52 145
411 66 184
411 66 184
411 85 98
411 97 85
411 97 98
411 160 56
411 160 56
412 108 62
412 108 62
412 213 47
412 213 47
413 56 113
413 56 113
413 101 215
413 104 215
413 119 107
413 119 107
413 160 38
413 160 167
413 160 92
413 163 215
414 32 187
414 32 187
414 75 155
414 75 155
415 135 211
415 135 211
415 167 50
415 167 50
416 145 186
416 145 186
416 163 212
416 163 212
417 108 83
417 108 83
417 177 32
417 177 32
417 216 217
417 216 218
417 216 184
418 91 93
418 91 93
418 127 42
418 127 42
418 143 169
418 143 205
418 143 210
419 36 213
419 36 213
419 97 100
419 97 100
420 136 188
420 136 188
420 180 52
420 180 52
421 88 81
421 88 81
421 119 168
421 119 126
421 168 126
421 176 183
421 176 183
422 34 31
422 34 31
422 46 154
422 56 46
422 56 154
422 178 213
422 178 213
423 150 57
423 150 57
423 170 123
423 170 89
423 170 156
423 184 112
423 184 112
424 136 187
424 136 187
424 206 47
424 206 47
425 80 152
425 80 152
425 183 132
425 183 132
426 71 87
426 71 87
426 210 39
426 210 39
427 59 203
427 59 203
427 100 218
427 100 218
427 100 47
427 100 125
427 100 88
428 31 209
428 31 209
428 118 124
428 118 124
428 219 97
428 219 138
428 219 50
429 71 30
429 71 30
429 119 125
429 119 125
430 39 184
430 39 189
430 105 186
430 105 186
430 153 208
430 153 208
430 184 189
431 48 100
431 48 100
431 60 209
431 60 209
432 82 163
432 82 163
432 175 131
432 175 131
433 61 220
433 61 220
433 62 72
433 62 72
433 183 169
433 183 169
433 221 222
433 221 189
433 221 130
433 223 161
433 223 110
433 223 213
434 52 222
434 52 222
434 136 169
434 136 169
435 65 108
435 65 108
435 135 193
435 135 193
436 30 221
436 30 221
436 176 135
436 176 135
437 72 182
437 72 182
437 178 62
437 178 62
437 199 164
437 199 217
437 199 198
438 145 30
438 145 30
438 189 84
438 189 84
439 130 187
439 130 187
439 132 170
439 132 170
440 118 224
440 118 224
440 155 61
440 155 61
440 172 171
440 172 171
441 144 65
441 144 65
441 172 183
441 172 183
441 221 165
441 221 143
441 221 210
442 40 129
442 40 129
442 167 94
442 167 94
443 43 212
443 43 212
443 77 63
443 77 63
444 33 54
444 33 54
444 169 176
444 169 176
445 117 120
445 117 120
445 118 221
445 118 122
445 118 96
445 168 172
445 168 172
446 55 157
446 55 157
446 78 225
446 78 225
446 176 150
446 176 150
446 226 100
446 226 124
446 226 148
447 30 227
447 42 165
447 42 165
447 62 164
447 62 164
447 176 227
447 196 227
448 105 201
448 105 201
448 110 97
448 110 97
448 228 77
448 228 187
448 228 91
448 229 195
449 29 80
449 29 80
449 30 81
449 30 174
449 81 174
449 122 124
449 122 124
450 85 107
450 85 92
450 85 205
450 92 64
450 92 64
450 141 138
450 141 138
451 55 194
451 55 64
451 59 186
451 59 186
451 147 119
451 147 119
451 194 64
452 175 96
452 175 96
452 179 230
452 179 230
452 212 173
452 212 173
453 52 188
453 52 229
453 120 80
453 120 80
453 156 232
453 177 65
453 177 65
453 188 229
453 188 232
453 231 232
454 111 129
454 111 129
454 185 219
454 185 219
454 233 104
454 233 163
454 233 145
455 110 45
455 110 156
455 110 169
455 131 221
455 131 221
455 182 146
455 182 146
456 146 75
456 146 75
456 148 165
456 148 165
457 65 208
457 65 208
457 158 109
457 158 109
457 234 85
457 234 216
457 234 187
458 137 38
458 137 38
458 152 180
458 152 180
459 61 108
459 61 108
459 152 157
459 152 157
459 172 57
459 172 110
459 172 58
460 142 228
460 142 228
460 173 153
460 173 153
461 79 185
461 79 185
461 113 148
461 113 148
462 173 170
462 173 170
462 184 39
462 184 107
462 184 230
462 228 162
462 228 162
463 31 132
463 31 132
463 175 206
463 175 206
464 91 98
464 91 98
464 149 61
464 149 61
464 193 198
464 193 88
464 193 190
465 196 109
465 196 109
465 228 203
465 228 203
466 42 149
466 42 149
466 118 184
466 118 184
467 41 117
467 41 117
467 125 137
467 125 137
467 231 184
467 231 164
467 231 69
468 52 127
468 52 127
468 119 97
468 119 97
468 235 140
468 235 202
468 235 60
469 177 56
469 177 56
469 199 66
469 199 66
470 82 90
470 82 90
470 94 77
470 94 77
470 173 236
470 173 236
471 165 71
471 165 71
471 191 230
471 191 230
472 78 178
472 78 178
472 143 109
472 143 109
473 30 102
473 30 102
473 120 129
473 120 129
474 56 32
474 56 32
474 64 196
474 75 64
474 75 196
474 164 36
474 164 36
475 111 35
475 111 35
475 178 212
475 178 81
475 212 81
475 224 112
475 224 112
476 163 87
476 163 87
476 181 216
476 181 97
476 193 113
476 193 113
476 195 142
476 195 44
476 195 143
476 216 97
477 32 213
477 32 213
477 53 173
477 53 173
478 193 158
478 193 158
478 204 156
478 204 156
479 168 86
479 168 86
479 180 237
479 180 237
479 184 72
479 184 72
480 64 202
480 64 202
480 224 233
480 224 233
481 54 147
481 54 147
481 122 133
481 122 133
481 238 239
481 238 239
482 126 192
482 126 192
482 168 151
482 168 52
482 168 77
482 174 226
482 174 226
483 112 100
483 112 100
483 227 220
483 227 220
484 37 77
484 37 77
484 178 132
484 178 132
485 50 42
485 50 42
485 113 97
485 113 97
486 39 126
486 39 126
486 42 126
486 220 44
486 220 44
486 240 42
486 240 126
487 76 126
487 76 126
487 147 241
487 147 241
487 216 97
487 216 97
488 40 198
488 40 229
488 40 65
488 57 199
488 155 214
488 155 214
488 180 31
488 180 31
488 242 57
488 242 199
489 46 131
489 46 131
489 156 125
489 156 125
490 133 83
490 133 234
490 133 60
490 162 104
490 162 104
490 187 105
490 187 105
491 195 204
491 195 204
491 197 206
491 197 206
492 53 110
492 53 110
492 99 91
492 99 91
492 187 243
492 187 243
493 45 219
493 45 219
493 241 180
493 241 180
494 55 245
494 72 32
494 72 32
494 131 241
494 131 120
494 144 121
494 144 121
494 241 120
494 244 55
494 244 245
495 183 36
495 183 36
495 205 206
495 205 206
496 51 155
496 51 155
496 183 116
496 183 116
497 70 97
497 70 97
497 171 151
497 171 151
498 38 113
498 38 113
498 93 53
498 93 53
498 134 64
498 246 134
498 246 64
499 43 225
499 43 225
499 86 199
499 88 157
499 88 106
499 88 173
499 118 218
499 118 218
499 173 86
499 173 199
500 108 196
500 108 196
500 110 137
500 110 137
500 153 214
500 153 97
500 153 78
501 35 222
501 35 222
501 54 194
501 54 194
502 74 117
502 74 117
502 101 98
502 101 98
503 38 206
503 38 206
503 137 180
503 137 180
504 105 120
504 105 120
504 189 233
504 189 81
504 189 207
504 227 52
504 227 52
505 61 168
505 61 168
505 167 168
505 167 168
506 125 72
506 125 72
506 235 158
506 235 158
507 33 116
507 33 116
507 139 247
507 139 247
507 200 224
507 200 224
508 31 157
508 164 125
508 164 125
508 230 31
508 230 157
508 242 174
508 242 174
509 49 104
509 49 104
509 233 216
509 233 216
510 54 164
510 54 164
510 87 64
510 87 64
511 35 149
511 35 105
511 35 53
511 43 205
511 43 205
511 134 208
511 134 208
512 69 30
512 69 30
512 114 82
512 114 82
513 153 160
513 153 160
513 201 160
513 201 163
513 201 42
513 216 85
513 216 85
513 217 248
513 217 248
513 249 108
513 249 69
513 249 73
514 38 92
514 38 92
514 240 161
514 240 161
515 61 226
515 61 226
515 160 221
515 160 221
516 119 32
516 119 32
516 119 100
516 119 100
516 160 58
516 160 54
516 160 39
517 105 236
517 105 236
517 181 93
517 181 93
518 127 207
518 127 207
518 203 36
518 203 36
518 250 124
518 250 72
518 250 50
519 129 214
519 129 214
519 143 154
519 143 154
520 84 91
520 84 91
520 106 146
520 106 212
520 146 212
520 218 141
520 218 141
520 248 224
520 248 183
520 248 94
521 46 156
521 46 156
521 114 146
521 114 162
521 114 33
521 208 93
521 208 93
522 106 175
522 106 175
522 221 110
522 221 110
522 251 104
522 251 194
522 251 230
523 32 127
523 32 127
523 232 214
523 232 214
524 51 205
524 51 205
524 130 127
524 130 155
524 130 33
524 220 129
524 220 129
525 33 128
525 33 47
525 33 164
525 49 141
525 49 141
525 104 74
525 104 74
526 100 98
526 100 98
526 208 109
526 208 109
527 131 147
527 131 62
527 131 106
527 159 235
527 163 159
527 163 235
527 174 75
527 174 75
527 247 194
527 247 194
527 252 82
527 252 234
527 252 102
528 69 63
528 69 63
528 156 134
528 156 134
528 217 221
528 217 247
528 217 39
528 219 253
528 219 253
529 40 131
529 40 131
529 56 113
529 119 113
529 125 140
529 125 140
529 220 113
530 51 150
530 51 150
530 182 254
530 182 254
530 226 96
530 226 96
531 30 70
531 30 74
531 70 74
531 73 145
531 73 145
531 182 74
531 182 74
532 68 255
532 68 255
532 104 208
532 104 208
532 211 184
532 211 184
533 36 88
533 36 88
533 125 97
533 125 189
533 125 184
533 180 82
533 180 82
534 49 256
534 80 96
534 80 96
534 118 256
534 204 217
534 204 217
534 237 256
535 128 255
535 128 53
535 128 195
535 150 102
535 150 102
535 179 109
535 179 109
535 257 258
535 257 258
536 164 46
536 164 46
536 208 235
536 208 235
537 98 227
537 98 227
537 233 59
537 233 59
537 237 187
537 237 30
537 237 77
538 45 248
538 45 248
538 175 94
538 175 94
539 32 42
539 32 42
539 240 231
539 240 231
540 33 250
540 33 250
540 145 202
540 145 202
540 169 110
540 169 233
540 169 148
541 73 204
541 73 89
541 73 85
541 207 249
541 207 249
541 215 93
541 215 93
542 90 215
542 90 215
542 174 29
542 174 29
543 45 194
543 45 194
543 134 66
543 134 66
544 41 207
544 41 207
544 125 222
544 125 222
544 245 152
544 245 207
544 245 40
545 82 68
545 163 82
545 163 68
545 215 37
545 215 37
545 247 37
545 247 37
545 259 260
545 259 261
545 259 136
546 91 82
546 91 82
546 177 256
546 177 256
547 228 172
547 228 172
547 242 161
547 242 161
548 68 173
548 68 173
548 185 228
548 185 228
548 216 253
548 216 74
548 216 205
548 262 157
548 262 138
548 262 211
549 45 230
549 45 230
549 55 36
549 55 146
549 55 122
549 99 86
549 99 86
550 89 86
550 89 180
550 89 257
550 195 202
550 195 202
550 257 187
550 257 187
551 127 226
551 127 226
551 199 96
551 199 96
552 83 71
552 83 71
552 130 149
552 130 149
553 64 69
553 64 69
553 66 32
553 66 32
553 123 213
553 123 235
553 213 235
553 263 113
553 263 48
553 263 199
554 219 211
554 219 211
554 228 191
554 228 191
555 104 114
555 104 114
555 205 143
555 205 143
556 32 104
556 32 104
556 123 140
556 123 140
557 60 109
557 60 109
557 73 179
557 73 179
558 69 106
558 69 42
558 106 42
558 115 195
558 115 195
558 203 75
558 203 75
559 67 206
559 67 206
559 241 153
559 241 153
559 256 206
559 264 256
559 264 206
560 151 204
560 151 204
560 226 159
560 226 159
560 245 147
560 245 83
560 245 185
561 34 245
561 34 195
561 34 121
561 89 83
561 89 83
561 237 77
561 237 77
562 237 36
562 237 36
562 264 221
562 264 221
563 55 108
563 55 108
563 117 127
563 117 127
564 155 97
564 155 97
564 160 46
564 160 46
564 163 103
564 163 191
564 163 130
565 108 164
565 108 164
565 161 215
565 161 215
566 37 236
566 37 80
566 37 239
566 59 120
566 78 237
566 94 237
566 103 157
566 103 157
566 137 141
566 137 141
566 173 59
566 173 120
566 240 237
566 265 266
566 265 266
567 56 66
567 56 66
567 145 247
567 145 207
567 145 144
567 184 261
567 184 261
568 247 107
568 247 107
568 264 159
568 264 159
569 81 32
569 81 32
569 88 180
569 88 180
570 137 87
570 137 87
570 149 104
570 149 99
570 149 161
570 160 172
570 160 172
570 178 267
570 178 267
571 79 268
571 79 268
571 81 96
571 81 96
571 188 61
571 188 241
571 188 223
571 230 229
571 230 229
572 79 233
572 79 208
572 79 156
572 96 259
572 96 259
572 115 193
572 215 115
572 215 193
572 267 149
572 267 149
573 32 112
573 32 182
573 32 177
573 77 194
573 77 194
573 189 30
573 189 30
573 269 270
573 269 271
573 269 210
573 272 87
573 272 225
573 272 238
574 148 56
574 148 56
574 168 187
574 168 187
575 95 120
575 95 120
575 247 177
575 247 177
576 66 196
576 66 196
576 116 179
576 116 179
576 273 120
576 273 74
576 273 29
577 91 145
577 91 145
577 177 39
577 177 39
578 109 128
578 109 128
578 119 237
578 190 263
578 190 263
578 211 119
578 211 237
579 86 258
579 86 258
579 135 36
579 135 36
580 110 148
580 110 148
580 206 177
580 206 177
580 210 274
580 210 274
581 44 153
581 44 153
581 257 147
581 257 147
582 42 40
582 42 126
582 42 210
582 232 116
582 232 116
582 245 73
582 245 73
582 275 193
582 275 74
582 275 243
583 114 148
583 114 148
583 163 99
583 163 99
583 275 98
583 275 105
583 275 107
584 54 123
584 54 123
584 61 271
584 61 271
585 176 121
585 176 121
585 270 232
585 270 232
585 276 195
586 130 142
586 130 142
586 262 75
586 262 75
587 56 243
587 56 243
587 122 255
587 122 255
588 61 129
588 61 129
588 131 166
588 131 151
588 131 119
588 262 128
588 262 128
589 57 160
589 57 160
589 270 108
589 270 108
590 59 186
590 59 157
590 59 163
590 199 170
590 199 170
590 268 31
590 268 31
590 277 109
590 277 210
590 277 228
591 185 83
591 185 83
591 199 213
591 199 213
592 31 169
592 31 169
592 59 77
592 59 233
592 77 233
592 186 75
592 186 75
593 29 233
593 29 233
593 47 48
593 47 177
593 48 177
593 234 101
593 234 101
594 87 239
594 87 239
594 270 199
594 270 199
595 102 159
595 102 159
595 198 97
595 198 97
596 120 75
596 120 71
596 120 64
596 207 218
596 207 218
596 233 267
596 233 267
596 278 69
596 278 218
596 278 236
597 258 272
597 258 272
597 262 186
597 262 186
598 31 275
598 31 275
598 266 155
598 266 155
598 279 280
598 279 278
598 279 128
599 59 273
599 59 273
599 217 247
599 217 247
600 111 155
600 111 155
600 213 172
600 213 172
601 222 231
601 222 231
601 223 130
601 223 130
602 87 281
602 87 281
602 171 153
602 171 153
602 215 160
602 215 160
603 170 172
603 170 172
603 188 107
603 188 107
604 89 131
604 89 131
604 205 275
604 205 80
604 205 125
604 247 201
604 247 201
604 282 181
604 282 231
604 282 82
605 82 63
605 82 63
605 242 151
605 242 151
606 57 262
606 57 249
606 57 31
606 150 144
606 150 144
606 172 147
606 172 147
607 42 120
607 42 170
607 42 69
607 213 158
607 213 158
607 242 187
607 242 187
608 31 32
608 31 32
608 40 188
608 40 188
608 78 125
608 201 78
608 201 125
609 156 79
609 156 79
609 192 39
609 192 39
610 53 32
610 53 32
610 72 112
610 72 103
610 72 117
610 196 183
610 196 183
611 136 62
611 136 62
611 245 57
611 245 57
612 99 252
612 99 252
612 152 255
612 152 255
612 267 233
612 267 199
612 267 255
613 67 140
613 67 140
613 204 254
613 204 254
614 149 142
614 149 142
614 216 131
614 216 131
614 259 81
614 259 253
614 259 90
615 184 110
615 184 110
615 253 158
615 253 158
616 103 283
616 103 283
616 179 158
616 179 158
616 231 272
616 231 272
617 74 233
617 74 263
617 74 102
617 150 222
617 150 222
617 194 41
617 194 41
618 156 252
618 156 252
618 187 48
618 187 48
618 283 202
618 283 136
618 283 178
619 142 146
619 142 146
619 266 121
619 266 121
620 31 197
620 31 197
620 168 147
620 168 34
620 168 76
620 260 172
620 260 172
620 284 241
620 284 73
620 284 233
621 95 38
621 95 121
621 95 114
621 177 98
621 177 98
621 282 102
621 282 102
622 66 180
622 66 180
622 183 182
622 183 182
622 203 95
622 203 137
622 203 54
623 100 182
623 100 182
623 225 47
623 225 47
624 120 285
624 120 285
624 171 161
624 171 161
624 193 202
624 193 273
624 202 273
624 279 99
624 279 99
625 129 286
625 129 286
625 201 265
625 201 265
625 203 137
625 203 137
625 246 287
625 268 287
625 271 287
625 281 193
625 281 157
625 281 197
626 125 187
626 125 187
626 176 155
626 176 155
627 41 234
627 41 234
627 192 279
627 192 279
628 127 217
628 127 217
628 155 222
628 155 222
629 85 240
629 85 240
629 281 217
629 281 217
630 183 256
630 183 256
630 225 248
630 225 248
631 105 70
631 105 70
631 252 229
631 252 229
632 53 38
632 53 38
632 67 246
632 67 246
632 165 221
632 165 46
632 165 107
632 288 289
632 288 166
632 288 106
633 71 233
633 71 233
633 151 56
633 151 56
634 171 239
634 171 239
634 248 155
634 248 155
635 50 60
635 50 251
635 60 251
635 119 118
635 119 118
635 182 227
635 182 227
635 290 117
635 290 60
635 290 272
636 58 59
636 58 264
636 58 169
636 59 83
636 59 83
636 180 249
636 180 249
637 80 291
637 80 291
637 169 60
637 169 60
637 253 276
637 253 276
638 185 192
638 185 192
638 253 103
638 253 103
639 117 120
639 117 120
639 187 88
639 212 90
639 212 90
639 253 187
639 253 88
639 266 101
639 266 110
639 266 168
640 51 162
640 51 162
640 78 154
640 78 77
640 78 122
640 236 269
640 236 269
641 127 187
641 127 187
641 135 230
641 135 230
642 236 78
642 236 78
642 265 266
642 265 266
643 58 49
643 58 49
643 80 292
643 131 292
643 203 189
643 203 189
643 249 292
644 68 35
644 68 35
644 85 93
644 154 93
644 213 179
644 213 217
644 213 166
644 242 57
644 242 57
644 287 93
645 133 39
645 133 39
645 199 57
645 199 57
645 274 293
645 274 293
646 33 118
646 33 118
646 63 205
646 63 70
646 175 70
646 175 70
646 205 70
646 213 294
646 213 294
647 114 257
647 114 257
647 148 132
647 148 132
648 119 201
648 119 201
648 123 35
648 123 35
649 72 287
649 72 287
649 265 70
649 265 70
649 295 296
649 295 273
649 295 288
650 66 75
650 66 75
650 259 69
650 259 69
650 297 298
650 297 298
651 34 100
651 34 117
651 34 85
651 80 171
651 80 171
651 115 98
651 115 98
652 49 252
652 49 30
652 110 213
652 110 213
652 131 291
652 131 86
652 131 256
652 201 300
652 204 300
652 219 243
652 219 243
652 243 300
652 252 30
652 299 236
652 299 92
652 299 205
653 117 301
653 117 301
653 123 302
653 166 302
653 218 172
653 218 172
653 226 302
653 282 136
653 282 136
654 134 95
654 134 95
654 181 103
654 181 103
654 216 217
654 216 56
654 217 56
655 32 266
655 32 266
655 98 246
655 98 246
655 201 303
655 201 303
656 83 297
656 83 297
656 145 49
656 145 49
657 108 239
657 108 239
657 142 304
657 142 304
657 150 99
657 150 266
657 150 157
657 298 290
657 298 290
658 258 127
658 258 127
658 280 81
658 280 81
659 54 268
659 54 268
659 217 197
659 217 197
659 305 35
659 305 30
659 305 55
660 90 154
660 90 248
660 90 250
660 134 48
660 134 48
660 276 200
660 276 200
661 150 276
661 150 276
661 228 242
661 228 242
662 217 201
662 217 201
662 263 284
662 263 284
663 99 226
663 99 226
663 287 133
663 287 133
664 112 222
664 112 222
664 164 64
664 164 209
664 164 42
664 261 133
664 261 133
665 132 229
665 132 229
665 174 173
665 174 104
665 174 109
665 289 145
665 289 145
666 184 104
666 184 104
666 214 225
666 214 225
666 306 278
666 306 264
666 306 149
667 179 97
667 179 97
667 263 83
667 263 83
668 97 272
668 97 272
668 251 257
668 251 257
669 91 100
669 91 100
669 133 232
669 133 232
670 52 30
670 52 30
670 252 206
670 252 275
670 252 243
670 279 150
670 279 150
671 114 137
671 114 137
671 133 276
671 133 163
671 276 130
671 276 130
671 276 163
672 228 194
672 228 194
672 236 240
672 236 240
673 218 212
673 218 161
673 218 93
673 224 84
673 224 84
673 292 33
673 292 33
674 111 179
674 111 179
674 158 253
674 158 253
675 126 181
675 126 181
675 147 206
675 147 305
675 206 305
675 259 235
675 259 235
675 307 61
675 307 204
675 307 195
676 92 96
676 92 96
676 291 229
676 291 229
677 31 303
677 31 303
677 68 308
677 68 308
677 142 295
677 142 295
678 37 190
678 37 190
678 84 126
678 84 224
678 84 238
678 174 299
678 174 299
679 243 148
679 243 307
679 243 91
679 292 37
679 292 37
679 298 207
679 298 207
680 94 112
680 94 112
680 250 143
680 250 143
681 72 121
681 117 192
681 117 192
681 161 202
681 161 202
681 259 72
681 259 121
681 309 123
681 309 33
681 309 290
682 192 234
682 192 234
682 233 48
682 233 48
683 90 310
683 90 310
683 175 210
683 175 210
683 182 36
683 182 36
684 107 185
684 107 206
684 107 228
684 181 198
684 181 198
684 218 71
684 218 71
685 34 311
685 34 311
685 152 201
685 152 201
685 243 305
685 243 305
685 310 47
685 310 182
685 310 55
686 82 90
686 82 90
686 210 183
686 210 183
687 62 60
687 62 60
687 159 312
687 159 312
687 186 291
687 186 291
688 88 66
688 88 66
688 133 204
688 133 64
688 204 64
688 206 235
688 206 235
688 313 314
688 313 314
689 93 153
689 93 153
689 194 176
689 194 34
689 194 199
689 227 242
689 227 242
690 89 79
690 89 79
690 163 242
690 163 198
690 205 309
690 205 124
690 205 44
690 242 198
690 261 46
690 261 46
691 44 69
691 44 69
691 90 277
691 159 276
691 173 159
691 173 276
691 181 277
691 206 299
691 206 184
691 206 156
691 247 277
691 260 247
691 260 247
691 315 316
691 315 316
692 57 237
692 57 237
692 67 283
692 67 178
692 219 317
692 219 317
692 236 269
692 236 269
692 283 178
693 32 285
693 101 147
693 101 197
693 101 29
693 156 49
693 156 49
693 163 140
693 163 140
693 186 32
693 186 285
693 224 318
693 234 318
693 236 318
694 92 166
694 92 166
694 210 319
694 210 319
694 308 118
694 308 118
695 247 237
695 247 237
695 268 67
695 268 67
695 320 217
695 320 66
695 320 134
696 30 313
696 30 313
696 64 97
696 64 97
696 176 163
696 176 186
696 176 263
697 194 311
697 194 311
697 241 55
697 241 55
697 269 129
697 269 178
697 269 169
698 87 286
698 87 286
698 146 251
698 178 112
698 178 112
698 269 146
698 269 251
698 321 322
698 321 322
699 51 129
699 51 129
699 53 192
699 53 192
700 92 137
700 92 137
700 225 291
700 225 291
701 137 252
701 137 252
701 197 114
701 222 197
701 222 114
701 271 118
701 271 118
701 272 323
701 272 323
702 62 182
702 62 182
702 244 198
702 272 244
702 272 198
702 288 101
702 288 101
702 304 113
702 304 313
702 304 168
703 59 87
703 127 192
703 127 192
703 224 30
703 224 30
703 241 59
703 241 87
704 189 227
704 189 227
704 212 41
704 212 41
705 150 171
705 150 171
705 159 74
705 159 281
705 159 116
705 163 212
705 163 212
706 75 202
706 75 308
706 202 308
706 250 40
706 250 40
706 286 162
706 286 162
707 34 184
707 34 184
707 76 104
707 261 76
707 261 104
707 312 244
707 312 244
707 313 108
707 313 261
707 313 113
708 71 190
708 71 190
708 140 314
708 140 314
709 261 254
709 261 254
709 295 185
709 295 185
710 85 195
710 85 195
710 155 293
710 155 293
711 181 112
711 181 112
711 244 207
711 244 199
711 244 115
711 275 110
711 275 110
712 140 130
712 140 130
712 210 94
712 210 94
713 76 174
713 76 35
713 174 35
713 194 285
713 194 285
713 256 201
713 256 152
713 256 294
713 312 300
713 312 300
714 35 206
714 35 206
714 139 293
714 139 293
715 125 93
715 125 93
715 223 232
715 223 205
715 223 35
715 280 254
715 280 254
715 312 324
715 312 324
716 52 326
716 84 325
716 84 325
716 121 199
716 121 199
716 121 326
716 228 208
716 228 208
716 258 326
717 90 183
717 90 183
717 241 170
717 241 170
717 327 328
717 327 271
717 327 55
718 99 330
718 116 87
718 116 87
718 232 330
718 255 56
718 255 169
718 255 185
718 283 178
718 283 178
718 329 330
719 49 209
719 49 209
719 119 178
719 119 178
720 272 222
720 272 222
720 320 134
720 320 80
720 320 257
720 322 81
720 322 81
721 88 36
721 88 36
721 156 221
721 156 221
722 62 274
722 62 274
722 82 319
722 82 319
723 42 315
723 42 315
723 63 154
723 63 154
724 51 187
724 51 187
724 105 227
724 105 245
724 168 141
724 168 141
724 227 245
725 61 176
725 61 176
725 94 101
725 94 101
725 131 57
725 131 155
725 131 142
725 280 331
725 280 331
726 50 290
726 50 290
726 67 135
726 78 308
726 78 308
726 290 135
726 302 135
726 332 69
726 332 251
726 332 231
727 36 40
727 36 40
727 45 80
727 45 304
727 45 244
727 120 207
727 120 207
727 330 333
727 330 333
727 334 311
727 334 179
727 334 99
728 115 326
728 115 66
728 115 101
728 123 138
728 123 138
728 316 146
728 316 146
729 123 295
729 131 41
729 131 316
729 131 137
729 147 37
729 147 37
729 205 123
729 205 295
729 232 209
729 232 209
730 82 331
730 82 331
730 258 193
730 258 193
730 293 29
730 293 137
730 293 315
731 227 189
731 227 189
731 289 40
731 289 40
732 190 175
732 190 175
732 224 204
732 224 204
733 74 156
733 74 156
733 268 130
733 268 130
734 160 243
734 160 243
734 272 268
734 272 268
735 143 138
735 143 138
735 274 207
735 274 207
736 72 114
736 72 114
736 206 176
736 206 176
737 82 336
737 278 336
737 314 134
737 314 134
737 326 238
737 326 238
737 335 336
738 199 186
738 199 186
738 221 263
738 221 263
738 283 337
738 283 337
739 29 233
739 29 233
739 83 122
739 83 122
739 248 338
739 248 338
740 31 199
740 31 199
740 87 266
740 87 266
741 51 339
741 51 339
741 111 93
741 111 93
741 141 280
741 141 237
741 188 284
741 188 284
741 280 237
742 120 255
742 120 255
742 224 130
742 224 130
742 261 311
742 261 185
742 261 72
743 65 268
743 65 268
743 147 340
743 147 340
743 314 247
743 314 247
744 36 206
744 36 206
744 68 129
744 68 256
744 68 329
744 114 122
744 114 122
745 138 38
745 138 38
745 189 144
745 189 144
746 51 135
746 51 135
746 162 91
746 162 91
747 94 341
747 94 341
747 137 187
747 137 187
747 238 261
747 238 261
747 342 85
747 342 199
747 342 103
748 109 164
748 109 164
748 223 101
748 223 101
749 68 266
749 68 266
749 73 336
749 73 336
750 288 269
750 288 269
750 335 141
750 335 141
751 156 311
751 156 311
751 293 252
751 293 252
751 328 196
751 328 80
751 328 288
752 85 161
752 85 161
752 129 84
752 129 84
752 210 343
752 210 343
753 100 165
753 100 165
753 176 142
753 176 142
753 344 82
753 344 291
753 344 258
754 88 98
754 100 95
754 100 95
754 182 196
754 182 196
754 248 164
754 248 274
754 248 66
754 290 88
754 290 98
754 339 345
754 339 345
755 144 213
755 144 213
755 194 145
755 194 145
755 299 63
755 346 299
755 346 63
756 169 287
756 169 287
756 316 149
756 316 149
757 43 177
757 90 347
757 90 347
757 182 177
757 189 157
757 189 157
757 221 177
757 242 345
757 242 345
758 279 221
758 279 221
758 342 331
758 342 331
759 68 108
759 68 108
759 236 122
759 236 122
760 61 70
760 61 137
760 61 186
760 142 322
760 142 322
760 268 132
760 268 132
761 60 146
761 60 146
761 84 262
761 84 262
761 264 348
761 264 348
762 139 277
762 139 243
762 168 114
762 168 114
762 277 243
762 341 49
762 341 49
763 65 326
763 160 338
763 160 338
763 236 87
763 236 87
763 279 65
763 279 326
764 258 119
764 258 119
764 270 323
764 270 170
764 270 82
764 277 230
764 277 230
765 32 117
765 32 155
765 117 155
765 142 289
765 142 289
765 173 223
765 173 314
765 173 178
765 184 349
765 184 349
765 202 168
765 202 168
765 350 166
765 350 142
765 350 155
766 37 202
766 37 202
766 240 268
766 240 268
767 62 65
767 62 65
767 99 344
767 99 153
767 99 290
767 249 124
767 249 124
768 81 243
768 81 243
768 306 61
768 306 61
769 114 120
769 114 120
769 173 47
769 173 47
770 205 215
770 205 199
770 205 257
770 230 111
770 230 111
770 279 55
770 279 55
771 207 228
771 207 228
771 300 112
771 300 112
772 188 283
772 188 283
772 339 189
772 339 189
773 172 345
773 172 345
773 312 170
773 312 170
773 333 317
773 333 225
773 333 169
774 280 159
774 280 159
774 334 342
774 334 342
775 142 86
775 142 86
775 194 119
775 194 119
776 149 112
776 149 112
776 151 242
776 151 242
777 197 90
777 197 90
777 339 285
777 339 285
778 112 148
778 112 148
778 123 257
778 123 257
779 211 51
779 211 51
779 218 230
779 218 230
779 250 151
779 250 121
779 250 344
780 125 41
780 125 41
780 244 75
780 244 75
781 176 206
781 192 343
781 192 343
781 280 176
781 280 206
781 327 29
781 327 29
781 351 189
781 351 300
781 351 100
782 132 260
782 132 260
782 160 276
782 160 276
783 133 142
783 133 142
783 157 301
783 157 301
783 352 185
783 352 284
783 352 118
784 64 109
784 64 284
784 64 169
784 64 354
784 79 194
784 79 144
784 156 230
784 156 230
784 164 293
784 164 293
784 194 144
784 230 354
784 327 354
784 353 205
784 353 153
784 353 318
785 90 108
785 90 108
785 127 54
785 127 197
785 127 334
785 188 287
785 188 287
786 87 355
786 87 355
786 103 313
786 103 313
786 169 334
786 169 334
786 209 357
786 356 209
786 356 357
787 232 304
787 232 304
787 288 337
787 288 337
788 59 29
788 59 29
788 117 312
788 117 312
788 236 338
788 236 244
788 338 244
789 66 102
789 66 102
789 268 226
789 268 317
789 268 341
789 351 218
789 351 218
790 174 283
790 174 283
790 252 70
790 252 70
791 57 258
791 57 258
791 172 104
791 172 349
791 172 336
791 290 229
791 290 229
791 358 320
791 358 198
791 358 55
792 307 242
792 307 242
792 351 279
792 351 279
793 45 224
793 45 224
793 124 359
793 124 359
793 222 57
793 222 57
793 240 93
793 240 246
793 240 228
794 234 103
794 234 103
794 241 351
794 241 351
794 286 360
794 286 360
794 361 256
795 75 327
795 75 327
795 103 202
795 103 202
795 148 147
795 148 321
795 148 104
796 96 285
796 96 285
796 204 121
796 204 69
796 204 59
796 353 223
796 353 223
797 32 171
797 32 223
797 32 168
797 283 327
797 283 327
797 302 315
797 302 315
798 74 155
798 74 155
798 205 311
798 205 311
799 115 80
799 122 85
799 122 85
799 281 306
799 281 306
799 356 115
799 356 80
799 362 363
799 362 363
799 364 365
799 364 265
799 364 257
800 88 129
800 88 129
800 309 132
800 309 132
800 317 296
800 317 224
800 317 183
801 275 280
801 275 280
801 287 126
801 287 126
802 36 366
802 36 366
802 250 145
802 250 145
802 323 224
802 323 224
803 55 118
803 55 192
803 90 209
803 90 209
803 118 192
803 313 224
803 313 224
804 117 231
804 117 231
804 186 211
804 186 160
804 186 161
804 251 132
804 251 132
805 193 284
805 193 284
805 247 265
805 247 265
805 298 267
805 298 253
805 298 365
806 74 41
806 74 41
806 122 138
806 122 138
807 31 344
807 31 344
807 111 99
807 164 99
807 234 99
807 236 40
807 236 40
808 146 108
808 146 108
808 302 273
808 302 273
809 45 290
809 45 290
809 64 307
809 64 307
809 231 164
809 231 156
809 231 362
810 63 169
810 63 169
810 162 245
810 162 137
810 162 65
810 349 60
810 349 60
811 30 283
811 30 283
811 157 310
811 157 310
811 303 113
811 303 273
811 303 314
812 52 162
812 52 162
812 204 297
812 204 297
813 148 222
813 148 222
813 202 94
813 202 94
814 212 96
814 212 97
814 212 264
814 262 339
814 262 339
814 349 93
814 349 93
815 215 63
815 215 63
815 264 196
815 264 196
816 195 351
816 195 351
816 348 277
816 348 277
817 174 336
817 174 147
817 293 172
817 293 172
817 320 223
817 320 223
817 336 147
818 144 328
818 144 328
818 209 216
818 209 216
818 347 91
818 353 91
818 358 91
819 146 186
819 146 186
819 288 180
819 288 180
820 65 205
820 65 205
820 185 167
820 185 332
820 185 186
820 318 104
820 318 104
821 176 74
821 176 74
821 311 37
821 311 37
821 367 368
821 367 110
821 367 296
822 128 159
822 128 159
822 191 162
822 191 162
823 47 344
823 47 344
823 201 298
823 201 298
824 141 135
824 141 135
824 352 82
824 352 82
825 299 37
825 299 37
825 330 285
825 330 285
826 97 211
826 97 211
826 101 108
826 101 108
826 253 369
826 253 369
827 185 75
827 185 75
827 355 89
827 355 89
828 166 268
828 166 268
828 292 271
828 292 52
828 292 243
828 323 99
828 323 99
829 130 122
829 130 122
829 241 307
829 241 307
830 184 255
830 184 255
830 280 223
830 280 223
831 175 266
831 175 266
831 367 324
831 367 324
832 43 191
832 43 191
832 86 370
832 86 370
832 271 232
832 271 232
833 72 341
833 72 341
833 285 245
833 285 245
834 44 198
834 44 198
834 183 226
834 183 226
835 230 186
835 230 186
835 287 76
835 287 76
836 169 90
836 169 90
836 227 164
836 227 164
