0 27 28
0 27 28
1 27 28
1 27 28
1 28 27
1 28 27
2 28 27
2 28 27
2 28 27
2 28 27
3 28 27
3 28 27
3 28 27
3 28 27
4 27 28
4 27 28
4 27 28
4 27 28
4 27 28
4 27 29
4 27 29
4 30 27
4 30 28
5 27 28
5 27 28
5 30 29
5 30 29
6 28 27
6 28 27
6 28 27
6 28 29
6 28 30
6 30 27
6 30 27
6 31 30
6 31 29
6 31 27
7 27 28
7 27 28
7 30 31
7 30 31
8 29 31
8 29 31
8 29 30
8 29 30
8 31 30
8 31 27
8 31 28
9 28 27
9 28 27
9 31 30
9 31 30
10 28 27
10 28 29
10 28 31
10 29 30
10 29 30
10 29 27
10 29 27
11 28 27
11 28 27
11 29 27
11 29 27
12 30 28
12 30 28
12 30 29
12 30 29
12 31 30
12 31 29
12 31 27
13 30 27
13 30 27
13 30 28
13 30 28
13 31 30
13 31 29
13 31 27
13 32 30
13 32 27
13 32 31
14 28 33
14 28 33
14 31 32
14 31 32
14 32 29
14 32 29
15 31 27
15 31 28
15 31 32
15 33 29
15 33 29
15 33 29
15 33 29
16 27 33
16 27 33
16 31 30
16 31 29
16 31 28
16 33 27
16 33 27
17 30 28
17 30 28
17 31 30
17 31 32
17 32 30
17 32 33
17 32 33
18 29 33
18 29 33
18 33 32
18 33 32
19 27 30
19 27 30
19 30 27
19 30 27
19 31 28
19 31 32
19 32 28
19 33 34
19 33 34
20 31 30
20 31 30
20 32 29
20 32 29
21 30 31
21 30 31
21 30 31
21 33 30
21 33 31
21 34 33
21 34 33
22 31 32
22 31 32
22 33 34
22 33 34
23 27 29
23 27 29
23 28 30
23 28 30
23 28 33
23 29 33
23 30 28
23 30 33
23 30 32
23 32 33
24 28 29
24 28 31
24 30 27
24 30 27
24 31 29
24 34 29
24 34 29
25 28 33
25 28 33
25 34 30
25 34 30
26 30 29
26 30 29
26 32 30
26 32 30
27 27 33
27 27 33
27 30 29
27 30 29
27 35 27
27 35 30
27 35 32
28 28 30
28 28 30
28 29 36
28 29 36
28 30 31
28 30 34
28 31 34
28 33 34
28 33 34
29 29 28
29 29 37
29 30 31
29 30 31
29 30 31
29 30 31
29 30 37
29 34 29
29 34 28
29 35 37
30 28 36
30 28 36
30 28 32
30 28 32
30 35 30
30 35 36
30 35 29
31 29 27
31 29 27
31 35 36
31 35 36
32 27 28
32 27 30
32 27 34
32 29 36
32 29 37
32 29 37
32 32 36
32 32 36
32 35 36
32 35 29
33 33 34
33 33 34
33 34 29
33 34 29
34 27 29
34 27 29
34 29 28
34 29 28
34 38 32
34 38 28
34 38 29
35 29 36
35 29 36
35 34 30
35 34 32
35 34 32
35 34 37
35 34 38
35 39 40
35 39 40
36 29 34
36 29 34
36 35 37
36 35 36
36 35 33
36 38 40
36 38 40
37 27 33
37 27 33
37 27 36
37 27 36
38 27 41
38 32 41
38 35 37
38 35 36
38 35 29
38 36 38
38 36 38
38 38 41
38 39 40
38 39 40
39 35 36
39 35 36
39 35 28
39 35 28
39 38 32
39 38 37
39 38 33
40 27 33
40 27 33
40 29 33
40 29 33
41 35 27
41 35 27
41 35 40
41 35 40
42 31 42
42 31 42
42 32 33
42 32 33
42 39 34
42 39 34
43 27 41
43 27 41
43 28 30
43 28 30
44 32 40
44 32 40
44 37 28
44 37 28
44 37 29
44 37 31
44 37 38
44 41 43
44 41 43
45 27 35
45 27 35
45 28 41
45 28 41
45 35 44
45 39 44
45 41 44
46 36 28
46 36 28
46 44 27
46 44 27
47 32 34
47 32 34
47 35 32
47 35 32
48 37 38
48 37 33
48 38 33
48 39 27
48 39 27
48 42 43
48 42 43
49 29 44
49 29 44
49 43 45
49 43 45
49 43 36
49 43 36
50 39 27
50 39 27
50 43 34
50 43 34
51 31 28
51 31 28
51 37 40
51 37 40
52 30 34
52 30 34
52 41 46
52 41 46
52 42 44
52 42 44
53 31 41
53 31 41
53 40 39
53 40 39
54 32 42
54 32 42
54 43 30
54 43 30
55 34 45
55 34 45
55 43 34
55 43 34
56 27 30
56 27 36
56 27 35
56 29 34
56 29 44
56 34 36
56 34 36
56 36 46
56 36 46
56 44 34
57 32 33
57 32 33
57 40 43
57 40 43
58 42 41
58 42 41
58 45 34
58 45 34
59 32 43
59 32 43
59 36 35
59 36 35
60 28 38
60 37 44
60 37 44
60 38 37
60 38 37
60 46 28
60 46 38
61 34 47
61 34 47
61 38 33
61 38 33
61 42 45
61 42 45
61 46 39
61 48 46
61 48 39
62 40 43
62 40 44
62 40 47
62 44 39
62 44 39
62 46 40
62 46 40
63 37 42
63 37 42
63 42 34
63 42 34
63 49 50
63 49 44
63 49 43
64 29 33
64 29 37
64 29 42
64 30 38
64 30 41
64 32 38
64 32 38
64 35 37
64 35 37
64 38 41
65 28 36
65 28 36
65 38 33
65 38 33
65 43 30
65 43 32
65 43 31
66 27 42
66 27 45
66 27 44
66 36 41
66 36 41
66 50 46
66 50 46
66 51 36
66 51 32
66 51 31
67 32 48
67 32 48
67 39 37
67 39 37
68 31 30
68 31 30
68 43 52
68 43 52
68 47 32
68 47 32
69 27 42
69 27 42
69 47 39
69 47 39
70 30 40
70 30 50
70 32 35
70 32 35
70 40 50
70 52 27
70 52 27
71 34 43
71 34 43
71 35 32
71 35 37
71 35 49
71 38 53
71 38 53
71 46 44
71 46 44
71 54 41
71 54 37
71 54 39
72 29 51
72 33 29
72 33 29
72 50 29
72 50 51
72 52 44
72 52 44
73 27 48
73 27 48
73 36 44
73 36 44
74 41 52
74 41 52
74 41 40
74 41 53
74 41 34
74 54 29
74 54 29
75 27 34
75 27 37
75 27 50
75 31 55
75 31 55
75 36 49
75 36 49
75 37 52
75 37 52
76 35 54
76 35 54
76 38 56
76 38 56
76 50 39
76 50 39
76 52 44
76 52 54
76 52 36
77 32 37
77 32 37
77 48 40
77 48 40
77 51 57
77 51 57
77 53 35
77 53 36
77 53 42
78 28 34
78 28 34
78 44 39
78 44 39
79 40 58
79 40 58
79 40 30
79 40 30
79 54 41
79 54 41
80 32 47
80 32 47
80 35 38
80 35 38
81 47 44
81 47 44
81 57 47
81 57 47
82 28 48
82 28 54
82 28 57
82 41 48
82 41 48
82 41 48
82 41 48
83 29 31
83 29 31
83 53 51
83 53 51
84 40 27
84 40 27
84 50 56
84 50 56
85 29 28
85 29 28
85 48 29
85 48 29
86 29 55
86 29 55
86 44 50
86 44 50
86 51 46
86 51 33
86 51 27
87 39 52
87 39 52
87 55 45
87 55 45
88 48 59
88 48 59
88 49 50
88 49 50
88 54 57
88 54 57
89 33 31
89 33 31
89 33 42
89 33 50
89 33 53
89 46 42
89 46 42
90 29 43
90 29 43
90 36 28
90 36 28
90 60 44
90 60 28
90 60 54
91 42 31
91 42 31
91 56 38
91 56 38
91 60 27
91 60 57
91 60 47
92 36 59
92 36 59
92 39 27
92 39 38
92 39 51
92 42 35
92 42 35
92 52 36
92 58 52
92 58 36
93 27 33
93 27 33
93 32 56
93 32 56
93 61 62
93 61 62
94 32 35
94 32 35
94 49 47
94 49 36
94 49 52
94 62 41
94 62 41
95 37 63
95 37 63
95 58 46
95 58 46
95 62 55
95 62 55
96 47 56
96 47 56
96 59 61
96 59 61
97 41 61
97 41 61
97 42 41
97 42 41
98 46 33
98 46 33
98 57 28
98 57 40
98 57 62
98 61 27
98 61 27
99 34 39
99 34 39
99 52 29
99 52 29
100 33 66
100 33 66
100 37 36
100 37 36
100 39 57
100 39 57
100 64 65
100 64 65
101 34 67
101 34 67
101 36 62
101 36 62
101 64 47
101 64 47
102 29 57
102 29 57
102 52 53
102 52 53
103 29 31
103 29 31
103 39 45
103 39 45
104 32 31
104 32 31
104 32 29
104 32 29
104 50 61
104 63 61
104 64 61
105 51 37
105 51 37
105 57 58
105 57 58
105 68 59
105 68 61
105 68 36
106 56 36
106 56 36
106 60 43
106 60 43
107 41 34
107 41 34
107 44 62
107 44 62
107 55 54
107 55 42
107 55 56
108 28 57
108 28 57
108 62 43
108 62 43
109 38 57
109 38 66
109 38 44
109 41 68
109 41 68
109 58 60
109 58 60
109 67 69
109 67 69
110 37 69
110 37 69
110 58 55
110 58 61
110 58 35
110 60 36
110 60 36
111 36 69
111 36 69
111 64 38
111 64 48
111 64 46
111 65 45
111 65 45
112 45 38
112 45 38
112 50 60
112 50 60
113 30 33
113 30 32
113 30 51
113 30 51
113 30 45
113 34 29
113 34 29
114 44 50
114 44 50
114 58 35
114 58 35
115 32 62
115 32 62
115 36 39
115 37 39
115 44 56
115 44 56
115 62 39
115 70 30
115 70 48
115 70 56
116 34 63
116 34 63
116 57 29
116 57 29
117 31 30
117 31 30
117 37 69
117 37 69
117 40 29
117 40 31
117 40 34
118 47 50
118 47 50
118 61 60
118 61 60
118 71 72
118 71 28
118 71 62
119 34 60
119 34 60
119 55 56
119 55 39
119 55 60
119 59 32
119 59 32
120 54 29
120 54 29
120 57 70
120 57 70
121 31 46
121 31 46
121 46 35
121 46 35
121 72 31
121 72 29
121 72 57
122 48 65
122 48 65
122 59 28
122 59 28
123 41 50
123 41 50
123 61 65
123 61 66
123 61 34
123 65 36
123 65 36
124 33 41
124 33 41
124 55 66
124 55 66
125 38 39
125 38 39
125 41 39
125 41 39
125 41 47
125 41 29
125 41 30
125 68 73
125 68 73
126 37 58
126 37 58
126 59 35
126 59 35
126 74 75
126 74 75
127 27 45
127 27 45
127 44 39
127 44 39
128 35 47
128 35 47
128 50 54
128 50 54
128 54 63
128 54 65
128 54 45
129 67 44
129 67 44
129 75 62
129 75 62
130 33 32
130 33 32
130 35 40
130 35 72
130 35 66
130 48 44
130 48 44
131 34 77
131 48 70
131 48 70
131 53 77
131 61 77
131 72 76
131 72 76
131 75 48
131 75 48
132 44 36
132 44 36
132 62 63
132 62 59
132 62 71
132 69 47
132 69 47
132 78 77
132 78 71
132 78 34
133 39 33
133 39 33
133 60 42
133 60 42
134 50 43
134 50 43
134 65 51
134 65 51
135 32 79
135 32 79
135 35 70
135 35 70
135 55 64
135 55 64
136 58 68
136 58 68
136 59 55
136 59 67
136 59 36
136 72 45
136 72 45
137 30 54
137 30 54
137 47 71
137 47 71
137 68 80
137 68 80
138 45 44
138 45 44
138 75 58
138 75 58
139 28 73
139 28 73
139 38 71
139 46 39
139 46 39
139 81 38
139 81 71
140 44 36
140 44 36
140 57 41
140 57 41
141 33 79
141 33 79
141 46 50
141 46 31
141 50 31
141 57 48
141 57 48
141 59 82
141 59 82
142 32 79
142 32 79
142 64 74
142 64 74
142 83 43
142 83 41
142 83 36
143 50 71
143 50 71
143 63 30
143 63 30
144 30 82
144 30 82
144 32 41
144 32 48
144 32 83
144 52 63
144 52 63
145 51 82
145 51 82
145 65 80
145 65 80
146 55 51
146 55 51
146 56 87
146 57 81
146 57 81
146 73 87
146 78 87
146 84 85
146 84 85
146 86 36
146 86 65
146 86 66
147 46 35
147 46 35
147 48 70
147 48 66
147 48 34
147 81 80
147 81 80
148 31 57
148 31 57
148 39 52
148 39 52
149 71 75
149 71 75
149 72 38
149 72 38
150 78 39
150 78 39
150 83 35
150 83 35
150 88 89
150 88 89
151 60 35
151 60 35
151 75 63
151 75 63
152 27 47
152 53 65
152 53 65
152 85 53
152 85 53
152 88 27
152 88 47
153 37 63
153 37 63
153 76 79
153 76 79
154 27 31
154 27 63
154 27 79
154 41 66
154 41 66
154 50 85
154 50 85
155 39 79
155 39 76
155 39 53
155 42 47
155 42 47
155 56 38
155 56 38
155 90 82
155 90 61
155 90 56
156 35 47
156 35 47
156 90 86
156 90 86
157 66 45
157 66 45
157 88 40
157 88 40
158 46 30
158 46 30
158 72 64
158 72 64
159 74 90
159 74 90
159 74 65
159 74 65
160 35 65
160 35 65
160 79 51
160 79 51
161 51 59
161 51 59
161 61 90
161 61 29
161 61 78
161 65 62
161 65 62
162 38 36
162 38 36
162 53 61
162 53 61
162 73 35
162 73 49
162 73 62
163 40 70
163 40 73
163 46 55
163 46 55
163 69 89
163 69 89
163 70 73
164 44 34
164 44 34
164 65 35
164 65 35
164 91 92
164 91 92
165 35 60
165 35 60
165 37 38
165 37 38
165 68 53
165 71 81
165 71 60
165 71 58
165 85 53
165 85 68
166 33 41
166 33 41
166 34 65
166 34 65
167 64 76
167 64 76
167 74 27
167 74 27
168 84 85
168 84 85
168 87 32
168 87 32
169 50 67
169 50 67
169 90 46
169 90 46
170 51 60
170 51 60
170 61 93
170 61 93
170 71 29
170 71 29
171 42 59
171 42 59
171 43 48
171 43 48
171 94 95
171 94 95
172 35 47
172 35 81
172 35 63
172 74 63
172 74 63
172 93 48
172 93 48
173 50 69
173 50 69
173 91 71
173 91 71
174 82 50
174 82 50
174 95 93
174 95 93
175 40 90
175 40 90
175 51 52
175 51 68
175 52 68
175 65 60
175 65 55
175 65 93
175 87 61
175 87 61
176 69 41
176 69 41
176 86 41
176 86 41
177 57 69
177 57 76
177 57 32
177 61 31
177 61 31
177 73 79
177 73 79
178 41 37
178 41 37
178 56 94
178 56 94
179 78 47
179 78 47
179 88 47
179 88 47
180 53 41
180 53 41
180 64 60
180 64 60
181 28 88
181 28 88
181 51 55
181 56 79
181 56 79
181 72 51
181 72 55
182 65 81
182 65 81
182 66 89
182 66 89
183 68 81
183 68 81
183 89 95
183 89 95
184 43 27
184 46 27
184 47 88
184 47 88
184 52 27
184 79 46
184 79 46
184 95 76
184 95 79
184 95 50
185 68 37
185 68 37
185 82 37
185 82 37
186 55 56
186 55 56
186 84 37
186 84 37
187 27 72
187 27 66
187 27 46
187 39 87
187 39 87
187 45 55
187 45 55
188 28 45
188 28 45
188 41 96
188 41 96
188 72 84
188 72 84
189 52 73
189 52 73
189 59 86
189 61 54
189 61 54
189 70 59
189 70 86
190 38 36
190 38 36
190 52 67
190 52 55
190 52 49
190 89 53
190 89 53
190 97 98
190 97 98
191 65 70
191 65 70
191 75 86
191 75 86
192 31 99
192 31 99
192 32 33
192 32 33
192 73 57
192 73 57
192 80 68
192 97 80
192 97 68
193 37 88
193 37 88
193 45 36
193 55 45
193 55 36
193 61 100
193 61 100
193 88 96
193 88 96
194 36 51
194 36 51
194 67 92
194 67 92
195 34 68
195 34 74
195 34 52
195 59 98
195 59 98
195 64 101
195 64 101
195 99 68
195 99 68
196 27 32
196 27 32
196 54 51
196 54 51
196 67 78
196 67 61
196 67 79
197 34 29
197 34 29
197 50 76
197 50 33
197 50 72
197 61 74
197 61 74
197 77 102
197 77 102
198 38 86
198 38 69
198 81 31
198 81 31
198 86 69
198 87 60
198 87 60
199 35 58
199 35 58
199 87 46
199 87 46
199 103 48
199 103 100
199 103 65
200 54 82
200 54 82
200 71 45
200 71 45
200 83 76
200 83 81
200 83 84
201 45 102
201 45 102
201 66 49
201 66 49
201 103 48
201 103 80
201 103 68
202 54 80
202 54 80
202 55 82
202 55 82
203 47 86
203 47 86
203 83 86
203 83 86
204 73 97
204 73 97
204 102 70
204 102 70
204 104 105
204 104 77
204 104 85
205 74 81
205 74 81
205 94 40
205 94 40
206 40 65
206 40 65
206 47 62
206 47 62
206 54 30
206 54 68
206 54 38
207 32 75
207 32 75
207 90 82
207 90 82
208 34 37
208 34 48
208 34 95
208 96 72
208 96 72
208 103 40
208 103 40
209 32 66
209 32 66
209 53 27
209 53 27
209 75 106
209 75 106
209 107 67
209 107 79
209 107 49
210 31 70
210 31 70
210 40 89
210 49 52
210 49 52
210 77 40
210 77 89
211 40 108
211 40 108
211 51 92
211 51 92
211 98 100
211 98 100
212 52 29
212 52 91
212 52 57
212 87 107
212 87 107
212 101 106
212 101 106
212 109 76
212 109 47
212 109 100
213 35 46
213 35 46
213 83 84
213 83 42
213 83 108
213 91 58
213 91 58
214 28 110
214 45 65
214 45 48
214 45 79
214 52 110
214 55 110
214 77 79
214 77 79
214 77 62
214 77 62
215 48 76
215 48 76
215 54 34
215 54 34
215 92 97
215 96 92
215 96 97
215 111 112
215 111 53
215 111 38
216 53 32
216 53 32
216 59 114
216 72 38
216 72 46
216 72 112
216 87 80
216 87 80
216 113 59
216 113 114
217 77 110
217 77 110
217 87 80
217 87 54
217 87 99
217 105 61
217 105 61
218 62 94
218 62 94
218 63 49
218 94 63
218 94 49
218 112 90
218 112 90
218 115 99
218 115 57
218 115 47
219 54 77
219 54 77
219 113 85
219 113 85
220 40 81
220 40 81
220 45 48
220 45 70
220 61 89
220 61 89
220 70 48
221 31 114
221 31 114
221 63 57
221 72 57
221 72 63
221 91 70
221 91 49
221 91 48
221 107 56
221 107 56
222 75 95
222 75 95
222 92 39
222 92 39
223 34 51
223 34 51
223 105 38
223 105 38
224 27 98
224 27 98
224 89 52
224 89 52
224 102 116
224 102 116
225 33 72
225 57 33
225 57 72
225 77 114
225 77 114
225 93 71
225 93 71
225 98 91
225 98 96
225 98 35
226 28 32
226 28 32
226 94 47
226 94 47
227 71 75
227 71 67
227 71 68
227 100 103
227 100 103
227 115 75
227 115 75
228 46 51
228 46 51
228 105 89
228 105 89
228 117 118
228 117 118
229 49 29
229 49 29
229 96 60
229 96 60
230 67 70
230 67 70
230 71 65
230 71 65
231 30 100
231 30 100
231 113 60
231 113 60
232 48 75
232 48 75
232 102 81
232 102 81
233 81 64
233 81 64
233 98 39
233 98 69
233 98 95
233 115 111
233 115 111
234 28 109
234 28 109
234 71 47
234 71 47
234 101 52
234 101 75
234 101 118
235 66 106
235 66 106
235 82 56
235 82 56
236 41 36
236 41 36
236 44 116
236 54 43
236 54 88
236 54 55
236 60 44
236 60 116
236 84 80
236 84 80
237 54 40
237 54 40
237 67 52
237 67 52
237 77 121
237 77 121
237 119 120
237 119 120
238 87 61
238 87 61
238 111 88
238 111 88
238 122 123
238 122 70
238 122 92
239 37 122
239 37 122
239 61 66
239 61 66
240 42 124
240 42 124
240 93 42
240 93 42
240 98 69
240 98 69
240 125 50
240 125 64
240 125 98
241 81 124
241 81 124
241 86 96
241 86 96
241 93 120
241 93 61
241 93 97
242 29 117
242 29 117
242 81 122
242 81 122
243 58 108
243 58 108
243 114 65
243 114 65
244 73 88
244 74 88
244 97 87
244 97 87
244 101 88
244 110 101
244 110 101
245 55 34
245 55 34
245 85 36
245 85 36
246 74 48
246 74 48
246 99 61
246 99 28
246 99 118
246 113 53
246 113 53
247 71 29
247 71 29
247 81 54
247 101 113
247 101 54
247 101 55
247 108 66
247 108 66
247 126 81
247 126 54
248 96 71
248 96 71
248 110 71
248 110 71
249 40 93
249 40 93
249 84 107
249 84 107
250 29 127
250 40 127
250 44 45
250 44 45
250 70 127
250 108 56
250 108 56
251 59 77
251 59 77
251 64 121
251 64 31
251 64 85
251 106 34
251 106 34
252 63 55
252 63 55
252 103 87
252 103 87
253 31 63
253 31 63
253 34 109
253 34 109
253 125 95
253 125 79
253 125 107
254 46 97
254 46 97
254 97 101
254 97 101
255 42 27
255 42 27
255 45 92
255 45 92
255 77 82
255 77 66
255 77 46
255 128 129
255 128 129
256 61 27
256 61 27
256 79 93
256 79 93
257 81 36
257 81 36
257 111 115
257 111 115
257 130 42
257 130 83
257 130 88
258 52 83
258 52 83
258 55 63
258 55 63
259 96 100
259 96 100
259 109 39
259 109 39
260 67 103
260 67 103
260 79 98
260 79 98
261 62 69
261 62 69
261 99 29
261 99 29
261 131 38
261 131 126
261 131 60
262 69 92
262 69 92
262 84 57
262 84 57
262 100 63
262 100 62
262 100 35
263 70 96
263 70 96
263 76 125
263 76 125
263 79 80
263 79 77
263 79 45
264 32 59
264 32 59
264 73 82
264 73 108
264 73 33
264 110 128
264 110 128
265 38 99
265 38 99
265 80 129
265 80 129
265 81 90
265 81 72
265 81 125
266 70 98
266 70 98
266 103 55
266 103 55
267 69 44
267 69 44
267 125 45
267 125 45
268 32 54
268 32 54
268 80 102
268 80 38
268 102 38
268 108 70
268 108 35
268 108 131
268 122 50
268 122 50
269 34 32
269 34 32
269 88 36
269 88 36
270 31 124
270 31 52
270 56 95
270 56 95
270 58 67
270 58 67
270 124 52
271 116 58
271 116 58
271 125 27
271 125 27
272 46 79
272 46 79
272 112 73
272 112 73
273 101 57
273 101 57
273 108 120
273 108 120
273 121 134
273 121 134
273 132 133
273 132 133
274 82 42
274 82 42
274 104 105
274 104 105
275 76 92
275 76 92
275 82 52
275 82 117
275 82 103
275 116 76
275 116 76
276 46 133
276 46 133
276 72 42
276 72 48
276 72 116
276 79 111
276 83 79
276 83 111
276 100 134
276 100 134
277 76 64
277 76 64
277 85 133
277 85 133
277 135 136
277 135 136
278 32 137
278 32 137
278 70 75
278 70 75
278 76 58
278 76 58
278 94 50
278 94 70
278 94 80
279 32 122
279 32 131
279 32 134
279 52 131
279 52 131
279 65 35
279 65 35
280 31 81
280 31 81
280 136 124
280 136 124
281 30 59
281 30 59
281 45 58
281 45 54
281 58 54
281 82 57
281 82 57
281 138 36
281 138 108
281 138 52
282 38 139
282 38 139
282 120 42
282 120 132
282 120 119
282 121 66
282 121 66
282 135 45
282 135 45
283 72 68
283 72 118
283 72 137
283 82 137
283 82 137
283 121 102
283 121 102
283 140 141
283 140 65
283 140 54
284 28 80
284 28 80
284 94 74
284 94 74
284 142 143
284 142 143
285 48 115
285 48 115
285 132 31
285 132 31
286 78 28
286 78 28
286 86 89
286 86 50
286 86 117
286 98 116
286 98 116
287 61 86
287 61 86
287 111 43
287 111 43
288 57 128
288 57 128
288 64 124
288 64 124
288 108 137
288 108 104
288 108 76
289 33 141
289 65 43
289 65 43
289 74 97
289 74 97
289 89 33
289 89 141
290 50 102
290 50 102
290 85 67
290 85 67
291 44 70
291 44 70
291 60 121
291 85 67
291 85 67
291 89 60
291 89 121
292 34 65
292 34 65
292 53 86
292 53 45
292 53 48
292 59 144
292 75 86
292 75 86
292 90 144
292 93 144
293 58 75
293 58 75
293 142 84
293 142 84
294 31 59
294 31 59
294 106 114
294 106 114
295 56 40
295 56 40
295 98 56
295 98 125
295 98 123
295 136 37
295 136 37
295 145 146
295 145 146
296 83 82
296 83 82
296 114 65
296 114 65
297 44 76
297 44 76
297 118 38
297 118 38
298 54 141
298 54 141
298 145 109
298 145 109
299 48 69
299 48 69
299 129 98
299 129 92
299 129 29
299 145 40
299 145 40
299 147 148
299 147 112
299 147 95
300 115 104
300 115 104
300 134 53
300 134 53
301 30 84
301 30 49
301 30 116
301 87 148
301 87 148
301 111 73
301 111 73
302 46 121
302 46 121
302 115 149
302 127 149
302 137 93
302 137 49
302 137 80
302 142 56
302 142 56
302 145 149
303 56 59
303 56 59
303 91 150
303 91 150
303 119 91
303 119 91
303 123 91
303 123 142
303 123 63
304 40 55
304 40 55
304 137 85
304 137 85
305 31 119
305 31 119
305 93 68
305 93 68
306 56 120
306 58 136
306 58 136
306 62 113
306 62 113
306 93 120
306 93 56
307 65 88
307 65 88
307 81 152
307 100 116
307 100 47
307 101 151
307 101 151
307 101 152
307 112 120
307 112 120
307 116 47
307 128 152
307 133 63
307 133 35
307 133 69
308 45 121
308 45 121
308 137 84
308 137 84
308 152 54
308 152 88
308 152 110
309 65 142
309 65 142
309 150 30
309 150 30
310 61 133
310 61 133
310 76 83
310 76 83
310 145 51
310 145 47
310 145 133
311 71 128
311 71 128
311 94 57
311 94 57
311 100 153
311 100 153
311 101 113
311 154 101
311 154 113
312 35 62
312 35 51
312 48 43
312 48 43
312 62 51
312 105 27
312 105 44
312 105 118
312 138 76
312 138 76
313 51 126
313 51 126
313 55 111
313 55 111
313 121 106
313 121 116
313 121 119
314 44 116
314 44 143
314 45 126
314 45 126
314 97 62
314 97 62
314 116 143
315 64 84
315 64 84
315 94 155
315 94 155
315 120 107
315 120 107
315 156 32
315 156 119
315 156 48
316 91 145
316 91 145
316 146 148
316 146 148
316 157 158
316 157 127
316 157 103
317 125 69
317 125 69
317 132 91
317 132 91
318 111 159
318 111 159
318 117 81
318 117 74
318 117 88
318 137 56
318 137 56
318 143 150
318 143 150
319 105 46
319 105 46
319 148 35
319 148 35
320 87 126
320 87 126
320 135 30
320 135 30
320 137 154
320 137 122
320 154 122
321 38 118
321 38 118
321 62 38
321 62 38
321 80 160
321 80 160
322 90 92
322 90 92
322 148 96
322 148 96
322 153 161
322 153 161
323 89 109
323 89 109
323 151 157
323 151 157
324 53 75
324 53 75
324 85 119
324 85 119
325 53 63
325 53 63
325 160 76
325 160 76
326 70 111
326 70 111
326 93 114
326 93 114
327 60 146
327 60 146
327 90 162
327 90 162
327 140 131
327 140 131
327 150 28
327 150 148
327 150 91
328 49 93
328 49 93
328 129 108
328 129 108
328 143 145
328 143 88
328 143 57
328 163 34
328 163 71
328 163 69
329 35 164
329 35 164
329 124 79
329 124 79
329 135 40
329 135 40
329 139 58
329 139 160
329 139 27
330 73 123
330 73 123
330 93 99
330 93 99
330 146 142
330 146 92
330 146 27
331 37 106
331 37 143
331 37 145
331 47 36
331 47 36
331 94 39
331 94 39
332 39 166
332 101 121
332 101 121
332 106 69
332 106 69
332 165 39
332 165 166
333 85 148
333 85 148
333 108 62
333 108 62
334 60 138
334 60 138
334 82 167
334 82 167
334 126 159
334 126 159
335 74 89
335 74 89
335 155 64
335 155 33
335 155 117
335 157 38
335 157 38
336 67 98
336 67 98
336 108 44
336 108 44
337 62 141
337 62 141
337 66 135
337 66 135
337 168 169
337 168 169
338 133 128
338 133 128
338 153 139
338 153 139
338 170 171
338 170 171
339 79 65
339 101 77
339 101 77
339 112 79
339 112 65
339 154 69
339 154 69
339 168 121
339 172 168
339 172 121
340 78 111
340 78 111
340 98 66
340 98 66
340 161 162
340 161 75
340 161 110
341 79 45
341 79 45
341 114 32
341 114 32
342 37 78
342 37 78
342 101 113
342 101 113
343 72 107
343 72 107
343 82 48
343 82 48
344 39 51
344 39 159
344 53 86
344 53 86
344 159 51
344 168 69
344 168 69
345 54 39
345 54 39
345 109 154
345 109 154
346 99 47
346 99 47
346 119 35
346 119 35
347 33 40
347 33 130
347 40 130
347 84 106
347 84 106
347 101 135
347 101 135
347 173 174
347 173 174
348 130 30
348 130 30
348 133 57
348 133 57
348 148 103
348 148 135
348 148 100
349 28 123
349 28 123
349 105 174
349 105 174
350 57 44
350 57 44
350 120 69
350 120 98
350 120 172
350 146 64
350 146 64
351 121 55
351 121 70
351 121 141
351 162 34
351 162 34
351 172 136
351 172 136
352 49 114
352 49 114
352 67 115
352 67 115
353 37 66
353 37 66
353 91 172
353 91 72
353 91 30
353 129 168
353 129 168
354 47 164
354 47 164
354 153 85
354 153 85
355 44 147
355 44 147
355 63 138
355 63 138
356 37 175
356 73 63
356 73 63
356 88 175
356 108 175
356 155 35
356 155 35
357 87 88
357 87 88
357 108 87
357 108 87
357 176 48
357 176 158
357 176 66
358 51 67
358 51 67
358 76 151
358 80 151
358 85 151
358 158 72
358 158 72
359 107 106
359 107 106
359 176 152
359 176 152
360 32 164
360 32 164
360 48 36
360 48 36
361 27 53
361 27 53
361 52 35
361 81 52
361 81 35
361 134 45
361 134 45
362 59 83
362 59 83
362 78 155
362 78 155
362 121 66
362 121 61
362 121 62
362 177 43
362 177 71
362 177 113
363 155 94
363 155 94
363 168 45
363 168 45
364 48 50
364 48 50
364 114 133
364 114 133
365 128 30
365 128 30
365 146 39
365 146 39
365 176 177
365 176 156
365 176 165
366 48 62
366 48 62
366 124 161
366 124 161
367 123 101
367 123 101
367 157 142
367 157 142
368 86 129
368 86 52
368 86 63
368 136 157
368 136 157
368 142 118
368 142 118
369 28 132
369 28 133
369 114 143
369 114 143
369 132 133
369 143 125
369 143 125
369 144 148
369 144 94
369 144 80
370 70 157
370 70 157
370 95 146
370 95 146
371 127 69
371 127 69
371 151 41
371 151 41
372 58 77
372 58 77
372 153 163
372 153 163
373 74 98
373 74 158
373 74 117
373 88 107
373 88 107
373 158 41
373 158 41
373 168 178
373 168 178
374 30 62
374 30 62
374 31 43
374 31 84
374 31 65
374 172 106
374 172 106
375 52 95
375 52 107
375 52 167
375 60 83
375 75 83
375 79 157
375 79 157
375 143 83
375 170 178
375 170 178
376 46 157
376 46 146
376 57 31
376 57 31
376 130 135
376 130 135
376 157 146
377 32 179
377 32 179
377 34 37
377 34 50
377 37 50
377 147 166
377 147 169
377 147 31
377 170 89
377 170 89
377 174 39
377 174 39
378 31 162
378 31 162
378 74 52
378 74 52
378 116 76
378 180 181
378 180 181
378 182 116
378 182 76
379 54 39
379 54 35
379 54 122
379 131 93
379 131 93
379 154 165
379 154 165
379 183 184
379 183 184
380 41 150
380 41 150
380 92 142
380 92 142
381 42 185
381 42 185
381 52 184
381 52 184
381 157 31
381 157 31
381 186 101
381 186 150
381 186 96
382 72 43
382 72 43
382 77 76
382 77 76
382 94 187
382 94 187
383 129 85
383 129 85
383 146 160
383 146 160
384 59 173
384 59 173
384 108 125
384 108 125
385 44 58
385 44 58
385 49 104
385 49 104
385 188 104
385 188 57
385 188 124
386 99 177
386 99 177
386 138 189
386 138 189
386 165 63
386 165 63
387 86 66
387 86 66
387 95 182
387 95 182
387 98 138
387 98 70
387 98 163
388 100 104
388 100 104
388 129 121
388 129 121
389 78 53
389 78 53
389 94 40
389 94 184
389 94 153
389 183 59
389 183 59
390 56 190
390 56 190
390 61 62
390 61 62
390 100 31
390 100 31
390 191 146
390 191 40
390 191 45
391 92 157
391 96 63
391 96 63
391 110 133
391 110 133
391 134 92
391 134 157
392 45 192
392 45 192
392 107 175
392 107 175
392 133 49
392 133 49
393 100 60
393 100 180
393 100 145
393 120 83
393 120 83
393 157 180
393 157 180
393 159 193
393 159 193
394 96 171
394 96 171
394 100 152
394 100 152
394 194 195
394 194 195
395 131 161
395 143 131
395 143 161
395 165 119
395 165 119
395 171 144
395 171 144
395 196 134
395 196 108
395 196 97
396 28 165
396 28 165
396 154 165
396 154 46
396 165 46
396 178 114
396 178 40
396 178 135
396 180 186
396 180 186
397 44 197
397 44 197
397 183 185
397 183 185
397 196 53
397 196 53
398 32 127
398 32 127
398 167 30
398 167 30
399 57 162
399 57 162
399 112 190
399 112 190
400 38 178
400 38 178
400 142 140
400 152 117
400 152 117
400 198 142
400 198 140
401 111 54
401 111 54
401 119 143
401 119 143
402 55 106
402 55 148
402 106 148
402 112 80
402 112 80
402 127 93
402 127 93
402 197 199
402 197 199
403 39 78
403 39 78
403 184 143
403 184 143
404 84 173
404 84 173
404 171 47
404 171 47
404 200 201
404 200 201
404 202 111
404 202 104
404 202 34
405 151 144
405 151 144
405 188 35
405 188 35
406 71 151
406 71 151
406 108 110
406 108 84
406 108 166
406 147 179
406 147 179
407 75 145
407 75 145
407 85 183
407 116 136
407 116 136
407 199 85
407 199 183
408 108 180
408 108 180
408 123 160
408 123 195
408 123 171
408 161 142
408 161 142
409 49 38
409 49 38
409 68 62
409 68 62
410 47 62
410 47 90
410 47 84
410 53 121
410 53 121
410 85 62
410 85 62
410 203 75
410 203 172
410 203 39
411 35 28
411 35 28
411 157 167
411 157 167
412 46 116
412 46 124
412 46 186
412 47 119
412 47 119
412 111 152
412 111 152
412 177 204
412 177 204
413 67 108
413 67 108
413 68 205
413 68 205
413 141 130
413 141 130
414 178 150
414 178 150
414 187 93
414 187 93
414 206 159
414 206 141
414 206 35
415 34 95
415 34 95
415 79 72
415 79 72
415 101 163
415 101 112
415 101 147
415 103 207
415 103 207
416 29 179
416 29 179
416 42 46
416 42 46
416 208 53
416 208 91
416 208 130
417 33 53
417 33 53
417 73 209
417 73 209
417 179 117
417 179 117
418 58 210
418 58 210
418 68 162
418 68 162
418 190 76
418 190 76
419 131 164
419 131 164
419 174 36
419 174 36
420 29 136
420 29 136
420 32 75
420 32 87
420 32 158
420 55 52
420 55 52
420 61 211
420 61 211
421 35 207
421 35 109
421 73 82
421 73 82
421 207 142
421 207 142
421 207 109
422 49 65
422 52 194
422 52 194
422 137 65
422 181 92
422 181 92
422 186 65
423 80 161
423 80 161
423 151 49
423 151 49
424 53 188
424 53 188
424 170 38
424 170 38
425 142 189
425 142 189
425 191 178
425 191 178
426 74 119
426 74 119
426 180 89
426 180 89
426 212 213
426 212 107
426 212 64
427 79 84
427 79 140
427 84 140
427 112 103
427 112 103
427 113 214
427 113 214
427 163 207
427 163 207
428 131 215
428 131 215
428 142 46
428 142 46
428 207 67
428 207 67
429 69 195
429 69 195
429 109 217
429 126 65
429 126 36
429 126 104
429 175 66
429 175 66
429 216 109
429 216 217
430 83 109
430 83 109
430 88 189
430 88 189
430 95 79
430 95 67
430 95 201
431 75 176
431 75 176
431 157 61
431 157 61
432 58 93
432 58 93
432 168 216
432 168 216
432 218 219
432 218 137
432 218 60
433 187 39
433 187 39
433 192 207
433 192 207
434 70 162
434 70 162
434 112 193
434 154 184
434 154 184
434 220 112
434 220 193
435 59 61
435 59 163
435 59 174
435 118 126
435 118 126
435 185 145
435 185 145
435 221 222
435 221 222
435 223 152
435 223 74
435 223 182
436 60 158
436 60 52
436 60 195
436 135 66
436 135 66
436 184 57
436 184 57
437 64 71
437 73 114
437 73 114
437 137 64
437 137 71
437 208 218
437 208 218
437 218 85
437 218 193
437 218 78
437 224 225
437 224 139
437 224 104
438 74 28
438 74 28
438 141 119
438 141 119
439 46 226
439 50 121
439 50 121
439 130 113
439 130 113
439 168 226
439 172 226
440 78 112
440 78 112
440 115 38
440 115 38
441 33 28
441 33 121
441 33 174
441 78 205
441 78 205
441 157 212
441 157 212
441 227 228
441 227 36
441 227 145
442 74 229
442 74 229
442 141 115
442 141 115
442 167 184
442 167 184
443 159 164
443 159 164
443 219 171
443 219 181
443 219 32
443 226 79
443 226 79
444 112 57
444 112 57
444 217 151
444 217 151
445 169 226
445 169 226
445 207 48
445 207 48
445 215 155
445 215 178
445 215 103
446 124 193
446 124 193
446 170 152
446 170 152
447 55 230
447 55 230
447 91 232
447 140 232
447 141 109
447 141 109
447 169 68
447 169 68
447 231 232
448 130 108
448 130 108
448 150 53
448 150 53
449 52 219
449 52 219
449 174 75
449 174 75
450 66 113
450 66 113
450 72 67
450 72 67
450 141 233
450 141 233
451 67 166
451 67 166
451 209 191
451 209 191
452 126 143
452 126 143
452 142 173
452 142 173
453 63 159
453 63 86
453 63 94
453 94 111
453 94 111
453 159 234
453 159 234
453 170 141
453 170 141
453 235 236
453 235 84
453 235 219
454 71 234
454 71 234
454 74 209
454 74 209
455 114 87
455 114 87
455 231 47
455 231 47
456 44 109
456 44 109
456 106 150
456 106 150
457 29 117
457 29 117
457 93 199
457 93 199
457 205 237
457 205 237
458 144 129
458 182 48
458 182 48
458 204 144
458 204 129
458 224 56
458 224 56
459 35 147
459 35 147
459 117 180
459 117 87
459 146 164
459 146 164
459 180 87
460 102 221
460 102 221
460 151 92
460 151 92
461 30 164
461 30 164
461 53 238
461 53 238
461 77 196
461 77 196
461 98 129
461 98 197
461 98 108
462 34 74
462 34 74
462 34 103
462 34 103
463 77 131
463 77 131
463 175 168
463 175 168
464 116 107
464 116 107
464 223 100
464 223 100
465 191 51
465 191 51
465 202 219
465 202 219
466 34 40
466 34 40
466 91 95
466 91 95
467 34 114
467 34 114
467 46 39
467 46 39
468 94 47
468 94 201
468 94 175
468 120 123
468 120 123
468 122 174
468 122 174
469 61 163
469 61 163
469 158 64
469 158 64
470 52 69
470 52 69
470 143 101
470 143 76
470 143 73
470 200 184
470 200 184
471 140 201
471 140 201
471 209 182
471 209 102
471 209 107
471 226 130
471 226 130
472 122 228
472 122 228
472 149 88
472 149 88
472 212 52
472 212 191
472 212 101
473 46 146
473 46 115
473 46 106
473 191 178
473 191 178
473 231 159
473 231 159
474 60 174
474 60 174
474 99 101
474 99 101
474 182 67
474 182 209
474 182 197
474 239 132
474 239 102
474 239 114
475 56 156
475 56 55
475 67 60
475 67 60
475 155 112
475 155 112
475 156 55
476 187 119
476 187 119
476 217 111
476 217 111
477 154 93
477 154 93
477 219 182
477 219 182
477 240 141
477 240 98
477 240 224
478 80 105
478 80 105
478 184 139
478 184 139
479 96 233
479 96 233
479 231 223
479 231 223
480 52 127
480 52 127
480 165 177
480 165 177
480 241 127
480 241 139
480 241 236
481 180 214
481 180 214
481 204 142
481 204 142
482 198 71
482 198 71
482 225 167
482 225 167
482 229 242
482 229 242
483 27 97
483 27 74
483 27 96
483 34 43
483 34 43
483 183 216
483 183 216
484 86 155
484 86 155
484 161 239
484 161 239
484 243 244
484 243 144
484 243 100
485 71 245
485 95 32
485 95 32
485 146 245
485 154 245
485 163 107
485 163 107
486 74 234
486 74 169
486 74 163
486 211 104
486 211 104
486 235 154
486 235 154
487 34 163
487 34 163
487 80 246
487 80 246
487 142 110
487 142 110
488 80 231
488 80 231
488 130 122
488 130 122
489 103 130
489 103 130
489 200 151
489 200 151
490 49 172
490 79 172
490 105 240
490 105 240
490 146 141
490 146 141
490 211 172
491 150 129
491 150 129
491 190 201
491 190 201
491 226 247
491 226 247
492 57 249
492 58 249
492 129 177
492 129 177
492 196 249
492 202 248
492 202 248
492 247 160
492 247 160
493 143 46
493 143 46
493 164 250
493 164 250
493 169 204
493 169 204
493 181 148
493 181 125
493 181 98
494 147 131
494 147 131
494 164 76
494 164 76
494 251 252
494 251 252
495 88 42
495 88 42
495 186 159
495 186 159
495 214 248
495 214 44
495 248 44
496 88 41
496 88 41
496 125 75
496 125 161
496 125 207
496 210 65
496 210 65
497 125 93
497 125 93
497 151 89
497 151 198
497 151 212
497 251 95
497 251 95
498 111 154
498 111 154
498 117 165
498 117 165
499 115 30
499 115 30
499 134 253
499 134 253
499 142 69
499 142 69
500 46 129
500 46 129
500 116 115
500 116 115
501 47 241
501 47 241
501 126 31
501 126 31
501 225 254
501 225 254
501 255 49
501 255 136
501 255 176
502 54 189
502 54 231
502 66 256
502 85 256
502 106 44
502 106 44
502 187 256
502 189 231
502 226 251
502 226 251
503 102 152
503 102 152
503 117 159
503 117 159
503 152 242
503 152 119
503 152 118
504 42 72
504 42 72
504 93 191
504 93 191
505 51 142
505 51 142
505 87 33
505 87 33
505 96 138
505 96 40
505 96 121
506 33 196
506 33 196
506 240 142
506 240 142
506 257 102
506 257 143
507 74 84
507 74 84
507 93 144
507 93 215
507 144 215
507 195 132
507 195 132
507 258 175
507 258 165
507 258 178
508 183 209
508 183 209
508 211 59
508 211 59
509 120 186
509 120 186
509 190 40
509 190 40
510 90 97
510 90 97
510 155 158
510 155 158
511 107 114
511 107 114
511 153 102
511 153 102
512 83 76
512 83 76
512 141 111
512 141 111
512 231 259
512 231 259
513 77 214
513 77 214
513 187 118
513 187 118
513 229 31
513 231 229
513 231 31
514 103 260
514 103 260
514 170 34
514 170 34
514 247 202
514 247 202
515 112 95
515 112 95
515 164 136
515 164 136
516 51 32
516 51 52
516 51 79
516 174 127
516 174 127
516 220 210
516 220 210
517 99 108
517 99 108
517 105 260
517 105 260
517 228 236
517 228 137
517 228 149
518 35 60
518 35 60
518 163 99
518 230 185
518 230 185
518 261 163
518 261 99
519 61 189
519 61 189
519 119 108
519 119 108
520 214 187
520 214 187
520 225 123
520 225 124
520 225 226
520 232 87
520 232 87
521 88 36
521 88 107
521 88 255
521 228 146
521 228 146
521 253 113
521 253 113
522 73 135
522 73 135
522 90 219
522 90 219
523 32 224
523 32 224
523 111 119
523 111 119
523 184 78
523 195 185
523 195 199
523 195 29
523 223 184
523 223 78
524 54 221
524 54 221
524 65 89
524 65 89
525 34 228
525 34 196
525 34 61
525 218 262
525 218 262
525 220 201
525 220 201
525 253 192
525 253 192
526 36 238
526 36 238
526 38 50
526 38 50
527 43 139
527 43 139
527 173 110
527 173 110
528 115 53
528 115 53
528 123 136
528 123 136
528 263 264
528 263 264
529 120 132
529 120 238
529 120 96
529 127 171
529 127 171
529 240 188
529 240 188
530 28 97
530 127 77
530 127 71
530 127 72
530 130 69
530 130 69
530 199 97
530 255 97
530 261 248
530 261 248
531 38 204
531 38 204
531 60 128
531 158 210
531 158 210
531 250 60
531 250 128
532 77 60
532 77 60
532 142 262
532 142 262
532 265 158
532 265 221
532 265 61
533 97 236
533 97 236
533 152 153
533 152 153
534 121 105
534 121 105
534 171 266
534 171 266
534 172 138
534 172 181
534 172 133
534 182 43
534 182 43
535 110 267
535 110 267
535 137 175
535 137 163
535 137 102
535 145 181
535 145 181
535 206 220
535 206 220
536 31 171
536 31 171
536 105 74
536 105 74
536 249 123
536 268 249
536 268 123
537 145 69
537 145 69
537 164 190
537 164 190
538 67 178
538 67 191
538 178 112
538 178 112
538 178 191
538 211 103
538 211 103
539 33 68
539 33 68
539 50 122
539 50 122
539 153 243
539 153 147
539 243 147
539 263 98
539 263 75
539 263 123
540 85 159
540 85 159
540 251 43
540 251 43
540 269 270
540 269 166
540 269 200
541 41 100
541 41 100
541 239 130
541 239 96
541 239 246
541 250 117
541 250 117
542 149 195
542 149 195
542 178 213
542 178 213
543 105 271
543 105 271
543 133 249
543 133 249
543 166 35
543 166 35
544 244 57
544 244 57
544 253 130
544 253 172
544 253 79
544 258 62
544 258 62
545 44 203
545 44 203
545 119 149
545 119 47
545 149 47
545 170 115
545 170 115
545 180 52
545 180 199
545 180 102
546 104 167
546 104 167
546 140 177
546 140 177
546 151 233
546 151 161
546 151 183
547 74 136
547 74 136
547 96 160
547 96 160
547 205 69
547 205 133
547 205 261
548 136 37
548 136 198
548 136 112
548 170 62
548 170 62
548 224 258
548 224 258
548 272 273
548 272 273
549 174 142
549 174 142
549 260 215
549 260 215
550 62 102
550 62 102
550 80 186
550 80 186
551 28 212
551 28 212
551 100 156
551 100 67
551 100 168
551 225 261
551 225 261
552 44 226
552 44 226
552 259 155
552 259 155
552 274 275
552 274 156
552 274 198
553 88 240
553 88 240
553 173 158
553 173 158
554 64 166
554 64 166
554 84 101
554 84 101
555 125 100
555 125 212
555 125 78
555 154 115
555 154 115
555 258 259
555 258 259
555 276 277
555 276 277
556 47 94
556 47 94
556 128 81
556 128 81
557 103 278
557 105 278
557 125 126
557 125 126
557 185 278
557 245 229
557 245 229
558 79 264
558 79 264
558 235 260
558 235 260
559 225 143
559 225 143
559 251 104
559 251 104
559 269 178
559 269 54
559 269 87
560 64 70
560 64 70
560 140 279
560 140 279
560 146 192
560 161 77
560 161 77
560 280 146
560 280 192
561 186 124
561 186 124
561 196 124
561 196 124
562 60 149
562 60 149
562 191 252
562 191 252
563 28 79
563 28 79
563 48 61
563 48 61
563 101 213
563 101 107
563 213 107
564 53 204
564 53 204
564 214 58
564 214 58
564 281 282
564 281 282
565 92 204
565 92 204
565 103 269
565 103 269
565 125 266
565 125 68
565 125 217
566 98 283
566 98 283
566 150 246
566 150 246
566 182 217
566 182 217
567 39 254
567 39 254
567 169 38
567 169 38
568 69 248
568 69 248
568 133 172
568 193 169
568 193 169
568 243 133
568 243 172
569 48 158
569 48 158
569 125 119
569 125 119
569 210 244
569 210 181
569 210 84
569 284 86
569 284 244
569 284 142
570 52 193
570 52 145
570 52 116
570 62 84
570 62 84
570 251 161
570 251 161
571 133 244
571 133 244
571 195 64
571 195 64
572 110 80
572 110 80
572 139 229
572 139 229
573 72 164
573 72 164
573 227 103
573 227 103
574 42 33
574 42 234
574 42 245
574 141 85
574 141 85
574 166 266
574 166 266
574 219 285
574 219 285
575 101 197
575 101 197
575 254 73
575 254 73
576 146 105
576 146 105
576 167 252
576 167 252
577 51 38
577 51 38
577 82 86
577 82 86
577 129 223
577 129 267
577 129 112
578 217 103
578 217 103
578 282 192
578 282 192
579 169 74
579 169 151
579 169 93
579 230 83
579 230 83
579 242 145
579 242 145
580 40 283
580 40 283
580 93 272
580 93 169
580 93 66
580 165 226
580 165 99
580 217 224
580 217 224
580 226 99
581 189 263
581 189 240
581 189 160
581 207 89
581 207 89
581 212 207
581 212 207
582 31 96
582 31 96
582 32 172
582 33 172
582 42 114
582 42 218
582 42 246
582 147 146
582 147 146
582 196 172
583 106 141
583 106 141
583 142 156
583 142 156
584 95 129
584 95 129
584 153 84
584 153 84
585 30 251
585 30 251
585 42 32
585 42 32
585 155 251
585 186 155
585 186 251
586 114 68
586 114 68
586 267 49
586 267 49
587 55 226
587 55 226
587 83 220
587 83 220
588 90 42
588 90 42
588 213 208
588 213 208
589 121 217
589 121 241
589 121 162
589 133 286
589 133 286
589 235 173
589 235 173
589 281 93
589 281 93
590 95 55
590 95 183
590 95 101
590 114 270
590 114 270
590 227 210
590 227 210
591 30 119
591 30 224
591 43 284
591 43 284
591 64 198
591 64 198
591 119 224
592 52 51
592 96 171
592 96 171
592 118 51
592 144 51
592 148 96
592 148 49
592 148 158
592 171 224
592 171 224
593 64 71
593 64 71
593 94 207
593 94 207
593 204 284
593 204 176
593 284 176
594 221 154
594 221 154
594 269 198
594 269 198
594 287 246
594 287 260
594 287 277
595 58 288
595 58 288
595 85 80
595 85 80
595 197 180
595 197 191
595 197 115
595 250 202
595 250 202
595 289 137
595 289 195
595 289 220
596 37 207
596 37 207
596 229 230
596 229 230
596 290 291
596 290 291
597 124 162
597 124 162
597 132 209
597 132 209
597 203 254
597 203 187
597 254 187
598 91 292
598 91 292
598 233 128
598 233 128
598 288 75
598 288 75
599 56 145
599 56 145
599 72 198
599 72 198
599 133 57
599 133 196
599 133 187
600 195 274
600 195 274
600 252 205
600 252 205
600 261 122
600 261 44
600 261 266
601 27 155
601 27 155
601 123 293
601 123 293
601 182 65
601 182 65
602 147 137
602 147 137
602 161 33
602 217 149
602 217 149
602 218 161
602 218 33
603 59 75
603 59 102
603 60 185
603 60 185
603 75 102
603 242 267
603 242 267
604 58 47
604 58 47
604 119 97
604 119 97
604 285 47
604 285 170
604 285 135
605 43 236
605 43 193
605 43 98
605 48 34
605 48 34
605 115 131
605 115 131
606 70 59
606 70 229
606 70 249
606 189 75
606 189 75
606 255 289
606 255 289
607 125 171
607 125 171
607 217 31
607 217 31
608 53 284
608 53 284
608 115 188
608 115 188
609 172 130
609 172 130
609 248 215
609 248 215
609 294 295
609 294 295
610 70 110
610 70 110
610 106 119
610 106 136
610 119 136
610 194 282
610 194 282
611 126 107
611 126 107
611 156 219
611 156 219
611 275 68
611 275 33
611 275 127
611 296 116
611 296 250
611 296 75
612 166 270
612 166 270
612 166 42
612 166 42
612 210 287
612 210 245
612 210 286
613 105 294
613 105 294
613 115 170
613 115 170
613 272 212
613 272 31
613 272 174
614 81 273
614 81 43
614 81 161
614 87 40
614 87 40
614 143 156
614 143 156
615 135 143
615 135 143
615 269 220
615 269 220
616 159 175
616 159 175
616 225 128
616 225 128
616 226 199
616 226 69
616 226 104
617 75 272
617 75 272
617 175 297
617 175 297
617 261 248
617 261 248
618 161 86
618 161 86
618 283 213
618 283 213
619 80 49
619 80 49
619 284 113
619 284 113
620 128 133
620 128 133
620 141 261
620 141 262
620 141 132
620 286 88
620 286 88
621 68 101
621 68 101
621 190 198
621 190 198
621 212 249
621 212 27
621 212 292
622 202 179
622 202 163
622 202 185
622 211 125
622 211 125
622 270 41
622 270 41
623 38 214
623 131 38
623 131 214
623 178 85
623 178 85
623 221 75
623 221 75
624 49 54
624 49 54
624 227 53
624 227 53
625 55 251
625 55 251
625 137 162
625 137 162
626 182 238
626 182 238
626 196 298
626 196 298
626 287 118
626 287 118
626 299 180
626 299 229
626 299 151
627 120 282
627 120 282
627 239 273
627 239 273
628 33 82
628 33 82
628 115 265
628 115 265
628 300 112
628 300 58
628 300 134
629 146 168
629 146 154
629 146 29
629 204 263
629 204 263
629 228 99
629 228 99
629 301 302
629 301 302
629 303 304
629 303 305
629 303 173
630 59 99
630 111 165
630 111 165
630 167 233
630 167 233
630 295 59
630 295 99
631 40 84
631 110 84
631 124 39
631 124 39
631 128 84
631 140 159
631 241 222
631 241 222
631 254 140
631 254 159
632 36 237
632 36 237
632 207 171
632 207 171
633 47 183
633 47 37
633 47 270
633 52 303
633 52 303
633 283 139
633 283 139
634 277 156
634 277 156
634 278 95
634 278 95
635 52 28
635 52 28
635 200 111
635 200 111
636 283 28
636 283 28
636 301 207
636 301 207
637 125 77
637 125 77
637 166 97
637 166 97
638 44 254
638 44 245
638 44 172
638 55 74
638 55 74
638 231 30
638 231 30
638 306 307
638 306 98
638 306 234
639 247 162
639 247 162
639 256 177
639 256 177
640 192 139
640 192 139
640 303 86
640 303 86
641 70 250
641 70 250
641 117 209
641 117 209
641 304 164
641 304 125
641 304 262
642 217 230
642 217 230
642 245 273
642 245 273
643 48 76
643 48 76
643 224 242
643 224 242
644 175 48
644 175 48
644 189 214
644 189 214
645 114 308
645 114 308
645 289 133
645 289 133
645 307 91
645 307 91
646 98 68
646 98 68
646 140 193
646 140 193
646 309 194
646 309 268
646 309 125
647 48 31
647 48 31
647 81 115
647 81 157
647 115 157
647 131 140
647 131 140
648 44 144
648 44 144
648 47 166
648 47 166
649 58 279
649 58 279
649 94 293
649 94 293
649 144 262
649 144 160
649 262 160
649 268 271
649 268 309
649 268 242
650 28 67
650 28 67
650 194 264
650 194 264
651 58 68
651 58 81
651 68 81
651 129 196
651 129 196
651 245 57
651 245 57
652 189 62
652 203 154
652 203 154
652 209 62
652 215 32
652 254 61
652 254 61
652 258 62
652 264 215
652 264 32
653 41 50
653 41 50
653 204 265
653 204 265
654 115 91
654 115 91
654 171 118
654 171 118
655 75 121
655 75 121
655 256 181
655 256 181
656 58 217
656 144 166
656 144 166
656 164 58
656 164 217
656 243 302
656 243 302
656 250 153
656 250 185
656 250 273
657 37 233
657 37 233
657 100 296
657 100 296
657 175 163
657 227 175
657 227 163
658 70 56
658 70 56
658 291 151
658 291 151
659 95 310
659 95 310
659 130 64
659 130 64
659 249 179
659 249 179
660 80 66
660 80 66
660 160 264
660 160 273
660 264 273
660 290 48
660 290 48
661 55 84
661 55 84
661 184 120
661 184 120
661 311 184
661 311 189
661 311 210
662 189 44
662 189 44
662 204 170
662 204 170
663 29 247
663 31 241
663 31 241
663 38 263
663 59 247
663 94 307
663 94 307
663 172 247
663 227 38
663 227 263
664 61 251
664 61 251
664 102 68
664 102 183
664 102 157
664 224 287
664 224 287
664 269 312
664 269 312
665 44 153
665 44 153
665 70 202
665 70 202
666 128 115
666 128 115
666 208 171
666 208 171
667 242 109
667 242 109
667 260 174
667 260 288
667 260 171
667 262 307
667 262 307
667 313 137
667 313 138
667 313 83
668 250 310
668 250 310
668 266 272
668 266 272
669 86 76
669 86 76
669 178 90
669 178 306
669 178 132
669 205 217
669 205 217
670 37 39
670 37 39
670 287 31
670 287 31
671 56 177
671 95 293
671 95 293
671 156 247
671 156 247
671 253 56
671 253 177
671 314 186
671 314 201
671 314 208
672 27 268
672 27 268
672 49 205
672 49 205
673 76 293
673 76 293
673 266 254
673 266 254
674 197 263
674 197 263
674 253 58
674 253 58
675 208 289
675 208 289
675 246 285
675 246 285
675 315 316
675 315 316
676 65 245
676 65 245
676 118 225
676 118 268
676 118 174
676 120 140
676 120 140
676 317 189
676 317 145
676 317 51
677 87 200
677 87 200
677 251 81
677 251 81
678 168 267
678 168 267
678 200 126
678 200 126
679 242 129
679 242 129
679 281 84
679 281 84
680 108 227
680 108 227
680 306 291
680 306 291
681 94 247
681 94 247
681 273 153
681 273 153
682 146 312
682 146 265
682 146 140
682 178 184
682 178 184
682 316 304
682 316 304
683 56 170
683 56 170
683 195 205
683 195 122
683 195 70
683 245 148
683 254 313
683 254 313
683 255 148
683 273 148
684 44 318
684 44 318
684 90 106
684 90 106
684 217 284
684 217 284
685 90 177
685 90 177
685 135 243
685 135 243
685 319 30
685 319 70
685 319 260
686 47 168
686 71 322
686 71 322
686 96 324
686 159 261
686 159 261
686 207 237
686 207 228
686 207 120
686 265 238
686 265 238
686 320 321
686 320 321
686 323 96
686 323 324
687 102 232
687 114 232
687 149 325
687 149 325
687 166 223
687 166 223
687 166 232
687 298 35
687 298 35
688 156 302
688 156 302
688 319 271
688 319 271
689 198 220
689 198 220
689 314 44
689 314 44
690 150 220
690 150 220
690 193 197
690 193 197
690 285 62
690 285 92
690 285 39
690 326 127
690 326 315
690 326 278
691 113 214
691 113 214
691 128 156
691 128 156
691 128 52
691 128 325
691 128 198
691 155 327
691 155 327
691 328 329
691 328 95
691 328 319
692 34 49
692 34 49
692 71 174
692 71 174
693 101 69
693 101 69
693 252 255
693 252 255
694 99 200
694 99 200
694 113 212
694 113 212
695 108 33
695 108 33
695 259 230
695 259 230
695 297 223
695 297 211
695 297 137
696 143 166
696 143 246
696 143 92
696 226 63
696 226 63
696 287 204
696 287 204
697 27 249
697 27 249
697 281 124
697 281 124
698 82 307
698 82 307
698 142 273
698 142 83
698 182 153
698 182 258
698 182 133
698 187 330
698 206 330
698 237 330
698 247 149
698 247 149
698 273 83
699 84 119
699 84 119
699 246 147
699 246 147
700 38 98
700 38 98
700 41 57
700 41 57
701 33 254
701 33 254
701 312 299
701 312 299
701 319 58
701 319 310
701 319 183
702 41 164
702 41 164
702 97 325
702 97 325
702 205 255
702 205 154
702 205 48
703 133 231
703 133 231
703 151 136
703 151 136
704 39 201
704 39 278
704 130 164
704 130 164
704 201 278
704 287 135
704 287 135
705 160 243
705 160 243
705 194 158
705 194 158
706 28 213
706 125 163
706 125 163
706 236 28
706 236 213
706 299 179
706 299 179
707 108 42
707 108 209
707 108 181
707 165 162
707 165 162
707 251 245
707 251 245
708 36 168
708 36 215
708 36 262
708 73 180
708 73 180
708 142 282
708 142 282
709 84 183
709 84 183
709 114 125
709 114 125
709 115 156
709 115 306
709 115 45
710 274 248
710 274 248
710 298 287
710 298 287
711 282 29
711 282 29
711 307 148
711 307 148
712 45 279
712 45 279
712 87 229
712 87 229
713 73 141
713 73 141
713 201 106
713 201 106
714 97 317
714 97 317
714 295 245
714 295 245
715 123 200
715 123 200
715 228 86
715 228 62
715 228 196
715 315 301
715 315 301
716 187 238
716 187 238
716 285 331
716 285 331
716 300 242
716 300 44
716 300 175
716 307 46
716 307 46
717 179 287
717 179 287
717 295 120
717 295 120
718 70 332
718 70 332
718 254 126
718 254 126
718 283 265
718 283 265
719 159 228
719 159 228
719 221 39
719 221 39
720 98 186
720 98 186
720 260 99
720 260 96
720 260 195
720 264 232
720 264 232
720 333 334
720 333 203
720 333 263
721 144 152
721 144 152
721 199 187
721 199 187
722 290 103
722 290 103
722 321 122
722 321 122
723 196 335
723 196 335
723 201 133
723 201 133
723 265 123
723 265 123
724 105 96
724 105 96
724 279 81
724 279 81
725 67 328
725 67 328
725 260 304
725 260 304
725 336 224
725 336 328
725 336 171
726 49 338
726 105 237
726 105 237
726 159 337
726 159 337
726 191 338
726 207 338
726 289 127
726 289 127
727 65 31
727 65 31
727 319 327
727 319 327
728 50 49
728 50 49
728 320 107
728 320 107
729 34 212
729 34 212
729 243 236
729 243 236
730 59 136
730 59 136
730 153 203
730 153 203
730 178 339
730 178 339
730 335 303
730 335 331
730 335 229
731 95 340
731 151 314
731 151 314
731 249 340
731 254 293
731 254 293
731 328 340
732 90 214
732 90 143
732 214 143
732 225 72
732 225 72
732 294 146
732 294 146
733 122 110
733 122 110
733 303 111
733 303 295
733 303 110
733 316 181
733 316 181
733 341 339
733 341 56
733 341 251
734 37 272
734 37 272
734 182 327
734 182 264
734 182 94
734 222 331
734 222 331
734 342 214
734 342 290
734 342 270
735 111 219
735 111 219
735 209 80
735 209 80
735 242 340
735 242 39
735 242 130
736 48 301
736 48 301
736 169 28
736 169 28
736 343 320
736 343 300
736 343 203
737 57 43
737 57 100
737 57 34
737 89 115
737 89 115
737 112 137
737 112 239
737 137 239
737 239 316
737 239 316
738 310 127
738 310 127
738 332 61
738 332 61
739 144 88
739 144 88
739 184 148
739 184 148
740 58 344
740 58 344
740 92 197
740 92 197
740 165 40
740 165 40
741 189 79
741 189 79
741 319 182
741 333 303
741 333 303
741 345 319
741 345 182
742 57 162
742 57 162
742 205 78
742 205 78
743 104 183
743 104 183
743 141 94
743 141 215
743 141 183
743 232 60
743 232 60
744 256 239
744 256 239
744 277 323
744 277 323
745 45 110
745 47 72
745 47 72
745 54 90
745 54 90
745 152 110
745 152 45
745 346 200
745 346 344
745 346 242
746 155 177
746 155 177
746 335 53
746 335 53
747 85 132
747 85 132
747 134 189
747 134 238
747 134 174
747 182 79
747 182 79
748 136 183
748 136 183
748 296 217
748 296 217
748 342 160
748 342 167
748 342 54
748 347 346
748 347 262
748 347 218
749 94 338
749 94 338
749 325 273
749 325 273
749 348 171
749 348 268
749 348 36
750 66 208
750 66 60
750 66 105
750 256 281
750 256 281
750 312 299
750 312 299
751 96 201
751 96 201
751 191 349
751 191 349
751 281 344
751 281 344
752 125 66
752 125 66
752 190 272
752 190 272
752 350 141
752 350 310
752 350 317
753 180 328
753 180 328
753 332 257
753 332 257
754 67 202
754 67 202
754 334 118
754 334 118
755 124 323
755 124 323
755 190 78
755 190 78
755 351 192
755 351 315
755 351 40
756 29 352
756 197 352
756 226 88
756 226 88
756 322 352
756 323 46
756 323 46
757 27 66
757 27 270
757 27 261
757 30 295
757 242 230
757 242 230
757 254 30
757 254 295
757 269 58
757 269 58
758 152 93
758 152 93
758 288 87
758 288 87
759 32 247
759 32 247
759 83 124
759 83 124
759 282 239
759 282 161
759 282 89
760 209 86
760 209 86
760 282 323
760 282 323
761 159 209
761 159 209
761 217 208
761 217 208
762 204 216
762 204 216
762 204 177
762 204 177
763 52 50
763 52 50
763 87 224
763 87 224
764 112 224
764 112 224
764 190 143
764 190 143
764 243 76
764 243 342
764 243 208
765 63 62
765 63 62
765 299 171
765 299 171
766 61 114
766 61 114
766 138 109
766 138 294
766 138 323
766 302 195
766 302 195
767 171 131
767 171 131
767 208 79
767 208 79
767 295 353
767 295 353
768 67 93
768 67 93
768 71 232
768 71 232
769 121 184
769 121 184
769 344 307
769 344 307
770 72 239
770 72 239
770 99 111
770 99 111
771 127 173
771 127 173
771 324 262
771 324 262
772 245 314
772 245 314
772 317 354
772 317 354
772 325 137
772 325 137
773 80 335
773 80 335
773 178 207
773 178 207
773 229 300
773 229 342
773 300 342
774 41 355
774 41 355
774 57 275
774 57 275
774 152 111
774 152 111
774 176 333
774 176 91
774 176 146
775 59 107
775 59 107
775 215 337
775 215 337
776 113 223
776 113 223
776 228 356
776 228 356
776 267 119
776 267 119
777 38 271
777 38 271
777 160 58
777 160 58
778 112 49
778 112 49
778 343 109
778 343 109
779 63 64
779 116 63
779 116 64
779 263 96
779 263 96
779 318 153
779 318 153
780 66 307
780 66 307
780 227 347
780 227 347
781 88 352
781 88 141
781 88 287
781 107 233
781 107 233
781 116 46
781 116 46
781 357 153
781 357 216
781 357 35
782 71 141
782 71 105
782 71 197
782 179 323
782 179 323
782 295 279
782 295 279
783 106 232
783 106 232
783 176 358
783 176 358
783 219 273
783 219 273
784 27 325
784 27 325
784 169 111
784 169 111
785 210 144
785 210 144
785 283 359
785 283 359
785 326 182
785 326 182
786 116 255
786 116 255
786 175 128
786 175 128
787 38 53
787 38 312
787 38 317
787 131 102
787 131 102
787 279 90
787 279 90
788 40 113
788 40 113
788 71 80
788 71 80
788 162 360
788 225 360
788 231 360
789 133 350
789 133 350
789 283 230
789 283 230
790 301 157
790 301 157
790 349 48
790 349 48
791 71 232
791 71 194
791 71 95
791 96 258
791 96 258
791 291 198
791 291 198
791 361 346
791 361 38
791 361 281
792 254 90
792 254 90
792 257 139
792 257 139
793 76 362
793 76 362
793 130 165
793 130 165
793 148 130
793 264 284
793 264 284
793 300 148
793 300 130
794 105 210
794 105 210
794 193 244
794 193 137
794 244 137
794 277 207
794 277 207
795 194 87
795 194 87
795 228 63
795 228 63
796 86 122
796 86 122
796 238 323
796 238 323
796 263 215
796 263 125
796 263 348
797 81 73
797 81 73
797 211 246
797 211 246
797 363 37
797 363 287
797 363 139
798 61 117
798 61 117
798 295 364
798 295 364
798 311 300
798 311 300
798 365 90
798 365 345
798 365 303
799 86 85
799 86 146
799 86 273
799 322 106
799 322 106
799 327 62
799 327 62
800 38 367
800 95 251
800 95 251
800 328 216
800 328 312
800 328 29
800 343 223
800 343 223
800 366 38
800 366 367
801 84 330
801 84 330
801 85 368
801 85 368
801 153 354
801 153 354
802 189 76
802 189 76
802 266 225
802 266 225
802 315 329
802 315 52
803 267 41
803 267 41
803 311 279
803 311 279
804 248 334
804 248 334
804 277 192
804 277 192
805 66 68
805 66 248
805 68 248
805 84 164
805 84 164
805 177 268
805 177 268
805 320 66
805 320 226
805 320 174
806 102 168
806 102 168
806 135 174
806 135 174
806 301 152
806 301 80
806 301 226
807 122 81
807 122 81
807 223 36
807 223 36
808 58 341
808 58 274
808 58 340
808 69 265
808 69 265
808 328 286
808 328 286
809 112 218
809 112 218
809 337 267
809 337 267
810 46 98
810 46 98
810 338 53
810 338 53
810 369 62
810 369 161
810 369 162
811 79 203
811 79 124
811 129 202
811 129 353
811 129 298
811 163 198
811 163 198
811 203 124
811 294 101
811 294 101
812 37 282
812 162 156
812 162 187
812 162 210
812 226 197
812 226 197
812 238 37
812 238 282
812 243 134
812 243 134
813 108 157
813 108 193
813 108 328
813 199 329
813 199 329
813 200 223
813 200 223
814 117 166
814 117 166
814 125 244
814 125 244
815 60 252
815 66 60
815 66 252
815 273 100
815 273 100
815 367 44
815 367 44
816 60 260
816 60 260
816 275 328
816 275 328
817 60 171
817 60 171
817 97 90
817 97 90
817 193 340
817 193 88
817 340 88
818 37 61
818 37 61
818 223 107
818 223 107
818 370 247
818 370 77
818 370 259
819 73 330
819 73 330
819 177 67
819 177 76
819 177 258
819 254 36
819 254 36
819 264 371
819 264 371
820 86 80
820 86 80
820 191 207
820 191 154
820 207 154
820 256 145
820 256 295
820 256 160
820 343 96
820 343 96
820 372 36
820 372 196
820 372 197
821 267 209
821 267 209
821 272 234
821 272 234
822 50 155
822 101 50
822 101 155
822 221 298
822 221 298
822 256 148
822 256 148
823 293 162
823 293 162
823 320 225
823 320 225
824 136 195
824 136 132
824 180 200
824 180 200
824 195 132
824 266 304
824 266 304
825 29 218
825 29 218
825 147 234
825 147 234
825 207 373
825 207 373
825 311 33
825 339 311
825 339 33
825 374 159
825 374 310
825 374 185
826 57 365
826 57 365
826 262 253
826 262 253
827 217 328
827 217 68
827 217 95
827 297 200
827 297 200
827 302 188
827 302 188
828 165 345
828 165 345
828 167 182
828 167 182
828 168 129
828 312 129
828 332 129
829 188 357
829 188 357
829 237 78
829 237 78
830 223 31
830 223 31
830 256 304
830 256 304
830 375 125
830 375 212
830 375 326
831 112 285
831 112 285
831 127 250
831 127 297
831 137 162
831 137 162
831 250 297
831 299 143
831 299 75
831 299 230
832 183 245
832 183 245
832 224 154
832 224 154
832 351 70
832 351 361
832 351 320
833 141 302
833 141 302
833 146 182
833 146 182
834 53 278
834 53 278
834 363 223
834 363 223
835 73 202
835 73 202
835 100 141
835 267 50
835 267 50
835 348 100
835 348 141
835 376 240
836 54 183
836 54 183
836 98 303
836 98 303
