0 1 2
0 1 2
1 1 2
1 1 2
1 1 2
1 1 2
2 1 2
2 1 2
2 2 1
2 2 1
3 1 2
3 1 2
3 1 2
3 1 2
4 1 2
4 1 2
4 1 2
4 1 2
5 1 2
5 1 2
5 1 2
5 1 2
5 1 4
5 1 4
6 1 2
6 1 2
6 2 1
6 2 1
7 1 5
7 2 1
7 2 1
7 2 5
7 4 2
7 4 2
7 4 5
8 2 1
8 2 1
8 2 4
8 2 4
8 4 2
8 4 5
8 4 1
9 2 1
9 2 4
9 2 4
9 2 4
9 2 4
9 2 4
9 4 1
10 1 2
10 1 4
10 1 4
10 1 4
10 1 5
10 1 5
10 1 5
11 2 1
11 2 5
11 2 4
11 4 1
11 4 1
11 5 4
11 5 4
12 1 2
12 1 2
12 4 2
12 4 2
13 1 2
13 1 2
13 4 2
13 4 2
14 4 2
14 4 2
14 4 2
14 4 5
14 4 1
14 5 1
14 5 1
15 1 2
15 1 2
15 2 1
15 2 5
15 2 4
15 2 6
15 2 6
15 5 2
15 5 2
16 1 5
16 2 5
16 4 5
16 5 1
16 5 1
16 6 1
16 6 1
17 5 6
17 5 6
17 6 4
17 6 4
18 2 1
18 2 5
18 5 1
18 5 6
18 5 6
18 6 5
18 6 5
19 4 2
19 4 2
19 4 1
19 4 1
19 6 1
19 6 4
19 6 2
20 2 4
20 2 4
20 2 6
20 2 6
21 2 4
21 2 4
21 4 5
21 4 5
22 1 4
22 1 4
22 4 5
22 4 5
22 5 1
22 5 2
22 5 6
23 2 6
23 2 6
23 6 4
23 6 4
24 1 4
24 1 4
24 5 2
24 5 2
25 1 2
25 1 2
25 1 8
25 2 6
25 2 6
25 5 8
25 6 8
25 7 2
25 7 1
25 7 4
26 1 8
26 2 4
26 2 6
26 2 7
26 4 1
26 4 1
26 4 11
26 4 8
26 6 7
26 6 7
26 6 11
26 7 11
26 7 8
26 9 10
26 9 10
27 7 1
27 7 1
27 11 1
27 11 1
28 2 5
28 2 8
28 2 8
28 6 11
28 6 11
28 8 2
28 8 5
28 11 14
28 11 14
28 12 13
28 12 13
29 5 8
29 5 8
29 14 1
29 14 1
30 4 5
30 4 5
30 13 5
30 13 5
31 4 5
31 4 7
31 4 6
31 5 12
31 5 12
31 11 13
31 11 13
31 15 8
31 15 2
31 15 11
32 2 12
32 2 12
32 4 5
32 4 1
32 4 7
32 4 6
32 4 6
33 5 1
33 5 1
33 8 12
33 8 12
34 1 5
34 1 13
34 1 6
34 2 7
34 2 7
34 10 12
34 10 12
34 16 4
34 16 14
34 16 6
35 7 12
35 7 12
35 12 11
35 12 11
36 7 8
36 7 8
36 11 12
36 11 12
37 1 11
37 1 11
37 11 12
37 11 5
37 11 5
37 11 15
37 11 8
38 2 17
38 2 17
38 7 14
38 7 14
38 11 5
38 11 16
38 12 8
38 13 8
38 13 8
38 16 5
39 1 14
39 1 14
39 5 13
39 5 13
39 18 1
39 18 11
39 18 8
40 4 9
40 10 12
40 10 19
40 10 19
40 10 11
40 10 1
40 12 13
40 12 13
40 15 16
40 15 16
40 16 4
40 16 9
41 14 16
41 14 16
41 19 14
41 19 14
42 4 14
42 4 14
42 8 2
42 8 11
42 8 15
42 16 2
42 16 2
42 20 11
42 20 2
42 20 18
43 12 14
43 12 14
43 13 20
43 13 20
43 20 21
43 20 21
44 9 16
44 12 16
44 12 16
44 13 9
44 13 16
44 15 5
44 15 5
44 22 20
44 22 14
44 22 4
45 2 24
45 5 24
45 14 6
45 14 6
45 14 22
45 15 14
45 15 14
45 17 14
45 17 22
45 17 24
45 23 15
45 23 6
45 23 16
46 16 4
46 16 4
46 23 15
46 23 15
47 5 25
47 9 4
47 9 4
47 11 25
47 12 11
47 12 11
47 21 25
48 4 26
48 4 26
48 5 18
48 5 18
48 16 23
48 16 23
49 10 21
49 10 21
49 26 9
49 26 9
50 9 7
50 9 7
50 14 7
50 14 7
50 18 25
50 18 23
50 25 23
50 26 15
50 26 25
50 26 5
51 11 18
51 11 18
51 16 17
51 16 17
52 7 19
52 8 19
52 9 16
52 9 11
52 9 11
52 11 5
52 11 5
52 14 19
52 20 12
52 20 25
52 20 10
52 27 9
52 27 16
53 1 22
53 1 22
53 19 8
53 19 8
54 11 28
54 11 28
54 14 5
54 14 5
54 26 7
54 26 7
55 6 19
55 6 19
55 16 10
55 16 10
56 19 25
56 19 25
56 20 25
56 20 25
57 2 6
57 2 23
57 2 23
57 2 30
57 2 21
57 2 19
57 19 6
57 19 6
57 29 2
57 29 30
58 6 16
58 6 16
58 18 31
58 18 31
58 18 32
58 25 11
58 25 11
58 27 32
58 28 32
59 8 33
59 8 33
59 11 18
59 11 6
59 18 6
59 23 15
59 23 7
59 29 23
59 29 23
59 30 24
59 30 24
60 4 8
60 4 28
60 4 20
60 6 15
60 6 15
60 18 33
60 18 33
60 34 17
60 34 18
60 34 22
61 7 34
61 7 34
61 24 13
61 24 13
62 18 6
62 18 6
62 32 25
62 32 25
63 16 6
63 23 10
63 23 10
63 23 27
63 23 27
63 30 5
63 30 31
63 30 32
63 35 16
63 35 6
63 36 14
63 36 33
63 36 23
64 9 10
64 9 10
64 18 26
64 18 26
64 34 35
64 34 14
64 35 14
65 19 9
65 19 9
65 24 16
65 24 16
66 28 35
66 28 35
66 29 13
66 29 13
67 18 37
67 18 37
67 29 22
67 29 22
67 35 13
67 35 13
68 4 11
68 4 13
68 4 31
68 28 37
68 28 37
68 35 37
68 35 37
69 15 5
69 15 5
69 24 1
69 24 1
69 31 38
69 31 38
70 16 8
70 16 8
70 19 31
70 19 31
70 29 39
70 29 39
70 29 6
70 29 7
70 29 12
71 5 20
71 5 20
71 36 23
71 36 6
71 36 5
71 39 36
71 39 36
72 10 6
72 10 6
72 17 5
72 17 5
73 2 32
73 2 32
73 23 38
73 23 38
73 23 21
73 23 2
73 23 22
74 21 1
74 21 1
74 23 18
74 23 18
74 39 36
74 39 9
74 39 10
74 40 41
74 40 41
75 5 26
75 5 27
75 5 35
75 12 7
75 12 7
75 28 36
75 28 36
75 42 43
75 42 23
76 7 26
76 7 26
76 35 22
76 35 22
76 44 6
76 44 2
76 44 5
77 4 5
77 4 31
77 4 35
77 17 7
77 17 7
77 27 31
77 27 31
78 12 7
78 12 7
78 18 11
78 18 11
79 9 30
79 9 30
79 25 13
79 25 13
80 15 11
80 15 11
80 30 44
80 30 44
81 15 25
81 15 25
81 18 39
81 18 39
82 21 24
82 21 24
82 33 29
82 33 29
83 8 23
83 8 23
83 25 6
83 25 6
84 17 27
84 17 27
84 39 37
84 39 37
85 4 22
85 11 2
85 11 2
85 12 38
85 12 38
85 15 4
85 15 22
86 10 28
86 10 28
86 15 18
86 16 15
86 16 18
86 41 13
86 41 13
87 6 45
87 11 44
87 11 44
87 14 45
87 26 45
87 27 16
87 27 16
88 2 46
88 2 46
88 5 14
88 5 14
88 34 27
88 34 27
89 18 10
89 18 10
89 43 1
89 43 1
90 10 9
90 10 9
90 18 12
90 18 12
91 1 22
91 1 33
91 1 24
91 7 24
91 7 24
91 12 47
91 12 47
91 25 46
91 25 46
92 25 23
92 25 23
92 34 35
92 34 9
92 34 46
92 41 36
92 41 36
93 2 26
93 15 41
93 15 41
93 16 20
93 16 20
93 33 11
93 33 9
93 33 20
93 48 2
93 48 26
93 49 9
93 49 44
93 49 37
94 9 35
94 9 35
94 12 7
94 12 7
94 19 48
94 23 19
94 23 48
95 20 9
95 20 9
95 49 23
95 49 23
96 1 5
96 1 14
96 5 14
96 7 35
96 7 35
96 11 30
96 11 30
96 17 5
96 17 37
96 17 29
96 50 6
96 50 5
96 50 38
97 17 43
97 17 43
97 29 36
97 29 36
98 14 5
98 14 5
98 16 41
98 16 44
98 41 44
98 45 25
98 45 25
99 11 24
99 11 24
99 32 41
99 32 9
99 32 29
99 36 44
99 36 44
100 13 9
100 13 22
100 13 14
100 15 41
100 15 41
100 16 12
100 19 12
100 30 12
100 50 15
100 50 15
101 4 49
101 4 41
101 4 24
101 17 26
101 17 26
101 31 51
101 31 51
101 49 12
101 49 12
101 52 42
101 52 26
101 52 9
102 4 31
102 4 17
102 4 47
102 23 38
102 23 38
102 28 31
102 28 31
103 4 1
103 4 1
103 9 4
103 9 4
104 45 27
104 45 27
104 52 12
104 52 12
105 19 33
105 19 33
105 24 18
105 24 18
105 27 36
105 27 14
105 27 34
106 25 28
106 25 28
106 44 45
106 44 45
107 7 53
107 9 53
107 18 38
107 18 38
107 37 53
107 44 26
107 44 26
108 39 10
108 39 10
108 39 23
108 39 23
109 2 19
109 2 51
109 2 34
109 30 29
109 30 29
109 33 19
109 33 19
110 7 6
110 7 6
110 29 48
110 29 48
111 26 12
111 26 12
111 40 30
111 40 30
112 1 22
112 1 24
112 1 48
112 18 22
112 18 22
112 21 5
112 21 5
113 9 40
113 17 18
113 17 18
113 21 52
113 21 52
113 54 9
113 54 40
114 8 51
114 8 24
114 8 50
114 13 41
114 13 41
114 18 40
114 18 40
114 33 45
114 33 5
114 45 5
115 1 27
115 1 27
115 30 45
115 30 45
116 36 25
116 36 41
116 36 18
116 42 18
116 42 18
116 45 9
116 45 9
117 15 45
117 15 45
117 21 53
117 21 53
117 41 55
117 41 55
118 8 9
118 8 9
118 39 43
118 39 43
119 37 40
119 37 50
119 37 43
119 46 25
119 46 25
119 52 47
119 52 47
120 24 9
120 24 9
120 24 48
120 24 48
121 4 33
121 4 33
121 31 36
121 31 36
122 9 42
122 9 42
122 21 12
122 21 12
123 33 48
123 33 48
123 34 8
123 34 8
124 24 55
124 24 55
124 34 55
124 34 55
125 14 1
125 14 1
125 53 54
125 53 54
126 12 13
126 12 13
126 55 54
126 55 54
127 6 40
127 6 40
127 39 12
127 39 12
127 56 29
127 56 30
127 56 11
128 12 31
128 12 31
128 22 46
128 22 46
128 36 18
128 36 7
128 36 26
129 14 22
129 14 43
129 14 28
129 38 22
129 38 22
129 49 35
129 49 35
130 12 32
130 12 32
130 39 4
130 41 39
130 41 4
130 50 15
130 50 15
131 7 56
131 7 56
131 30 1
131 30 1
132 4 53
132 4 53
132 33 54
132 33 54
133 32 30
133 32 30
133 43 21
133 43 21
134 10 9
134 10 9
134 42 25
134 42 25
135 1 20
135 1 20
135 35 2
135 35 2
136 14 13
136 14 13
136 52 18
136 52 18
137 23 40
137 23 40
137 46 24
137 46 24
138 8 51
138 8 51
138 17 15
138 17 15
138 31 57
138 41 57
138 44 57
139 27 50
139 27 50
139 39 32
139 39 32
140 2 25
140 2 25
140 9 30
140 9 30
141 17 39
141 17 39
141 45 47
141 45 47
141 48 39
141 48 4
141 48 11
142 1 57
142 1 57
142 38 44
142 38 44
143 38 4
143 38 4
143 38 48
143 38 27
143 38 15
143 51 13
143 51 13
144 15 26
144 15 26
144 20 35
144 20 35
145 34 14
145 34 14
145 52 10
145 52 10
146 8 2
146 8 51
146 12 53
146 12 53
146 23 34
146 23 34
146 51 2
147 18 26
147 18 56
147 18 46
147 32 50
147 32 50
147 35 36
147 35 36
148 8 37
148 8 37
148 25 49
148 25 49
148 57 22
148 57 23
148 57 29
149 2 10
149 2 10
149 48 35
149 48 35
149 56 22
149 56 31
149 56 9
150 11 57
150 15 35
150 15 35
150 38 11
150 38 57
150 49 23
150 49 23
151 17 28
151 17 28
151 31 57
151 31 57
152 23 58
152 23 58
152 41 8
152 41 8
152 55 56
152 55 56
153 14 1
153 14 1
153 21 22
153 21 28
153 21 37
153 33 56
153 33 56
154 20 53
154 20 54
154 29 28
154 29 28
154 46 27
154 46 27
154 53 54
155 12 46
155 12 46
155 40 56
155 40 56
156 39 14
156 39 14
156 52 51
156 52 51
156 59 52
156 59 29
156 59 46
157 1 45
157 1 45
157 55 17
157 55 17
158 10 20
158 10 52
158 20 52
158 49 56
158 49 56
158 51 23
158 51 23
159 26 60
159 26 60
159 28 35
159 28 35
159 30 61
159 38 57
159 38 57
159 44 61
159 50 61
160 16 34
160 16 34
160 42 39
160 42 35
160 42 61
160 50 38
160 50 38
161 1 45
161 1 45
161 27 49
161 27 49
161 36 62
161 36 62
162 6 61
162 6 61
162 25 15
162 25 29
162 25 36
162 27 58
162 27 58
163 4 34
163 4 34
163 10 50
163 10 50
163 39 56
163 39 27
163 39 55
164 1 58
164 1 58
164 39 7
164 39 7
164 52 42
164 52 53
164 52 15
164 63 1
164 63 32
164 63 57
165 26 24
165 26 24
165 40 21
165 40 21
166 2 5
166 2 4
166 2 35
166 11 45
166 11 45
166 24 12
166 24 12
166 61 64
166 61 64
167 1 24
167 1 24
167 8 5
167 8 5
168 26 50
168 26 50
168 60 47
168 60 47
168 65 46
168 65 32
168 65 22
169 7 29
169 7 29
169 48 23
169 48 23
169 66 20
169 66 35
169 66 14
170 54 67
170 54 67
170 65 1
170 65 1
170 66 12
170 66 12
171 8 28
171 11 14
171 11 44
171 11 54
171 49 8
171 49 28
171 50 26
171 50 26
171 67 55
171 67 55
172 12 37
172 12 37
172 41 55
172 41 56
172 41 31
172 48 53
172 48 53
173 48 20
173 48 20
173 54 1
173 54 5
173 54 43
173 62 25
173 62 25
174 1 51
174 1 51
174 52 68
174 52 68
174 62 21
174 62 21
175 2 46
175 2 46
175 6 43
175 6 43
176 42 58
176 42 58
176 56 16
176 56 16
176 68 33
176 68 49
176 68 18
177 10 11
177 10 11
177 21 47
177 21 47
177 35 58
177 35 54
177 35 60
178 17 27
178 17 27
178 19 62
178 19 62
178 28 69
178 28 69
179 27 25
179 27 25
179 30 26
179 30 26
180 5 1
180 5 1
180 29 22
180 29 22
181 7 70
181 18 22
181 18 22
181 52 15
181 52 15
181 56 70
181 61 70
182 5 65
182 33 64
182 33 64
182 37 11
182 37 11
182 61 65
182 68 65
183 14 34
183 14 34
183 32 44
183 32 44
184 25 24
184 25 24
184 38 68
184 38 68
185 12 20
185 12 20
185 61 39
185 61 39
186 11 8
186 11 8
186 38 68
186 38 68
186 48 71
186 48 71
186 55 72
186 61 49
186 61 29
186 61 17
186 64 72
186 69 72
187 4 33
187 4 33
187 61 34
187 61 34
188 52 6
188 52 6
188 59 27
188 59 27
189 4 24
189 4 24
189 15 69
189 15 69
190 15 31
190 15 31
190 37 32
190 37 32
190 52 15
190 52 13
190 52 49
191 17 4
191 17 4
191 62 5
191 62 5
192 2 9
192 2 9
192 70 44
192 70 44
193 51 70
193 51 70
193 68 24
193 68 24
194 17 7
194 17 10
194 17 53
194 42 66
194 42 66
194 58 22
194 58 22
194 73 74
194 73 51
194 73 5
195 8 62
195 8 36
195 51 2
195 51 2
195 60 14
195 60 14
195 62 36
196 65 60
196 65 60
196 74 71
196 74 71
197 15 16
197 15 16
197 60 24
197 60 24
198 38 59
198 38 55
198 38 72
198 60 11
198 60 11
198 67 46
198 67 46
199 28 29
199 28 29
199 41 66
199 41 66
200 21 25
200 21 25
200 27 20
200 27 20
200 34 75
200 34 75
200 76 77
200 76 78
200 76 43
201 21 44
201 21 44
201 24 16
201 24 16
201 38 79
201 38 79
201 74 71
201 74 47
201 74 16
202 55 69
202 55 69
202 73 68
202 73 68
203 30 7
203 30 7
203 42 18
203 42 18
204 7 70
204 7 70
204 59 26
204 59 26
205 16 21
205 16 21
205 57 70
205 57 70
206 20 10
206 20 70
206 20 58
206 22 36
206 22 36
206 57 70
206 57 70
206 80 62
206 80 74
206 80 4
207 5 67
207 5 67
207 33 13
207 33 13
208 29 34
208 29 34
208 67 2
208 67 2
208 81 82
208 81 82
209 8 79
209 8 18
209 8 21
209 19 39
209 19 39
209 61 51
209 61 51
210 33 65
210 33 65
210 69 39
210 73 44
210 73 44
210 79 69
210 79 39
211 21 66
211 21 66
211 44 30
211 44 30
212 22 63
212 22 63
212 35 39
212 35 39
213 1 74
213 1 74
213 36 84
213 52 14
213 52 14
213 77 84
213 83 84
214 25 16
214 25 83
214 25 19
214 34 52
214 34 52
214 69 28
214 69 28
215 25 20
215 25 20
215 75 17
215 75 17
216 22 81
216 22 81
216 26 9
216 26 9
216 47 69
216 47 67
216 47 60
216 59 85
216 59 85
217 18 2
217 18 2
217 33 27
217 33 27
218 26 66
218 26 33
218 26 81
218 32 31
218 32 31
218 45 50
218 45 30
218 47 37
218 47 37
218 50 30
219 8 54
219 8 54
219 43 56
219 43 56
219 55 37
219 72 55
219 72 37
220 14 75
220 14 75
220 29 33
220 29 33
220 57 9
220 78 9
220 85 9
221 12 76
221 12 76
221 56 57
221 56 57
222 30 83
222 30 83
222 67 12
222 67 13
222 67 45
222 76 61
222 76 61
222 86 33
222 86 47
222 86 34
223 10 88
223 21 88
223 33 88
223 50 75
223 50 75
223 79 53
223 79 53
223 87 80
223 87 15
223 87 12
224 18 69
224 18 69
224 32 5
224 41 36
224 41 36
224 44 5
224 44 32
225 71 80
225 71 80
225 80 4
225 80 4
226 8 24
226 8 56
226 16 54
226 16 54
226 24 56
226 37 5
226 37 5
227 18 70
227 18 70
227 44 88
227 44 88
228 9 18
228 9 18
228 34 17
228 34 23
228 34 28
228 86 88
228 86 88
229 33 20
229 33 61
229 33 63
229 38 51
229 38 51
229 51 9
229 51 9
230 19 8
230 19 56
230 19 17
230 57 82
230 57 82
230 81 65
230 81 65
231 63 44
231 63 44
231 69 37
231 69 37
232 41 42
232 41 9
232 42 9
232 66 69
232 66 69
232 80 31
232 80 31
233 48 56
233 48 56
233 64 85
233 64 85
234 11 58
234 11 58
234 44 66
234 44 66
234 61 89
234 61 89
235 1 21
235 1 21
235 88 17
235 88 17
236 6 58
236 6 22
236 44 76
236 44 76
236 70 6
236 70 85
236 70 55
236 77 37
236 77 37
237 59 83
237 59 83
237 71 18
237 71 79
237 71 45
237 76 85
237 76 85
238 21 9
238 21 9
238 46 56
238 46 56
238 80 21
238 80 53
238 80 29
239 54 36
239 54 36
239 63 10
239 63 10
240 18 52
240 27 79
240 27 40
240 27 72
240 63 21
240 63 21
240 64 14
240 64 14
240 90 18
240 90 52
240 91 28
240 91 86
240 91 53
241 2 26
241 2 26
241 34 71
241 34 71
242 16 13
242 16 89
242 16 45
242 44 73
242 54 6
242 54 6
242 66 30
242 66 30
242 88 44
242 88 73
242 92 76
242 92 62
242 92 61
243 49 65
243 49 65
243 68 78
243 68 78
244 75 41
244 75 41
244 86 41
244 86 41
245 10 18
245 10 18
245 14 15
245 14 15
246 7 64
246 7 64
246 64 58
246 64 58
247 12 38
247 12 38
247 82 48
247 82 48
248 47 54
248 47 54
248 52 33
248 52 29
248 52 30
248 80 29
248 80 29
249 24 93
249 24 93
249 44 59
249 44 59
249 69 14
249 69 14
250 9 90
250 9 90
250 91 54
250 91 54
251 7 83
251 7 83
251 23 2
251 23 1
251 23 91
251 59 76
251 59 76
252 14 94
252 14 94
252 22 54
252 22 54
252 76 10
252 76 10
252 95 65
252 95 15
252 95 14
253 7 38
253 32 39
253 32 39
253 39 7
253 39 38
253 76 67
253 76 67
254 17 49
254 17 76
254 17 92
254 38 4
254 38 4
254 45 71
254 45 71
254 96 97
254 96 97
255 21 36
255 21 36
255 31 18
255 31 18
256 64 30
256 64 30
256 93 83
256 93 83
257 37 85
257 37 85
257 39 86
257 39 86
257 72 9
257 73 72
257 73 9
257 74 20
258 63 24
258 63 24
258 88 91
258 88 91
259 27 90
259 27 90
259 46 7
259 46 7
260 7 43
260 7 43
260 32 83
260 55 83
260 71 98
260 71 98
260 73 90
260 73 90
260 94 83
261 6 31
261 6 31
261 11 57
261 11 57
261 72 99
261 72 99
262 2 26
262 2 25
262 2 93
262 22 64
262 23 22
262 23 64
262 44 71
262 44 71
262 94 24
262 94 24
263 42 2
263 42 2
263 71 38
263 71 65
263 71 64
263 88 29
263 88 29
264 1 93
264 1 93
264 47 97
264 47 97
265 39 100
265 50 88
265 50 88
265 55 100
265 76 73
265 76 73
265 90 100
266 7 26
266 7 26
266 54 15
266 54 15
266 62 13
266 62 49
266 62 11
267 12 43
267 12 43
267 30 12
267 30 12
268 30 62
268 30 62
268 67 80
268 67 80
268 101 67
268 101 97
268 101 98
269 21 56
269 21 56
269 68 84
269 68 84
270 16 52
270 16 52
270 63 64
270 63 64
271 45 85
271 45 85
271 58 66
271 58 66
271 76 69
271 76 50
271 76 72
272 47 95
272 47 95
272 61 6
272 61 6
273 45 33
273 45 33
273 79 64
273 79 89
273 79 73
273 84 41
273 84 41
273 102 48
273 102 93
273 102 52
274 48 53
274 48 18
274 48 49
274 75 68
274 75 68
274 89 67
274 89 67
275 5 57
275 5 57
275 34 85
275 34 96
275 34 69
275 37 43
275 37 43
275 103 12
275 103 98
275 103 78
276 7 38
276 9 95
276 9 95
276 20 36
276 20 69
276 20 83
276 29 38
276 54 38
276 56 70
276 56 70
276 91 104
276 91 104
277 28 93
277 28 93
277 29 89
277 29 89
277 50 51
277 50 47
277 51 47
278 76 13
278 76 13
278 95 70
278 95 70
279 78 65
279 78 96
279 78 46
279 86 58
279 86 58
279 92 65
279 92 65
280 49 25
280 49 25
280 63 35
280 63 35
280 105 106
280 105 106
281 7 43
281 7 92
281 7 44
281 40 56
281 40 56
281 68 25
281 68 25
282 26 87
282 26 87
282 72 8
282 72 8
282 75 61
282 75 49
282 75 11
282 107 108
282 107 109
282 107 8
283 86 68
283 86 68
283 108 53
283 108 53
284 78 6
284 78 6
284 81 80
284 81 80
285 33 69
285 33 69
285 57 54
285 57 54
286 40 48
286 40 48
286 40 5
286 40 87
286 40 6
286 88 12
286 88 12
286 110 43
286 110 107
286 110 20
287 36 78
287 36 78
287 39 91
287 39 91
288 18 49
288 18 49
288 26 104
288 26 104
288 26 74
288 26 90
288 26 69
289 18 111
289 18 111
289 69 106
289 69 106
289 98 93
289 98 93
289 112 18
289 112 82
289 112 12
290 62 4
290 62 4
290 91 95
290 91 95
291 35 97
291 49 92
291 49 92
291 57 35
291 57 97
291 100 43
291 100 43
292 35 42
292 35 42
292 106 16
292 106 16
293 8 37
293 28 68
293 28 68
293 44 84
293 44 51
293 84 51
293 105 14
293 105 14
293 113 8
293 113 37
294 29 21
294 29 21
294 92 14
294 92 14
295 31 106
295 31 106
295 41 114
295 49 37
295 49 37
295 94 114
295 100 114
296 18 47
296 18 47
296 34 46
296 34 46
297 41 83
297 41 83
297 42 12
297 42 12
298 39 104
298 39 104
298 62 34
298 62 34
299 1 106
299 1 106
299 97 86
299 97 86
300 16 82
300 16 82
300 51 33
300 51 33
301 9 21
301 9 21
301 12 13
301 12 91
301 12 29
301 60 14
301 60 14
302 46 115
302 50 68
302 50 10
302 50 109
302 75 115
302 81 115
302 112 67
302 112 67
302 113 46
302 113 46
303 34 102
303 34 102
303 76 95
303 76 95
304 33 51
304 33 51
304 78 45
304 78 45
304 113 117
304 116 113
304 116 117
305 78 97
305 78 43
305 78 42
305 81 12
305 81 12
305 85 107
305 85 107
305 118 92
305 118 64
305 118 41
306 11 65
306 11 65
306 28 91
306 28 91
307 24 76
307 24 76
307 70 57
307 70 57
308 15 51
308 15 51
308 91 14
308 91 14
309 88 8
309 88 8
309 110 91
309 110 91
309 113 41
309 113 97
309 113 90
310 34 114
310 34 114
310 61 37
310 61 37
311 11 63
311 11 63
311 34 83
311 34 83
312 77 65
312 77 104
312 77 115
312 96 91
312 96 91
312 117 73
312 117 73
313 24 91
313 24 91
313 30 67
313 30 114
313 30 78
313 86 34
313 86 34
313 103 48
313 119 103
313 119 48
314 19 104
314 19 104
314 67 15
314 67 15
315 20 91
315 20 91
315 49 57
315 49 57
316 97 70
316 97 70
316 97 69
316 97 69
317 34 76
317 34 76
317 57 62
317 57 62
318 18 38
318 18 38
318 62 41
318 62 41
319 16 120
319 46 47
319 46 47
319 58 21
319 58 21
319 63 120
319 97 120
319 102 23
319 102 111
319 102 116
320 45 46
320 45 46
320 100 52
320 100 52
321 20 93
321 20 93
321 49 121
321 56 121
321 79 88
321 79 88
321 83 70
321 83 11
321 83 116
321 106 121
322 16 43
322 16 43
322 90 26
322 90 26
323 54 20
323 54 20
323 64 90
323 64 90
324 29 23
324 29 36
324 29 121
324 43 49
324 43 49
324 52 14
324 52 14
325 22 33
325 22 57
325 22 6
325 48 109
325 48 109
325 73 90
325 73 90
326 19 42
326 48 34
326 48 34
326 78 89
326 78 89
326 109 19
326 109 42
327 5 12
327 5 12
327 21 114
327 52 96
327 52 27
327 68 114
327 89 78
327 89 78
327 96 27
327 117 114
328 10 11
328 10 93
328 10 27
328 24 28
328 24 28
328 78 96
328 78 96
328 107 110
328 107 115
328 110 115
329 38 57
329 38 57
329 86 114
329 86 114
329 122 123
329 122 123
330 54 29
330 54 29
330 57 79
330 57 79
330 124 66
330 124 25
330 124 42
331 47 27
331 47 27
331 81 8
331 81 8
332 55 100
332 55 81
332 55 35
332 85 37
332 85 37
332 86 48
332 86 48
333 20 45
333 20 45
333 39 74
333 39 74
333 112 26
333 112 11
333 112 122
334 61 33
334 61 33
334 69 85
334 69 57
334 69 101
334 94 12
334 94 12
335 30 81
335 30 81
335 65 98
335 65 98
336 49 11
336 49 11
336 76 72
336 76 72
337 26 124
337 26 124
337 51 125
337 63 35
337 63 115
337 63 116
337 68 35
337 68 35
337 90 125
337 93 125
338 22 126
338 22 126
338 34 101
338 34 101
338 35 66
338 35 66
339 61 110
339 61 110
339 114 36
339 114 36
340 22 95
340 22 95
340 97 98
340 97 98
341 4 71
341 4 90
341 71 90
341 88 125
341 88 125
341 108 121
341 108 121
342 19 46
342 19 46
342 29 128
342 35 65
342 35 65
342 37 104
342 37 15
342 37 54
342 127 29
342 127 128
343 58 41
343 58 41
343 94 65
343 94 65
344 103 87
344 103 87
344 110 50
344 110 50
345 42 31
345 42 31
345 66 32
345 66 32
346 46 54
346 46 54
346 90 5
346 90 5
346 90 92
346 90 127
346 90 111
346 129 119
346 129 109
346 129 15
347 44 56
347 64 111
347 64 111
347 124 123
347 124 123
347 130 44
347 130 56
348 70 62
348 70 62
348 126 30
348 126 30
349 28 29
349 28 29
349 40 4
349 40 4
350 95 54
350 95 54
350 127 36
350 127 36
351 24 8
351 24 8
351 74 115
351 74 115
352 22 23
352 22 23
352 84 131
352 84 131
352 93 20
352 93 64
352 93 128
352 112 5
352 112 5
353 14 64
353 14 64
353 31 19
353 31 19
353 132 12
354 111 52
354 111 52
354 128 75
354 128 75
355 44 121
355 44 121
355 106 58
355 106 58
356 13 124
356 13 124
356 53 31
356 53 31
357 79 94
357 79 94
357 83 133
357 83 133
357 94 68
357 94 68
357 114 54
357 114 106
357 114 63
358 4 91
358 4 91
358 42 66
358 45 2
358 45 2
358 90 66
358 122 66
359 96 15
359 96 15
359 114 39
359 114 39
359 134 44
359 134 104
359 134 105
360 25 105
360 25 105
360 119 61
360 119 61
360 135 62
360 135 40
360 135 61
361 50 44
361 50 44
361 116 92
361 116 92
362 35 21
362 35 21
362 79 53
362 79 53
362 136 41
362 136 25
362 136 130
363 2 137
363 2 137
363 49 30
363 49 127
363 49 36
363 112 86
363 112 86
363 125 42
363 125 42
364 121 111
364 121 111
364 130 112
364 130 112
365 8 47
365 8 47
365 35 134
365 35 17
365 103 93
365 103 93
365 134 17
366 8 100
366 8 111
366 15 84
366 15 84
366 59 6
366 59 6
366 100 111
366 111 138
366 111 138
367 48 44
367 48 44
367 89 50
367 89 23
367 89 17
367 119 94
367 119 94
368 21 78
368 21 78
368 78 84
368 78 84
368 97 50
368 137 97
368 137 50
369 118 68
369 118 68
369 136 38
369 136 38
369 139 41
369 139 2
369 139 67
370 37 59
370 37 59
370 137 6
370 137 6
370 140 103
370 140 40
370 140 113
371 121 34
371 121 34
371 140 74
371 140 74
371 141 61
371 141 130
371 141 2
372 13 74
372 13 74
372 60 22
372 60 22
372 140 142
372 140 142
373 15 33
373 15 33
373 77 124
373 77 124
374 20 98
374 20 98
374 124 128
374 124 128
375 1 105
375 1 105
375 46 47
375 46 41
375 46 58
375 68 137
375 68 137
376 7 91
376 7 91
376 99 46
376 99 46
376 143 144
376 143 56
376 143 83
377 12 75
377 12 75
377 74 44
377 74 44
378 92 57
378 92 32
378 92 11
378 127 65
378 127 65
378 142 16
378 142 16
379 103 65
379 103 65
379 108 48
379 108 48
380 20 87
380 20 87
380 59 100
380 59 100
381 20 54
381 20 54
381 27 5
381 27 5
382 21 66
382 21 66
382 69 99
382 69 99
382 145 80
382 145 34
382 145 130
383 11 31
383 11 31
383 73 74
383 73 95
383 73 46
383 79 25
383 79 25
384 56 127
384 56 127
384 103 10
384 103 10
385 32 67
385 32 67
385 80 26
385 80 26
386 22 28
386 22 28
386 78 12
386 78 12
387 12 127
387 12 127
387 66 97
387 66 97
388 42 47
388 42 47
388 65 17
388 65 17
388 146 147
388 146 147
389 22 5
389 22 5
389 64 136
389 64 136
389 121 129
389 121 68
389 128 73
389 128 97
389 128 18
389 129 68
389 148 149
389 148 149
390 91 59
390 91 59
390 92 106
390 92 106
391 18 122
391 18 122
391 24 145
391 24 110
391 24 80
391 30 139
391 53 150
391 53 150
391 72 30
391 72 139
391 142 106
391 142 106
392 52 77
392 52 77
392 86 31
392 86 23
392 86 139
392 114 151
392 114 151
392 131 90
392 131 90
393 110 33
393 110 33
393 136 148
393 136 148
394 32 102
394 32 102
394 61 19
394 61 19
395 14 117
395 14 117
395 135 148
395 135 148
396 47 135
396 47 135
396 145 74
396 145 74
397 2 152
397 2 152
397 84 87
397 84 87
397 146 11
397 146 11
398 8 97
398 8 97
398 73 107
398 73 107
398 140 153
398 140 153
399 37 42
399 37 42
399 39 74
399 39 74
400 24 114
400 24 114
400 49 25
400 49 25
400 89 154
400 101 154
400 119 154
401 76 29
401 76 29
401 132 109
401 132 109
402 104 32
402 104 32
402 117 2
402 117 2
402 137 91
402 149 137
402 149 91
403 72 96
403 72 96
403 80 64
403 80 64
404 5 136
404 5 136
404 34 2
404 34 2
404 155 52
404 155 122
404 155 55
405 23 54
405 23 54
405 43 86
405 43 86
405 152 156
405 152 156
406 9 63
406 9 63
406 52 146
406 52 146
407 16 152
407 16 152
407 120 55
407 120 55
408 82 33
408 82 33
408 115 10
408 115 10
409 48 43
409 48 43
409 108 157
409 108 157
409 146 121
409 146 121
410 80 131
410 80 38
410 80 150
410 103 120
410 103 120
410 115 1
410 115 1
411 28 99
411 33 120
411 33 120
411 49 99
411 110 99
411 119 136
411 119 136
412 62 136
412 62 136
412 115 82
412 115 82
413 20 31
413 20 31
413 112 58
413 112 58
413 136 98
413 136 134
413 136 120
414 40 35
414 40 35
414 62 127
414 62 148
414 62 85
414 125 130
414 125 130
415 21 40
415 21 40
415 46 68
415 46 9
415 61 22
415 61 69
415 61 24
415 68 9
415 101 117
415 101 117
415 102 158
415 102 158
416 1 102
416 1 102
416 13 61
416 13 61
416 70 93
416 70 120
416 93 120
417 71 39
417 71 39
417 113 58
417 113 58
417 159 5
417 159 140
417 159 70
418 4 160
418 4 160
418 108 137
418 108 137
418 140 141
418 140 141
418 161 23
418 161 98
418 161 69
419 142 160
419 142 160
419 150 109
419 150 109
420 82 71
420 82 71
420 91 17
420 91 17
421 142 141
421 142 141
421 155 84
421 155 84
422 9 132
422 9 132
422 34 75
422 34 70
422 70 75
422 156 61
422 156 61
423 35 154
423 35 154
423 152 47
423 152 47
424 79 81
424 79 81
424 100 151
424 100 151
425 22 2
425 22 2
425 65 75
425 65 75
425 123 161
425 144 123
425 144 161
425 147 162
425 147 162
426 110 16
426 110 16
426 151 163
426 151 163
426 152 51
426 152 51
427 49 77
427 49 77
427 79 83
427 79 83
427 86 138
427 86 118
427 86 40
428 26 164
428 31 83
428 37 164
428 62 39
428 62 39
428 109 100
428 109 100
428 129 31
428 129 83
428 131 164
429 41 4
429 41 4
429 101 2
429 101 2
430 10 59
430 10 119
430 10 87
430 23 70
430 23 70
430 72 137
430 72 137
431 7 97
431 7 97
431 37 164
431 49 165
431 49 165
431 104 164
431 130 164
431 164 101
431 164 101
432 22 106
432 22 106
432 50 10
432 50 10
432 84 168
432 84 168
432 132 52
432 132 42
432 132 128
432 166 167
432 166 167
433 16 91
433 16 91
433 44 37
433 69 37
433 87 37
433 124 76
433 124 76
434 32 43
434 32 43
434 70 93
434 70 93
434 146 133
434 146 153
434 146 119
435 13 58
435 13 58
435 14 5
435 14 46
435 46 5
435 162 139
435 162 139
435 169 170
435 169 170
435 171 61
435 171 67
435 171 51
436 73 56
436 73 56
436 93 107
436 93 107
437 27 17
437 27 17
437 40 61
437 40 61
437 59 172
437 59 172
438 24 117
438 24 117
438 44 14
438 44 171
438 44 18
438 130 106
438 130 106
438 173 44
438 173 170
438 173 23
439 148 160
439 148 160
439 165 42
439 165 35
439 165 83
439 169 94
439 169 94
440 47 168
440 47 168
440 102 125
440 102 125
440 133 55
440 133 146
440 133 50
440 174 175
440 174 175
441 17 92
441 17 92
441 156 84
441 156 84
442 12 170
442 12 170
442 75 82
442 75 82
443 14 142
443 14 142
443 77 170
443 77 170
443 81 123
443 81 104
443 81 48
443 176 177
443 176 177
444 86 159
444 86 159
444 160 68
444 160 68
445 54 73
445 54 73
445 174 61
445 174 61
445 178 179
445 178 32
445 178 136
446 39 115
446 39 115
446 97 52
446 97 52
447 8 72
447 8 60
447 65 86
447 65 86
447 72 60
447 85 117
447 85 117
447 129 60
447 129 48
447 129 23
448 86 17
448 119 159
448 119 159
448 146 86
448 146 17
448 159 50
448 159 50
449 147 50
449 147 50
449 167 41
449 167 41
450 84 41
450 84 41
450 130 32
450 130 32
451 24 66
451 24 66
451 96 114
451 96 114
451 180 181
451 180 181
452 68 171
452 68 171
452 107 83
452 107 119
452 107 131
452 163 104
452 163 104
453 137 139
453 137 139
453 148 50
453 148 50
453 178 104
453 178 112
453 178 148
454 127 173
454 127 173
454 141 169
454 141 169
455 25 182
455 25 182
455 31 96
455 31 96
455 56 99
455 56 105
455 99 105
455 139 7
455 139 7
456 11 128
456 11 128
456 73 37
456 73 37
457 96 2
457 96 2
457 165 25
457 165 25
458 166 18
458 166 18
458 180 103
458 180 103
459 10 64
459 10 64
459 111 36
459 111 69
459 111 78
459 158 65
459 158 65
460 22 40
460 22 40
460 48 183
460 48 183
460 125 141
460 125 141
461 14 24
461 14 24
461 61 119
461 83 119
461 118 154
461 118 154
461 140 119
461 165 182
461 165 36
461 165 14
462 152 183
462 152 183
462 168 145
462 168 145
463 69 8
463 69 8
463 74 70
463 74 70
463 139 148
463 139 173
463 148 173
464 15 93
464 15 93
464 69 127
464 69 61
464 69 55
464 150 180
464 150 180
464 184 166
464 184 148
464 184 7
465 50 156
465 50 164
465 50 92
465 78 135
465 78 135
465 114 171
465 114 171
466 12 22
466 12 22
466 75 39
466 75 39
467 120 179
467 120 179
467 135 105
467 135 105
468 21 113
468 21 113
468 142 45
468 142 45
469 8 42
469 8 42
469 166 8
469 166 8
470 175 5
470 175 5
470 175 24
470 175 24
471 36 26
471 36 26
471 48 177
471 48 177
472 109 68
472 109 68
472 133 12
472 133 12
472 179 45
472 179 168
472 179 47
473 39 69
473 39 1
473 64 41
473 64 41
473 69 1
473 137 8
473 137 8
474 134 110
474 134 110
474 163 14
474 163 14
475 61 77
475 61 77
475 112 29
475 112 29
476 18 177
476 18 177
476 68 121
476 68 121
476 114 20
476 114 52
476 114 181
476 134 39
476 156 134
476 156 39
477 7 74
477 7 134
477 8 137
477 8 137
477 47 177
477 62 185
477 71 133
477 71 133
477 74 134
477 93 177
477 103 185
477 118 185
477 158 177
478 52 46
478 52 46
478 81 113
478 81 113
478 105 21
478 105 153
478 105 34
479 85 26
479 85 26
479 121 91
479 121 91
480 1 187
480 38 39
480 38 39
480 91 53
480 91 53
480 186 1
480 186 187
480 188 58
480 188 32
480 188 95
481 115 122
481 115 122
481 172 76
481 172 76
481 189 190
481 189 190
482 1 98
482 1 17
482 1 165
482 100 99
482 100 99
482 179 185
482 179 185
483 78 36
483 78 36
483 157 136
483 157 136
484 32 81
484 32 81
484 158 7
484 158 7
484 191 192
484 191 192
484 193 51
484 193 151
484 193 117
485 35 4
485 35 4
485 60 194
485 66 194
485 111 194
485 188 17
485 188 17
486 83 170
486 83 170
486 106 43
486 106 43
487 57 177
487 57 177
487 128 99
487 128 99
487 195 116
487 195 66
487 195 19
488 47 117
488 47 82
488 110 196
488 110 196
488 117 127
488 117 127
488 117 82
488 126 113
488 126 113
489 63 94
489 63 94
489 172 79
489 172 79
490 21 178
490 21 178
490 114 90
490 114 90
490 197 93
490 197 8
490 197 24
491 98 74
491 98 74
491 171 80
491 171 80
491 174 16
491 174 25
491 174 194
492 111 138
492 111 138
492 111 181
492 111 181
492 198 199
492 198 199
493 49 56
493 49 133
493 49 195
493 92 195
493 92 195
493 194 74
493 194 74
493 200 74
493 200 174
493 200 120
494 15 90
494 15 90
494 73 126
494 73 126
494 110 185
494 110 195
494 157 67
494 157 196
494 157 57
494 185 195
495 19 196
495 19 196
495 65 123
495 65 123
496 94 23
496 94 23
496 195 144
496 195 144
497 117 122
497 117 122
497 128 107
497 128 107
498 6 131
498 6 131
498 185 110
498 185 110
499 69 95
499 69 95
499 149 12
499 149 12
500 123 37
500 123 37
500 142 89
500 142 89
501 110 169
501 110 169
501 134 170
501 134 31
501 170 31
501 188 185
501 188 185
502 112 113
502 112 113
502 179 148
502 179 148
503 50 60
503 50 60
503 61 16
503 61 16
504 62 176
504 62 176
504 179 20
504 188 164
504 188 164
504 201 179
504 201 20
505 81 59
505 81 59
505 115 203
505 120 95
505 120 95
505 202 115
505 202 203
506 55 39
506 55 39
506 84 41
506 84 41
507 49 184
507 49 184
507 83 94
507 83 126
507 83 171
507 179 178
507 179 178
508 53 110
508 53 110
508 104 132
508 104 132
508 138 204
508 138 204
509 2 205
509 2 205
509 5 85
509 5 85
509 96 201
509 96 201
509 206 207
509 206 35
509 206 31
510 59 96
510 59 96
510 138 37
510 138 37
510 208 209
510 208 210
510 208 127
511 16 116
511 16 116
511 65 201
511 65 62
511 115 20
511 115 179
511 115 57
511 201 62
511 206 155
511 206 155
512 48 178
512 48 178
512 78 30
512 78 30
512 81 157
512 81 194
512 157 194
513 66 163
513 66 163
513 81 29
513 81 29
514 19 200
514 19 200
514 65 191
514 65 191
515 53 69
515 53 69
515 70 211
515 70 211
515 91 59
515 91 59
516 173 144
516 173 144
516 192 212
516 192 212
516 211 151
516 211 151
517 35 51
517 35 51
517 140 15
517 140 15
517 158 123
517 170 158
517 170 123
518 75 66
518 75 66
518 147 171
518 147 109
518 147 150
518 174 12
518 174 12
519 75 213
519 75 213
519 85 80
519 85 80
519 130 112
519 130 152
519 130 132
519 212 83
519 212 83
519 214 122
519 214 120
519 214 47
520 44 82
520 44 82
520 57 215
520 82 215
520 84 131
520 84 208
520 84 121
520 171 215
520 178 104
520 178 104
521 23 147
521 23 147
521 42 177
521 42 177
521 51 216
521 51 216
521 80 180
521 80 78
521 80 30
522 94 203
522 94 203
522 122 22
522 122 22
522 217 60
522 217 61
523 78 203
523 78 203
523 130 153
523 130 153
524 38 22
524 38 22
524 147 135
524 147 135
525 50 137
525 50 137
525 113 83
525 113 83
526 63 137
526 63 137
526 102 1
526 102 1
527 127 154
527 127 154
527 216 133
527 216 133
528 18 90
528 18 106
528 18 91
528 127 116
528 127 116
528 177 194
528 177 194
529 12 129
529 12 129
529 24 57
529 24 57
529 36 161
529 38 161
529 67 161
529 78 203
529 78 210
529 78 26
530 146 75
530 146 75
530 169 102
530 169 102
530 176 97
530 176 42
530 176 139
531 137 189
531 137 189
531 148 127
531 148 127
532 120 166
532 128 141
532 128 141
532 199 85
532 199 85
532 216 120
532 216 166
533 19 218
533 19 218
533 50 156
533 50 156
533 59 42
533 59 42
533 75 208
533 75 206
533 208 206
534 32 169
534 32 169
534 142 99
534 142 99
535 12 86
535 12 208
535 86 208
535 131 136
535 131 136
535 194 178
535 194 178
536 43 67
536 43 67
536 44 130
536 44 134
536 44 203
536 81 53
536 81 53
536 219 119
536 219 83
536 219 10
537 81 82
537 81 82
537 127 97
537 127 97
537 220 216
537 220 120
537 220 106
538 11 221
538 93 221
538 148 221
538 153 178
538 153 178
538 162 211
538 162 211
539 92 131
539 92 131
539 159 170
539 159 170
540 102 142
540 102 142
540 221 24
540 221 24
541 146 88
541 146 88
541 196 177
541 196 177
542 98 106
542 98 106
542 107 139
542 107 139
543 25 81
543 25 81
543 132 136
543 132 136
543 159 59
543 159 98
543 159 181
544 7 222
544 7 222
544 46 31
544 46 31
544 88 194
544 88 194
544 223 224
544 223 105
544 223 140
545 24 206
545 25 24
545 25 206
545 79 227
545 98 225
545 98 225
545 119 93
545 119 93
545 131 43
545 131 43
545 226 79
545 226 227
546 46 207
546 46 207
546 94 195
546 94 195
546 150 26
546 152 150
546 152 26
546 227 228
546 227 228
547 75 172
547 75 172
547 94 28
547 94 28
548 109 89
548 109 89
548 198 177
548 198 177
549 13 183
549 13 183
549 84 196
549 84 196
549 96 211
549 96 94
549 96 8
550 38 14
550 38 14
550 136 84
550 136 84
550 157 212
550 157 127
550 157 150
551 54 34
551 54 34
551 223 8
551 223 8
552 98 164
552 98 164
552 193 131
552 193 131
553 51 225
553 51 225
553 53 146
553 53 146
553 69 169
553 217 69
553 217 169
553 229 230
553 229 230
554 18 216
554 18 216
554 21 40
554 21 230
554 21 55
554 151 179
554 151 179
555 74 225
555 74 225
555 177 1
555 177 1
556 161 233
556 161 233
556 213 21
556 213 21
556 219 145
556 219 145
556 231 232
556 231 232
557 26 97
557 98 114
557 98 114
557 196 218
557 196 218
557 234 26
557 234 97
558 183 57
558 183 57
558 219 83
558 219 83
559 134 20
559 134 20
559 163 92
559 163 92
560 94 110
560 94 110
560 182 68
560 182 68
560 184 129
560 184 126
560 184 146
561 72 8
561 72 8
561 144 27
561 144 27
562 69 211
562 69 211
562 114 180
562 114 41
562 114 121
562 234 212
562 234 212
563 36 151
563 36 151
563 200 165
563 200 165
564 20 225
564 20 225
564 105 216
564 105 134
564 105 20
564 130 235
564 130 235
564 204 175
564 204 175
565 89 110
565 89 110
565 176 138
565 176 138
566 64 76
566 64 76
566 92 235
566 92 235
566 193 148
566 193 170
566 193 61
567 20 236
567 20 236
567 21 237
567 99 227
567 99 227
567 105 89
567 105 89
567 138 237
567 196 237
568 54 61
568 54 57
568 61 57
568 171 10
568 171 10
568 173 67
568 173 67
568 179 238
568 179 238
568 223 233
568 223 113
568 223 30
568 239 84
568 239 78
568 239 209
569 71 240
569 71 240
569 110 107
569 110 107
569 223 232
569 223 232
570 43 56
570 43 202
570 43 118
570 66 179
570 66 179
570 68 95
570 68 190
570 95 190
570 206 109
570 206 109
571 145 179
571 145 179
571 191 20
571 191 20
571 241 242
571 241 243
572 9 150
572 9 188
572 9 86
572 84 244
572 84 244
572 154 13
572 154 13
572 170 99
572 170 99
573 203 106
573 203 106
573 226 186
573 226 186
573 230 245
573 230 245
574 126 208
574 126 208
574 181 84
574 181 84
575 18 30
575 18 30
575 28 235
575 28 50
575 222 46
575 222 46
575 235 50
576 107 59
576 107 69
576 107 113
576 138 135
576 138 135
576 140 175
576 140 96
576 175 96
576 190 205
576 190 205
577 13 76
577 13 76
577 203 24
577 203 24
577 246 25
577 246 183
577 246 131
578 49 25
578 49 25
578 166 183
578 166 183
579 27 216
579 27 216
579 114 194
579 114 194
580 38 95
580 38 132
580 38 240
580 44 66
580 44 66
580 156 173
580 156 173
581 12 145
581 12 145
581 85 89
581 85 89
582 111 125
582 111 125
582 240 186
582 240 186
583 76 214
583 76 214
583 100 40
583 100 40
583 171 2
583 247 171
583 247 2
584 4 171
584 4 171
584 49 199
584 49 199
585 55 26
585 55 26
585 236 22
585 236 22
585 248 15
585 248 101
585 248 18
586 16 249
586 16 249
586 31 38
586 87 239
586 87 239
586 100 31
586 100 38
586 131 179
586 131 179
587 82 65
587 82 65
587 94 223
587 94 223
587 139 117
587 139 47
587 139 74
588 5 250
588 86 250
588 101 250
588 116 71
588 116 71
588 129 246
588 129 113
588 129 86
588 148 111
588 148 111
589 146 167
589 146 167
589 227 45
589 227 45
589 251 66
589 251 122
589 251 57
590 15 227
590 15 227
590 89 153
590 89 155
590 153 155
590 187 188
590 187 188
591 174 179
591 174 103
591 174 112
591 192 139
591 192 139
591 210 109
591 210 109
591 252 240
591 252 229
591 252 149
592 52 148
592 52 148
592 84 253
592 129 88
592 129 88
592 139 253
592 221 253
593 177 42
593 177 42
593 190 205
593 190 45
593 190 138
593 252 137
593 252 137
594 111 84
594 111 84
594 113 185
594 113 185
595 142 162
595 142 162
595 193 151
595 193 151
596 77 163
596 77 163
596 85 254
596 85 254
596 157 65
596 157 65
597 6 222
597 6 222
597 13 123
597 13 88
597 13 121
597 121 79
597 121 79
598 5 57
598 5 57
598 100 142
598 100 27
598 100 4
598 117 166
598 117 166
599 112 244
599 112 244
599 114 51
599 114 51
600 21 188
600 21 188
600 226 81
600 226 81
601 80 74
601 80 4
601 80 31
601 118 208
601 118 208
601 144 17
601 144 17
602 5 46
602 5 46
602 23 57
602 23 57
602 34 160
602 255 34
602 255 160
603 18 59
603 18 59
603 104 103
603 104 103
604 14 104
604 14 104
604 48 168
604 48 167
604 48 246
604 131 235
604 131 235
605 45 189
605 45 189
605 90 50
605 90 50
606 121 252
606 121 252
606 128 8
606 128 35
606 128 203
606 206 237
606 206 237
606 256 257
606 256 19
606 256 84
607 80 258
607 89 19
607 89 19
607 165 179
607 165 179
607 187 258
607 245 258
608 124 51
608 124 51
608 131 87
608 131 87
609 102 196
609 102 196
609 162 17
609 162 17
610 9 199
610 9 199
610 79 43
610 79 43
610 89 259
610 89 259
610 179 77
610 179 181
610 179 230
611 107 117
611 107 117
611 203 153
611 203 40
611 203 72
611 258 150
611 258 150
612 191 139
612 191 139
612 238 253
612 238 253
612 260 251
612 260 38
612 260 21
613 5 261
613 63 187
613 63 187
613 111 261
613 178 79
613 178 79
613 222 261
614 104 28
614 104 123
614 104 8
614 128 45
614 128 45
614 220 179
614 220 179
614 262 263
614 262 263
614 264 92
614 264 14
614 264 79
615 15 172
615 15 172
615 17 84
615 17 84
615 249 146
615 249 188
615 249 205
616 49 39
616 49 39
616 96 231
616 96 231
617 222 36
617 222 36
617 251 2
617 251 2
617 265 104
617 265 115
617 265 262
618 19 108
618 19 108
618 27 82
618 27 82
618 187 264
618 187 117
618 187 75
619 2 266
619 62 106
619 62 43
619 62 65
619 75 266
619 227 66
619 227 66
619 256 163
619 256 163
619 261 266
620 112 66
620 112 66
620 214 91
620 214 132
620 214 198
620 219 117
620 219 117
621 92 267
621 92 267
621 157 220
621 157 220
621 166 34
621 166 34
622 19 243
622 27 108
622 27 108
622 71 262
622 71 262
622 122 243
622 239 243
623 88 47
623 88 47
623 188 85
623 188 85
624 114 104
624 114 104
624 138 198
624 138 198
624 218 254
624 218 10
624 218 188
625 17 51
625 17 67
625 17 115
625 60 67
625 60 67
625 158 119
625 158 119
625 268 269
625 268 269
625 270 215
625 270 77
625 270 36
626 55 104
626 132 209
626 132 209
626 233 109
626 233 109
627 39 149
627 39 149
627 41 111
627 41 111
628 16 188
628 16 127
628 16 198
628 19 195
628 19 195
628 34 271
628 34 271
628 164 124
628 164 124
629 7 224
629 7 224
629 72 254
629 72 85
629 72 230
629 225 154
629 225 154
630 11 211
630 11 211
630 119 15
630 119 15
631 247 80
631 247 80
631 266 239
631 266 239
631 272 118
631 272 129
631 272 34
632 14 93
632 14 93
632 20 95
632 20 95
633 218 24
633 218 24
633 239 36
633 239 227
633 239 188
633 240 246
633 240 246
634 44 53
634 44 53
634 214 138
634 214 138
635 85 218
635 85 218
635 253 172
635 253 172
635 273 256
635 273 71
635 273 111
636 29 45
636 29 45
636 268 220
636 268 220
637 25 141
637 25 141
637 242 134
637 242 134
637 274 275
637 274 192
637 274 169
638 21 218
638 21 218
638 51 276
638 51 276
638 54 158
638 54 158
639 43 241
639 43 241
639 208 80
639 208 80
639 277 278
639 277 278
640 86 117
640 86 117
640 130 5
640 134 62
640 134 62
640 168 130
640 168 5
640 279 280
640 279 280
641 91 231
641 91 231
641 124 173
641 124 184
641 124 39
641 229 10
641 229 10
642 48 150
642 48 150
642 131 239
642 131 239
642 222 269
642 222 40
642 222 38
643 140 206
643 140 206
643 170 52
643 196 217
643 196 217
643 253 170
643 253 52
643 281 242
643 281 181
643 281 94
644 101 159
644 101 159
644 144 101
644 144 101
645 151 200
645 151 33
645 182 31
645 182 31
645 183 145
645 183 145
645 200 33
645 282 41
645 282 53
645 282 75
646 22 192
646 84 22
646 84 192
646 120 127
646 120 127
646 151 134
646 151 134
646 171 75
646 171 30
646 171 225
647 94 132
647 94 132
647 155 272
647 155 272
648 1 274
648 1 274
648 209 99
648 209 165
648 209 171
648 210 55
648 210 55
649 26 119
649 26 119
649 62 10
649 62 10
649 127 283
649 127 283
650 23 106
650 23 106
650 80 30
650 80 30
650 110 284
650 110 284
650 244 72
650 244 82
650 244 105
651 54 218
651 54 46
651 54 75
651 108 229
651 108 229
651 268 101
651 268 101
652 18 210
652 18 210
652 138 21
652 138 21
653 17 285
653 17 285
653 123 117
653 123 117
653 175 192
653 175 192
654 33 82
654 33 266
654 33 143
654 36 62
654 36 62
654 249 192
654 249 192
655 181 43
655 181 43
655 228 28
655 228 28
655 254 56
655 254 219
655 254 281
655 286 165
655 286 125
655 286 118
656 102 119
656 102 119
656 250 84
656 250 84
656 287 209
656 287 27
656 287 93
657 42 183
657 107 177
657 107 177
657 188 50
657 188 50
657 209 183
657 234 183
657 284 56
657 284 35
657 284 256
658 32 247
658 32 247
658 182 143
658 182 143
659 219 11
659 219 11
659 261 138
659 261 138
660 27 261
660 27 261
660 267 92
660 267 92
661 1 130
661 1 130
661 17 2
661 17 2
661 134 239
661 134 101
661 134 270
662 145 160
662 145 160
662 245 272
662 245 55
662 252 187
662 252 187
662 272 55
663 30 115
663 30 115
663 147 88
663 147 224
663 147 43
663 274 99
663 274 99
663 288 166
663 288 86
663 288 264
664 28 66
664 28 66
664 148 252
664 148 252
665 7 2
665 7 2
665 264 270
665 264 223
665 270 223
665 277 46
665 277 46
666 86 261
666 86 21
666 86 127
666 176 189
666 176 189
666 228 162
666 228 162
667 26 195
667 26 78
667 78 19
667 195 78
667 219 19
667 235 103
667 235 103
667 258 19
667 262 135
667 262 135
667 284 139
667 284 160
667 284 26
668 218 215
668 218 215
668 224 95
668 224 95
669 76 199
669 76 199
669 150 43
669 150 43
669 187 97
669 187 11
669 187 37
669 289 92
669 289 41
669 289 239
670 204 17
670 204 17
670 213 230
670 213 230
670 290 163
671 41 145
671 41 145
671 128 144
671 128 225
671 128 249
671 137 69
671 137 69
672 24 250
672 24 250
672 55 202
672 55 202
673 126 20
673 126 20
673 196 15
673 196 15
674 85 157
674 85 157
674 121 66
674 121 66
674 291 118
674 291 44
674 291 96
675 92 164
675 92 164
675 216 158
675 216 158
676 163 46
676 163 46
676 183 221
676 210 183
676 210 221
676 248 20
676 248 20
677 245 197
677 245 197
677 251 275
677 251 275
677 292 248
677 292 93
677 292 148
678 174 103
678 174 103
678 288 287
678 288 287
679 125 151
679 125 151
679 195 103
679 195 103
679 271 277
679 271 274
679 271 221
679 293 294
679 293 294
679 295 203
679 295 180
679 295 287
680 13 93
680 13 205
680 13 36
680 162 240
680 162 240
680 166 183
680 166 183
681 89 217
681 89 217
681 103 11
681 103 11
682 80 99
682 80 99
682 218 287
682 218 287
683 92 190
683 92 190
683 270 33
683 270 33
684 192 50
684 192 50
684 250 31
684 250 31
685 143 273
685 143 273
685 169 41
685 169 41
685 177 279
685 177 258
685 177 187
686 92 296
686 92 296
686 121 91
686 121 91
686 263 234
686 263 234
687 207 10
687 207 10
687 280 30
687 280 30
688 152 24
688 152 24
688 231 288
688 243 231
688 243 288
688 259 5
688 259 5
688 297 54
689 113 298
689 113 298
689 225 296
689 225 276
689 279 276
689 279 276
689 295 49
689 295 49
689 296 276
690 214 220
690 214 220
690 221 191
690 221 191
691 108 290
691 108 290
691 197 299
691 197 299
691 214 134
691 214 134
692 61 213
692 61 213
692 190 252
692 190 252
693 209 192
693 209 192
693 213 44
693 213 44
693 300 85
693 300 187
693 300 266
694 42 245
694 42 245
694 210 196
694 210 196
694 231 171
694 231 272
694 231 176
694 284 301
694 284 301
695 140 59
695 140 59
695 150 212
695 150 212
696 53 244
696 53 294
696 99 43
696 99 43
696 214 17
696 214 17
696 244 294
697 56 46
697 56 46
697 87 267
697 90 87
697 90 267
697 114 102
697 114 102
697 176 138
697 227 138
697 293 138
698 11 273
698 11 273
698 102 303
698 298 218
698 298 218
698 302 102
698 302 303
699 52 189
699 52 189
699 236 188
699 236 147
699 236 253
699 278 57
699 278 57
700 288 270
700 288 270
700 289 27
700 289 27
700 304 82
700 304 280
700 304 226
701 122 279
701 122 279
701 145 305
701 145 305
701 287 293
701 287 293
702 4 282
702 70 4
702 70 282
702 90 135
702 90 135
702 293 122
702 293 122
703 118 247
703 118 247
703 126 99
703 126 99
704 21 258
704 21 226
704 21 96
704 146 4
704 146 4
704 239 89
704 239 89
705 166 304
705 166 304
705 189 75
705 189 75
706 9 264
706 9 264
706 16 306
706 16 306
706 102 142
706 102 142
707 62 100
707 62 100
707 222 151
707 222 151
708 198 232
708 198 232
708 232 61
708 232 61
708 233 249
708 233 229
708 233 303
709 284 297
709 284 297
709 306 257
709 306 257
710 21 205
710 21 205
710 25 217
710 25 277
710 25 17
710 202 80
710 202 80
711 164 257
711 164 257
711 211 185
711 211 186
711 211 103
711 265 193
711 265 193
712 112 35
712 112 35
712 148 200
712 148 200
713 99 154
713 99 154
713 248 65
713 248 65
714 238 307
714 238 307
714 287 274
714 287 274
714 292 68
714 292 68
715 15 182
715 15 182
715 27 308
715 34 136
715 34 136
715 104 197
715 133 308
715 176 308
715 305 104
715 305 197
716 105 265
716 105 265
716 141 151
716 141 41
716 141 261
716 153 176
716 153 176
717 114 233
717 133 84
717 133 84
717 225 309
717 225 309
717 281 180
717 281 180
717 310 114
717 310 233
718 16 283
718 16 283
718 186 187
718 186 272
718 186 223
718 299 16
718 299 16
719 15 216
719 15 157
719 15 58
719 192 176
719 192 176
719 259 305
719 259 305
720 47 205
720 47 205
720 264 311
720 264 311
720 267 211
720 267 211
721 30 232
721 65 258
721 65 258
721 203 312
721 203 312
721 270 260
721 270 260
721 304 30
721 304 232
722 34 68
722 34 68
722 127 1
722 127 1
722 313 96
722 313 235
722 313 52
723 93 293
723 93 30
723 93 80
723 179 155
723 179 155
723 273 287
723 273 287
724 45 279
724 45 61
724 57 121
724 57 121
724 129 24
724 129 24
724 279 61
725 17 295
725 17 295
725 22 17
725 22 79
725 22 294
725 161 296
725 161 296
726 113 147
726 113 107
726 147 107
726 170 179
726 170 179
726 266 87
726 266 87
726 289 172
726 289 293
726 289 238
727 275 280
727 275 280
727 283 291
727 283 291
728 8 198
728 8 198
728 79 216
728 79 216
728 107 170
728 107 277
728 107 226
728 238 161
728 284 238
728 284 161
729 94 67
729 94 67
729 284 122
729 284 122
729 314 199
729 314 97
729 314 196
730 259 236
730 259 236
730 275 52
730 275 52
731 18 16
731 18 252
731 18 275
731 126 315
731 126 315
731 167 26
731 167 26
731 198 129
731 198 129
732 185 155
732 185 155
732 285 251
732 285 251
732 316 317
732 316 317
732 318 12
732 318 238
732 318 26
733 51 271
733 51 271
733 98 102
733 98 102
734 22 250
734 22 250
734 86 312
734 86 312
734 319 270
734 319 47
734 319 223
735 40 320
735 40 320
735 83 37
735 129 207
735 129 106
735 154 79
735 154 79
735 168 37
735 185 37
735 204 81
735 204 81
735 207 106
736 35 129
736 35 129
736 190 145
736 190 145
736 321 41
736 321 42
736 321 126
737 8 59
737 8 59
737 102 23
737 102 310
737 102 15
737 159 276
737 159 276
737 322 164
737 322 46
737 322 246
738 271 83
738 271 83
738 300 293
738 300 293
739 216 127
739 216 233
739 216 93
739 231 80
739 231 80
739 242 204
739 242 204
740 38 215
740 55 38
740 55 215
740 248 172
740 248 172
740 301 275
740 301 275
740 323 324
740 323 324
741 94 29
741 94 29
741 177 119
741 177 119
742 98 179
742 98 179
742 112 325
742 112 325
742 305 161
742 305 161
743 19 226
743 19 22
743 19 186
743 20 110
743 20 110
743 80 49
743 170 326
743 170 326
743 278 80
743 278 49
743 310 303
743 310 303
744 39 203
744 39 203
744 83 6
744 83 6
744 89 109
744 89 187
744 89 189
744 327 43
744 327 299
744 327 159
745 196 67
745 254 102
745 254 102
745 254 13
745 254 13
745 272 192
745 272 243
745 272 273
745 284 196
745 284 67
745 328 66
745 328 263
745 328 101
746 36 90
746 36 90
746 83 221
746 83 221
746 229 242
746 229 254
746 229 17
747 162 150
747 162 150
747 266 184
747 266 184
747 329 330
747 329 330
748 142 240
748 142 240
748 282 247
748 282 281
748 282 136
748 315 47
748 315 47
748 331 332
748 331 169
748 331 129
749 39 165
749 65 39
749 65 165
749 84 141
749 84 141
749 306 113
749 306 113
750 118 63
750 118 285
750 118 148
750 272 206
750 272 206
750 304 232
750 304 232
751 82 199
751 82 114
751 82 85
751 212 299
751 212 299
751 216 189
751 216 189
752 45 333
752 138 333
752 148 29
752 148 29
752 246 333
752 287 146
752 287 307
752 287 88
752 297 228
752 297 228
753 33 166
753 33 166
753 241 139
753 241 139
754 12 191
754 12 310
754 12 152
754 112 310
754 112 310
754 220 59
754 220 59
755 30 43
755 30 43
755 63 167
755 63 70
755 167 70
755 192 60
755 192 60
756 257 46
756 257 46
756 298 49
756 298 84
756 298 47
756 317 209
756 317 209
757 206 41
757 206 41
757 295 288
757 295 288
758 24 16
758 24 16
758 301 15
758 301 15
759 97 198
759 97 198
759 256 267
759 256 267
760 50 325
760 50 325
760 93 190
760 93 214
760 93 222
760 264 114
760 264 114
761 221 111
761 221 111
761 326 287
761 326 287
762 225 196
762 225 63
762 225 67
762 247 89
762 247 89
762 287 49
762 287 49
763 17 8
763 215 8
763 245 8
763 259 161
763 259 161
763 292 171
763 292 171
763 334 300
764 186 11
764 186 11
764 304 271
764 304 271
765 64 335
765 64 335
765 71 123
765 71 123
765 263 204
765 263 204
766 180 214
766 180 214
766 222 184
766 222 184
767 83 123
767 83 123
767 155 329
767 155 329
768 100 83
768 100 210
768 100 280
768 113 319
768 113 319
768 206 311
768 206 311
768 336 337
768 336 338
768 336 298
769 144 21
769 144 21
769 168 5
769 168 118
769 168 199
769 179 58
769 179 58
770 53 198
770 53 198
770 106 312
770 106 312
771 36 171
771 36 171
771 147 340
771 171 340
771 222 270
771 222 270
771 339 340
772 182 203
772 182 203
772 245 213
772 245 213
772 341 342
772 341 342
773 64 28
773 68 80
773 68 80
773 281 64
773 281 28
773 298 241
773 298 241
773 343 248
773 343 200
773 343 250
774 137 344
774 164 264
774 164 264
774 171 30
774 171 30
774 254 344
774 341 344
775 97 345
775 97 345
775 244 198
775 244 198
775 294 310
775 294 310
776 65 270
776 65 270
776 66 195
776 66 195
777 88 159
777 88 159
777 283 216
777 283 216
778 45 266
778 45 266
778 181 92
778 181 193
778 181 318
778 291 159
778 291 159
779 2 79
779 2 79
779 55 114
779 55 114
780 133 205
780 133 205
780 242 82
780 242 196
780 242 30
780 345 290
780 345 290
781 221 94
781 221 94
781 259 130
781 259 130
782 54 60
782 54 161
782 54 128
782 98 192
782 98 192
782 132 4
782 132 4
783 145 178
783 145 178
783 313 346
783 313 346
783 325 183
783 325 183
784 45 152
784 45 319
784 45 62
784 189 211
784 189 211
784 212 347
784 212 347
784 280 87
784 280 87
785 65 338
785 65 338
785 148 255
785 148 255
785 348 349
785 348 319
785 348 6
786 36 129
786 36 129
786 270 25
786 270 25
787 33 191
787 33 191
787 216 263
787 216 278
787 216 64
787 237 324
787 237 324
788 44 50
788 44 50
788 107 319
788 107 319
788 162 218
788 162 100
788 162 340
789 33 216
789 33 216
789 76 15
789 76 15
789 350 351
789 350 352
789 350 58
790 86 235
790 86 235
790 110 51
790 110 51
791 34 167
791 34 167
791 64 311
791 114 238
791 114 238
791 125 64
791 125 311
792 56 221
792 56 221
792 339 236
792 339 236
793 119 11
793 119 11
793 208 320
793 208 320
794 174 178
794 174 178
794 223 287
794 223 287
795 143 309
795 143 309
795 183 67
795 183 175
795 183 22
795 338 194
795 338 194
796 162 308
796 162 308
796 277 82
796 277 82
797 118 230
797 118 230
797 294 123
797 294 123
798 18 179
798 18 179
798 79 321
798 79 321
799 259 51
799 259 51
799 285 341
799 285 341
800 21 225
800 21 225
800 160 134
800 160 134
801 25 27
801 25 115
801 27 115
801 59 218
801 59 310
801 59 198
801 126 68
801 126 68
801 150 321
801 150 321
802 33 90
802 33 90
802 341 186
802 341 186
803 86 220
803 86 220
803 166 349
803 166 349
803 284 266
803 284 231
803 284 328
804 128 119
804 128 119
804 325 343
804 325 343
805 194 334
805 194 334
805 211 107
805 211 107
805 237 35
805 237 225
805 237 207
805 321 353
805 321 353
806 97 247
806 97 247
806 160 72
806 160 72
806 194 98
806 194 315
806 194 342
807 5 190
807 5 190
807 37 355
807 134 355
807 174 355
807 197 109
807 197 109
807 311 354
807 311 354
808 8 102
808 8 102
808 141 290
808 141 290
809 46 331
809 46 331
809 54 355
809 54 355
809 325 356
809 325 356
810 116 283
810 116 283
810 193 40
810 193 40
811 84 36
811 84 36
811 297 17
811 297 191
811 297 325
811 334 357
811 334 357
811 352 123
811 352 123
812 42 329
812 42 329
812 249 359
812 318 234
812 318 234
812 358 249
812 358 359
813 144 52
813 144 52
813 244 265
813 244 265
813 252 69
813 252 22
813 252 114
814 72 225
814 72 225
814 342 265
814 342 265
814 360 361
814 360 355
814 360 195
815 173 325
815 173 325
815 330 79
815 330 79
816 270 100
816 270 100
816 301 247
816 301 247
817 16 207
817 16 38
817 16 237
817 107 362
817 188 362
817 194 362
817 220 195
817 220 195
817 311 284
817 311 284
818 14 112
818 14 112
818 28 321
818 59 108
818 59 31
818 59 133
818 77 321
818 119 127
818 119 127
818 174 363
818 174 363
818 233 321
819 210 364
819 230 364
819 264 364
819 267 252
819 267 252
819 358 242
819 358 242
820 220 134
820 220 134
820 359 277
820 359 277
821 137 244
821 137 244
821 339 229
821 339 229
822 195 187
822 195 187
822 245 206
822 245 206
823 49 198
823 49 198
823 51 59
823 51 59
824 32 198
824 32 198
824 32 85
824 32 85
824 365 366
824 365 176
824 365 88
825 287 114
825 287 114
825 297 353
825 297 353
826 333 318
826 333 318
826 366 335
826 366 335
827 92 29
827 92 29
827 161 362
827 161 142
827 161 6
827 365 127
827 365 127
828 55 198
828 55 198
828 239 260
828 239 260
828 367 300
828 367 23
828 367 223
829 45 341
829 45 341
829 287 327
829 287 50
829 287 230
829 322 152
829 322 152
830 162 15
830 162 64
830 162 172
830 207 216
830 207 216
830 353 182
830 353 182
831 97 301
831 97 172
831 97 227
831 335 186
831 335 186
831 365 225
831 365 225
832 61 292
832 61 292
832 72 319
832 166 319
832 186 319
832 204 310
832 204 310
833 199 222
833 199 222
833 296 221
833 296 221
834 222 138
834 222 138
834 281 344
834 281 344
834 368 369
834 368 370
834 368 10
835 35 130
835 35 130
835 188 180
835 188 221
835 188 341
835 288 371
835 288 371
835 322 193
835 322 193
836 7 82
836 7 82
836 32 119
836 32 119
836 263 315
836 263 75
836 315 75
837 33 195
837 33 195
837 183 273
837 183 273
837 316 137
837 372 316
837 372 137
838 120 17
838 120 124
838 120 115
838 246 314
838 246 314
838 326 285
838 326 285
839 25 309
839 25 68
839 218 280
839 218 280
839 230 213
839 230 160
839 230 231
839 309 68
839 336 366
839 336 366
840 77 103
840 77 122
840 77 310
840 190 289
840 190 289
840 333 115
840 333 115
841 70 355
841 70 355
841 222 322
841 222 322
842 60 363
842 60 290
842 60 114
842 96 132
842 96 132
842 207 193
842 207 193
843 80 57
843 80 57
843 332 325
843 332 325
844 78 59
844 78 59
844 248 163
844 332 248
844 332 163
844 355 17
844 355 17
845 38 171
845 38 171
845 136 143
845 136 143
846 62 106
846 62 162
846 106 162
846 108 31
846 108 31
846 151 108
846 151 108
846 173 218
846 173 39
846 173 208
846 299 373
846 299 373
847 170 10
847 170 10
847 364 197
847 364 197
848 122 137
848 122 137
848 169 187
848 169 187
849 88 165
849 88 372
849 103 20
849 103 240
849 103 112
849 165 372
849 263 83
849 263 83
849 288 25
849 288 25
850 74 246
850 74 246
850 97 142
850 97 255
850 97 179
850 184 75
850 184 75
851 185 89
851 185 89
851 196 360
851 196 360
852 22 26
852 22 26
852 126 319
852 126 319
853 18 228
853 18 228
853 36 181
853 36 181
853 92 374
853 92 374
854 55 328
854 123 150
854 123 150
854 155 375
854 242 375
854 324 375
854 328 133
854 328 133
854 338 55
854 338 328
854 376 377
854 376 378
855 80 76
855 80 273
855 80 266
855 148 268
855 148 268
855 175 380
855 245 319
855 245 319
855 379 175
855 379 380
856 5 78
856 202 78
856 249 78
856 317 10
856 317 164
856 317 280
856 366 183
856 366 183
856 379 225
856 379 225
857 60 298
857 60 298
857 329 71
857 329 71
858 67 370
858 67 370
858 114 305
858 114 305
858 251 27
858 309 27
858 310 346
858 310 106
858 310 77
858 337 27
859 161 29
859 161 29
859 263 274
859 263 274
860 75 195
860 75 195
860 250 17
860 250 17
860 273 381
860 273 381
861 83 145
861 83 145
861 263 27
861 263 27
862 15 181
862 15 374
862 15 357
862 157 121
862 157 121
862 298 330
862 298 330
863 64 382
863 64 382
863 210 170
863 210 170
863 307 134
863 307 134
864 18 377
864 18 377
864 95 49
864 95 49
864 216 281
864 216 67
864 281 67
865 207 17
865 207 17
865 310 38
865 310 38
866 21 366
866 21 366
866 46 230
866 46 221
866 46 149
866 267 256
866 267 256
867 245 220
867 245 220
867 251 53
867 351 205
867 351 205
867 383 251
867 383 53
867 384 381
867 384 74
867 384 207
868 118 292
868 118 292
868 212 192
868 212 192
868 290 385
868 290 385
869 113 189
869 113 189
869 169 372
869 169 372
869 204 52
869 204 289
869 204 278
869 386 370
869 386 107
869 386 292
870 323 164
870 323 164
870 334 221
870 334 221
870 387 113
870 387 132
870 387 381
871 8 218
871 8 218
871 248 158
871 248 80
871 248 383
871 317 144
871 317 144
872 24 176
872 24 176
872 333 194
872 333 194
873 101 136
873 101 136
873 204 37
873 204 37
874 204 377
874 204 377
874 208 130
874 208 130
874 237 6
874 237 372
874 237 40
875 7 92
875 7 92
875 272 347
875 272 347
876 47 336
876 47 336
876 113 264
876 113 264
876 122 162
876 147 162
876 147 122
876 211 124
876 211 57
876 211 126
876 303 388
876 303 388
877 353 28
877 353 28
877 363 89
877 363 89
878 203 214
878 203 214
878 257 389
878 257 389
878 305 145
878 305 145
879 70 392
879 70 392
879 180 375
879 180 375
879 361 232
879 361 232
879 390 391
879 390 391
880 65 393
880 65 393
880 78 139
880 78 139
880 140 307
880 140 307
880 387 122
880 387 34
880 387 298
881 46 140
881 46 140
881 219 349
881 219 349
882 57 294
882 57 294
882 175 9
882 175 9
883 6 171
883 6 171
883 216 269
883 216 269
884 16 341
884 16 201
884 16 244
884 95 96
884 95 96
884 363 51
884 363 51
885 325 272
885 325 272
885 359 237
885 359 237
886 92 286
886 92 286
886 222 170
886 222 170
887 70 35
887 70 35
887 175 330
887 175 330
888 51 49
888 51 49
888 59 199
888 59 334
888 199 334
888 330 101
888 330 101
889 70 367
889 70 156
889 70 29
889 198 365
889 198 365
889 275 300
889 275 300
890 31 93
890 31 93
890 191 249
890 191 249
891 32 180
891 32 180
891 289 99
891 289 99
892 22 44
892 22 44
892 178 231
892 178 231
892 394 307
892 394 296
892 394 78
893 74 389
893 74 389
893 373 354
893 373 354
894 110 234
894 110 234
894 294 311
894 294 311
895 199 382
895 199 382
895 230 313
895 230 313
896 22 126
896 22 126
896 47 395
896 47 395
896 277 314
896 277 314
897 95 396
897 95 396
897 134 189
897 134 7
897 134 324
897 171 243
897 171 243
897 297 166
897 297 166
898 181 236
898 181 236
898 192 350
898 192 350
898 297 332
898 307 297
898 307 332
899 59 257
899 59 33
899 123 279
899 123 279
899 257 33
899 334 272
899 334 272
900 81 165
900 81 165
900 129 22
900 129 22
901 214 141
901 214 141
901 290 397
901 290 397
901 314 207
901 314 207
902 33 77
902 33 77
902 117 145
902 117 145
903 44 64
903 102 290
903 102 290
903 120 44
903 120 64
903 314 99
903 314 99
904 45 346
904 45 346
904 107 118
904 107 118
904 346 398
904 346 398
