0 39 103
0 72 112
5 39 119
17 103 114
31 28 112
68 5 89
84 16 46
108 72 103
137 107 114
142 0 28
162 28 33
163 39 46
163 46 72
163 89 123
170 39 112
182 89 119
186 34 119
190 0 34
195 89 105
198 33 39
201 0 107
201 5 112
201 89 107
202 34 46
202 46 103
205 89 112
206 28 107
211 105 119
214 105 112
219 89 112
220 103 105
224 5 34
224 5 39
224 34 39
224 72 105
224 72 114
224 105 114
230 16 46
235 30 107
237 105 107
238 33 34
246 28 30
246 28 103
246 30 103
246 70 112
248 28 107
249 55 107
249 70 89
250 5 34
250 5 39
250 30 105
250 34 39
256 5 112
260 34 55
261 72 105
261 72 114
261 105 114
262 105 112
263 13 70
264 105 119
264 119 125
268 13 70
268 13 72
268 70 72
269 0 66
270 13 72
271 72 105
272 0 30
274 0 66
274 66 119
275 5 112
277 13 114
277 23 70
279 23 39
279 39 119
280 33 34
281 112 125
284 28 107
285 16 55
286 13 23
286 13 107
286 23 107
289 35 55
293 35 103
296 0 114
296 16 94
296 16 103
296 94 103
296 114 119
297 13 123
298 35 66
299 23 55
299 26 107
300 13 23
300 13 107
300 23 107
301 28 30
301 28 103
301 30 103
301 40 66
301 40 114
301 66 114
302 28 35
302 28 107
302 35 107
304 26 105
304 39 119
305 5 23
305 33 89
309 0 107
309 72 105
309 72 114
309 105 114
312 34 89
312 72 105
312 72 114
312 105 114
314 5 112
318 23 103
318 23 107
318 28 35
318 103 107
320 72 119
321 23 40
321 28 34
322 39 119
323 40 112
325 30 114
326 33 103
326 55 119
328 5 26
328 5 39
328 26 39
330 30 39
332 30 72
333 13 23
333 28 72
333 28 89
333 35 89
334 0 46
334 5 39
334 28 114
335 28 72
335 94 97
335 97 119
338 0 46
338 23 46
339 35 40
339 35 119
340 5 35
340 28 30
340 28 103
340 30 103
341 34 72
341 103 123
346 13 70
346 13 72
346 70 72
348 5 23
348 23 66
349 13 46
349 16 46
350 23 46
350 35 46
350 112 125
353 89 103
354 13 103
354 23 28
355 0 17
355 0 107
355 17 107
355 35 105
355 103 105
358 23 33
358 28 35
358 28 107
358 35 107
358 46 107
360 40 72
360 40 107
360 105 107
361 16 17
361 16 66
361 17 66
362 13 46
362 26 46
364 5 26
364 5 39
364 26 39
364 55 107
365 13 23
365 13 107
365 23 107
366 0 46
366 23 46
367 35 107
367 103 114
369 28 34
369 28 66
370 16 94
370 16 103
370 45 70
370 45 94
370 70 94
370 94 103
371 13 112
373 107 125
374 17 114
374 72 105
374 72 114
374 105 114
375 55 107
377 13 107
377 30 89
378 30 107
378 33 39
381 26 107
382 5 26
383 23 45
384 23 28
384 28 55
384 35 45
385 17 107
387 13 112
387 28 30
387 28 109
387 30 109
387 35 112
387 40 72
387 40 107
388 45 89
389 17 72
390 13 23
390 13 107
390 23 107
390 107 125
391 0 46
391 17 46
391 114 119
392 5 112
393 0 26
393 0 72
393 28 30
393 34 89
394 0 28
394 0 109
394 16 40
394 66 114
395 39 40
397 66 72
398 0 112
399 105 109
401 28 40
402 13 46
402 16 46
402 39 125
403 46 70
403 46 109
403 89 97
403 105 119
404 35 97
405 33 39
405 105 112
406 17 55
406 26 35
406 28 30
406 28 103
406 30 103
406 55 119
408 28 30
408 28 103
408 30 103
409 13 23
409 13 107
409 23 107
409 39 46
410 45 70
410 45 94
410 70 94
410 105 109
411 17 39
411 17 105
411 39 66
414 5 35
414 26 72
414 40 72
414 40 107
415 9 26
415 13 70
415 13 72
415 46 119
415 70 72
416 45 105
416 45 109
417 17 26
417 26 114
417 70 94
417 70 109
417 94 109
418 23 34
418 23 112
418 45 105
418 46 105
419 13 55
421 16 17
421 16 66
421 17 66
421 28 30
421 28 103
421 30 103
422 16 55
422 40 55
424 35 96
425 9 30
427 28 35
427 28 107
427 35 107
427 45 109
427 55 89
427 89 96
428 9 39
428 39 105
429 5 34
429 5 39
429 13 30
429 28 34
429 34 39
430 13 123
430 28 30
430 28 103
430 30 103
431 0 66
431 28 55
431 66 119
431 96 112
431 112 125
433 26 72
434 16 89
434 33 35
435 72 89
436 72 105
436 72 114
436 105 114
437 70 109
438 97 109
439 17 32
439 23 89
439 32 114
440 26 107
441 28 70
443 96 107
444 96 105
445 0 17
445 0 107
445 17 107
445 23 55
445 28 30
445 28 103
445 28 109
445 30 103
447 13 70
447 13 72
447 70 72
449 23 112
450 28 30
450 28 66
450 28 103
450 30 103
451 46 70
451 46 109
451 55 109
452 32 89
452 72 105
453 5 23
453 13 46
453 16 46
453 30 46
453 46 114
454 30 105
454 40 72
454 40 107
454 40 112
455 9 107
455 17 72
455 39 66
456 5 26
456 5 39
456 5 55
456 13 55
456 26 39
459 17 112
459 40 66
459 40 114
459 66 114
460 33 39
460 34 109
461 16 72
461 40 96
462 0 66
462 28 32
462 35 40
462 94 112
463 0 46
463 17 46
464 0 66
465 35 107
465 44 112
465 105 109
466 13 89
466 30 46
466 46 114
467 9 103
469 96 112
470 0 23
470 9 105
470 28 30
470 40 70
471 55 114
472 35 66
473 5 112
473 45 66
474 17 55
474 26 112
475 9 103
475 13 123
475 16 30
475 28 30
475 28 103
475 30 103
476 32 35
476 45 70
476 45 94
476 70 94
478 16 46
478 44 112
478 55 107
479 23 28
480 16 55
480 28 112
480 35 107
480 40 55
480 51 72
480 51 96
480 72 96
481 32 112
481 39 40
482 40 71
483 30 105
483 35 40
483 45 94
484 0 55
485 0 105
488 34 51
488 34 107
488 51 107
488 89 105
488 112 113
489 17 23
489 17 111
489 23 111
489 26 32
489 35 70
489 35 71
489 40 111
489 70 71
490 9 32
490 30 97
490 45 112
490 55 105
491 72 94
491 111 119
492 5 105
492 13 72
492 16 17
492 16 66
492 17 66
492 26 109
492 34 109
492 71 105
493 17 107
493 45 66
493 55 89
493 89 125
494 0 66
494 5 26
494 5 39
494 16 17
494 26 39
494 55 70
494 72 103
494 89 109
495 13 40
495 23 107
495 55 105
496 26 71
497 13 70
497 13 72
497 16 55
497 23 112
497 70 72
497 94 105
497 94 112
498 5 23
498 26 28
498 66 112
500 9 44
500 28 32
501 0 66
501 9 55
501 13 39
501 32 44
501 32 71
501 40 89
501 66 119
502 9 66
502 66 113
503 66 72
503 72 112
504 9 105
504 9 119
504 35 66
504 94 107
505 13 46
505 13 70
505 13 72
505 16 46
505 17 44
505 26 46
505 26 96
505 46 96
505 70 72
506 0 113
506 32 35
506 32 119
507 23 35
508 23 112
508 55 119
508 72 103
510 17 35
511 0 89
511 45 70
511 45 94
511 70 94
512 5 30
512 30 103
512 107 111
513 16 26
513 26 96
513 33 51
513 34 89
513 35 51
513 97 123
514 5 26
514 5 39
514 26 39
514 26 66
514 26 114
514 28 112
515 44 89
515 103 105
517 0 23
517 13 107
517 28 39
517 39 89
518 0 107
518 5 35
518 39 45
519 32 123
520 9 32
520 40 66
520 66 97
521 5 9
521 28 32
521 35 119
521 66 105
522 5 23
522 17 55
522 55 109
523 9 23
523 13 32
523 13 113
523 17 23
523 17 111
523 23 111
523 26 114
523 28 33
523 30 105
523 32 113
523 39 66
523 39 72
524 17 55
525 0 34
525 0 55
525 0 103
525 13 23
525 13 107
525 23 107
525 35 112
525 40 109
526 28 109
527 34 112
527 46 72
527 51 109
528 28 38
528 33 105
528 70 94
528 70 109
528 94 109
529 9 40
529 9 125
529 16 89
529 26 105
529 33 70
529 40 55
529 55 94
530 23 103
530 107 125
531 16 72
531 89 103
531 107 119
531 109 113
532 0 55
532 26 32
532 32 35
532 44 105
532 107 109
532 112 125
533 17 35
533 17 38
533 35 38
534 0 39
534 0 66
534 33 66
534 34 44
534 39 119
534 70 94
534 70 109
534 94 109
535 0 9
535 0 16
535 9 16
535 26 38
535 26 105
535 28 30
535 28 103
535 30 103
536 55 114
538 0 23
538 17 23
538 17 111
538 23 111
538 55 109
539 26 45
539 38 40
540 5 40
540 30 89
540 40 109
540 66 72
541 0 45
541 9 105
541 39 107
542 17 55
542 40 103
542 44 103
544 45 109
545 5 70
545 33 51
545 33 103
545 51 103
545 55 70
545 70 94
545 70 109
545 94 109
545 96 103
546 33 66
546 40 97
546 89 109
547 26 96
547 32 34
548 17 72
549 34 39
549 34 51
549 34 107
549 39 46
549 51 107
549 97 109
550 0 66
550 66 119
551 17 109
551 32 40
551 89 113
552 13 46
552 16 46
552 17 89
552 23 112
552 26 28
552 32 105
552 45 107
552 89 103
553 5 55
553 13 32
553 32 46
553 40 109
555 5 23
555 5 51
555 32 33
555 97 109
557 0 66
557 5 44
557 23 103
557 23 107
557 44 103
557 66 119
557 103 107
558 0 28
558 0 55
558 30 125
559 0 45
559 23 123
559 26 112
560 13 32
560 28 35
560 28 107
560 35 107
560 51 70
560 51 89
561 5 30
561 5 107
561 96 112
562 0 45
562 0 114
562 55 89
562 55 111
563 33 51
563 33 103
563 51 103
563 105 114
564 28 103
564 72 105
565 17 35
565 17 38
565 35 38
567 23 119
567 51 89
567 92 109
568 0 55
568 0 71
568 32 114
568 33 55
568 66 114
569 30 44
570 51 72
570 51 96
570 72 96
570 92 112
572 13 32
572 13 55
572 13 113
572 26 32
572 32 55
572 32 111
572 32 113
573 16 28
573 17 112
573 105 109
574 0 92
574 17 35
574 17 38
574 35 38
574 66 105
574 92 97
574 109 113
575 0 66
575 28 35
575 28 44
575 28 107
575 33 113
575 34 70
575 35 107
575 66 119
575 70 92
576 9 71
577 17 109
577 28 113
577 38 107
577 107 113
579 23 119
579 89 112
580 28 44
580 28 125
580 38 85
581 9 35
581 40 72
581 40 107
582 5 23
582 26 92
582 66 70
582 66 111
583 16 55
583 40 123
584 28 35
584 28 107
584 32 35
584 35 107
584 40 92
584 70 85
584 72 123
585 34 51
585 34 107
585 35 113
585 51 107
586 5 55
586 72 111
587 23 66
587 23 113
587 34 51
587 34 107
587 51 107
587 66 113
587 92 111
588 9 71
588 28 55
588 55 114
588 94 125
589 9 23
589 13 70
589 13 72
589 17 55
589 23 85
589 28 35
589 28 107
589 30 40
589 35 107
589 40 107
589 45 119
589 55 109
589 70 72
589 92 107
590 23 55
590 34 89
590 94 112
591 9 17
591 26 32
591 30 85
591 32 35
591 38 97
592 0 45
592 0 114
592 9 44
592 17 23
592 17 39
592 17 92
592 23 92
592 44 66
592 71 103
592 71 105
592 105 107
592 105 114
593 0 45
593 72 107
594 23 33
594 33 85
594 40 90
594 51 90
595 39 46
596 34 55
596 51 72
596 51 96
596 72 96
597 28 107
597 66 94
598 0 66
598 28 35
598 28 107
598 35 107
598 35 112
598 40 90
598 66 119
598 107 112
599 23 46
599 35 46
600 28 35
600 32 55
600 32 112
600 35 96
601 35 107
601 40 105
601 40 119
601 46 103
601 103 109
602 23 105
602 32 114
602 35 70
602 35 71
602 66 114
602 70 71
602 70 94
602 94 113
603 9 113
603 89 90
603 112 119
604 23 28
604 109 113
605 9 105
605 17 28
605 28 35
605 28 89
605 28 107
605 35 107
606 9 72
606 70 85
606 70 105
606 72 112
606 90 105
607 5 30
607 5 107
607 17 72
607 51 66
607 66 109
609 9 23
609 23 85
610 0 17
610 0 85
610 3 105
610 9 13
610 16 94
610 16 103
610 26 119
610 94 103
611 17 35
611 17 38
611 35 38
611 45 70
611 45 94
611 70 94
611 89 105
612 38 89
612 44 112
613 13 96
613 28 107
613 55 90
613 66 103
613 66 113
614 3 32
614 3 54
614 5 54
614 39 40
614 39 103
614 40 103
614 51 66
614 51 90
614 54 105
614 66 90
614 66 112
615 0 23
615 3 109
615 13 28
615 28 32
615 28 44
615 28 96
615 44 96
615 54 85
616 44 55
617 3 35
617 35 70
617 38 92
617 51 107
617 55 66
618 17 23
618 17 92
618 23 92
618 32 109
618 34 90
618 34 103
618 51 112
618 55 109
618 71 107
618 90 103
619 3 5
619 3 45
619 3 105
619 5 105
619 28 45
619 90 112
619 112 125
620 9 39
620 26 28
620 30 89
620 34 112
620 113 119
621 32 45
621 40 66
621 40 114
621 66 114
621 105 114
622 3 28
622 28 38
622 35 40
622 45 66
622 55 103
622 55 111
623 0 26
623 0 96
623 3 51
623 9 17
623 17 51
623 26 97
623 28 71
623 71 107
624 23 66
624 26 105
624 35 40
624 40 107
624 89 94
625 3 109
625 23 107
625 44 113
626 32 35
626 32 46
626 32 92
626 46 92
626 55 70
627 0 66
627 3 13
627 13 46
627 28 30
627 28 103
627 28 112
627 30 103
627 55 109
627 66 119
628 3 44
628 17 23
628 17 92
628 23 92
628 32 45
628 38 97
628 44 94
629 3 90
629 5 38
629 13 35
629 13 55
629 55 119
629 66 105
629 78 109
629 94 105
629 105 109
629 105 112
630 32 39
630 44 105
630 44 114
630 45 112
630 97 113
630 105 114
631 9 33
631 13 23
631 13 34
631 38 113
632 9 78
632 17 55
632 34 51
632 34 70
632 34 107
632 51 107
632 55 71
633 0 30
633 55 85
634 26 72
634 39 54
634 39 105
634 54 105
635 13 15
635 13 103
635 15 103
635 30 112
635 46 70
635 46 109
636 13 15
636 13 70
636 13 103
636 15 103
636 31 38
636 35 45
636 66 92
637 9 66
637 55 71
637 97 112
638 5 72
638 13 32
638 13 113
638 16 72
638 30 77
638 32 113
639 9 77
639 38 105
639 39 112
639 44 85
639 71 119
639 85 119
639 89 94
640 5 28
640 23 35
640 23 111
640 31 92
640 32 92
641 9 78
641 13 26
641 23 93
641 23 111
641 35 54
641 35 107
641 54 107
642 9 54
642 13 23
642 16 89
642 28 103
642 31 40
642 33 105
642 39 89
642 46 70
642 46 109
642 55 89
642 55 94
642 89 103
643 28 105
643 40 72
643 45 70
643 45 94
643 70 94
644 3 9
644 3 40
644 3 93
644 11 28
644 38 78
644 55 78
644 89 119
645 0 107
645 17 32
645 17 34
645 32 34
645 44 105
646 0 109
646 3 35
646 3 40
646 3 114
646 3 119
646 5 11
646 9 105
646 9 119
646 11 32
646 13 66
646 13 78
646 23 26
646 23 34
646 23 45
646 26 45
646 26 51
646 28 30
646 28 103
646 30 103
646 33 107
646 34 38
646 35 107
646 66 78
646 89 103
647 3 89
647 5 54
647 13 30
647 23 112
647 28 112
647 35 54
647 35 107
647 38 113
647 54 107
647 55 77
648 17 26
648 28 123
648 32 34
648 55 70
648 66 71
648 94 109
648 103 107
649 0 3
649 0 71
649 3 34
649 33 78
649 33 92
649 40 45
649 44 93
649 44 96
649 77 85
649 78 107
649 78 114
649 93 96
649 105 111
649 107 114
649 107 123
650 38 109
650 44 45
650 45 66
650 45 70
650 45 94
650 51 54
650 70 94
651 5 51
651 9 32
651 13 66
651 13 72
651 13 78
651 16 40
651 33 105
651 66 78
651 72 89
652 13 66
652 13 78
652 26 107
652 35 85
652 66 78
652 77 85
653 0 107
653 8 31
653 8 35
653 17 35
653 17 38
653 35 38
653 38 66
653 38 94
653 66 93
653 89 107
653 89 111
653 103 125
654 0 17
654 0 85
654 3 40
654 3 89
654 8 66
654 9 39
654 28 30
654 28 109
654 30 109
654 35 109
654 45 54
654 80 89
654 97 109
655 8 112
655 34 51
655 34 107
655 35 54
655 35 107
655 39 71
655 44 66
655 51 107
655 54 107
656 0 44
656 8 55
656 11 28
656 11 34
656 17 77
656 17 114
656 28 30
656 28 34
656 28 93
656 28 109
656 30 109
656 45 89
656 51 66
656 51 90
656 54 93
656 66 90
656 66 96
656 77 114
656 89 103
656 90 119
657 0 3
657 3 34
657 5 8
657 8 51
657 23 28
657 23 35
657 23 111
657 72 113
657 103 125
658 9 105
658 15 66
658 17 38
658 31 66
658 31 112
658 44 66
658 44 78
658 51 85
658 66 78
658 80 107
659 30 107
659 31 89
659 40 45
659 44 105
659 44 114
659 54 78
659 93 107
659 105 114
660 9 16
660 26 44
660 26 105
660 28 35
660 28 107
660 31 66
660 32 44
660 33 107
660 35 97
660 35 107
660 38 92
660 66 105
661 16 23
661 35 66
661 38 80
661 40 119
661 44 66
661 51 112
662 17 23
662 17 92
662 23 92
662 35 105
662 51 66
662 51 72
662 51 90
662 51 96
662 55 96
662 66 90
662 72 96
663 5 112
663 8 45
663 8 51
663 9 80
663 11 16
663 15 109
663 31 89
663 33 112
663 34 39
663 35 107
663 39 46
663 46 66
663 46 85
663 66 85
663 109 114
664 5 105
664 11 40
664 13 112
664 23 40
664 30 33
664 35 71
664 105 107
665 3 89
665 8 89
665 9 105
665 11 23
665 15 17
665 15 35
665 15 51
665 17 23
665 23 55
665 26 107
665 89 107
665 105 109
666 3 66
666 3 93
666 16 89
666 17 80
666 23 28
666 28 30
666 28 103
666 30 103
666 35 54
666 35 114
666 89 96
666 89 107
667 0 66
667 8 112
667 15 16
667 33 38
667 35 51
667 38 40
667 51 109
667 66 112
667 66 119
668 15 28
668 38 119
668 40 77
668 85 97
669 17 23
669 17 92
669 23 92
669 44 97
669 66 72
669 77 103
669 78 103
670 0 40
670 11 77
670 26 80
670 26 92
670 31 85
670 51 89
671 13 38
671 13 55
672 0 107
672 3 35
672 11 89
672 13 70
672 13 72
672 15 44
672 30 38
672 30 109
672 46 89
672 70 72
672 89 93
672 89 107
672 89 109
672 92 105
672 107 112
673 5 70
673 11 112
673 15 107
673 17 70
673 45 103
673 66 70
673 72 89
673 78 97
674 3 13
674 13 46
674 13 66
674 13 78
674 30 34
674 30 78
674 34 78
674 35 54
674 39 114
674 45 54
674 55 72
674 66 78
675 5 9
675 8 34
675 8 80
675 9 23
675 9 46
675 15 77
675 16 109
675 34 46
675 34 80
675 44 109
675 45 51
675 66 125
675 71 109
675 72 94
676 0 31
676 0 71
676 16 17
676 16 66
676 17 66
676 28 72
676 28 89
676 30 112
676 32 33
676 32 71
676 33 80
676 35 45
676 39 96
677 9 72
677 9 93
677 16 17
677 16 66
677 17 66
677 35 54
677 35 107
677 35 114
677 39 96
677 97 123
678 3 17
678 9 123
678 23 125
678 31 114
679 13 70
679 13 72
679 38 119
679 70 72
680 13 46
680 16 46
680 17 103
680 38 40
680 55 85
681 0 23
681 9 11
681 17 23
681 17 92
681 23 92
681 30 35
681 90 125
682 7 66
682 16 23
682 16 92
682 23 92
682 28 113
682 80 105
683 0 55
683 5 7
683 5 114
683 7 114
683 11 78
683 23 80
683 23 85
683 26 70
683 26 103
683 85 105
684 0 107
684 5 112
684 9 28
684 16 93
684 16 114
684 26 32
684 28 111
684 32 111
684 55 85
684 93 114
685 3 89
685 9 40
685 39 112
685 78 111
685 94 111
685 105 119
686 11 13
686 23 80
686 23 85
686 26 35
686 34 45
686 35 54
686 35 107
686 51 72
686 51 96
686 54 107
686 72 96
687 3 97
687 5 23
687 7 15
687 7 51
687 15 51
687 26 111
687 44 111
687 45 55
687 89 103
687 89 119
687 92 125
688 0 71
688 13 26
688 16 119
688 23 89
688 32 40
688 35 119
688 38 40
688 38 66
688 44 51
688 44 93
688 51 112
688 54 107
688 55 105
688 66 78
688 107 113
689 0 35
689 0 71
689 30 38
689 32 85
689 51 109
689 55 85
689 55 119
689 112 125
690 7 11
690 11 113
690 38 114
690 54 113
690 89 113
691 3 5
691 3 105
691 5 105
691 9 72
691 17 23
691 17 92
691 23 92
691 31 40
691 31 80
691 31 97
691 38 92
691 55 89
691 72 112
691 77 96
691 77 105
691 89 96
691 92 105
691 96 105
692 11 31
692 17 31
692 77 90
692 90 93
693 0 17
693 0 85
693 0 105
693 0 107
693 17 107
693 28 30
693 33 113
693 40 89
693 66 90
693 66 103
693 70 94
693 70 109
693 85 105
693 90 103
693 94 109
694 3 40
694 38 72
694 51 66
694 51 90
694 66 90
694 89 125
695 17 39
695 23 105
695 26 113
695 28 30
695 28 35
695 28 103
695 28 107
695 30 103
695 35 107
695 70 109
696 0 66
696 28 105
696 66 119
696 70 93
696 71 90
696 71 107
696 71 109
697 3 80
697 9 89
697 23 35
697 23 111
697 26 72
697 26 119
697 30 33
697 30 90
697 30 92
697 32 71
697 32 77
697 34 93
697 35 54
697 38 78
697 44 78
697 70 89
697 71 77
697 90 92
698 15 89
698 23 55
698 31 92
698 32 92
698 55 93
698 70 85
699 0 3
699 0 23
699 7 45
699 7 66
699 7 103
699 23 77
699 23 96
699 33 80
699 44 109
699 45 66
699 77 96
700 8 45
700 16 103
700 23 119
700 28 39
700 32 89
700 38 105
700 39 66
700 46 105
700 51 103
700 93 109
701 5 94
701 7 33
701 7 45
701 8 51
701 8 77
701 9 66
701 9 105
701 23 94
701 23 105
701 30 44
701 31 111
701 35 54
701 35 77
701 35 109
701 44 54
701 51 77
701 54 77
701 89 113
701 89 123
701 96 112
702 7 9
702 9 32
702 17 32
702 17 34
702 28 30
702 28 80
702 28 103
702 30 103
702 32 34
702 32 103
703 17 78
703 26 39
703 31 96
703 31 111
703 32 111
703 40 93
703 55 94
703 96 103
703 96 111
704 5 38
704 5 107
704 15 23
704 16 109
704 17 44
704 26 51
704 38 107
704 44 109
704 55 78
704 72 89
704 77 89
704 92 109
705 3 92
705 5 66
705 17 92
705 33 107
705 35 107
705 66 93
706 26 28
706 28 55
706 38 78
706 44 112
706 51 94
706 55 111
706 94 105
707 7 26
707 9 90
707 26 107
707 28 40
707 31 96
707 31 111
707 32 114
707 66 114
707 96 111
707 103 109
708 0 90
708 40 54
708 45 89
708 51 66
708 51 90
708 66 90
708 93 105
709 5 7
709 5 23
709 5 51
709 5 114
709 7 114
709 9 85
709 17 23
709 17 92
709 23 92
709 51 85
709 78 85
710 11 89
710 35 70
710 35 71
710 40 72
710 40 107
710 45 70
710 45 94
710 51 66
710 51 90
710 66 90
710 70 71
710 70 94
710 94 113
710 111 119
711 3 51
711 9 45
711 9 85
711 23 35
711 23 111
711 26 46
711 26 96
711 44 55
711 46 96
711 66 70
712 0 109
712 3 105
712 5 105
712 7 30
712 7 55
712 9 112
712 11 31
712 11 78
712 15 77
712 28 93
712 54 93
712 105 107
713 7 28
713 30 115
713 38 93
713 38 107
713 45 70
713 45 94
713 70 94
713 77 78
714 5 30
714 5 107
714 15 40
714 35 80
714 54 107
714 66 70
714 105 107
715 8 39
715 8 116
715 9 116
715 11 112
715 30 40
715 33 109
715 39 116
715 40 107
715 89 109
716 8 55
716 9 26
716 9 103
716 31 105
716 38 40
716 72 80
716 72 89
716 72 103
716 77 85
716 80 105
717 0 38
717 7 26
717 15 77
717 28 31
717 35 109
717 39 78
717 90 97
718 15 35
718 17 23
718 17 92
718 23 92
718 112 123
719 3 38
719 3 54
719 13 30
719 35 54
719 35 107
719 38 54
719 54 107
719 77 112
720 0 3
720 3 34
720 9 93
720 13 70
720 13 72
720 23 39
720 40 77
720 40 109
720 54 94
720 70 72
720 80 93
721 5 72
721 9 80
721 17 23
721 26 96
721 35 90
721 40 55
721 44 54
721 54 116
721 72 109
721 107 116
722 7 9
722 9 70
722 17 35
722 17 38
722 26 112
722 35 38
722 44 93
722 44 96
722 89 109
722 93 96
723 8 94
723 8 112
723 9 44
723 9 54
723 38 105
723 55 77
723 66 70
723 70 107
723 112 125
724 0 45
724 11 105
724 16 17
724 16 66
724 17 66
724 23 103
724 40 114
724 51 105
724 89 111
724 112 116
725 3 5
725 3 105
725 5 105
725 5 113
725 11 39
725 11 96
725 30 113
725 34 93
725 34 105
725 39 96
725 51 85
725 51 107
725 85 107
725 93 105
726 5 17
726 5 80
726 8 40
726 11 55
726 13 103
726 15 77
726 15 105
726 17 80
726 23 28
726 32 40
726 32 107
726 51 54
726 77 116
726 78 80
726 78 94
726 103 111
727 7 53
727 13 66
727 13 78
727 16 93
727 16 94
727 16 103
727 16 114
727 26 54
727 35 40
727 40 78
727 66 78
727 93 114
727 94 103
727 94 113
728 5 39
728 13 107
728 17 26
728 17 51
728 28 55
728 28 89
728 28 103
728 38 66
728 39 85
728 44 112
728 45 78
728 72 114
728 103 115
728 105 115
729 7 11
729 7 30
729 7 38
729 8 28
729 11 38
729 17 23
729 17 92
729 23 92
729 45 80
729 51 85
729 51 97
729 80 85
730 9 119
730 11 35
730 13 80
730 13 107
730 17 55
730 17 113
730 31 55
730 44 89
730 44 107
730 51 89
730 54 55
730 66 112
730 77 114
730 80 97
730 80 119
730 109 114
731 11 35
731 13 107
731 15 109
731 30 39
731 33 53
731 66 93
731 72 107
731 80 105
731 80 107
731 89 92
731 105 114
732 5 34
732 9 40
732 11 31
732 11 45
732 11 78
732 17 23
732 26 80
732 26 92
732 30 72
732 33 40
732 71 78
732 78 97
732 89 119
733 0 45
733 0 116
733 3 17
733 13 23
733 13 107
733 13 112
733 13 119
733 16 35
733 23 107
733 31 90
733 72 105
733 72 114
733 89 103
733 103 112
733 105 114
734 9 38
734 11 28
734 31 35
734 39 51
734 93 105
734 114 119
735 8 17
735 8 115
735 17 115
735 26 77
735 28 35
735 28 107
735 30 78
735 30 114
735 35 107
735 38 77
735 39 89
735 45 90
735 53 66
735 55 109
735 78 114
736 13 28
736 26 80
736 26 92
736 28 32
736 33 35
737 7 114
737 9 113
737 28 31
737 28 96
737 28 105
737 30 46
737 35 93
737 46 114
737 72 123
738 5 103
738 9 28
738 13 103
738 15 112
738 28 35
738 28 107
738 35 90
738 35 107
738 55 70
738 85 92
738 92 93
738 103 111
739 8 39
739 8 70
739 8 116
739 15 112
739 17 35
739 17 38
739 32 39
739 34 109
739 35 38
739 39 77
739 39 116
739 46 70
739 93 94
739 94 125
740 5 39
740 9 32
740 33 113
741 5 72
741 13 93
741 15 54
741 16 72
741 28 35
741 28 107
741 33 72
741 35 107
741 38 66
741 45 72
741 51 77
742 9 112
742 11 16
742 16 72
742 17 35
742 32 80
742 35 77
742 40 93
742 44 107
742 45 80
742 72 123
743 9 38
743 11 90
743 13 15
743 16 94
743 16 103
743 94 103
744 5 7
744 5 96
744 7 96
744 30 105
744 40 89
744 53 96
744 53 116
744 66 89
744 96 116
745 3 105
745 7 35
745 7 45
745 7 66
745 9 16
745 9 23
745 11 28
745 15 85
745 23 54
745 28 40
745 28 114
745 31 45
745 32 112
745 35 105
745 45 66
746 11 89
746 23 105
746 26 103
746 33 107
746 35 54
746 35 77
746 54 77
746 66 119
746 70 96
746 70 103
746 96 103
747 31 85
747 39 89
747 44 97
747 55 94
747 71 94
747 78 107
747 78 114
747 107 114
748 17 55
748 28 30
748 28 109
748 30 109
748 33 125
748 38 39
749 0 85
749 0 105
749 28 93
749 34 40
749 54 93
749 85 105
750 9 44
750 31 112
750 33 105
750 39 103
750 44 66
750 44 109
750 45 103
750 78 89
750 92 93
751 0 17
751 0 85
751 5 7
751 5 114
751 7 114
751 15 28
751 35 94
751 94 103
752 0 85
752 0 105
752 7 26
752 9 115
752 17 35
752 32 34
752 32 103
752 34 103
752 45 66
752 72 105
752 72 114
752 85 105
752 105 114
753 9 112
753 11 28
753 32 119
753 94 97
753 97 119
753 105 114
754 8 23
754 8 34
754 8 80
754 11 55
754 11 112
754 26 72
754 31 40
754 34 80
754 44 45
754 51 123
754 55 77
754 55 105
754 80 89
755 3 54
755 3 115
755 17 23
755 17 92
755 23 92
755 33 53
755 35 115
755 38 55
755 40 92
755 53 113
755 72 89
755 80 113
755 90 123
756 8 72
756 8 96
756 15 26
756 28 105
756 30 40
756 30 90
756 35 109
756 45 72
756 72 96
757 15 93
757 30 78
757 31 35
757 54 77
757 85 90
758 9 114
758 17 35
758 17 38
758 32 114
758 35 38
758 38 92
758 45 55
758 46 66
758 46 85
758 50 51
758 51 77
758 54 66
758 54 112
758 66 85
758 71 107
758 71 109
758 77 96
758 77 116
758 94 107
758 96 116
759 7 35
759 11 113
759 16 93
759 16 114
759 28 89
759 31 39
759 40 50
759 50 115
759 51 85
759 72 105
759 72 114
759 78 85
759 80 109
759 93 114
759 105 114
759 107 112
760 11 28
760 30 116
760 39 54
760 39 105
760 50 113
760 54 105
760 55 119
761 7 89
761 8 80
761 16 80
761 28 34
761 45 90
761 53 89
762 0 46
762 7 11
762 7 38
762 11 38
762 15 38
762 16 92
762 17 46
762 17 111
762 28 80
762 31 35
762 53 116
762 66 113
762 72 109
762 78 119
762 92 97
762 109 111
763 13 70
763 13 72
763 23 105
763 26 32
763 28 78
763 32 111
763 35 80
763 51 55
763 51 77
763 51 80
763 53 93
763 70 72
763 97 103
763 105 107
764 3 40
764 3 77
764 8 50
764 8 114
764 17 38
764 45 112
764 50 114
764 53 89
764 77 96
764 77 105
764 94 112
764 96 105
765 5 9
765 15 45
765 23 26
765 23 34
765 23 45
765 26 45
765 26 85
765 31 39
765 50 55
765 80 96
765 80 107
765 96 107
765 103 107
766 8 105
766 8 113
766 13 93
766 15 70
766 23 66
766 23 96
766 26 32
766 30 44
766 32 72
766 32 111
766 32 115
766 40 103
766 44 54
766 50 93
766 50 96
766 51 66
766 51 90
766 66 90
766 70 125
766 93 96
767 9 116
767 15 39
767 15 80
767 28 72
767 30 105
767 44 93
767 44 96
767 50 112
767 51 71
767 66 114
767 93 96
767 93 97
768 3 112
768 7 66
768 7 113
768 17 40
768 31 96
768 31 111
768 33 103
768 34 89
768 34 90
768 34 103
768 39 40
768 53 115
768 90 103
768 96 111
769 11 78
769 23 35
769 26 80
769 26 115
769 34 112
769 70 96
769 70 103
769 80 113
769 80 115
769 96 103
770 13 105
770 34 51
770 35 105
770 38 115
770 55 107
770 77 96
770 77 105
770 96 105
770 112 113
771 3 66
771 8 13
771 8 26
771 9 77
771 23 44
771 23 115
771 26 111
771 33 50
771 35 107
771 38 55
771 40 50
771 44 111
771 51 93
771 80 93
772 9 23
772 9 119
772 13 35
772 23 103
772 23 107
772 30 32
772 51 72
772 51 96
772 66 71
772 72 96
772 89 93
772 103 107
772 116 125
773 7 97
773 8 107
773 11 77
773 15 39
773 15 80
773 28 113
773 33 39
773 34 93
773 34 105
773 38 66
773 72 113
773 89 92
773 93 105
773 94 97
773 97 119
774 8 53
774 9 78
774 13 70
774 13 72
774 28 94
774 32 72
774 32 115
774 50 78
774 70 72
774 70 89
774 78 103
775 3 39
775 11 15
775 11 116
775 16 80
775 23 40
775 31 40
775 39 94
775 44 66
775 44 78
775 51 77
775 51 80
775 51 105
775 58 115
775 66 78
776 3 8
776 3 13
776 5 11
776 5 51
776 8 28
776 11 51
776 15 33
776 17 40
776 31 103
776 35 51
776 53 80
776 90 97
777 3 107
777 9 114
777 15 17
777 15 97
777 16 30
777 35 70
777 35 71
777 51 112
777 70 71
777 78 105
777 89 112
778 0 31
778 0 71
778 5 7
778 5 114
778 7 114
778 9 30
778 9 93
778 31 72
778 45 119
778 58 97
778 66 107
778 78 116
778 80 112
778 97 115
779 11 72
779 23 113
779 33 53
779 35 54
779 35 107
779 38 51
779 50 112
779 54 107
779 55 109
779 72 96
780 1 109
780 28 109
780 33 39
780 38 114
780 55 93
780 55 107
780 80 92
780 80 97
780 92 115
780 94 113
780 94 115
780 97 112
781 30 97
781 34 90
781 34 103
781 35 111
781 54 112
781 55 109
781 55 116
781 66 89
781 77 112
781 90 103
782 0 8
782 0 53
782 3 23
782 8 53
782 31 51
782 35 93
782 45 55
782 45 89
783 0 8
783 0 53
783 0 66
783 0 114
783 3 38
783 3 53
783 7 17
783 8 34
783 8 53
783 8 80
783 9 113
783 16 17
783 16 66
783 17 66
783 26 32
783 28 30
783 28 109
783 30 89
783 30 105
783 30 109
783 32 35
783 34 80
783 35 80
783 40 93
783 50 90
783 54 72
783 55 89
783 55 93
783 66 119
783 70 78
783 70 80
783 77 96
783 77 105
783 80 103
783 89 93
783 93 112
783 94 105
783 96 105
783 109 113
783 114 119
784 0 85
784 0 105
784 1 66
784 11 93
784 13 93
784 15 35
784 16 89
784 17 23
784 17 92
784 23 77
784 23 92
784 30 90
784 30 92
784 35 40
784 55 109
784 58 72
784 58 113
784 77 113
784 78 93
784 85 105
784 90 92
785 5 7
785 5 114
785 7 113
785 7 114
785 9 55
785 17 40
785 35 105
785 39 50
785 39 80
785 40 77
785 50 55
785 50 80
785 55 58
785 55 97
785 97 105
785 103 112
786 7 53
786 13 50
786 17 97
786 34 46
786 40 97
786 46 103
786 50 115
786 55 72
786 72 93
787 1 40
787 7 113
787 9 15
787 17 112
787 28 30
787 28 103
787 28 109
787 30 109
787 40 103
787 44 66
787 44 77
787 44 112
787 58 97
787 77 103
788 1 23
788 3 28
788 5 77
788 7 80
788 8 55
788 11 23
788 23 31
788 23 34
788 30 31
788 40 103
788 44 103
788 54 72
788 80 105
788 89 119
789 8 34
789 8 80
789 9 115
789 15 55
789 16 89
789 31 112
789 34 80
789 35 45
789 38 72
789 50 78
789 58 97
789 93 94
790 7 45
790 9 90
790 11 32
790 11 58
790 11 107
790 23 112
790 30 103
790 31 94
790 44 113
790 45 90
790 54 94
790 58 107
790 103 116
791 7 107
791 26 93
791 28 44
791 28 96
791 31 38
791 35 40
791 40 78
791 44 96
791 51 72
791 51 96
791 72 96
792 7 40
792 7 55
792 17 35
792 17 38
792 17 55
792 26 46
792 26 96
792 35 38
792 46 96
792 55 109
792 107 125
793 0 9
793 13 46
793 16 46
793 28 30
793 28 103
793 30 103
793 33 40
793 38 116
793 54 107
793 55 125
793 72 112
793 105 112
794 0 72
794 9 77
794 17 35
794 23 72
794 26 80
794 26 115
794 33 116
794 80 115
794 90 125
795 0 93
795 8 112
795 31 109
795 32 39
795 39 77
795 51 58
795 51 96
795 58 96
796 7 16
796 7 45
796 7 58
796 7 66
796 16 58
796 17 23
796 17 92
796 23 92
796 28 55
796 45 66
796 58 89
796 113 123
797 8 111
797 13 70
797 13 72
797 26 31
797 26 46
797 26 96
797 31 80
797 39 46
797 39 53
797 40 113
797 44 85
797 46 53
797 46 96
797 55 58
797 55 72
797 70 72
797 78 89
797 85 119
798 11 26
798 66 105
798 96 107
799 0 23
799 0 26
799 5 26
799 5 39
799 8 17
799 8 34
799 9 16
799 17 34
799 26 39
799 26 89
799 30 34
799 30 78
799 31 112
799 32 44
799 34 78
799 40 114
799 44 58
799 51 107
799 109 114
800 0 5
800 5 55
800 8 31
800 11 114
800 13 39
800 30 44
800 31 89
800 44 54
801 9 38
801 11 39
801 23 80
801 33 105
801 40 115
801 40 119
801 55 105
802 17 116
802 30 39
802 35 53
802 40 93
802 44 55
803 5 26
803 5 39
803 8 112
803 11 40
803 23 39
803 26 39
803 34 109
803 40 103
803 45 96
803 55 85
803 80 89
803 89 93
803 112 114
804 0 32
804 0 107
804 8 90
804 9 17
804 15 32
804 23 109
804 23 111
804 28 32
804 40 54
804 55 78
804 55 113
804 89 90
805 0 1
805 0 58
805 1 58
805 5 7
805 5 114
805 7 114
805 9 77
805 26 46
805 26 96
805 31 45
805 32 71
805 46 96
805 55 109
805 78 105
805 78 109
805 112 116
806 7 45
806 7 66
806 9 13
806 35 107
806 44 114
806 45 66
806 55 97
806 55 115
806 90 113
806 114 116
807 5 89
807 7 78
807 7 80
807 15 40
807 16 17
807 16 66
807 17 66
807 20 71
807 20 107
807 35 38
807 35 54
807 35 107
807 40 109
807 44 66
807 44 78
807 54 107
807 66 78
808 0 55
808 7 113
808 17 35
808 17 38
808 32 112
808 34 105
808 35 38
808 38 78
808 39 109
808 77 85
808 90 123
808 105 112
809 13 26
809 13 53
809 35 112
809 44 105
809 44 114
809 51 112
809 55 109
809 58 89
809 66 93
809 105 114
809 109 111
809 109 114
810 11 39
810 20 107
810 23 55
810 33 89
810 38 40
810 45 54
810 51 77
810 55 85
810 66 77
810 66 107
810 77 107
810 90 97
811 0 1
811 0 40
811 0 58
811 1 40
811 1 58
811 1 109
811 5 26
811 5 92
811 8 54
811 9 39
811 13 66
811 13 78
811 20 107
811 28 72
811 31 44
811 35 92
811 40 90
811 45 115
811 66 78
812 0 40
812 7 45
812 7 66
812 15 107
812 31 55
812 38 107
812 45 66
812 50 94
812 58 89
812 72 103
812 72 119
812 97 107
813 3 5
813 3 105
813 5 105
813 11 30
813 11 77
813 13 70
813 13 72
813 30 77
813 44 55
813 55 97
813 66 71
813 70 72
813 85 89
813 93 97
814 0 50
814 1 103
814 1 109
814 5 7
814 5 114
814 7 114
814 8 20
814 8 77
814 9 23
814 11 94
814 16 17
814 16 66
814 17 66
814 20 77
814 28 72
814 39 105
814 45 109
814 55 112
814 103 109
815 3 45
815 7 55
815 9 11
815 13 20
815 13 32
815 13 113
815 16 51
815 26 103
815 28 38
815 32 113
815 58 72
815 58 89
815 58 103
815 66 89
815 103 114
816 3 9
816 9 30
816 9 54
816 28 109
816 35 54
816 35 107
816 35 123
816 40 96
816 54 107
816 55 114
816 58 113
816 70 111
816 105 107
817 1 38
817 3 9
817 3 33
817 7 16
817 7 90
817 8 40
817 17 28
817 26 107
817 35 109
817 53 105
817 72 112
817 78 113
817 89 113
817 96 112
817 97 103
818 3 51
818 3 105
818 9 51
818 28 30
818 28 103
818 30 103
818 50 66
818 51 105
818 94 115
818 103 105
818 112 125
818 113 115
818 114 115
819 1 39
819 7 17
819 9 116
819 28 30
819 28 109
819 28 115
819 30 109
819 35 44
819 38 71
819 40 111
819 40 114
819 50 92
819 53 77
819 77 116
820 0 26
820 1 9
820 9 112
820 44 89
820 105 116
821 5 94
821 8 51
821 8 77
821 8 89
821 9 85
821 9 94
821 23 94
821 28 51
821 28 53
821 40 77
821 45 51
821 51 53
821 51 77
821 53 55
822 0 109
822 9 38
822 11 39
822 11 96
822 28 119
822 32 72
822 32 115
822 38 55
822 39 96
822 45 92
822 66 107
823 0 32
823 1 26
823 8 34
823 8 80
823 9 35
823 9 72
823 11 78
823 13 70
823 13 72
823 15 32
823 28 30
823 28 35
823 28 103
823 30 103
823 31 40
823 32 33
823 34 80
823 45 92
823 54 77
823 55 89
823 70 72
823 72 77
823 72 112
823 89 97
823 94 113
824 0 72
824 9 77
824 13 92
824 17 23
824 17 92
824 20 96
824 23 72
824 23 92
824 26 46
824 26 96
824 30 31
824 32 34
824 32 96
824 34 96
824 35 58
824 46 96
824 78 107
824 94 107
824 96 103
824 105 111
825 3 20
825 26 111
825 28 35
825 28 107
825 35 50
825 35 107
825 39 40
825 44 111
825 45 51
825 50 116
825 51 111
825 51 125
825 55 96
825 72 107
825 80 94
825 85 112
825 96 105
825 97 116
825 112 119
826 5 7
826 5 114
826 7 114
826 13 30
826 23 55
826 31 38
826 55 93
827 1 20
827 1 23
827 1 119
827 5 72
827 5 93
827 7 23
827 7 28
827 7 100
827 9 123
827 11 13
827 11 23
827 13 35
827 35 55
827 38 116
827 53 66
827 58 89
827 77 107
827 107 125
828 8 13
828 15 66
828 26 93
828 31 111
828 58 105
829 5 7
829 5 13
829 15 94
829 15 114
829 45 55
829 51 58
829 51 96
829 58 96
829 85 114
829 94 114
830 8 17
830 17 90
830 31 115
830 33 80
830 33 100
830 51 97
830 51 109
830 53 66
831 7 45
831 7 66
831 13 40
831 13 77
831 28 51
831 28 53
831 31 55
831 45 66
831 45 96
831 51 53
831 58 77
832 5 33
832 5 80
832 9 78
832 13 32
832 17 31
832 28 112
832 32 46
832 32 115
832 46 51
832 51 58
832 51 96
832 58 96
832 58 109
832 90 125
833 1 11
833 1 105
833 7 23
833 7 100
833 8 50
833 8 114
833 11 28
833 11 34
833 11 55
833 11 105
833 15 17
833 17 23
833 17 50
833 23 53
833 28 34
833 28 107
833 31 107
833 32 109
833 50 114
834 3 111
834 7 45
834 7 66
834 16 94
834 16 103
834 32 89
834 32 93
834 35 88
834 45 66
834 45 100
834 50 93
834 72 105
834 94 97
834 94 103
834 97 119
834 100 105
834 105 119
834 119 125
835 8 115
835 13 70
835 13 72
835 15 40
835 17 23
835 17 92
835 20 89
835 23 92
835 28 58
835 55 72
835 55 80
835 55 116
835 70 72
835 80 90
835 97 119
836 5 113
836 7 51
836 17 32
836 17 34
836 20 107
836 23 89
836 30 113
836 32 34
836 58 80
836 103 119
837 3 123
837 13 39
837 13 66
837 16 30
837 30 32
837 32 70
837 32 109
837 38 109
837 40 93
837 40 114
837 54 77
838 3 51
838 3 105
838 32 97
838 35 40
838 46 57
838 51 105
838 53 105
838 55 125
838 93 105
838 103 113
839 9 38
839 26 38
839 30 88
839 30 115
839 38 77
839 51 109
839 54 100
839 57 114
839 58 66
839 58 119
839 66 119
839 70 109
839 78 90
839 92 103
839 93 112
839 96 113
839 96 114
839 113 114
840 0 55
840 8 89
840 13 123
840 20 35
840 23 41
840 23 58
840 31 45
840 40 116
840 41 58
840 45 103
840 51 66
840 77 103
840 85 103
840 93 105
840 93 113
841 9 54
841 9 97
841 16 40
841 31 39
841 39 92
841 39 105
841 54 103
841 57 58
841 57 66
841 58 66
841 70 96
841 70 103
841 80 111
841 96 103
842 5 113
842 7 80
842 8 32
842 13 58
842 13 123
842 17 41
842 28 92
842 30 113
842 32 114
842 35 97
842 40 93
842 45 97
842 58 71
842 77 103
842 85 103
843 9 32
843 11 40
843 11 66
843 17 78
843 23 33
843 33 38
843 39 97
843 41 46
843 41 53
843 41 85
843 46 53
843 50 80
843 53 109
844 8 41
844 8 80
844 13 20
844 13 92
844 13 103
844 17 97
844 20 103
844 23 112
844 30 33
844 31 32
844 31 105
844 35 78
844 41 80
844 41 107
844 44 105
844 51 58
844 51 96
844 58 96
844 92 100
844 105 123
845 3 34
845 8 41
845 8 80
845 11 16
845 13 94
845 23 125
845 26 46
845 26 96
845 28 107
845 34 94
845 35 70
845 35 115
845 41 80
845 45 89
845 46 96
845 50 94
845 50 107
845 51 71
845 55 107
845 70 85
845 72 89
845 88 114
845 92 112
845 100 123
845 111 119
846 0 23
846 1 23
846 1 39
846 1 72
846 11 23
846 31 40
846 34 90
846 55 112
846 57 58
846 57 66
846 58 66
846 71 89
846 89 119
846 90 109
846 107 116
847 9 71
847 13 15
847 16 57
847 23 57
847 30 66
847 30 93
847 33 100
847 46 88
847 46 109
847 50 66
847 50 100
847 51 66
847 51 90
847 53 71
847 58 72
847 58 89
847 66 90
847 66 100
847 72 78
847 80 89
847 97 112
848 3 45
848 23 89
848 38 58
848 40 111
848 46 66
848 46 85
848 50 77
848 66 85
848 89 125
848 105 119
848 119 125
849 3 5
849 3 105
849 5 105
849 11 55
849 11 93
849 13 34
849 13 66
849 13 78
849 32 72
849 35 40
849 35 119
849 44 93
849 50 51
849 53 97
849 57 80
849 66 78
849 72 107
849 89 107
849 89 114
849 97 100
850 1 44
850 1 58
850 7 40
850 23 41
850 23 58
850 31 35
850 32 35
850 39 94
850 39 111
850 41 44
850 41 58
850 44 112
850 50 112
850 54 72
850 55 88
850 66 112
850 72 107
850 80 125
850 92 112
850 94 111
850 96 112
850 100 116
851 0 58
851 1 50
851 16 89
851 17 46
851 17 100
851 35 55
851 44 93
851 44 96
851 46 100
851 54 89
851 57 119
851 77 112
851 93 96
852 3 16
852 3 96
852 11 28
852 11 34
852 16 96
852 17 46
852 17 100
852 28 34
852 28 100
852 30 34
852 30 78
852 34 78
852 34 96
852 34 100
852 35 54
852 35 114
852 40 53
852 41 50
852 41 80
852 46 100
852 46 111
852 50 80
852 54 94
852 55 92
852 66 96
852 71 80
852 80 97
852 89 111
852 90 92
852 92 111
852 97 100
852 112 115
853 0 17
853 0 107
853 7 80
853 7 111
853 8 50
853 17 107
853 26 46
853 26 96
853 28 38
853 34 109
853 45 93
853 46 96
853 66 114
853 71 93
853 78 92
854 0 7
854 0 105
854 3 38
854 8 20
854 8 46
854 8 77
854 8 105
854 20 77
854 23 105
854 39 54
854 40 90
854 51 90
854 97 111
855 3 100
855 3 112
855 9 70
855 13 105
855 23 55
855 30 51
855 30 57
855 30 115
855 40 80
855 50 100
855 50 113
855 51 57
855 54 89
855 55 93
855 89 100
855 100 105
855 100 112
856 1 66
856 7 88
856 11 55
856 23 72
856 26 107
856 38 55
856 38 96
856 38 107
856 45 70
856 45 94
856 54 90
856 55 70
856 70 94
856 78 113
856 80 90
856 96 107
856 112 116
857 1 31
857 1 111
857 3 85
857 3 94
857 5 26
857 5 39
857 13 50
857 13 88
857 17 85
857 26 39
857 39 112
857 41 89
857 50 88
857 53 78
857 78 92
858 9 94
858 17 114
858 20 66
858 20 103
858 26 103
858 32 33
858 33 55
858 33 80
858 41 66
858 41 103
858 45 72
858 45 77
858 45 100
858 50 89
858 50 93
858 50 96
858 55 109
858 88 92
858 93 96
858 100 107
859 7 33
859 13 35
859 13 55
859 23 89
859 30 41
859 35 70
859 35 71
859 39 112
859 54 94
859 70 71
860 7 51
860 11 30
860 11 55
860 13 70
860 13 72
860 13 105
860 23 41
860 23 58
860 30 55
860 41 58
860 50 66
860 51 90
860 57 89
860 66 109
860 70 72
860 70 94
860 70 109
860 93 94
860 94 109
860 94 125
860 109 113
861 0 17
861 8 50
861 8 114
861 17 34
861 26 39
861 31 35
861 38 51
861 50 114
861 77 85
861 88 90
861 90 92
861 94 119
862 5 9
862 11 113
862 13 20
862 15 46
862 16 40
862 31 66
862 33 46
862 39 46
862 39 53
862 44 97
862 46 53
862 51 85
862 58 116
862 78 85
862 100 105
863 7 8
863 9 70
863 16 93
863 16 114
863 23 28
863 23 41
863 23 58
863 35 105
863 41 58
863 53 88
863 53 116
863 88 116
863 93 114
864 0 16
864 1 53
864 7 35
864 8 119
864 16 57
864 23 107
864 35 53
864 39 51
864 55 78
864 55 88
864 57 89
864 97 103
865 1 26
865 1 44
865 1 119
865 5 113
865 7 109
865 16 66
865 30 113
865 41 46
865 41 53
865 45 70
865 45 94
865 46 53
865 53 113
865 54 107
865 66 78
865 70 94
865 85 100
865 89 114
865 90 111
865 105 112
866 3 7
866 7 40
866 7 55
866 11 66
866 13 38
866 13 55
866 17 72
866 28 31
866 28 105
867 0 55
867 0 85
867 0 105
867 8 94
867 9 107
867 20 31
867 20 77
867 20 103
867 30 54
867 31 97
867 35 54
867 35 77
867 38 105
867 46 105
867 54 77
867 55 89
867 66 70
867 66 111
867 77 103
867 85 105
867 89 96
867 100 103
868 15 88
868 15 90
868 44 66
868 45 70
868 50 78
868 53 89
868 55 92
868 78 114
869 5 103
869 5 112
869 9 54
869 11 50
869 13 40
869 15 51
869 20 105
869 23 58
869 28 30
869 28 109
869 30 109
869 31 34
869 35 38
869 35 80
869 38 72
869 44 66
869 44 78
869 55 96
869 55 105
869 66 78
869 90 105
869 105 113
870 3 51
870 3 105
870 23 26
870 23 45
870 26 45
870 40 80
870 44 55
870 51 66
870 51 105
870 77 103
870 85 103
870 100 103
871 23 85
871 28 51
871 28 57
871 31 50
871 34 46
871 38 55
871 38 92
871 38 115
871 44 103
871 45 80
871 46 103
871 57 109
871 88 90
871 89 93
871 92 105
872 5 26
872 5 39
872 7 9
872 7 35
872 13 100
872 16 55
872 26 39
872 35 105
872 57 58
872 57 66
872 58 66
872 77 107
872 80 88
873 0 44
873 1 80
873 8 15
873 9 93
873 13 55
873 13 93
873 16 54
873 17 23
873 17 92
873 23 92
873 26 40
873 26 80
873 26 115
873 35 58
873 38 92
873 55 57
873 55 58
873 80 115
874 0 13
874 0 66
874 0 72
874 1 89
874 7 40
874 8 123
874 17 123
874 30 41
874 32 66
874 32 116
874 41 107
874 58 77
874 66 116
874 66 119
874 72 78
874 80 97
874 89 125
875 0 105
875 7 119
875 8 105
875 13 89
875 20 113
875 23 55
875 45 58
875 51 72
875 51 96
875 55 93
875 55 100
875 72 96
875 97 103
875 107 119
876 16 23
876 16 55
876 23 89
876 26 111
876 35 54
876 35 114
876 38 92
876 38 97
876 40 77
876 40 105
876 44 66
876 44 100
876 45 89
876 51 71
876 51 109
876 57 58
876 57 66
876 58 66
876 80 90
876 80 103
877 7 58
877 8 89
877 15 41
877 15 58
877 15 78
877 16 93
877 16 114
877 31 51
877 32 103
877 41 112
877 50 89
877 58 94
877 93 94
877 93 114
878 13 23
878 13 107
878 23 107
878 31 70
878 35 89
878 35 97
878 51 89
878 58 105
879 0 50
879 8 32
879 9 55
879 28 53
879 28 94
879 32 45
879 32 114
879 35 123
879 38 109
879 41 54
879 53 94
879 53 111
879 54 70
879 80 105
879 89 93
880 0 46
880 1 55
880 17 46
880 26 53
880 26 80
880 40 66
880 50 93
880 55 100
880 89 96
880 89 107
880 90 105
880 90 107
880 93 114
880 107 112
881 0 3
881 3 44
881 9 93
881 20 45
881 23 26
881 23 58
881 34 50
881 41 85
881 44 94
881 45 58
881 53 57
881 55 58
881 66 109
881 90 107
882 3 53
882 8 17
882 8 41
882 8 80
882 8 115
882 17 115
882 20 35
882 23 103
882 23 107
882 39 41
882 41 80
882 80 100
882 103 107
882 105 107
883 0 66
883 1 55
883 5 7
883 5 114
883 7 114
883 8 16
883 28 40
883 66 119
883 70 80
883 80 92
883 88 112
884 8 46
884 8 105
884 9 66
884 13 38
884 13 55
884 28 55
884 35 55
884 40 92
884 44 105
884 50 105
884 57 66
884 89 125
885 1 41
885 23 55
885 26 55
885 35 45
885 35 88
885 35 105
885 41 51
885 53 109
885 55 93
885 88 109
885 94 109
885 109 116
885 116 123
886 0 70
886 0 77
886 1 92
886 16 30
886 34 46
886 35 105
886 35 116
886 38 45
886 38 80
886 39 53
886 41 90
886 46 103
886 55 72
886 55 114
886 57 70
886 92 107
886 97 109
886 105 109
887 0 20
887 3 15
887 7 119
887 8 70
887 8 100
887 11 89
887 17 35
887 23 41
887 23 58
887 28 35
887 35 40
887 35 55
887 41 58
887 45 77
887 57 78
887 57 119
887 70 100
887 78 100
887 100 116
887 107 119
888 28 31
888 28 35
888 35 123
888 45 116
888 58 66
889 3 5
889 3 51
889 3 85
889 3 105
889 5 13
889 5 105
889 7 38
889 13 32
889 13 103
889 13 113
889 16 119
889 26 30
889 32 89
889 32 113
889 40 58
889 80 92
889 88 115
889 90 105
889 92 100
889 94 100
889 100 105
889 100 107
889 103 111
889 103 119
890 0 44
890 28 33
890 28 45
890 39 77
890 39 107
890 44 71
890 54 116
890 55 90
890 77 107
890 80 119
890 88 89
891 0 113
891 3 17
891 17 39
891 23 40
891 28 94
891 31 114
891 38 66
891 55 112
891 57 72
891 66 78
891 66 107
892 0 34
892 9 33
892 26 113
892 38 85
892 40 58
892 40 97
892 44 50
892 44 66
892 50 66
892 50 70
892 51 72
892 51 96
892 66 100
892 72 96
892 85 125
893 0 31
893 0 32
893 7 26
893 13 93
893 30 66
893 40 107
893 51 70
893 55 80
893 58 109
893 96 113
893 96 114
893 113 114
894 0 1
894 0 58
894 0 114
894 1 58
894 7 9
894 7 20
894 7 89
894 11 31
894 13 41
894 15 53
894 26 28
894 26 111
894 31 35
894 38 44
894 38 55
894 44 111
894 50 115
894 55 94
894 55 111
894 58 112
894 80 115
894 88 112
894 96 112
894 100 107
894 114 119
895 0 13
895 9 38
895 16 78
895 20 78
895 31 105
895 33 51
895 33 103
895 35 40
895 40 78
895 51 103
896 5 7
896 5 114
896 7 114
896 11 40
896 15 97
896 28 45
896 30 39
896 39 71
896 40 93
896 45 109
896 50 66
896 55 100
896 70 114
896 72 80
897 7 38
897 8 41
897 8 53
897 8 97
897 17 58
897 30 55
897 31 116
897 34 38
897 34 89
897 38 103
897 40 80
897 45 94
897 66 89
898 8 111
898 11 105
898 26 111
898 30 55
898 30 103
898 30 115
898 34 53
898 39 40
898 40 97
898 40 125
898 55 107
898 103 115
898 107 114
898 107 115
898 114 115
899 15 70
899 17 31
899 20 35
899 20 40
899 23 100
899 31 55
899 32 89
899 39 80
899 44 50
899 44 66
899 44 80
899 50 66
899 70 125
899 72 105
899 85 109
899 88 100
900 5 26
900 5 39
900 7 16
900 7 58
900 9 38
900 11 38
900 13 50
900 13 88
900 16 58
900 17 31
900 23 31
900 23 58
900 26 39
900 44 109
900 45 70
900 45 94
900 50 88
900 57 78
900 58 90
900 70 94
900 109 116
901 0 8
901 0 53
901 5 30
901 7 51
901 7 112
901 8 53
901 9 28
901 26 46
901 26 96
901 30 103
901 40 77
901 45 77
901 46 70
901 46 96
901 46 103
901 72 105
901 97 115
902 0 113
902 5 26
902 7 9
902 7 71
902 9 115
902 16 23
902 17 115
902 20 50
902 20 89
902 23 100
902 30 89
902 32 93
902 40 116
902 50 93
902 53 55
903 9 30
903 9 103
903 26 30
903 39 112
903 58 123
903 70 119
903 80 116
903 97 112
903 97 116
904 1 112
904 11 93
904 11 100
904 15 72
904 17 28
904 23 53
904 28 35
904 28 107
904 35 107
904 38 107
904 44 93
904 45 51
904 80 97
905 1 35
905 9 55
905 11 26
905 28 44
905 28 96
905 39 51
905 40 66
905 44 96
905 88 113
905 93 123
906 5 32
906 9 35
906 13 105
906 16 97
906 17 51
906 20 97
906 23 55
906 31 115
906 38 80
906 45 54
906 53 113
906 55 96
906 57 112
906 66 85
906 72 100
906 78 103
906 85 90
907 5 8
907 5 88
907 8 88
907 11 39
907 11 41
907 15 20
907 17 92
907 20 35
907 23 100
907 30 71
907 31 89
907 32 66
907 32 116
907 35 114
907 39 41
907 40 100
907 66 116
907 88 100
907 97 100
907 100 109
907 105 113
