0 65 97
68 72 97
88 58 64
103 58 97
133 43 84
134 72 97
153 64 97
157 9 84
163 9 15
169 9 98
183 15 99
183 65 99
189 43 99
189 95 97
194 65 88
198 72 84
200 9 58
207 84 88
216 15 88
218 5 7
219 5 64
219 5 83
219 64 83
226 29 84
227 43 58
231 15 99
231 65 99
232 58 97
233 9 84
234 43 84
236 15 83
236 15 106
236 83 106
237 7 99
239 72 106
241 15 64
241 29 43
241 64 88
244 5 7
244 15 83
244 15 106
244 83 97
244 83 106
246 15 83
246 15 106
246 83 106
248 84 99
248 88 99
249 7 99
250 58 95
251 64 97
257 9 93
263 15 17
266 29 84
267 97 106
268 84 97
271 43 97
273 64 97
273 84 99
273 88 99
275 17 95
278 43 99
285 12 29
285 12 43
285 29 97
285 65 72
286 7 43
288 7 95
288 83 97
289 9 95
291 12 15
291 15 106
293 15 97
296 29 84
296 43 58
302 9 15
303 9 58
303 12 99
305 96 116
310 15 83
310 15 106
310 83 106
312 29 84
314 9 116
317 64 84
319 15 99
319 43 97
323 84 97
324 17 43
327 9 84
328 15 85
331 43 106
332 98 99
337 9 15
338 95 116
340 12 97
341 9 88
344 7 12
345 9 65
346 58 110
347 65 84
347 97 99
350 17 72
350 17 96
350 72 96
354 12 15
354 15 106
357 15 17
358 9 12
359 58 65
359 65 72
364 15 83
364 15 106
364 83 106
365 97 106
366 15 83
366 15 106
366 35 86
366 83 106
368 99 116
370 58 93
373 95 106
374 9 98
375 29 97
375 29 120
377 43 72
378 97 116
378 99 124
379 58 64
379 64 84
383 88 116
385 84 99
385 88 99
386 9 35
387 29 110
387 84 110
388 5 17
388 5 35
388 17 35
390 15 64
390 64 65
390 98 99
393 15 17
393 15 110
394 85 124
396 12 120
396 85 97
397 5 64
397 5 83
397 9 93
397 64 83
398 15 83
398 15 96
398 15 106
398 15 110
398 83 106
398 96 110
399 9 97
400 9 15
400 17 72
400 64 70
400 99 110
400 99 116
400 110 116
401 23 85
402 29 97
402 43 58
402 97 110
404 95 98
406 9 64
406 12 23
406 12 116
406 23 116
408 58 97
409 12 15
409 12 116
409 84 97
410 7 9
411 23 120
411 99 110
411 99 116
411 110 116
412 15 85
412 15 96
414 9 120
416 93 95
417 9 97
417 35 98
417 58 65
417 70 98
420 23 97
420 99 106
421 15 83
421 15 106
421 29 97
421 29 120
421 59 84
421 83 99
421 83 106
421 99 124
421 110 124
422 72 106
423 15 93
425 23 96
425 84 120
426 64 97
426 84 124
427 70 72
427 70 93
427 72 93
428 72 99
429 70 97
431 9 15
431 9 88
431 15 83
431 15 99
431 15 106
431 83 106
432 7 84
432 58 99
432 70 84
433 9 85
433 58 97
434 43 124
434 84 99
436 15 83
436 15 106
436 83 106
438 12 95
438 58 65
439 15 99
439 65 99
440 15 83
440 15 106
440 43 97
440 70 72
440 83 106
443 17 83
444 64 84
446 58 59
446 58 70
446 59 70
447 15 97
448 23 116
449 5 23
449 5 83
453 12 95
453 99 124
454 5 17
454 5 35
454 17 35
454 98 110
457 35 84
458 15 83
458 15 106
458 23 84
458 83 106
460 9 17
460 9 95
460 43 88
460 59 88
461 9 58
461 12 83
461 12 116
461 23 65
461 23 70
461 35 72
461 83 116
461 85 93
461 85 116
463 9 43
464 84 98
466 15 95
467 35 88
467 58 84
469 51 84
470 7 98
470 9 99
470 72 116
471 15 83
471 15 106
471 83 106
472 23 29
472 23 65
472 64 65
473 70 72
473 70 93
473 72 93
473 84 110
475 15 88
476 64 106
477 9 88
477 97 99
478 5 64
478 5 95
478 9 51
479 35 43
479 84 97
480 7 84
480 91 124
481 99 110
481 99 116
481 110 116
484 5 12
484 12 88
485 29 51
485 29 72
485 51 72
486 7 35
486 7 99
486 29 110
486 84 110
487 96 106
488 84 120
489 0 35
489 43 51
490 0 83
490 0 116
490 7 99
490 17 65
490 83 116
490 95 98
491 5 91
491 5 116
491 7 98
491 15 84
491 91 116
491 99 124
493 15 106
494 0 58
494 0 110
494 15 83
494 15 106
494 43 58
494 43 124
494 58 124
494 83 106
494 98 110
495 85 106
496 0 84
496 17 84
497 59 106
498 7 51
499 0 106
499 99 124
500 17 23
500 23 29
500 23 51
500 23 65
500 23 88
500 43 99
500 65 72
500 65 110
500 88 101
501 29 124
501 59 124
501 99 106
502 5 17
502 5 35
502 7 124
502 17 35
503 29 99
504 17 124
504 70 85
504 72 95
505 97 106
508 7 95
508 91 95
510 95 116
511 59 91
512 35 64
512 59 98
512 88 99
512 88 101
512 96 101
512 97 106
514 8 23
514 29 72
515 65 120
517 15 65
518 97 124
519 51 97
519 58 64
519 58 85
519 64 85
520 35 97
520 64 93
520 64 96
520 93 96
521 9 65
521 58 116
522 23 110
522 65 91
522 91 99
523 9 96
523 17 58
523 51 64
524 5 97
524 59 101
525 9 110
525 23 86
525 98 124
526 9 106
526 83 101
526 88 124
527 5 23
527 5 83
527 15 64
527 15 65
527 59 106
527 64 65
528 58 72
528 101 124
530 17 116
530 59 98
530 65 98
530 70 84
531 0 7
531 0 65
531 7 65
532 0 7
532 0 65
532 7 65
532 17 23
532 99 101
533 0 85
533 29 84
533 35 99
533 64 85
533 97 124
534 43 97
534 97 106
535 5 58
535 23 99
535 51 106
536 72 84
537 12 116
537 91 98
538 0 83
538 0 116
538 7 35
538 83 116
539 0 9
539 9 124
539 72 97
539 83 95
540 29 51
540 29 72
540 40 51
540 51 72
540 70 84
541 43 58
541 43 124
541 58 124
542 35 99
542 51 59
542 58 99
542 66 88
543 5 17
543 9 97
544 5 12
544 9 93
544 12 49
544 23 66
545 0 110
545 5 91
545 5 116
545 8 98
545 9 15
545 51 70
545 91 116
545 97 110
546 65 91
546 91 99
547 12 15
547 15 106
547 66 116
548 84 124
549 0 49
549 0 93
549 8 64
549 49 93
550 8 66
550 8 72
550 9 40
550 17 40
550 66 72
550 79 120
551 8 99
551 17 84
551 65 72
552 8 59
552 23 72
552 43 58
552 43 124
552 58 124
553 23 65
553 65 83
553 70 98
555 0 98
555 35 65
556 8 51
556 9 95
556 15 88
556 29 88
557 23 64
557 40 97
558 7 66
558 8 15
558 8 116
558 15 116
558 40 98
558 69 79
558 79 106
559 15 70
559 43 49
559 51 70
560 51 59
561 9 79
561 23 99
561 40 66
561 43 95
562 15 51
562 49 84
563 5 40
563 5 51
563 5 69
563 5 70
563 40 69
563 51 70
563 93 106
563 97 101
566 0 83
566 0 116
566 17 99
566 66 70
566 83 116
567 7 66
567 8 66
567 8 72
567 66 72
567 66 79
567 98 110
569 12 23
569 29 99
569 43 95
570 9 99
570 43 97
571 23 59
571 23 64
571 23 79
571 59 79
571 66 120
572 9 22
572 15 64
572 35 120
572 58 64
572 58 85
572 64 65
572 64 85
572 64 120
572 65 70
572 84 101
573 9 99
573 23 59
573 23 83
573 99 124
573 110 124
574 7 8
574 7 12
574 8 12
574 65 93
574 85 93
575 35 84
576 35 69
577 0 15
577 0 22
577 5 93
577 5 121
577 9 12
577 15 22
577 51 64
577 51 65
577 93 121
578 15 66
578 15 83
578 15 106
578 83 106
579 0 16
579 0 88
579 5 15
579 8 22
579 8 86
579 15 22
579 16 88
579 35 99
579 70 95
580 0 15
580 0 22
580 15 22
580 16 99
580 22 99
580 79 120
581 7 40
581 9 22
581 29 101
581 40 59
581 93 101
582 7 96
583 17 91
583 17 96
583 35 97
583 91 96
584 12 95
584 23 64
584 40 64
584 72 96
584 99 124
585 0 23
585 0 84
585 58 88
586 23 98
586 43 88
586 51 70
586 59 88
587 5 93
587 5 121
587 35 97
587 93 121
588 0 29
588 9 99
588 22 29
588 65 72
588 65 110
589 7 124
589 14 35
589 15 43
589 16 65
589 65 91
589 65 99
589 70 72
589 70 93
589 72 93
589 84 106
589 91 99
590 5 43
590 5 64
590 5 95
590 9 97
590 9 98
590 15 65
590 43 101
590 72 106
590 85 98
591 0 22
591 7 99
591 43 101
591 86 101
592 43 58
592 43 124
592 58 124
592 95 97
593 0 9
593 9 65
593 29 66
593 65 72
594 23 35
594 23 84
595 40 99
596 14 29
596 14 116
596 29 116
597 49 91
597 58 97
598 0 5
599 8 86
599 23 59
599 23 79
599 58 110
599 59 79
600 0 58
600 9 65
600 14 49
600 14 64
600 17 43
600 17 49
600 43 49
600 84 97
601 8 84
601 12 91
601 12 121
601 29 66
601 35 51
601 84 98
601 91 121
602 9 14
602 14 101
602 22 93
602 66 101
602 70 72
603 12 116
603 91 106
604 5 40
604 5 64
604 5 69
604 5 83
604 8 14
604 8 43
604 14 43
604 35 69
604 40 69
604 64 83
605 0 58
605 0 120
605 15 59
605 43 58
605 43 124
605 58 124
605 99 121
606 35 121
608 14 98
608 59 98
608 65 98
609 7 29
609 16 69
609 29 65
609 29 101
609 35 101
609 49 72
609 66 116
609 69 124
610 83 124
612 0 15
612 0 22
612 5 121
612 9 43
612 15 22
613 0 35
613 0 79
613 22 99
614 0 58
614 8 15
614 8 116
614 15 116
614 40 58
615 12 97
617 0 49
617 0 93
617 8 14
617 8 43
617 14 43
617 23 59
617 23 79
617 49 93
617 59 79
617 93 97
617 97 124
618 22 40
618 72 97
618 101 124
619 0 12
619 14 16
619 14 29
619 16 29
619 16 91
619 29 58
619 29 91
619 49 69
619 58 91
619 58 91
619 65 121
620 5 51
620 5 70
620 23 35
620 23 91
620 23 120
620 49 98
620 51 70
620 58 93
620 95 101
620 98 99
621 7 85
621 8 83
622 7 99
622 12 29
622 12 91
622 12 121
622 29 97
622 72 106
622 84 116
622 91 121
622 116 120
623 9 85
623 69 99
624 0 49
624 0 93
624 7 116
624 8 66
624 8 72
624 22 49
624 49 93
624 66 72
624 83 106
624 86 101
625 14 98
625 35 124
625 40 124
625 58 83
625 66 85
626 14 99
626 43 88
626 86 124
627 9 98
627 85 98
628 15 121
628 66 99
628 69 121
629 7 98
629 9 15
629 12 15
629 15 106
630 8 14
630 8 43
630 14 43
630 29 65
630 29 101
631 12 40
631 12 84
631 14 93
632 5 51
632 5 70
632 7 22
632 51 70
633 65 121
633 66 121
633 99 106
634 17 23
634 23 88
634 59 99
634 69 72
635 23 86
635 51 121
635 70 72
635 70 93
635 72 93
636 0 66
636 9 16
636 23 35
636 51 84
637 9 43
637 14 59
637 15 23
637 15 59
637 15 66
637 15 98
637 40 59
637 40 79
637 59 79
637 65 83
637 65 91
638 7 15
638 64 65
639 5 120
639 35 99
639 83 84
640 0 35
640 15 23
640 23 51
640 86 106
641 16 101
641 29 101
641 83 95
642 8 106
642 9 106
642 14 16
642 14 29
642 16 29
642 51 106
642 79 97
642 88 101
643 0 110
643 49 58
643 65 91
644 12 91
644 12 121
644 88 99
644 91 121
645 0 8
645 0 116
645 0 121
645 8 121
645 12 106
645 40 66
646 7 99
646 16 70
646 51 59
646 70 124
647 0 51
647 0 79
647 0 99
647 8 35
648 0 7
648 0 65
648 7 65
648 12 83
648 12 116
648 70 85
648 83 116
648 99 110
648 99 116
648 110 116
649 5 106
649 9 93
649 9 116
649 14 58
649 14 95
649 29 65
649 49 86
650 5 9
650 9 88
650 29 58
650 29 84
650 35 124
650 95 124
651 0 8
651 0 121
651 5 12
651 7 23
651 7 101
651 8 121
651 12 88
651 98 124
652 23 97
652 70 84
653 7 84
653 8 124
653 43 49
653 79 84
653 95 99
654 16 49
654 16 124
654 35 97
654 49 65
654 84 97
655 15 79
656 0 59
656 9 124
656 70 121
656 84 88
656 88 124
657 5 15
657 15 69
657 16 22
657 22 106
657 22 121
657 43 58
657 43 124
657 58 124
658 9 43
658 35 99
658 51 79
658 58 98
659 14 99
659 14 101
659 15 64
659 17 43
659 17 49
659 43 49
659 64 65
659 93 101
660 0 79
660 0 99
660 8 84
660 14 49
660 14 88
660 15 58
660 16 40
660 35 79
660 49 88
660 64 124
660 84 93
660 101 124
661 14 49
661 35 65
661 43 121
661 91 99
662 0 12
662 8 86
662 12 97
663 35 59
663 58 106
663 65 106
664 8 88
664 8 116
664 14 15
664 14 40
664 17 60
664 66 120
664 88 116
665 0 15
665 0 22
665 7 23
665 12 91
665 12 121
665 15 22
665 40 59
665 40 79
665 59 79
665 59 91
665 60 93
665 64 93
665 64 96
665 66 106
665 91 99
665 91 121
665 93 96
665 98 106
665 106 110
666 0 65
666 9 15
666 15 84
666 17 43
666 17 49
666 23 64
666 43 49
666 43 66
666 58 106
666 65 106
666 66 95
666 72 96
667 8 116
667 40 106
667 65 84
668 0 83
668 0 116
668 9 121
668 14 43
668 15 99
668 16 72
668 16 91
668 22 35
668 49 70
668 58 91
668 65 97
668 65 99
668 83 116
669 0 83
669 0 116
669 5 93
669 5 121
669 23 84
669 23 101
669 83 116
669 93 121
670 14 95
670 49 69
670 49 99
671 43 58
671 43 124
671 58 124
672 0 85
672 60 124
672 64 85
672 79 95
672 98 110
673 0 49
673 0 93
673 49 93
673 58 91
674 5 51
674 5 70
674 35 79
674 43 97
674 51 70
674 59 84
675 12 91
675 12 121
675 60 69
675 83 98
675 91 121
676 12 23
676 14 121
676 93 101
677 51 84
677 66 72
678 8 15
679 5 51
679 5 70
679 9 121
679 23 49
679 51 70
679 51 84
680 17 116
680 51 97
680 66 85
680 66 124
680 84 116
680 97 99
681 5 16
681 5 64
681 7 83
681 9 60
681 9 93
681 16 64
681 66 83
681 66 88
681 79 83
681 95 106
681 99 120
682 0 116
682 15 83
682 15 106
682 35 121
682 43 66
682 59 66
682 65 88
682 83 106
684 0 65
684 9 116
684 16 58
684 22 66
684 49 60
684 79 124
685 0 83
685 0 116
685 9 79
685 35 58
685 51 64
685 51 65
685 83 116
685 95 124
686 0 29
686 8 66
686 8 72
686 15 70
686 23 116
686 29 93
686 51 70
686 66 72
687 7 99
687 8 58
687 23 120
687 35 49
687 66 124
688 22 69
688 43 106
689 15 64
689 64 88
689 70 72
689 70 93
689 72 93
690 12 84
690 49 84
690 51 65
691 5 66
691 8 14
691 8 43
691 8 66
691 8 72
691 14 43
691 17 22
691 40 99
691 66 72
691 66 72
691 84 99
691 120 121
692 16 83
692 23 59
692 23 65
692 23 79
692 35 99
692 51 65
692 59 79
693 9 85
693 22 63
693 35 95
693 43 72
693 58 95
693 63 116
694 9 97
694 49 97
694 58 95
694 86 110
694 91 116
695 7 84
695 17 69
695 17 70
695 23 64
695 23 110
695 65 85
695 69 70
695 83 101
695 84 85
695 85 98
697 7 40
697 8 9
697 9 12
697 83 97
697 85 99
698 63 72
698 72 79
699 65 101
700 8 9
700 8 17
700 8 66
700 9 93
700 17 66
700 43 95
700 64 97
700 70 95
701 5 88
701 5 101
701 7 40
701 9 17
701 14 29
701 14 116
701 29 116
701 49 84
701 88 101
702 14 99
702 14 101
702 17 99
702 22 35
703 8 66
703 14 16
703 14 29
703 16 29
703 23 59
703 40 66
703 59 72
703 66 69
703 69 79
704 15 83
704 15 106
704 35 99
704 40 86
704 83 88
704 83 106
704 101 116
705 7 35
705 40 110
705 43 51
705 66 110
705 72 110
705 88 116
706 0 83
706 0 116
706 16 66
706 16 83
706 66 83
706 83 116
706 97 106
707 7 12
707 7 60
707 7 65
707 8 97
707 23 59
707 23 79
707 43 97
707 49 65
707 59 79
708 9 23
708 22 70
708 70 85
709 16 35
709 63 98
709 79 124
709 83 120
710 0 9
710 8 9
710 49 65
711 63 83
712 0 43
712 23 51
712 29 63
712 29 121
712 35 106
713 5 12
713 12 49
713 22 84
713 29 72
713 35 79
714 0 16
714 0 88
714 9 121
714 15 93
714 16 66
714 16 83
714 16 88
714 17 43
714 17 49
714 22 120
714 35 66
714 43 49
714 51 121
714 58 93
714 63 65
714 63 83
714 66 83
714 97 124
715 7 29
715 8 22
715 8 51
715 14 99
715 22 51
715 29 59
715 40 63
716 9 15
716 12 51
716 17 43
716 17 49
716 43 49
717 43 86
717 95 97
718 35 65
719 8 60
719 8 64
719 58 101
719 60 64
719 60 66
719 69 72
720 5 93
720 5 121
720 9 63
720 9 98
720 14 29
720 14 116
720 29 116
720 35 49
720 40 59
720 40 79
720 59 79
720 93 121
721 12 22
721 12 51
721 14 79
721 22 66
721 23 72
721 51 93
721 60 70
721 79 120
721 99 110
721 99 116
721 110 116
722 9 60
722 9 93
722 12 83
722 12 116
722 14 69
722 17 91
722 17 96
722 83 116
722 84 106
722 91 96
723 7 93
723 22 99
723 59 106
723 65 124
723 95 116
723 106 120
724 5 93
724 5 121
724 15 99
724 16 84
724 17 23
724 22 97
724 23 59
724 23 79
724 23 88
724 40 98
724 59 79
724 79 124
724 93 121
725 0 85
725 7 63
725 23 51
725 23 60
725 51 60
725 64 85
725 70 72
725 70 93
725 72 93
725 95 124
726 5 15
726 5 116
726 9 95
726 15 69
726 15 83
726 15 106
726 16 66
726 83 106
727 8 64
727 15 23
727 15 59
728 49 124
728 79 85
728 84 96
728 84 101
729 5 40
729 5 69
729 40 69
729 43 96
729 63 79
729 84 88
729 84 101
730 5 35
730 9 98
730 14 49
730 40 98
730 49 91
731 5 12
731 8 22
731 8 40
731 8 43
731 12 49
731 22 43
731 22 97
731 29 65
731 29 101
731 43 66
731 43 70
731 66 70
731 83 91
732 0 29
732 0 69
732 5 84
732 12 65
732 12 121
732 14 43
732 49 72
732 60 120
733 0 15
733 0 22
733 8 22
733 8 23
733 14 98
733 15 22
733 22 23
733 84 88
734 0 106
734 9 60
734 15 23
734 15 59
734 51 116
734 58 110
734 60 97
734 63 64
734 63 99
734 79 97
734 95 99
734 95 116
735 15 85
736 5 93
736 5 121
736 8 60
736 8 64
736 15 84
736 49 91
736 49 106
736 60 64
736 93 121
737 43 64
737 63 64
737 63 91
737 72 84
737 84 85
738 7 98
738 51 84
738 51 99
739 9 16
739 43 83
740 8 79
740 9 110
740 40 69
740 59 83
741 5 17
741 5 35
741 17 35
741 29 60
741 29 66
741 60 64
741 60 66
742 5 12
742 8 15
742 8 49
742 12 88
742 15 43
742 15 49
742 59 110
742 70 98
742 91 106
743 9 124
743 23 60
743 60 124
743 72 98
743 84 95
744 7 121
744 15 43
744 22 98
745 0 43
745 8 22
745 8 23
745 22 23
745 51 64
745 51 65
745 65 72
745 65 95
745 83 99
746 16 72
746 29 99
746 40 72
746 43 116
746 63 84
746 64 97
746 66 93
746 72 84
746 72 106
746 84 120
746 95 110
747 5 99
747 9 79
747 35 60
747 43 66
747 43 70
747 59 84
747 66 70
747 66 79
747 99 124
748 9 79
748 66 101
749 15 49
749 65 83
749 65 91
749 98 124
750 0 60
750 15 95
750 17 51
751 14 84
751 15 96
751 15 110
751 29 84
751 43 66
751 43 70
751 64 83
751 66 70
751 88 110
751 96 110
752 12 17
752 15 79
752 15 96
752 43 86
752 43 124
752 63 84
752 70 97
752 79 96
753 43 93
753 106 121
754 0 58
754 0 79
754 16 40
754 59 98
755 0 7
755 0 65
755 7 65
755 40 66
755 66 69
756 5 15
756 7 51
756 15 69
756 35 65
756 63 66
756 65 106
757 15 96
757 15 110
757 72 93
757 83 124
757 96 110
758 12 124
758 16 17
758 43 58
758 43 124
758 58 124
759 9 23
759 9 79
759 14 17
759 43 106
759 63 84
760 9 66
760 9 88
760 49 106
760 64 124
760 66 104
761 5 93
761 5 121
761 9 35
761 9 66
761 66 104
761 83 106
761 93 121
761 99 110
761 99 116
761 110 116
762 16 91
762 17 91
762 23 110
762 35 97
762 58 91
762 65 104
762 65 120
762 104 120
763 8 22
763 8 23
763 14 93
763 17 43
763 17 49
763 22 23
763 23 35
763 35 124
763 40 58
763 43 49
763 49 124
763 65 95
763 65 104
763 95 104
764 15 29
764 15 110
764 22 79
764 64 121
765 9 98
765 17 43
765 17 49
765 43 49
765 43 84
766 5 91
766 5 116
766 12 101
766 91 116
767 14 106
767 22 101
767 22 124
767 23 98
767 29 64
767 29 65
767 35 66
767 49 95
767 51 121
767 64 93
767 64 96
767 93 96
768 0 49
768 0 93
768 5 91
768 5 116
768 23 98
768 23 101
768 49 93
768 60 84
768 65 106
768 91 116
768 97 124
769 79 120
769 99 121
770 12 91
770 12 121
770 15 83
770 15 106
770 22 40
770 22 104
770 35 84
770 51 84
770 64 99
770 83 106
770 91 121
770 101 110
770 116 120
771 5 17
771 17 40
771 17 58
771 40 58
772 0 49
772 0 93
772 7 124
772 12 16
772 15 59
772 15 91
772 15 99
772 49 93
772 65 99
772 97 99
774 0 7
774 0 65
774 7 65
774 7 88
774 9 120
774 14 83
774 22 98
774 51 106
774 59 99
774 65 124
774 99 101
775 8 106
775 64 99
775 84 104
776 8 43
776 12 15
776 15 106
776 58 64
777 5 72
777 5 101
777 12 15
777 43 66
777 43 70
777 43 97
777 51 99
777 59 110
777 66 70
778 0 51
778 12 91
778 12 121
778 16 51
778 16 66
778 16 83
778 22 40
778 22 104
778 58 95
778 66 83
778 91 121
779 0 15
779 0 22
779 15 22
779 51 99
779 83 95
779 85 121
780 15 16
780 15 66
780 22 58
780 22 99
780 58 104
781 14 15
781 14 79
781 15 104
781 43 72
781 58 66
781 79 120
782 7 23
782 23 51
782 23 60
782 23 98
782 40 49
782 51 60
783 9 91
783 15 98
783 16 35
783 63 99
783 65 95
783 72 98
783 72 101
783 84 88
783 98 104
784 0 29
784 0 106
784 5 35
784 5 43
784 15 35
784 29 93
784 29 106
784 43 101
784 64 98
785 0 16
785 0 49
785 0 59
785 0 88
785 0 93
785 0 104
785 14 91
785 16 88
785 23 29
785 23 51
785 23 60
785 23 110
785 29 60
785 35 106
785 40 84
785 49 93
785 58 106
785 64 120
785 99 120
786 8 22
786 8 23
786 9 95
786 22 23
786 23 35
786 23 98
786 49 97
787 0 49
787 0 93
787 14 96
787 15 99
787 35 63
787 43 66
787 43 70
787 43 72
787 49 93
787 65 99
787 66 70
787 72 93
787 72 98
787 72 101
787 85 124
788 14 43
788 22 101
788 43 58
788 43 124
788 49 98
788 58 124
788 60 99
789 12 22
789 22 66
789 60 65
790 0 49
790 0 93
790 7 8
790 7 12
790 7 51
790 8 12
790 14 65
790 14 96
790 17 64
790 29 63
790 29 121
790 49 93
790 63 99
790 65 96
791 8 97
791 15 23
791 15 59
791 17 43
791 17 49
791 35 64
791 43 49
791 64 79
792 0 110
792 7 95
792 12 99
792 14 49
792 14 88
792 17 23
792 22 23
792 22 95
792 22 104
792 23 88
792 40 99
792 49 88
792 60 124
792 63 85
792 63 124
792 91 95
793 8 116
793 35 49
793 51 60
793 51 72
793 70 93
794 0 7
794 0 65
794 7 65
794 12 91
794 12 121
794 22 99
794 35 51
794 40 116
794 91 121
795 5 124
795 7 51
795 8 22
795 8 51
795 22 51
795 121 124
796 0 58
796 0 79
796 0 93
796 0 99
796 40 65
796 49 64
796 63 106
796 85 93
797 0 64
797 5 58
797 5 124
797 14 84
797 16 51
797 49 64
797 51 98
797 51 99
797 72 106
797 72 124
798 0 83
798 0 116
798 9 63
798 12 124
798 14 106
798 15 29
798 15 110
798 70 121
798 83 116
798 98 124
799 12 91
799 12 121
799 15 99
799 17 83
799 22 101
799 49 65
799 49 124
799 65 99
799 65 124
799 66 101
799 91 121
800 14 99
800 83 99
800 84 124
801 14 49
801 14 88
801 15 83
801 15 106
801 17 97
801 49 66
801 49 88
801 63 64
801 63 91
801 83 106
801 120 124
802 16 69
802 23 51
802 23 60
802 51 60
802 69 124
803 8 84
803 12 22
803 14 79
803 22 66
803 43 99
803 79 120
803 84 93
804 8 22
804 8 43
804 8 85
804 9 22
804 22 43
804 22 98
804 35 63
804 49 84
804 63 99
805 8 14
805 15 17
805 64 79
806 0 85
806 15 83
806 15 106
806 64 85
806 83 106
807 14 85
807 23 58
807 51 58
807 66 83
808 8 66
808 8 72
808 14 16
808 14 29
808 16 29
808 35 66
808 66 72
808 97 124
809 0 66
809 5 15
809 15 69
809 63 64
809 63 91
809 63 99
809 70 101
809 79 97
810 5 12
810 7 93
810 43 98
810 49 65
810 121 124
811 0 66
811 43 63
812 29 64
812 64 106
812 66 72
812 70 124
812 84 124
813 0 16
813 0 88
813 5 84
813 12 17
813 16 88
813 84 98
814 9 85
814 14 49
814 14 88
814 49 88
814 63 89
814 96 106
815 12 22
815 15 69
815 22 66
815 69 99
815 97 121
816 12 98
816 65 72
816 65 110
817 15 98
817 29 40
817 29 64
817 63 84
817 98 104
817 106 124
818 7 83
818 12 70
818 35 101
818 49 106
818 70 110
819 0 89
819 0 116
819 8 60
819 16 66
819 16 70
819 16 83
819 23 88
819 49 69
819 49 99
819 59 84
819 63 84
819 66 83
819 70 124
820 7 35
820 35 99
820 43 98
820 59 84
821 12 15
821 12 124
821 14 16
821 14 29
821 15 23
821 15 106
821 16 29
821 23 66
821 29 106
821 64 121
821 72 84
821 83 93
821 88 121
821 106 124
822 5 17
822 5 35
822 9 60
822 17 35
822 22 88
822 35 110
822 69 84
823 13 99
823 13 110
823 15 95
823 16 70
823 23 58
823 29 60
823 29 66
823 51 58
823 60 66
823 70 124
823 95 121
823 104 121
824 14 65
824 40 110
825 8 22
825 8 23
825 14 49
825 14 88
825 16 43
825 22 23
825 43 93
825 49 88
825 51 59
825 79 99
826 9 60
826 9 79
826 9 93
826 13 40
826 13 89
826 22 35
826 58 120
827 12 120
827 93 121
828 8 106
828 15 97
828 17 84
828 43 97
828 51 106
828 69 99
828 106 124
829 7 124
829 8 124
829 9 43
829 12 16
829 69 98
830 5 17
830 5 35
830 8 9
830 8 64
830 8 104
830 13 66
830 13 83
830 17 35
830 66 83
831 12 16
831 13 72
831 51 99
831 58 66
831 60 89
831 70 84
831 99 121
832 13 66
832 14 69
832 15 83
832 15 106
832 35 49
832 83 106
833 9 15
833 23 84
833 33 63
833 33 83
833 63 72
833 63 83
833 70 104
833 72 79
833 116 121
834 5 51
834 5 70
834 5 84
834 8 15
834 13 69
834 16 91
834 51 69
834 51 70
834 58 91
834 66 84
834 66 97
834 106 124
835 9 29
835 9 33
835 23 70
835 23 101
835 33 121
835 40 116
835 49 65
835 49 124
835 59 110
835 64 121
835 65 124
835 98 124
836 49 85
837 8 33
837 8 35
837 8 79
837 9 13
837 13 86
837 16 35
837 16 70
837 22 70
837 33 79
837 35 59
837 43 63
837 60 104
837 70 85
837 70 124
838 43 98
838 97 106
839 13 16
839 13 89
839 49 63
839 99 110
839 99 116
839 110 116
840 12 99
840 23 29
840 23 29
840 23 104
840 31 99
840 40 84
840 63 84
840 83 93
840 88 89
841 9 64
841 12 69
842 35 99
842 40 64
842 40 66
842 64 98
842 99 124
843 17 58
843 59 88
844 0 49
844 23 96
844 40 59
844 40 79
844 49 104
844 51 72
844 59 79
845 0 14
845 8 17
845 8 63
845 12 14
845 14 22
845 14 31
845 17 63
845 31 72
845 31 93
845 43 84
845 49 93
845 65 83
845 65 88
846 0 8
846 0 104
846 0 121
846 8 121
846 14 49
846 49 58
846 88 101
847 15 88
847 85 97
847 86 124
848 0 49
848 0 93
848 33 88
848 35 99
848 49 93
848 64 124
849 0 85
849 5 99
849 13 99
849 43 102
849 64 85
849 65 124
849 69 89
850 0 29
850 0 69
850 14 64
850 35 106
850 40 116
850 43 106
850 58 86
850 58 106
850 64 79
850 64 89
850 84 99
850 91 101
851 8 99
851 12 83
851 12 116
851 29 110
851 66 84
851 83 116
851 84 95
851 84 110
852 0 29
852 0 59
852 0 69
852 12 51
852 33 63
852 33 83
852 49 65
852 49 124
852 63 83
852 63 96
852 65 124
852 72 98
852 72 101
852 98 124
853 5 17
853 5 35
853 7 59
853 14 79
853 17 35
853 29 40
853 51 121
853 63 86
853 66 106
853 79 120
853 97 110
854 0 58
854 0 110
854 8 66
854 63 72
854 89 121
855 7 99
855 16 29
855 16 104
855 29 84
855 29 104
855 35 72
855 51 70
855 85 116
856 8 40
856 31 43
856 31 120
856 35 84
856 43 120
856 58 97
856 69 84
856 72 99
857 8 16
857 9 40
857 9 84
857 15 69
857 22 124
857 31 86
857 65 89
857 69 99
858 85 98
859 5 40
859 5 69
859 7 12
859 7 60
859 40 69
859 70 124
860 13 79
860 16 91
860 33 65
860 58 91
861 0 59
861 0 63
861 5 64
861 5 83
861 8 13
861 8 49
861 13 49
861 16 66
861 16 83
861 17 97
861 40 84
861 63 84
861 64 83
861 66 83
861 69 79
861 79 106
862 5 93
862 5 121
862 7 91
862 8 15
862 8 116
862 15 63
862 15 96
862 15 116
862 63 96
862 66 97
862 93 121
863 0 9
863 7 51
863 14 84
863 31 58
863 51 88
864 0 99
864 31 120
864 35 85
865 0 40
865 23 66
865 43 99
865 49 99
865 58 59
865 58 70
865 59 70
865 60 66
866 5 15
866 9 85
866 9 116
866 12 35
866 15 69
866 16 58
866 23 84
866 43 70
866 70 120
866 79 84
867 12 83
867 12 116
867 31 86
867 49 84
867 66 106
867 83 116
867 84 120
868 0 85
868 7 95
868 13 89
868 13 93
868 14 49
868 14 64
868 31 89
868 40 43
868 64 85
868 72 84
868 89 121
868 91 95
869 14 16
869 14 29
869 16 29
869 23 59
869 23 79
869 59 79
870 5 51
870 5 70
870 12 22
870 22 104
870 29 33
870 29 59
870 51 70
870 66 83
870 79 83
871 13 89
871 31 88
871 40 65
871 40 89
872 8 33
872 8 79
872 9 60
872 12 99
872 15 22
872 17 97
872 22 104
872 23 35
872 29 89
872 33 79
872 43 58
872 43 124
872 58 124
872 72 91
872 72 110
872 91 98
873 0 16
873 0 88
873 5 88
873 5 101
873 9 66
873 16 88
873 22 98
873 23 35
873 31 58
873 58 97
873 88 101
874 8 66
874 12 97
874 13 35
874 22 40
874 22 104
874 22 124
874 59 110
874 89 106
874 89 124
874 97 106
875 9 31
875 22 79
875 31 98
875 58 65
875 63 66
875 72 98
876 8 60
876 8 64
876 12 69
876 12 88
876 49 59
876 59 85
876 60 64
876 63 98
876 89 115
877 8 22
877 8 51
877 17 79
877 22 51
877 51 115
877 99 101
878 7 9
878 13 49
878 13 97
878 49 69
878 63 91
878 66 98
878 110 120
879 0 7
879 0 65
879 7 65
879 9 104
879 23 99
879 33 98
879 35 110
879 35 124
879 65 101
879 65 115
879 66 98
879 97 124
880 15 65
880 35 96
880 40 98
880 64 72
880 70 97
880 88 89
881 0 66
881 7 60
881 8 97
881 9 31
881 59 95
881 59 99
881 66 95
882 5 91
882 5 97
882 5 116
882 8 88
882 9 96
882 12 124
882 15 93
882 16 66
882 16 83
882 41 110
882 66 83
882 72 124
882 91 116
882 97 121
883 22 31
883 22 106
883 22 110
883 49 69
883 49 99
883 59 85
883 65 101
883 88 89
884 5 31
884 5 33
884 7 101
884 9 41
884 13 49
884 15 98
884 31 33
884 40 70
884 41 49
884 58 97
884 72 89
884 89 101
885 9 51
885 22 35
885 49 65
885 64 101
885 93 106
886 9 13
886 9 49
886 16 101
886 23 106
886 33 84
886 35 84
887 7 84
887 16 69
887 17 99
887 64 93
887 64 96
887 69 124
887 93 96
888 7 23
888 13 85
888 23 98
888 31 101
888 35 124
888 41 121
888 43 88
888 59 88
888 72 106
889 5 110
889 17 43
889 17 49
889 23 64
889 29 40
889 31 89
889 32 95
889 35 58
889 40 64
889 43 49
890 5 93
890 5 121
890 7 41
890 7 99
890 8 88
890 8 116
890 13 40
890 13 58
890 14 43
890 29 58
890 40 59
890 40 79
890 59 79
890 63 99
890 88 116
890 93 121
891 8 35
891 8 60
891 8 64
891 8 99
891 12 121
891 29 64
891 29 99
891 29 115
891 29 120
891 35 104
891 40 70
891 60 64
891 64 120
891 65 66
891 99 115
892 5 40
892 5 69
892 14 63
892 14 116
892 23 35
892 32 84
892 33 116
892 33 120
892 40 69
892 43 99
892 63 116
892 84 95
892 116 120
893 16 66
893 16 83
893 22 40
893 22 104
893 35 72
893 66 83
893 72 89
894 16 72
894 22 70
894 32 85
894 41 84
894 63 84
894 64 84
894 79 95
894 85 124
894 99 110
894 99 120
895 0 14
895 7 23
895 7 40
895 14 31
895 15 99
895 16 51
895 23 33
895 23 106
895 29 51
895 49 91
895 49 106
895 65 95
895 65 104
895 72 88
895 79 89
895 95 104
896 12 23
897 0 16
897 0 120
897 22 106
897 23 59
897 23 79
897 33 63
897 33 83
897 33 116
897 33 120
897 59 79
897 63 83
897 84 89
897 116 120
898 0 72
898 5 31
898 5 33
898 9 64
898 13 31
898 15 79
898 15 96
898 22 101
898 23 35
898 31 33
898 31 64
898 31 83
898 31 93
898 40 64
898 40 120
898 58 120
898 64 98
898 79 96
898 84 99
898 88 115
898 89 121
898 97 124
899 8 22
899 8 23
899 22 23
899 31 124
899 41 124
899 69 93
900 32 81
900 32 85
900 41 85
900 49 84
900 58 72
901 8 22
901 8 51
901 9 13
901 22 51
901 40 110
901 43 104
902 0 15
902 0 22
902 0 40
902 9 106
902 12 99
902 15 22
902 17 65
902 22 116
902 23 51
902 23 60
902 32 72
902 41 93
902 43 88
902 43 121
902 49 106
902 51 60
902 59 88
902 84 101
902 86 93
903 16 101
903 22 101
903 29 101
903 89 98
904 7 124
904 9 84
904 14 17
904 23 70
904 23 99
904 41 93
904 43 88
904 43 99
904 49 99
904 58 66
904 63 89
904 69 101
904 70 84
904 93 110
905 5 65
905 5 89
905 7 79
905 9 110
905 12 49
905 65 89
906 0 88
906 14 63
906 14 65
906 14 116
906 22 99
906 43 101
906 63 116
906 64 93
906 64 96
906 88 115
906 93 96
906 95 101
906 99 110
906 99 116
906 110 116
907 5 40
907 5 69
907 7 9
907 8 91
907 8 104
907 13 32
907 13 97
907 22 43
907 22 104
907 32 58
907 35 65
907 35 72
907 40 69
907 41 124
907 43 88
907 91 104
