0 39 78
52 39 78
144 25 79
153 114 117
156 25 114
177 25 114
183 21 114
187 80 114
188 25 60
193 25 101
203 77 78
204 21 39
210 79 109
210 101 109
233 21 25
234 46 78
236 21 52
242 25 119
242 39 80
247 77 101
255 39 46
259 25 52
260 14 109
262 21 119
264 54 78
264 78 123
265 23 109
265 80 109
268 23 109
279 39 51
279 39 52
279 51 52
281 14 34
281 14 77
281 22 51
281 25 79
281 34 77
290 54 60
295 21 31
295 34 101
297 23 105
298 39 79
299 52 60
299 60 119
301 23 51
305 23 78
308 79 119
310 77 119
315 31 80
315 52 109
315 79 114
315 109 114
317 22 52
317 31 39
317 31 60
317 39 60
321 101 114
322 21 109
327 39 114
330 14 79
332 14 60
334 80 119
336 22 77
336 22 101
336 23 78
338 54 78
339 22 60
340 25 109
341 14 60
342 22 39
342 22 119
342 39 119
342 54 78
342 79 114
348 14 80
348 23 39
348 39 109
354 25 114
355 54 75
355 54 79
362 14 105
368 25 114
370 22 31
370 45 105
372 31 39
372 31 60
372 39 60
373 39 51
373 51 52
374 78 109
376 45 79
376 46 79
376 51 114
378 21 45
378 21 109
380 14 23
380 14 52
380 23 52
381 31 39
381 31 60
381 39 60
382 21 31
382 39 51
386 80 114
387 21 101
391 14 45
392 31 119
394 21 109
394 25 105
394 37 105
394 54 60
396 25 45
396 37 45
398 45 109
399 51 105
399 51 117
400 31 39
400 31 60
400 39 60
403 25 80
404 20 119
404 29 37
405 51 78
405 78 123
406 20 31
406 23 109
406 80 109
407 22 45
408 45 80
408 78 80
409 25 123
409 34 39
409 34 75
409 39 75
410 23 29
410 23 77
410 29 77
411 80 124
412 21 114
413 25 78
414 101 124
416 18 105
418 45 114
418 78 117
420 21 25
420 51 105
420 54 105
420 77 78
422 18 39
422 39 124
422 52 109
423 109 124
424 23 109
425 51 78
425 78 123
426 25 105
426 45 51
426 45 79
426 51 79
430 22 114
431 119 124
432 42 109
433 52 79
436 14 39
436 75 119
437 31 105
437 52 101
438 20 109
438 109 114
439 29 45
440 22 39
440 22 119
440 39 119
441 21 52
441 80 105
443 39 51
443 39 52
443 51 52
444 20 21
444 22 31
444 22 37
444 31 37
445 22 80
445 105 114
446 52 78
447 29 51
448 52 79
449 45 119
449 52 80
450 18 22
450 21 22
451 25 31
453 14 109
454 18 75
454 20 105
454 51 78
455 39 52
455 39 77
455 52 77
456 80 92
457 45 124
458 14 42
459 21 22
460 23 92
460 42 92
460 109 124
462 18 79
462 52 75
463 20 39
463 45 105
464 25 75
465 29 77
466 21 23
466 31 39
466 31 60
466 39 60
466 39 123
466 80 119
470 14 39
470 25 31
470 29 80
470 29 124
470 75 119
472 92 119
473 14 60
473 42 77
474 31 52
474 39 105
475 14 60
475 31 60
477 21 124
477 31 124
477 34 75
478 119 124
481 31 60
481 37 51
481 92 101
484 14 60
484 23 31
484 29 31
484 31 51
484 31 60
484 52 114
484 79 114
486 80 124
487 25 80
487 105 119
489 25 92
490 14 23
490 42 109
492 18 42
492 21 22
492 23 42
492 25 31
493 45 105
493 109 124
495 14 60
495 23 25
496 21 79
496 42 80
496 42 124
496 45 80
496 78 80
497 14 77
497 42 77
498 20 79
498 20 92
498 20 105
498 79 92
499 22 105
499 23 39
499 31 39
499 31 60
499 39 60
499 78 109
500 23 80
500 25 77
500 25 109
500 77 109
501 23 29
503 20 22
503 22 114
503 29 124
504 18 39
504 20 37
504 20 46
504 37 46
504 39 124
504 42 92
505 21 60
506 21 23
506 25 123
506 105 114
508 77 101
510 14 114
510 31 51
510 31 54
511 14 51
511 23 80
512 25 29
513 42 109
513 51 105
514 21 51
514 51 109
515 78 119
516 21 22
517 23 109
517 45 80
517 51 78
517 78 80
517 78 123
518 31 51
518 31 92
518 79 119
519 14 105
519 21 25
519 78 109
520 18 22
520 18 39
520 31 92
520 34 39
520 34 75
520 39 75
520 39 124
520 45 114
523 77 92
525 34 39
526 25 105
526 39 105
526 52 60
527 23 37
527 31 54
529 14 79
529 14 124
529 21 75
529 21 78
529 25 114
529 29 77
529 29 92
529 78 109
531 29 42
531 42 75
532 39 105
533 79 109
534 25 42
535 21 77
536 39 105
537 22 119
537 25 52
537 31 45
539 21 39
539 21 124
539 39 124
540 23 24
540 23 77
540 24 77
541 24 80
541 101 119
542 24 60
543 18 45
544 18 20
544 18 39
544 20 39
544 37 92
544 51 78
544 78 123
545 14 31
545 39 42
548 80 105
550 31 34
550 31 42
550 34 42
551 14 34
551 14 77
551 24 101
551 34 77
553 42 119
554 23 82
554 34 82
554 42 80
555 22 78
555 78 82
556 51 75
557 18 45
557 39 105
558 29 60
558 31 92
558 60 80
558 77 105
559 18 39
559 31 92
559 31 114
559 39 124
559 80 117
560 23 101
560 25 59
560 42 124
561 22 23
561 39 59
561 75 80
562 23 46
562 46 82
563 24 101
564 20 37
564 20 46
564 31 52
564 37 46
565 25 77
567 22 29
568 14 22
568 25 77
568 25 109
568 77 109
569 14 29
569 18 51
569 22 54
570 18 21
570 18 105
570 23 54
571 21 52
571 37 51
572 18 39
572 20 25
572 20 37
572 20 75
572 22 105
572 23 51
572 25 37
572 39 124
572 42 124
573 20 119
573 24 123
573 119 124
574 14 34
574 14 77
574 18 29
574 29 78
574 34 77
576 39 46
576 39 79
577 42 75
578 25 59
578 37 109
579 14 105
580 14 23
580 14 37
580 14 52
580 18 59
580 18 117
580 21 109
580 23 52
580 29 45
581 21 39
581 21 124
581 34 39
581 34 75
581 39 75
581 39 124
582 18 22
583 14 18
583 42 119
584 31 75
584 42 82
584 82 114
585 24 77
587 18 21
587 25 92
587 34 105
588 20 25
588 29 51
590 18 23
592 14 60
592 25 82
592 31 60
592 37 51
592 37 59
592 45 54
592 51 59
592 82 92
593 21 37
594 21 22
595 101 109
597 18 25
597 20 22
597 37 105
597 78 105
597 82 105
598 18 20
598 18 39
598 20 39
598 42 80
599 42 105
599 77 105
600 23 82
600 34 82
600 39 80
602 23 80
603 21 23
603 21 25
603 23 52
604 34 39
604 34 75
604 39 75
605 25 124
605 29 79
605 29 82
605 29 105
606 59 80
608 42 124
609 14 23
609 14 52
609 14 60
609 23 52
609 25 78
609 31 60
610 78 109
611 18 20
611 18 39
611 20 39
611 22 60
611 46 60
612 18 20
612 18 39
612 20 39
612 31 109
612 54 80
614 21 29
614 25 114
615 0 119
615 14 52
615 14 60
615 23 109
615 24 109
615 25 80
615 39 52
616 21 105
616 29 78
616 101 109
618 18 22
618 21 60
618 24 60
618 59 92
619 23 31
619 25 29
619 29 31
619 52 105
619 79 82
621 21 78
621 45 114
621 78 109
622 0 105
622 78 82
622 101 124
624 22 59
624 54 80
625 42 119
626 18 46
626 21 46
626 31 52
626 52 105
628 14 23
628 14 52
628 21 23
628 23 52
629 22 92
629 23 24
629 23 77
629 24 77
629 51 114
630 21 46
630 23 24
630 23 77
630 24 77
630 52 75
632 0 119
632 21 59
632 22 31
632 22 37
632 31 37
633 0 21
634 21 39
634 21 124
634 29 124
634 39 59
634 39 124
635 0 51
635 52 75
635 52 124
636 14 60
636 18 105
636 21 82
636 51 74
637 20 79
637 20 92
637 29 74
637 29 77
637 79 92
639 25 77
639 25 105
639 77 105
640 18 37
640 22 24
640 82 105
641 18 29
641 20 25
641 20 37
641 25 37
641 29 92
642 74 105
644 0 97
644 31 34
644 31 117
644 109 117
646 21 124
646 52 80
647 21 51
647 22 31
647 25 78
648 21 25
649 18 75
649 23 75
649 29 105
650 14 42
650 24 54
652 21 39
652 21 105
652 21 124
652 39 124
653 39 97
654 14 51
656 23 25
656 23 105
656 39 51
656 39 52
656 51 52
657 24 124
657 29 31
657 42 45
658 37 109
658 39 59
659 20 45
659 23 45
659 25 109
659 37 45
660 20 80
660 24 105
660 77 80
661 18 37
661 18 82
661 37 82
661 39 105
661 42 77
661 75 119
661 77 117
662 77 105
662 78 105
662 82 105
663 24 31
664 23 42
664 39 114
664 42 46
665 21 29
666 14 31
666 51 59
666 59 74
667 21 54
667 22 124
667 25 77
667 25 109
667 42 45
667 77 109
668 20 77
668 25 51
668 77 78
668 82 105
669 74 80
671 14 77
671 31 77
671 109 124
673 20 25
673 20 37
673 25 37
673 101 119
675 37 51
675 37 59
675 46 123
675 51 59
676 54 75
676 54 79
677 14 34
677 14 60
677 14 77
677 25 119
677 31 60
677 34 77
678 10 123
679 14 82
679 23 124
679 74 105
680 18 82
680 51 79
681 0 39
681 10 37
681 10 77
681 14 39
681 37 77
681 39 60
682 82 101
685 46 59
685 46 109
686 14 34
686 14 77
686 23 109
686 34 77
686 52 80
686 80 101
689 18 59
689 18 77
689 20 37
689 20 46
689 37 46
689 46 101
689 74 97
689 74 105
689 75 77
690 77 124
691 0 119
691 25 31
691 29 42
691 29 82
691 34 39
691 34 75
691 39 75
692 22 31
692 31 77
692 54 105
693 10 14
693 10 22
693 59 109
694 0 21
694 101 119
695 10 39
695 18 59
695 18 109
695 21 78
696 18 74
696 21 105
696 74 80
696 79 105
697 25 29
697 25 46
698 18 75
698 23 75
698 39 105
699 21 80
700 14 60
700 21 24
700 25 37
700 31 34
700 31 42
700 31 60
700 34 42
701 21 24
701 37 80
701 54 59
702 18 92
702 18 117
702 21 114
704 42 80
704 74 101
705 25 80
707 18 124
707 45 74
707 82 124
708 21 37
708 21 109
708 34 109
709 21 52
709 105 124
710 10 37
710 10 77
710 14 34
710 21 109
710 37 77
710 39 59
710 39 80
711 10 45
711 24 105
711 31 105
711 51 54
711 59 105
712 18 39
712 21 31
712 39 124
712 60 78
713 24 101
714 29 42
714 29 82
715 18 124
715 20 39
715 24 51
715 39 114
715 80 124
716 0 22
717 18 20
717 18 39
717 20 39
717 24 80
717 100 105
718 18 37
718 18 82
718 37 82
718 47 77
719 34 39
719 34 75
719 39 75
719 42 124
719 82 109
719 109 124
720 60 114
721 23 51
721 34 51
721 37 42
721 37 47
721 37 60
721 42 47
722 21 74
722 52 101
722 75 124
723 0 77
723 18 59
723 24 31
723 45 92
723 47 52
723 47 109
723 52 109
724 42 54
724 59 100
726 20 77
726 20 78
726 21 74
726 25 79
726 74 105
726 77 78
728 100 105
729 14 31
729 14 124
729 20 79
729 20 92
729 45 105
729 79 92
730 0 80
730 25 51
731 51 74
731 51 92
731 74 92
731 75 77
732 23 79
732 23 100
732 24 77
732 42 119
732 47 52
732 47 54
732 47 109
732 52 109
732 54 79
733 21 60
733 23 25
733 23 105
733 29 119
734 21 39
734 21 124
734 39 124
734 42 123
735 10 59
735 10 124
735 37 124
735 59 124
737 18 109
737 21 23
737 21 75
737 23 42
737 23 100
738 14 74
738 18 39
738 23 25
738 23 29
738 39 124
738 74 80
738 92 105
739 10 31
739 14 34
739 14 77
739 24 77
739 24 100
739 34 77
739 77 100
740 0 124
740 10 74
740 14 105
740 24 78
740 25 101
740 74 79
741 10 45
741 45 74
742 18 25
742 21 75
742 29 100
742 29 117
742 100 117
743 0 100
743 18 124
743 21 22
743 21 105
744 14 39
744 24 39
744 24 75
744 39 82
745 0 77
745 10 25
745 10 39
745 51 79
745 92 123
745 100 101
746 29 60
746 45 74
746 60 80
746 82 105
746 101 109
747 18 74
747 34 39
747 34 75
747 39 75
747 51 78
747 78 123
747 79 101
747 105 114
748 0 124
748 25 78
748 100 124
748 105 109
749 14 20
749 31 101
749 101 105
750 0 31
750 22 31
750 25 45
751 21 23
751 22 42
751 25 117
751 31 34
751 31 42
751 34 42
751 80 100
752 21 79
752 51 100
752 80 101
753 54 80
754 10 77
754 52 101
754 52 114
755 10 101
756 24 114
756 39 104
757 21 31
757 23 117
757 39 123
758 21 23
758 25 39
758 25 47
758 105 119
759 0 51
759 14 25
759 14 105
759 29 97
759 37 109
759 77 105
759 82 92
760 18 25
760 34 105
760 45 74
760 51 54
760 82 124
761 29 124
761 34 119
761 59 109
762 14 77
762 21 92
762 79 124
763 18 105
763 39 52
763 51 79
764 21 51
764 21 78
765 42 51
765 42 117
766 10 39
767 0 124
767 14 119
767 101 105
768 10 74
768 10 109
768 21 74
768 25 64
768 52 109
769 10 51
769 14 124
769 45 64
769 82 124
770 14 39
770 25 29
771 23 82
771 25 109
771 34 82
771 77 100
772 10 14
772 10 25
772 14 54
772 18 52
772 22 64
772 22 109
772 25 80
772 97 117
773 29 109
773 42 77
775 14 25
775 80 92
775 100 105
775 105 109
776 23 119
776 31 119
776 51 119
776 52 117
776 52 124
776 64 74
776 64 78
776 119 124
777 20 24
777 24 52
777 25 59
778 10 47
778 10 80
778 21 42
778 37 124
778 80 105
779 0 109
779 21 39
779 21 91
779 21 124
779 37 67
779 39 124
779 52 104
779 74 97
780 0 64
780 10 24
780 10 117
780 77 82
781 14 109
781 24 105
781 31 39
781 31 60
781 39 60
782 0 101
782 21 119
782 37 42
782 37 47
782 42 47
782 45 80
782 78 80
783 23 109
783 45 67
783 45 87
783 52 82
783 64 91
783 64 92
783 80 109
783 91 92
783 91 105
783 100 105
784 22 82
784 45 92
784 54 87
785 29 59
785 31 42
785 59 109
785 67 100
785 75 105
785 82 100
786 21 52
786 24 105
786 37 42
786 37 47
786 42 47
787 0 37
787 18 23
788 10 31
788 10 105
788 10 119
788 24 25
788 25 34
789 0 77
789 23 119
789 37 109
789 74 109
789 119 124
790 23 46
790 24 25
790 25 74
790 25 105
790 31 92
790 46 82
790 64 100
790 91 119
791 52 105
792 10 91
792 23 64
792 45 80
793 34 51
793 42 105
794 24 31
794 39 67
794 39 101
794 47 67
794 80 124
795 18 37
795 18 82
795 24 64
795 31 101
795 31 117
795 37 42
795 37 82
795 74 82
795 105 114
796 10 31
796 10 59
796 10 124
796 20 77
796 21 92
796 37 42
796 37 47
796 42 47
796 42 119
796 59 109
796 59 124
796 64 97
796 78 123
796 92 109
796 105 109
797 10 21
797 10 104
797 14 59
797 37 42
797 37 47
797 42 47
798 0 87
798 24 25
798 42 80
798 45 60
798 67 75
798 77 82
798 87 109
799 10 78
799 20 79
799 23 24
799 23 77
799 24 77
799 37 42
799 37 47
799 42 47
799 45 79
799 45 109
799 51 79
799 52 75
800 20 37
800 20 46
800 37 46
800 105 119
801 25 42
801 39 119
801 52 54
801 52 75
801 59 67
801 87 105
802 21 80
803 0 119
803 18 73
803 18 119
803 29 42
803 29 82
803 45 52
803 45 123
804 20 21
804 24 77
804 24 100
804 39 100
804 46 59
804 46 74
804 73 87
804 77 100
804 79 124
805 14 24
805 25 64
805 77 101
807 0 22
807 22 25
807 23 124
807 42 52
808 20 25
808 20 37
808 25 37
808 59 109
808 73 77
808 73 80
808 77 80
809 18 39
809 18 73
809 23 105
809 24 47
809 42 77
809 80 92
810 25 117
810 67 74
811 20 25
811 21 74
811 24 97
811 25 91
811 92 105
811 100 104
812 18 52
812 18 82
812 21 101
812 23 34
812 45 91
812 67 117
812 91 114
812 105 114
813 24 117
813 29 42
813 29 104
814 0 37
814 10 47
814 52 101
814 73 80
814 73 104
814 80 104
814 104 109
815 14 101
815 22 31
815 22 37
815 22 42
815 22 77
815 22 101
815 29 100
815 29 117
815 31 37
815 31 78
815 67 97
815 73 77
815 73 80
815 77 80
815 79 119
815 100 117
816 14 23
816 14 73
816 18 29
816 18 79
816 21 117
816 23 31
816 29 79
817 29 109
817 100 109
818 14 18
818 25 101
818 42 101
818 59 92
818 78 117
818 80 82
819 0 105
819 39 75
820 23 74
820 23 87
820 34 100
820 42 119
820 73 74
820 73 87
820 74 87
820 80 100
821 14 51
821 39 52
821 79 82
821 87 119
822 39 119
822 79 105
823 22 64
823 22 109
823 24 67
823 24 77
823 31 60
823 60 91
824 0 31
824 10 45
824 25 31
824 29 74
824 29 77
824 45 74
825 25 39
825 25 109
825 67 105
825 77 82
826 20 67
826 23 109
826 24 101
826 52 79
826 67 105
826 80 109
827 0 52
827 10 80
827 14 67
827 21 119
827 52 91
827 77 100
828 18 73
828 18 119
828 22 39
828 25 67
828 52 67
828 92 100
828 92 104
830 21 80
830 23 64
830 23 124
830 25 104
830 29 51
831 25 91
831 97 119
832 18 114
832 25 42
832 25 64
833 0 54
833 0 78
833 31 51
834 10 105
834 14 39
834 60 105
834 73 109
834 97 101
834 109 119
835 18 75
835 23 75
835 25 64
835 46 101
835 51 119
835 52 117
835 52 124
835 73 77
835 73 80
835 77 80
836 18 23
836 34 51
836 37 42
836 37 47
836 42 47
836 80 109
837 22 123
838 37 42
838 37 47
838 42 47
838 73 80
838 73 123
838 91 119
839 24 73
839 100 105
840 14 59
841 52 78
841 52 91
841 78 91
841 91 92
842 0 60
842 23 78
842 23 79
842 23 100
842 80 105
842 87 105
843 25 52
844 21 51
844 21 67
845 10 124
845 18 54
845 23 25
845 23 73
845 25 73
845 31 42
845 42 51
845 97 101
846 0 10
846 22 67
846 22 73
846 29 78
846 29 87
846 42 119
846 78 87
847 10 73
847 14 105
847 23 60
847 23 87
847 37 60
847 37 92
848 10 51
848 10 104
848 14 47
848 31 87
848 47 52
848 47 109
848 51 104
848 52 109
849 21 78
849 31 45
849 78 109
850 14 124
850 23 25
850 23 124
851 10 14
851 14 79
851 14 124
851 21 24
851 25 78
852 14 124
852 29 77
852 29 78
852 29 87
852 64 101
852 78 87
853 14 24
853 14 79
853 21 24
853 21 31
853 21 78
853 46 101
853 64 105
854 0 52
854 0 104
854 20 109
854 31 80
854 52 104
854 78 123
855 10 77
855 20 25
855 20 37
855 25 37
855 29 54
855 52 78
856 0 37
856 18 75
856 21 22
856 23 46
856 23 75
856 25 67
856 25 82
856 46 82
857 21 79
857 24 104
857 51 79
858 25 45
858 101 104
858 109 114
859 10 29
859 10 64
859 14 51
859 29 42
859 29 64
859 29 82
859 34 109
860 23 24
860 23 77
860 24 77
861 14 75
861 14 105
861 24 59
861 37 59
861 54 80
862 25 119
862 29 92
863 45 51
863 45 79
863 51 79
863 82 101
863 92 124
864 31 101
864 75 87
864 80 104
865 21 29
865 21 82
865 29 82
865 42 54
865 45 82
865 52 80
866 18 37
866 18 82
866 21 22
866 37 82
866 67 124
866 80 82
867 31 74
867 31 105
867 59 105
867 60 74
868 10 64
868 25 123
868 52 64
868 64 74
869 0 46
869 0 77
869 21 105
869 37 42
869 37 47
869 42 47
869 46 77
869 78 109
869 78 114
870 42 82
870 42 105
870 45 79
871 18 75
871 21 52
871 34 39
871 50 77
872 18 105
872 25 87
872 50 124
872 52 87
872 105 124
873 21 82
873 50 124
874 67 123
875 25 73
875 25 97
875 31 109
875 45 52
875 48 109
875 67 92
875 78 109
875 82 92
876 0 77
876 31 51
876 45 87
876 46 59
876 46 109
876 67 97
876 73 109
876 77 80
876 109 119
877 0 77
877 14 101
877 21 23
877 22 80
877 22 109
877 50 78
877 51 100
877 74 91
877 77 80
877 78 105
878 14 80
878 21 80
878 29 39
878 37 78
878 37 104
878 48 124
878 78 104
878 82 105
879 22 119
879 25 91
879 67 75
880 21 67
881 0 75
881 0 114
881 18 20
881 18 39
881 20 39
881 23 31
881 29 31
881 37 51
881 37 59
881 51 59
882 14 75
882 18 25
882 20 79
882 20 92
882 25 91
882 45 73
882 74 78
882 79 92
883 10 48
883 10 117
883 48 50
883 48 80
883 50 80
883 60 105
884 10 64
884 10 77
884 10 109
884 24 45
884 39 91
884 48 80
884 51 52
884 64 109
884 74 124
885 18 73
885 22 78
885 25 109
885 29 52
885 50 51
885 78 82
885 101 123
886 31 60
886 45 50
886 54 87
886 60 91
887 10 48
887 10 117
887 18 48
887 21 119
887 24 77
887 24 124
887 51 100
887 75 80
887 105 109
888 0 10
888 0 52
888 21 45
888 21 114
888 25 73
888 25 97
888 31 34
888 31 42
888 34 42
888 45 82
888 45 124
888 50 74
889 10 14
889 10 105
889 24 59
889 37 59
889 42 80
889 42 124
890 10 48
890 10 117
890 21 74
890 25 109
890 31 77
890 73 74
890 73 87
890 73 97
890 74 87
891 22 23
892 45 79
892 47 87
892 50 80
892 52 54
892 52 75
893 14 67
893 21 77
893 21 91
893 39 101
893 73 80
893 73 105
893 73 123
894 0 10
894 0 52
894 18 117
894 25 92
894 31 59
894 31 91
894 31 105
895 21 51
895 23 80
895 74 124
895 101 123
896 0 52
896 0 82
896 22 74
896 39 64
896 51 79
896 52 82
896 59 64
897 22 52
897 51 87
897 52 101
897 59 78
897 64 97
897 78 119
898 10 64
898 10 92
898 50 124
898 78 100
899 22 31
899 23 29
899 39 45
899 52 117
899 52 124
900 18 91
900 25 64
900 60 92
900 67 124
901 0 14
901 0 25
901 14 25
901 14 37
901 14 114
901 23 74
901 23 87
901 37 42
901 37 47
901 42 47
901 74 87
902 18 37
902 21 51
902 29 34
902 29 120
902 34 120
902 37 45
902 48 87
902 50 82
902 100 105
902 101 109
903 0 14
903 0 18
903 0 77
903 10 48
903 10 117
903 21 31
903 21 78
903 78 109
903 80 123
904 39 109
904 42 124
904 51 101
904 64 101
904 74 87
905 10 105
905 25 101
905 29 77
905 39 52
905 113 124
906 21 87
906 24 54
906 24 87
906 25 67
906 31 47
906 54 87
906 59 78
907 14 31
907 21 78
907 24 77
907 24 100
907 42 82
907 45 74
907 77 100
907 78 109
907 82 114
908 1 1
908 2 2
908 3 3
908 4 4
908 5 5
908 6 6
908 7 7
908 8 8
908 9 9
908 11 11
908 12 12
908 13 13
908 15 15
908 16 16
908 17 17
908 19 19
908 26 26
908 27 27
908 28 28
908 30 30
908 32 32
908 33 33
908 35 35
908 36 36
908 38 38
908 40 40
908 41 41
908 43 43
908 44 44
908 49 49
908 53 53
908 55 55
908 56 56
908 57 57
908 58 58
908 61 61
908 62 62
908 63 63
908 65 65
908 66 66
908 68 68
908 69 69
908 70 70
908 71 71
908 72 72
908 76 76
908 81 81
908 83 83
908 84 84
908 85 85
908 86 86
908 88 88
908 89 89
908 90 90
908 93 93
908 94 94
908 95 95
908 96 96
908 98 98
908 99 99
908 102 102
908 103 103
908 106 106
908 107 107
908 108 108
908 110 110
908 111 111
908 112 112
908 115 115
908 116 116
908 118 118
908 121 121
908 122 122
908 125 125
