0 31 69
65 30 40
85 38 40
85 38 50
85 40 50
88 33 69
114 0 31
147 40 70
163 48 69
177 69 70
193 0 48
193 0 69
193 48 69
207 0 48
207 0 69
207 48 69
217 30 50
217 33 50
220 0 40
233 41 70
240 50 52
242 0 48
242 0 69
242 48 69
250 31 69
256 38 40
256 38 50
256 40 50
259 0 70
266 38 40
266 38 50
266 40 50
272 30 50
280 9 38
280 38 50
283 30 40
286 69 70
291 50 70
297 39 52
300 69 70
302 0 31
302 39 70
305 0 70
316 3 23
316 3 48
316 23 48
318 0 23
318 3 23
320 0 9
320 9 52
323 0 23
325 33 69
333 3 23
333 3 48
333 23 48
333 38 40
333 38 50
333 40 50
335 23 41
335 39 41
337 38 48
345 3 69
351 30 50
352 52 69
360 30 48
360 30 69
360 39 70
360 48 69
362 30 33
362 30 50
362 30 69
362 33 50
362 33 69
368 41 70
376 0 23
376 0 38
376 0 39
382 0 48
382 0 69
382 38 69
382 48 69
383 0 9
383 9 52
388 0 38
390 38 39
391 33 69
392 41 63
393 30 41
393 30 48
396 0 69
396 3 48
396 3 63
396 48 63
397 0 48
397 0 69
397 48 69
399 3 52
401 38 69
417 38 70
421 0 50
425 3 23
425 23 41
427 3 23
427 3 48
427 23 48
428 33 41
429 3 50
445 50 70
457 63 70
458 3 40
459 9 69
461 38 70
462 30 40
463 31 70
464 40 70
466 0 38
468 9 23
468 48 50
470 3 50
470 50 69
470 52 69
491 40 69
492 30 50
492 33 50
493 0 30
493 0 39
493 50 70
497 50 52
500 3 48
500 3 63
500 48 63
503 48 52
505 3 69
505 23 39
505 23 50
505 39 50
507 40 50
512 9 31
515 30 50
515 48 50
517 0 41
517 0 69
517 41 69
518 41 69
519 50 52
521 0 3
521 0 70
521 3 70
524 9 38
527 0 41
527 48 52
535 23 30
539 23 30
539 38 40
539 38 50
539 40 50
544 48 52
547 0 9
548 0 70
549 3 48
553 50 70
562 69 70
564 3 48
564 3 63
564 48 63
565 30 70
568 3 69
572 0 31
573 39 52
585 0 70
586 23 30
587 23 52
587 23 69
587 52 69
587 69 70
591 3 23
591 3 48
591 23 48
595 3 23
595 3 40
595 3 48
595 23 48
596 23 38
596 23 69
596 38 69
597 30 50
612 48 52
614 69 70
618 23 41
621 33 41
621 48 69
628 0 50
632 3 23
632 3 48
632 23 48
634 38 69
636 3 23
636 3 48
636 23 48
639 23 41
642 0 3
642 0 70
642 3 70
643 38 40
643 38 50
643 40 50
644 3 23
644 23 41
645 3 48
645 3 63
645 48 63
649 48 52
652 9 40
653 0 38
653 50 52
654 0 48
654 0 69
654 48 69
657 3 31
658 39 52
660 38 69
662 0 41
663 48 70
666 9 52
666 41 52
667 30 48
667 30 69
667 48 69
669 3 39
669 30 69
669 38 41
669 39 41
670 50 69
671 3 23
671 3 48
671 23 48
676 0 70
680 3 23
680 3 48
680 23 48
680 40 48
685 0 70
685 39 52
689 23 48
695 40 50
696 0 70
698 39 48
702 52 69
702 52 70
705 38 70
707 0 30
707 0 39
710 0 23
710 3 23
711 50 69
711 52 69
716 9 23
722 0 70
722 3 48
722 50 70
725 50 52
726 30 50
726 48 50
731 69 70
736 23 41
738 39 70
741 39 52
743 23 41
743 28 39
745 0 48
748 48 50
749 0 23
749 0 28
749 3 48
749 3 63
749 23 28
749 28 39
749 39 48
749 48 63
752 23 41
752 39 41
753 0 48
753 0 69
753 48 69
755 0 69
755 9 69
760 38 40
760 38 50
760 40 50
761 3 30
761 3 39
768 3 48
768 3 63
768 48 63
769 31 69
771 28 69
771 50 69
772 0 23
772 0 28
772 23 28
773 28 48
780 23 52
784 33 50
785 23 28
786 38 70
786 69 70
788 0 23
788 0 28
788 23 28
789 69 70
790 0 23
790 0 28
790 23 28
792 0 28
792 0 50
792 28 50
794 23 52
797 38 40
797 38 50
797 40 50
798 0 9
799 3 48
799 3 63
799 33 41
799 48 63
799 50 63
802 0 28
802 0 50
802 7 28
802 28 39
802 28 50
803 9 52
803 28 48
803 41 52
813 38 70
815 7 28
815 7 38
815 23 52
815 28 38
816 38 52
823 3 48
823 3 63
823 48 63
824 0 28
824 0 50
824 28 50
825 40 50
829 31 48
830 38 66
831 3 23
831 3 48
831 23 48
832 23 69
832 50 70
833 0 30
834 0 48
834 0 69
834 38 39
834 38 69
834 39 69
834 48 69
836 50 69
838 38 70
839 0 23
839 0 28
839 9 23
839 23 28
841 30 69
841 30 69
841 30 70
850 23 38
850 48 52
852 0 23
852 0 66
852 23 66
852 28 66
852 48 66
853 28 39
859 39 52
862 7 28
862 28 30
862 52 70
862 66 70
863 30 70
864 28 66
868 28 52
868 52 69
869 0 28
869 0 50
869 28 50
871 0 48
871 0 69
871 3 9
871 48 69
872 23 39
872 23 50
872 39 50
875 23 66
876 0 48
877 23 30
877 23 48
878 3 28
878 23 38
878 23 63
878 41 70
879 28 31
882 23 31
884 23 52
884 23 69
884 50 52
884 52 69
885 28 39
887 23 63
887 23 70
887 31 69
889 7 9
891 3 33
891 33 70
894 38 66
896 3 48
896 3 63
896 48 63
897 40 50
901 3 52
901 52 66
902 38 40
902 38 50
902 40 50
903 50 69
903 52 69
907 69 70
908 23 50
909 41 70
909 48 50
911 23 39
912 31 48
913 28 66
915 3 50
917 48 52
918 3 50
920 23 31
920 23 41
921 28 30
921 28 56
921 30 56
921 31 50
922 39 66
923 41 70
925 0 48
925 0 69
925 7 38
925 28 52
925 48 69
926 63 70
929 7 28
929 28 39
930 3 7
934 23 52
934 23 69
934 52 69
936 28 41
936 28 52
937 28 66
937 28 70
937 66 70
938 0 28
938 0 50
938 3 33
938 28 50
939 0 38
939 0 66
941 23 48
943 23 30
943 30 66
943 38 66
945 0 38
945 0 56
945 38 56
948 7 28
948 28 39
949 50 70
950 3 38
950 39 69
954 3 66
956 30 50
957 31 33
959 28 39
959 39 48
959 63 70
961 48 70
962 28 66
962 28 70
962 66 70
963 52 69
964 31 50
965 57 70
966 0 31
967 50 70
968 0 28
968 0 50
968 28 50
969 38 70
970 30 69
970 31 69
972 3 23
972 3 48
972 23 48
973 0 23
973 28 39
973 31 33
973 41 70
973 63 70
976 0 70
977 23 48
978 0 39
979 7 69
981 30 70
982 56 66
985 41 50
986 30 50
986 48 50
987 0 9
987 0 63
987 28 50
987 28 66
988 52 69
989 50 70
995 48 50
997 48 66
998 23 70
999 3 48
999 69 70
1002 50 57
1003 0 57
1005 30 52
1008 3 23
1008 3 48
1008 23 48
1009 56 66
1011 30 69
1012 57 69
1013 31 41
1016 30 48
1016 30 69
1016 48 69
1017 28 52
1018 23 52
1018 52 66
1019 48 56
1019 57 69
1021 28 52
1022 3 48
1022 3 63
1022 48 63
1027 48 66
1028 0 28
1028 3 70
1028 28 57
1028 52 69
1037 40 70
1039 28 57
1040 23 57
1040 23 69
1040 57 69
1041 3 31
1042 0 28
1042 0 57
1046 38 66
1048 57 70
1049 50 70
1054 23 70
1057 0 3
1057 0 70
1057 3 70
1057 23 48
1057 38 40
1057 38 50
1057 40 50
1057 50 52
1059 3 57
1060 0 9
1060 57 69
1064 39 41
1066 0 7
1066 0 28
1066 0 38
1066 0 56
1066 7 28
1066 23 52
1066 38 56
1068 0 3
1068 0 70
1068 3 70
1070 0 28
1070 0 50
1070 28 50
1071 3 33
1072 30 69
1072 38 39
1073 38 70
1075 23 48
1075 50 69
1075 56 69
1076 7 40
1076 23 41
1078 23 41
1078 50 56
1078 50 69
1078 56 69
1079 50 70
1080 9 69
1081 0 48
1081 0 69
1081 1 57
1081 1 66
1081 3 48
1081 48 69
1081 57 66
1082 0 23
1082 0 28
1082 23 28
1084 3 66
1084 30 69
1084 30 70
1085 0 23
1085 0 38
1085 23 66
1085 38 40
1085 38 50
1085 40 50
1086 66 69
1087 28 66
1093 23 70
1094 0 1
1094 0 48
1094 0 69
1094 48 69
1095 23 57
1095 38 39
1095 38 69
1095 39 69
1095 50 57
1101 0 66
1101 39 50
1101 48 69
1107 0 23
1107 0 66
1107 23 66
1109 0 28
1109 0 50
1109 28 38
1109 28 50
1110 41 70
1112 0 23
1112 0 66
1112 23 66
1112 30 69
1115 28 66
1115 28 70
1115 48 70
1115 66 70
1118 28 70
1118 39 48
1120 7 23
1121 0 23
1121 0 66
1121 1 50
1121 23 66
1121 38 48
1124 38 40
1124 38 50
1124 40 50
1126 0 30
1126 0 39
1126 0 57
1126 0 63
1126 23 69
1126 30 70
1126 50 70
1126 57 63
1127 23 48
1129 0 28
1129 0 50
1129 28 50
1129 38 48
1130 28 56
1130 28 57
1130 33 66
1131 0 48
1131 0 69
1131 48 69
1132 28 38
1132 28 48
1133 1 41
1134 1 50
1134 1 57
1134 9 31
1134 30 50
1134 33 38
1135 0 70
1135 23 70
1138 1 50
1140 28 41
1140 28 52
1140 31 50
1144 0 70
1144 31 50
1144 50 70
1144 57 69
1146 28 66
1146 28 70
1146 39 70
1146 66 70
1147 0 23
1147 0 28
1147 23 28
1147 23 38
1147 23 69
1147 38 69
1150 0 28
1150 0 50
1150 28 50
1151 7 66
1151 56 57
1155 38 57
1157 0 23
1157 0 28
1157 23 28
1157 23 70
