0 301 300
0 301 300
12 512 299
12 512 299
12 512 299
12 512 299
12 512 299
12 512 299
12 512 299
12 512 299
13 512 299
13 512 299
13 512 299
13 512 299
13 512 299
13 512 299
13 512 299
13 512 299
13 512 299
13 512 299
13 512 299
14 512 299
14 512 299
14 512 299
14 512 299
14 512 299
14 512 299
14 512 299
18 301 300
18 301 300
18 301 300
18 301 300
18 301 300
18 301 300
18 301 300
18 301 300
19 301 300
19 301 300
19 301 300
19 301 300
19 301 300
19 301 300
19 301 300
19 301 300
50 512 0
50 512 0
50 512 0
50 512 0
50 512 0
50 512 0
50 512 0
50 512 0
51 512 0
51 512 0
51 512 0
51 512 0
51 512 0
51 512 0
51 512 0
87 47 19
87 47 19
87 47 19
87 47 19
87 47 19
87 47 19
87 47 19
87 47 19
87 47 19
87 47 19
88 47 19
88 47 19
88 47 19
88 47 19
88 47 19
88 47 19
88 47 19
88 47 19
89 47 19
89 47 19
89 47 19
89 47 19
89 47 19
89 47 19
89 47 19
89 47 19
89 47 19
103 687 310
103 687 310
120 301 300
120 301 300
122 681 634
122 681 634
124 466 183
124 466 183
124 466 183
124 466 183
124 466 183
124 466 183
124 466 183
125 574 225
125 574 225
126 466 183
126 466 183
126 466 183
126 466 183
126 466 183
126 466 183
126 466 183
126 466 183
126 584 582
126 584 582
126 584 582
126 584 582
126 584 582
126 584 582
126 584 582
126 584 582
129 584 582
129 584 582
129 584 582
129 584 582
129 584 582
129 584 582
129 584 582
129 584 582
132 466 42
132 466 42
133 480 210
133 480 210
155 269 267
155 269 267
158 678 470
158 678 470
160 471 222
160 471 222
160 471 222
160 471 222
160 471 222
160 471 222
160 471 222
160 471 222
160 471 222
160 471 222
160 471 222
161 471 222
161 471 222
161 471 222
161 471 222
161 471 222
161 471 222
161 471 222
161 471 222
161 471 222
161 471 222
161 471 222
162 471 222
162 471 222
162 471 222
162 471 222
162 471 222
162 471 222
162 471 222
162 471 222
162 405 152
162 405 152
162 471 222
162 471 222
162 471 222
165 471 222
165 471 222
165 471 222
165 471 222
165 471 222
165 471 222
165 471 222
168 578 289
168 578 289
168 578 289
168 578 289
168 578 289
168 578 289
168 578 289
168 578 289
171 578 289
171 578 289
171 578 289
171 578 289
171 578 289
171 578 289
171 578 289
176 91 90
176 91 90
182 269 267
182 269 267
182 269 267
182 269 267
182 269 267
182 269 267
182 269 267
183 269 267
183 269 267
183 269 267
183 269 267
183 269 267
183 269 267
183 269 267
183 269 267
184 669 283
184 669 283
188 578 289
188 578 289
191 466 42
191 466 42
194 546 139
194 546 139
194 356 139
194 546 139
194 546 139
194 546 139
194 546 139
194 546 139
194 546 139
194 546 139
195 546 139
195 546 139
195 546 139
195 546 139
195 546 139
195 546 139
195 546 139
195 546 139
195 546 139
195 546 139
196 546 139
196 546 139
196 546 139
196 546 139
196 546 139
196 546 139
196 546 139
196 546 139
196 546 139
196 546 139
196 521 139
197 546 139
197 546 139
197 546 139
197 546 139
197 546 139
197 546 139
197 546 139
197 546 139
200 639 474
200 639 474
202 578 289
202 578 289
205 47 19
205 47 19
209 341 89
209 341 89
213 278 31
213 278 31
213 278 31
213 278 31
213 278 31
213 278 31
214 382 218
214 382 218
214 382 218
214 382 218
214 382 218
216 514 278
216 514 278
216 514 278
216 514 278
216 514 278
216 514 278
216 640 172
216 640 172
216 640 172
216 640 172
216 640 172
216 640 172
216 640 172
216 640 172
216 677 640
217 640 172
217 640 172
217 595 19
217 595 19
217 640 172
217 640 172
217 640 172
217 640 172
217 640 172
217 640 172
217 640 172
218 382 218
218 382 218
218 382 218
218 640 172
218 640 172
218 640 172
218 640 172
218 640 172
218 382 218
218 382 218
218 382 218
218 382 218
218 13 12
218 13 12
218 640 172
218 640 172
218 640 172
222 845 256
222 845 256
227 76 31
227 76 31
230 73 72
230 73 72
231 631 561
231 631 561
231 631 561
231 631 561
231 631 561
231 631 561
231 631 561
231 631 561
232 631 561
232 631 561
232 631 561
232 631 561
232 631 561
232 631 561
232 631 561
232 631 561
232 13 12
232 13 12
232 677 12
234 374 297
234 374 297
236 578 289
236 578 289
238 650 136
238 650 136
240 337 12
240 13 12
240 13 12
242 82 24
242 82 24
248 288 121
248 288 121
248 288 121
248 288 121
248 288 121
248 288 121
248 288 121
248 288 121
248 288 121
248 288 121
248 288 121
248 288 121
249 288 121
249 288 121
249 288 121
249 288 121
249 288 121
249 288 121
249 288 121
249 288 121
249 288 121
249 288 121
249 288 121
249 288 121
249 288 121
249 288 121
249 288 121
250 288 121
250 288 121
250 288 121
250 288 121
250 288 121
250 288 121
250 752 289
250 752 289
250 288 121
250 288 121
250 288 121
250 288 121
250 288 121
250 288 121
250 288 121
250 288 121
250 288 121
250 288 121
250 288 121
250 288 121
250 288 121
250 288 121
250 288 121
251 288 121
251 288 121
251 288 121
251 288 121
251 288 121
251 288 121
251 288 121
251 288 121
251 288 121
251 288 121
251 288 121
251 288 121
251 288 121
251 288 121
251 288 121
251 288 121
251 288 121
252 288 121
252 288 121
252 288 121
252 288 121
252 288 121
252 288 121
252 288 121
252 288 121
252 288 121
252 288 121
252 288 121
252 288 121
252 288 121
252 288 121
252 288 121
253 288 121
253 288 121
253 288 121
253 288 121
253 288 121
253 288 121
253 288 121
253 288 121
253 288 121
253 288 121
253 288 121
253 288 121
253 288 121
253 288 121
253 288 121
253 288 121
254 288 121
254 288 121
254 288 121
254 288 121
254 288 121
254 288 121
254 288 121
254 288 121
254 288 121
254 288 121
254 288 121
254 288 121
254 288 121
254 288 121
255 288 121
255 288 121
255 288 121
255 288 121
255 288 121
255 288 121
255 288 121
255 640 172
255 640 172
255 288 121
286 374 81
286 374 81
373 592 8
373 419 8
373 592 8
373 419 8
373 592 8
373 419 8
373 592 8
373 419 8
373 622 39
373 622 39
373 622 39
373 622 39
373 622 39
373 622 39
373 622 39
374 622 39
374 622 39
374 622 39
374 622 39
374 622 39
374 622 39
374 622 39
376 668 252
376 668 252
390 288 121
390 288 121
396 651 623
396 651 623
396 651 623
396 651 623
396 651 623
396 651 623
396 651 623
396 651 623
396 651 623
396 651 623
396 651 623
396 651 623
397 651 623
397 651 623
397 651 623
397 651 623
397 651 623
397 651 623
397 651 623
397 651 623
397 651 623
397 651 623
397 651 623
397 651 623
397 651 623
399 651 623
399 651 623
399 651 623
399 651 623
399 651 623
399 651 623
399 651 623
399 651 623
399 651 623
399 651 623
399 651 623
399 651 623
399 651 623
399 651 623
399 651 623
399 651 623
400 651 623
400 651 623
400 651 623
400 651 623
400 651 623
400 651 623
400 651 623
400 651 623
400 651 623
401 651 623
401 651 623
401 651 623
401 651 623
401 651 623
401 651 623
401 651 623
401 651 623
401 651 623
401 651 623
401 651 623
401 651 623
401 651 623
401 651 623
401 651 623
407 171 49
407 171 49
407 651 623
407 651 623
412 210 185
412 210 185
412 210 185
412 210 185
412 622 39
412 622 39
412 210 185
412 210 185
412 210 185
412 210 185
413 210 185
413 210 185
413 210 185
413 210 185
413 210 185
413 210 185
413 210 185
413 720 342
413 720 342
413 830 185
414 91 90
414 91 90
414 91 90
414 91 90
414 91 90
414 91 90
414 91 90
414 91 90
414 91 90
414 91 90
415 91 90
415 91 90
415 91 90
415 91 90
415 91 90
415 91 90
415 91 90
415 91 90
415 91 90
416 91 90
416 91 90
416 91 90
416 91 90
416 91 90
416 91 90
416 91 90
416 91 90
416 91 90
416 91 90
417 678 470
417 678 470
424 91 90
424 91 90
424 91 90
424 91 90
424 491 208
424 491 208
424 491 208
424 91 90
424 91 90
424 91 90
424 91 90
424 491 208
424 491 208
424 491 208
424 491 208
424 491 208
424 491 208
424 491 208
427 91 90
427 91 90
427 91 90
427 91 90
427 491 208
427 491 208
427 491 208
427 491 208
427 91 90
427 91 90
427 91 90
427 91 90
427 491 208
427 491 208
427 491 208
427 491 208
427 491 208
427 491 208
427 491 208
427 491 208
429 467 207
429 560 467
429 467 207
429 560 467
429 467 207
429 560 467
429 467 207
429 560 467
430 491 208
430 491 208
430 491 208
430 491 208
430 491 208
430 491 208
430 491 208
430 491 208
430 491 208
430 491 208
431 714 243
431 714 243
432 210 185
432 210 185
432 210 185
432 210 185
432 210 185
432 210 185
432 210 185
432 210 185
434 91 90
434 91 90
436 210 185
436 210 185
436 210 185
436 210 185
436 210 185
436 210 185
436 210 185
436 210 185
436 652 185
441 744 133
441 744 133
444 171 49
444 171 49
446 785 424
446 785 424
454 651 623
454 651 623
454 651 623
454 651 623
454 651 623
454 651 623
454 651 623
454 651 623
455 651 623
455 651 623
455 651 623
455 651 623
455 651 623
455 651 623
455 651 623
456 357 49
456 357 49
456 357 49
456 357 49
456 357 49
456 357 49
456 357 49
457 357 49
457 357 49
457 357 49
457 357 49
457 357 49
457 357 49
457 357 49
457 357 49
461 676 92
461 676 92
465 651 623
465 651 623
465 651 623
465 651 623
465 651 623
465 651 623
465 651 623
465 651 623
467 651 623
467 651 623
467 651 623
467 221 52
467 221 52
467 651 623
467 651 623
467 651 623
467 651 623
467 651 623
467 651 623
467 651 623
468 651 623
468 651 623
468 651 623
468 651 623
468 771 547
468 771 547
468 651 623
468 651 623
468 651 623
469 688 405
469 688 405
477 357 49
477 357 49
477 357 49
477 357 49
477 357 49
477 357 49
477 357 49
477 357 49
477 357 49
478 357 49
478 357 49
478 357 49
478 357 49
478 578 289
478 578 289
478 578 289
478 578 289
478 357 49
478 357 49
478 357 49
478 357 49
478 357 49
478 578 289
478 578 289
478 578 289
478 578 289
478 652 357
480 357 49
480 357 49
480 357 49
480 357 49
480 357 49
480 357 49
480 357 49
480 357 49
480 357 49
480 357 49
480 357 49
480 208 0
480 208 0
482 337 13
482 438 59
482 438 59
482 470 438
482 337 225
482 337 221
482 337 225
482 260 225
482 337 225
482 337 225
482 337 225
482 225 116
482 337 225
482 225 207
482 337 225
482 337 225
482 225 140
482 485 337
482 337 301
482 337 36
482 636 225
483 337 324
483 337 225
483 595 337
483 337 225
483 337 225
483 337 225
483 337 225
483 337 225
483 337 225
483 337 225
483 405 152
483 405 152
483 578 289
483 420 337
483 374 225
483 337 37
484 622 39
484 622 39
486 190 96
486 190 96
488 341 89
488 341 89
488 677 652
488 677 652
488 677 652
488 677 652
488 677 652
488 677 652
488 677 652
489 677 652
489 677 652
489 677 652
489 677 652
489 301 300
489 301 300
489 677 652
489 677 652
489 677 652
489 677 652
489 371 27
489 371 27
490 401 169
490 401 342
490 401 169
490 401 342
490 401 169
490 401 342
490 401 169
490 449 47
490 449 47
490 449 47
490 449 47
490 401 169
490 401 342
490 401 169
490 401 342
490 401 342
490 401 169
490 401 342
490 401 342
490 449 47
490 449 47
490 449 47
490 449 47
492 401 342
492 401 342
492 401 342
492 401 342
492 449 47
492 449 47
492 449 47
492 449 47
492 401 342
492 401 342
492 401 342
492 401 342
492 401 342
492 449 47
492 449 47
492 449 47
492 449 47
494 423 167
494 423 167
494 492 12
494 492 12
495 49 48
495 49 48
499 268 267
499 268 267
500 424 4
500 424 4
504 645 235
504 645 235
506 567 386
506 567 386
511 622 39
511 622 39
511 622 39
511 622 39
511 622 39
511 622 39
511 622 39
511 622 39
513 622 39
513 622 39
513 622 39
513 622 39
513 622 39
513 622 39
513 622 39
513 622 39
515 91 90
515 91 90
516 580 441
516 580 441
516 580 441
516 580 441
516 580 441
516 580 441
516 580 441
518 580 441
518 580 441
518 580 441
518 580 441
518 21 20
518 21 20
518 21 20
518 21 20
518 580 441
518 580 441
518 580 441
518 580 441
518 21 20
518 21 20
518 21 20
519 21 20
519 21 20
519 21 20
519 21 20
519 21 20
519 21 20
519 21 20
519 21 20
519 683 390
519 683 390
530 341 89
530 341 89
540 424 266
540 424 266
583 578 289
583 578 289
606 512 36
606 512 36
666 643 567
666 643 567
668 752 289
668 752 289
670 91 90
670 91 90
670 91 90
670 91 90
670 91 90
670 91 90
670 91 90
671 91 90
671 91 90
671 91 90
671 91 90
671 91 90
671 91 90
671 91 90
671 91 90
673 421 111
673 421 111
688 595 19
688 595 19
689 640 172
689 640 172
690 788 394
690 788 394
690 788 394
690 788 394
690 788 394
690 788 394
690 788 394
691 788 394
691 788 394
691 788 394
691 788 394
691 788 394
691 788 394
691 788 394
701 495 420
701 495 420
701 495 420
701 495 420
701 495 420
701 495 420
701 495 420
701 495 420
701 495 420
701 495 420
701 495 420
702 495 420
702 495 420
702 495 420
702 495 420
702 495 420
702 495 420
702 495 420
703 495 420
703 495 420
703 495 420
703 495 420
703 495 420
703 495 420
704 495 420
704 495 420
704 495 420
704 495 420
704 495 420
704 495 420
704 495 420
704 495 420
704 495 420
704 495 420
704 495 420
704 495 420
707 337 116
707 683 363
707 683 363
707 468 116
707 468 116
710 666 354
710 666 354
716 683 390
716 683 390
719 397 273
719 585 273
719 397 273
719 585 273
719 397 273
719 585 273
719 678 470
719 678 470
719 678 470
719 678 470
719 397 273
719 585 273
719 294 194
719 294 194
719 512 0
719 512 0
719 512 0
719 512 0
719 678 470
719 678 470
719 678 470
719 678 470
720 512 36
720 512 36
720 512 36
720 512 36
720 512 36
720 512 36
721 678 470
721 678 470
721 678 470
721 678 470
721 678 470
721 678 470
721 678 470
721 678 470
722 812 179
722 812 179
723 372 190
723 372 190
725 137 136
725 137 136
725 830 140
725 830 268
725 830 140
725 830 225
725 521 140
727 701 248
727 701 248
730 221 4
730 221 4
732 419 8
732 419 8
732 419 8
732 419 8
732 419 8
732 419 8
732 419 8
733 419 8
733 419 8
733 419 8
733 419 8
733 419 8
733 419 8
733 419 8
733 688 158
733 688 158
734 495 420
734 495 420
740 428 206
740 428 206
741 812 656
741 812 656
746 595 19
746 595 19
747 495 420
747 495 420
747 495 420
747 495 420
747 495 420
747 495 420
747 495 420
747 495 420
748 495 420
748 495 420
748 495 420
748 495 420
748 495 420
748 495 420
748 495 420
748 495 420
748 495 420
748 495 420
748 495 420
748 495 420
748 495 420
748 495 420
748 495 420
748 495 420
748 495 420
749 495 420
749 495 420
749 495 420
749 495 420
749 495 420
749 495 420
749 495 420
749 495 420
750 495 420
750 495 420
750 495 420
750 495 420
750 495 420
750 495 420
750 495 420
750 495 420
750 495 420
750 495 420
750 651 623
750 651 623
750 495 420
750 495 420
750 495 420
750 495 420
750 495 420
751 495 420
751 495 420
751 495 420
751 495 420
751 495 420
751 495 420
751 495 420
751 495 420
751 495 420
751 495 420
751 495 420
751 495 420
752 495 420
752 420 337
752 495 420
752 495 420
752 495 420
752 495 420
752 495 420
752 495 420
752 495 420
752 495 420
752 495 420
753 495 420
753 495 420
753 495 420
753 495 420
753 495 420
753 495 420
753 495 420
753 495 420
753 495 420
753 495 420
756 21 20
756 21 20
757 578 289
757 578 289
764 578 289
764 578 289
764 578 289
764 578 289
764 578 289
764 578 289
764 578 289
764 578 289
765 578 289
765 578 289
765 578 289
765 578 289
765 578 289
765 578 289
765 572 505
765 572 505
765 572 505
765 572 505
765 589 291
765 589 291
765 572 505
765 572 505
765 572 505
765 572 505
765 572 505
765 572 505
766 572 505
766 572 505
766 572 505
766 572 505
766 572 505
766 572 505
766 572 505
766 572 505
766 572 505
766 572 505
767 572 88
767 572 88
767 572 88
767 572 88
767 572 88
767 572 88
767 572 88
768 495 362
768 495 362
775 401 190
775 401 190
776 269 267
776 269 267
776 269 267
776 269 267
776 269 267
776 269 267
776 269 267
780 269 267
780 269 267
780 269 267
780 269 267
780 269 267
780 269 267
780 269 267
780 269 267
780 651 623
780 651 623
780 651 623
780 651 623
780 651 623
780 651 623
780 651 623
781 651 623
781 651 623
781 651 623
781 651 623
781 651 623
781 651 623
781 651 623
781 651 623
786 49 48
786 49 48
787 678 470
787 678 470
789 845 256
789 845 256
791 337 225
791 337 225
794 269 267
794 269 267
795 845 256
795 845 256
796 617 391
796 617 391
796 617 391
796 617 391
796 371 27
796 371 27
796 617 391
796 617 391
796 617 391
796 617 391
797 617 391
797 617 391
797 617 391
797 617 391
797 617 391
797 617 391
797 617 391
797 617 391
804 337 225
804 337 225
812 495 420
812 495 420
812 495 420
812 495 420
812 495 420
812 495 420
812 495 420
813 495 420
813 495 420
813 495 420
813 495 420
813 495 420
813 495 420
813 495 420
813 495 420
814 780 96
814 780 96
814 578 176
814 578 176
814 578 176
814 578 176
814 578 176
814 578 176
814 578 176
814 578 176
814 578 176
814 578 176
814 578 176
814 578 176
814 578 176
814 578 176
815 578 176
815 578 176
815 578 176
815 578 176
815 578 176
815 578 176
815 578 176
815 578 176
815 578 176
815 578 176
815 578 176
815 578 176
815 578 176
815 578 176
816 578 176
816 578 176
816 578 176
816 578 176
816 578 176
816 578 176
816 578 176
816 578 176
816 578 176
816 578 176
816 578 176
817 578 176
817 578 176
817 578 176
817 578 176
817 578 176
817 578 176
817 578 176
817 578 176
817 578 176
817 578 176
817 578 176
817 578 176
817 578 176
818 578 176
818 578 176
818 578 176
818 578 176
818 578 176
818 578 176
818 578 176
818 578 176
818 578 176
818 578 176
818 21 20
818 21 20
818 21 20
818 21 20
818 578 176
818 578 176
818 578 176
818 578 176
818 21 20
818 21 20
818 21 20
818 21 20
819 21 20
819 21 20
819 21 20
819 21 20
819 21 20
819 21 20
819 21 20
819 21 20
824 91 90
824 91 90
827 21 20
827 21 20
832 622 39
832 622 39
837 21 20
837 21 20
837 21 20
837 21 20
837 21 20
837 21 20
837 21 20
837 21 20
841 21 20
841 21 20
841 21 20
841 21 20
841 21 20
841 21 20
841 21 20
841 21 20
849 578 289
849 578 289
855 21 20
855 21 20
952 428 206
952 428 206
957 640 172
957 640 172
959 428 206
959 428 206
959 428 206
959 442 20
959 442 20
959 676 567
959 676 567
959 428 206
959 428 206
959 428 206
959 428 206
959 428 206
960 428 206
960 428 206
960 428 206
960 428 206
960 428 206
960 428 206
960 428 206
960 428 206
960 428 206
960 428 206
960 428 206
962 428 206
962 428 206
962 428 206
962 428 206
962 428 206
962 428 206
962 428 206
962 428 206
962 428 206
962 428 206
962 428 206
971 639 474
971 639 474
975 782 435
975 782 435
982 495 420
982 495 420
985 210 185
985 210 185
986 299 237
986 299 237
996 356 210
996 356 210
996 356 210
996 506 388
996 506 388
996 356 210
996 356 210
996 356 210
996 356 210
999 356 210
999 356 185
999 356 210
999 356 185
999 356 185
999 356 210
999 356 185
999 356 210
999 356 185
999 356 210
999 356 210
999 356 185
999 356 210
999 356 185
999 356 210
999 356 210
999 356 185
1002 537 472
1002 537 472
1002 75 51
1002 75 51
1005 595 337
1005 146 145
1005 146 145
1005 595 19
1005 595 19
1005 644 415
1005 644 415
1005 644 415
1006 638 554
1006 638 554
1006 638 554
1006 430 214
1006 430 214
1006 638 554
1006 638 554
1006 638 554
1006 638 554
1007 415 158
1007 415 158
1007 21 20
1007 21 20
1007 415 158
1007 415 158
1007 415 158
1008 406 6
1008 406 6
1009 557 419
1009 557 419
1010 638 554
1010 638 554
1010 638 554
1010 638 554
1010 638 554
1010 638 554
1010 638 554
1010 805 63
1010 805 63
1010 578 289
1010 578 289
1012 670 344
1012 670 344
1012 670 344
1012 670 344
1012 670 344
1012 670 344
1012 670 344
1013 670 344
1013 670 344
1013 670 344
1013 670 344
1013 670 344
1013 670 344
1013 670 344
1017 405 152
1017 405 152
1017 682 383
1017 682 383
1019 752 289
1019 752 289
1031 335 278
1031 335 278
1032 656 179
1032 656 179
1037 643 92
1037 643 92
1037 617 279
1037 617 279
1037 617 279
1037 617 279
1037 617 279
1037 617 279
1037 617 279
1038 617 279
1038 617 279
1038 617 279
1038 617 279
1038 617 279
1038 617 279
1038 617 279
1038 617 279
1038 569 465
1038 569 465
1040 651 623
1040 651 623
1040 651 623
1040 651 623
1040 651 623
1040 651 623
1040 651 623
1040 651 623
1040 651 623
1040 651 623
1040 651 623
1040 651 623
1040 651 623
1041 651 623
1041 651 623
1041 651 623
1041 651 623
1041 651 623
1041 651 623
1041 651 623
1041 651 623
1041 651 623
1041 651 623
1041 651 623
1041 651 623
1041 651 623
1041 651 623
1041 651 623
1041 651 623
1041 651 623
1041 651 623
1041 651 623
1041 651 623
1041 651 623
1042 651 623
1042 651 623
1042 651 623
1042 651 623
1042 301 300
1042 301 300
1042 651 623
1042 651 623
1042 651 623
1042 651 623
1042 651 623
1042 636 623
1043 651 623
1043 651 623
1043 651 623
1043 651 623
1043 651 623
1043 651 623
1043 651 623
1043 651 623
1043 651 623
1043 651 623
1043 651 623
1044 651 623
1044 651 623
1044 651 623
1044 651 623
1044 651 623
1044 651 623
1044 651 623
1044 651 623
1044 651 623
1044 651 623
1044 651 623
1044 651 623
1044 651 623
1044 651 623
1044 677 651
1045 418 266
1045 418 266
1047 569 465
1047 569 465
1047 569 465
1047 569 465
1047 569 465
1047 569 465
1047 569 465
1047 569 465
1048 801 444
1048 801 444
1048 801 444
1048 801 444
1048 801 444
1048 801 444
1048 801 444
1048 801 444
1049 801 444
1049 801 444
1049 801 444
1049 801 444
1049 801 444
1049 801 444
1049 801 444
1049 801 444
1051 569 465
1051 569 465
1051 569 465
1051 304 163
1051 304 163
1051 569 465
1051 569 465
1051 569 465
1051 569 465
1058 578 289
1058 578 289
1058 578 289
1058 578 289
1058 578 289
1058 578 289
1058 578 289
1058 578 289
1060 578 289
1060 578 289
1060 578 289
1060 578 289
1060 146 145
1060 146 145
1060 697 202
1060 697 202
1060 578 289
1060 578 289
1060 578 289
1060 146 145
1060 146 145
1060 146 145
1060 146 145
1060 146 145
1060 146 145
1060 146 145
1060 146 145
1061 146 145
1061 146 145
1061 146 145
1061 146 145
1061 146 145
1061 146 145
1061 146 145
1061 146 145
1061 146 145
1061 146 145
1061 146 145
1061 146 145
1061 146 145
1061 146 145
1062 146 145
1062 146 145
1062 146 145
1062 146 145
1062 146 145
1062 146 145
1062 146 145
1062 146 145
1062 146 145
1062 146 145
1062 146 145
1062 146 145
1062 146 145
1062 146 145
1062 146 145
1062 146 145
1063 146 145
1063 146 145
1063 146 145
1063 146 145
1063 146 145
1063 146 145
1063 146 145
1063 146 145
1063 146 145
1063 146 145
1063 146 145
1063 146 145
1063 146 145
1063 146 145
1063 146 145
1064 146 145
1064 146 145
1064 146 145
1064 146 145
1064 146 145
1064 146 145
1064 146 145
1064 146 145
1064 146 145
1064 146 145
1064 146 145
1064 146 145
1064 146 145
1064 146 145
1064 146 145
1064 146 145
1064 146 145
1064 146 145
1064 146 145
1065 146 145
1065 146 145
1065 146 145
1065 146 145
1065 146 145
1065 146 145
1065 146 145
1065 146 145
1065 146 145
1065 146 145
1065 146 145
1065 146 145
1065 146 145
1065 146 145
1065 146 145
1065 146 145
1065 146 145
1065 146 145
1066 146 145
1066 146 145
1066 146 145
1066 146 145
1066 146 145
1066 146 145
1066 146 145
1066 146 145
1066 146 145
1066 146 145
1066 146 145
1066 146 145
1067 146 145
1067 146 145
1067 146 145
1067 146 145
1067 146 145
1067 146 145
1067 146 145
1067 403 268
1067 403 268
1067 578 289
1067 578 289
1067 146 145
1068 146 145
1068 146 145
1068 146 145
1068 146 145
1068 146 145
1068 146 145
1068 146 145
1069 146 145
1069 146 145
1069 146 145
1069 146 145
1069 146 145
1069 146 145
1069 91 90
1069 91 90
1073 683 390
1073 683 390
1075 578 289
1075 578 289
1075 578 289
1075 578 289
1075 578 289
1075 578 289
1075 578 289
1075 578 289
1078 578 289
1078 578 289
1078 578 289
1078 578 289
1078 578 289
1078 578 289
1078 578 289
1078 578 289
1080 622 39
1080 622 39
1082 335 278
1082 335 278
1083 677 652
1083 677 652
1086 449 47
1086 449 47
1086 403 267
1086 403 267
1086 403 267
1086 403 267
1086 403 267
1086 403 267
1086 403 267
1086 403 267
1088 403 267
1088 403 267
1088 403 267
1088 403 267
1088 403 267
1088 403 267
1088 403 267
1088 403 267
1090 622 39
1090 622 39
1092 260 225
1092 459 260
1092 459 260
1095 677 652
1095 677 652
1098 51 23
1098 51 23
1101 677 652
1101 677 652
1101 677 652
1101 677 652
1101 677 652
1101 677 652
1101 677 652
1101 677 652
1105 521 268
1105 521 268
1106 677 652
1106 677 652
1106 495 420
1106 495 420
1113 709 33
1113 709 33
1113 21 20
1113 21 20
1113 21 20
1113 21 20
1113 21 20
1113 21 20
1113 21 20
1113 21 20
1114 21 20
1114 21 20
1114 21 20
1114 21 20
1114 21 20
1114 21 20
1114 21 20
1114 21 20
1126 495 420
1126 495 420
1128 49 48
1128 49 48
1130 688 405
1130 688 405
1133 632 491
1133 632 491
1136 495 420
1136 495 420
1136 495 420
1136 495 420
1136 495 420
1136 495 420
1136 495 420
1136 495 420
1141 495 420
1141 495 420
1143 301 300
1143 301 300
1243 527 314
1243 527 314
1243 527 314
1243 527 314
1243 527 314
1243 527 314
1243 527 314
1243 527 314
1244 527 314
1244 527 314
1244 527 314
1244 527 314
1244 527 314
1244 527 314
1244 527 314
1244 688 405
1244 688 405
1246 805 459
1246 805 459
1248 575 50
1248 575 50
1262 541 367
1262 541 367
1262 397 212
1262 397 212
1262 397 212
1262 397 212
1262 397 212
1262 397 212
1262 397 212
1262 397 212
1263 785 424
1263 785 424
1264 397 212
1264 397 212
1264 397 212
1264 397 212
1264 397 212
1264 397 212
1264 397 212
1264 397 212
1269 640 172
1269 640 172
1269 640 172
1269 640 172
1269 640 172
1269 640 172
1269 640 172
1269 640 172
1269 640 172
1269 640 172
1269 640 172
1269 652 172
1270 397 212
1270 397 212
1273 204 64
1273 204 64
1274 640 551
1274 640 95
1274 640 551
1274 640 95
1274 640 551
1274 640 95
1274 640 95
1274 640 95
1274 640 95
1274 640 551
1274 640 95
1274 640 95
1274 640 95
1276 640 172
1277 640 95
1277 474 304
1277 474 304
1277 640 95
1277 640 95
1277 640 95
1277 640 95
1277 640 95
1277 677 304
1278 640 95
1278 640 95
1278 640 95
1278 416 381
1278 416 381
1278 356 210
1278 356 210
1278 356 210
1278 640 95
1278 640 95
1278 640 95
1278 640 95
1278 356 210
1278 356 210
1278 356 210
1278 356 210
1278 356 210
1279 356 210
1279 356 185
1279 356 210
1279 356 185
1279 356 210
1279 356 210
1279 356 185
1279 356 185
1279 356 210
1279 356 210
1279 356 210
1279 356 210
1279 356 185
1279 356 210
1279 356 185
1279 356 185
1279 356 210
1279 356 185
1279 356 185
1280 356 185
1280 356 185
1280 356 185
1280 356 185
1280 356 185
1280 356 185
1280 356 185
1280 356 185
1280 356 185
1280 356 185
1280 356 185
1288 445 199
1288 445 199
1291 492 147
1291 492 147
1291 492 147
1291 492 147
1291 492 147
1291 492 147
1291 492 147
1291 492 147
1292 492 147
1292 492 147
1292 492 147
1292 492 147
1292 492 147
1292 492 147
1292 492 147
1292 492 147
1293 21 20
1293 21 20
1293 631 561
1293 631 561
1293 631 561
1293 631 561
1293 631 561
1293 631 561
1293 631 561
1293 631 561
1294 631 561
1294 631 561
1294 631 561
1294 631 561
1294 543 403
1294 543 403
1294 631 561
1294 631 561
1294 631 561
1294 631 561
1294 403 280
1295 578 289
1295 578 289
1296 615 507
1296 615 507
1296 615 507
1296 615 507
1296 785 424
1296 785 424
1296 615 507
1296 615 507
1296 615 507
1296 615 507
1296 677 507
1297 615 507
1297 615 507
1297 615 507
1297 615 507
1297 615 507
1297 615 507
1297 615 507
1297 615 507
1297 845 228
1297 845 228
1297 801 444
1297 801 444
1302 495 420
1302 495 420
1304 569 465
1304 569 465
1306 578 289
1306 578 289
1306 521 268
1306 521 268
1306 521 268
1306 521 268
1306 521 268
1306 521 268
1306 521 268
1306 521 268
1306 578 289
1306 578 289
1306 578 289
1306 578 289
1307 521 405
1307 521 268
1307 521 268
1307 521 268
1307 521 268
1307 521 268
1307 521 268
1307 521 268
1307 521 268
1308 578 97
1308 578 97
1308 578 97
1308 578 97
1308 578 97
1308 578 97
1308 578 97
1308 578 97
1308 578 97
1308 578 97
1310 578 97
1310 578 97
1310 578 97
1310 578 97
1310 578 97
1310 578 97
1310 578 97
1310 578 97
1310 578 97
1310 578 97
1310 578 97
1314 356 139
1314 356 185
1314 356 185
1314 588 395
1314 588 395
1316 572 505
1316 572 505
1317 720 342
1317 720 342
1320 578 289
1320 578 289
1323 446 106
1323 446 106
1326 560 207
1326 560 207
1326 560 207
1326 560 207
1326 560 207
1326 560 207
1326 560 207
1329 560 207
1329 560 207
1329 560 207
1329 560 207
1329 677 652
1329 677 652
1329 560 207
1329 560 207
1329 560 207
1329 560 207
1337 774 586
1337 774 586
1337 651 623
1337 651 623
1340 337 207
1340 560 207
1340 560 207
1340 560 207
1340 560 207
1340 560 207
1340 560 207
1340 560 207
1341 560 207
1341 560 207
1341 560 207
1341 560 207
1341 560 207
1341 560 207
1341 560 207
1341 560 207
1345 379 339
1345 379 339
1347 578 289
1347 578 289
1349 301 300
1349 301 300
1350 495 420
1350 495 420
1351 137 136
1351 137 136
1351 294 194
1351 294 194
1351 622 39
1351 622 39
1351 622 39
1351 622 39
1351 622 39
1351 622 39
1351 622 39
1351 622 39
1355 622 39
1355 622 39
1355 622 39
1355 557 419
1355 557 8
1355 557 419
1355 557 8
1355 557 419
1355 557 8
1355 557 419
1355 557 8
1355 622 39
1355 622 39
1355 622 39
1355 622 39
1355 622 39
1355 622 39
1355 622 39
1358 622 39
1358 622 39
1358 622 39
1358 622 39
1358 622 39
1358 622 39
1358 622 39
1358 622 39
1358 622 39
1359 49 48
1359 49 48
1367 49 48
1367 49 48
1370 681 634
1370 681 634
1370 681 634
1370 681 634
1370 681 634
1370 681 634
1370 681 634
1370 681 634
1373 681 634
1373 681 634
1373 681 634
1373 681 634
1373 681 634
1373 681 634
1373 681 634
1373 681 634
1382 527 314
1382 527 314
1388 561 173
1388 561 173
1392 91 90
1392 91 90
1392 91 90
1392 91 90
1392 91 90
1392 91 90
1392 91 90
1392 91 90
1393 91 90
1393 91 90
1393 91 90
1393 91 90
1393 91 90
1393 91 90
1393 91 90
1393 91 90
1393 557 419
1393 557 419
1393 335 278
1393 335 278
1408 21 20
1408 21 20
1408 301 300
1408 301 300
1408 21 20
1408 21 20
1408 21 20
1408 21 20
1408 21 20
1408 21 20
1408 21 20
1408 21 20
1408 21 20
1408 21 20
1409 21 20
1409 21 20
1409 21 20
1409 21 20
1409 21 20
1409 21 20
1409 21 20
1409 21 20
1409 21 20
1409 21 20
1409 21 20
1409 21 20
1409 21 20
1409 21 20
1409 21 20
1409 21 20
1411 21 20
1411 21 20
1411 21 20
1411 21 20
1411 21 20
1411 21 20
1411 21 20
1411 21 20
1411 21 20
1411 21 20
1411 21 20
1411 21 20
1411 21 20
1411 21 20
1413 21 20
1413 21 20
1413 21 20
1413 21 20
1413 21 20
1413 21 20
1413 21 20
1413 21 20
1413 21 20
1413 21 20
1413 21 20
1414 21 20
1414 21 20
1414 21 20
1414 21 20
1424 561 173
1424 561 173
1424 561 173
1424 561 173
1424 561 173
1424 561 173
1424 561 173
1424 561 173
1425 561 173
1425 561 173
1425 561 173
1425 561 173
1425 561 173
1425 561 173
1425 561 173
1425 561 173
1427 21 20
1427 21 20
1435 677 207
1435 677 207
1436 561 173
1436 561 173
1436 561 173
1436 561 173
1436 561 173
1436 561 173
1436 561 173
1436 561 173
1437 561 173
1437 561 173
1437 561 173
1437 561 173
1437 561 173
1437 561 173
1437 561 173
1437 561 173
1512 324 221
1512 324 221
1512 324 221
1512 324 221
1512 324 221
1512 324 221
1512 324 221
1512 324 221
1512 324 221
1512 324 221
1512 324 221
1512 324 221
1512 324 221
1512 324 221
1512 324 221
1512 324 221
1512 324 221
1512 324 221
1512 324 221
1514 337 221
1514 324 221
1514 324 221
1514 324 221
1514 324 221
1514 324 221
1514 324 221
1514 324 221
1514 324 221
1514 324 221
1514 324 221
1514 324 221
1514 324 221
1514 324 221
1516 324 221
1516 324 221
1516 324 221
1516 324 221
1516 324 221
1516 324 221
1516 324 221
1516 324 221
1516 324 221
1516 324 221
1516 324 221
1516 324 221
1516 324 221
1516 324 221
1516 324 221
1516 324 221
1516 324 221
1516 324 221
1516 324 221
1516 324 221
1516 324 221
1516 324 221
1516 324 221
1517 324 221
1517 324 221
1517 324 221
1517 324 221
1517 324 221
1517 324 221
1517 324 221
1517 324 221
1517 324 221
1517 324 221
1517 324 221
1517 324 221
1517 324 221
1520 324 221
1520 324 221
1520 324 221
1520 324 221
1520 324 221
1520 324 221
1520 324 221
1520 324 221
1521 324 221
1521 324 221
1521 324 221
1521 324 221
1521 324 221
1521 324 221
1521 324 221
1521 324 221
1521 324 221
1523 337 324
1523 324 221
1523 324 221
1523 324 221
1523 324 221
1523 324 221
1523 324 221
1523 324 221
1523 324 221
1526 374 225
1526 374 297
1526 374 297
1538 688 405
1538 688 405
1544 301 300
1544 301 300
1552 636 473
1552 636 473
1554 641 396
1554 641 396
1555 656 179
1555 656 179
1558 444 402
1558 444 402
1558 639 474
1558 639 474
1568 677 652
1568 652 357
1568 677 652
1568 677 652
1568 677 652
1568 677 652
1568 677 652
1568 677 652
1568 677 652
1568 677 304
1568 677 652
1569 677 207
1569 677 207
1569 677 207
1569 357 49
1569 357 49
1569 677 207
1569 677 207
1569 677 207
1569 677 12
1572 677 652
1572 677 470
1572 677 652
1572 677 652
1572 677 507
1572 677 652
1572 677 652
1572 677 652
1572 677 652
1572 677 652
1572 677 185
1572 677 652
1572 677 652
1572 677 651
1573 91 90
1573 91 90
1575 677 652
1575 677 652
1575 677 652
1575 677 652
1575 677 652
1575 677 652
1575 677 652
1575 677 640
1575 677 172
1576 357 49
1576 357 49
1577 651 623
1577 651 623
1579 640 95
1579 640 95
1580 628 116
1580 628 116
1583 405 152
1583 405 152
1584 504 341
1584 504 341
1584 557 419
1584 557 419
1584 557 419
1584 557 419
1584 557 419
1584 557 419
1586 557 8
1586 557 8
1586 569 465
1586 569 465
1586 91 90
1586 91 90
1586 91 90
1586 91 90
1586 557 8
1586 557 8
1586 91 90
1586 91 90
1586 91 90
1586 91 90
1587 91 90
1587 91 90
1587 91 90
1587 578 289
1587 578 289
1587 91 90
1587 91 90
1587 91 90
1587 91 90
1587 651 623
1587 651 623
1589 386 92
1589 386 92
1590 543 269
1590 543 269
1590 549 161
1590 549 161
1592 640 95
1592 640 95
1592 640 95
1592 640 95
1592 640 95
1592 640 95
1592 640 95
1592 640 95
1593 640 95
1593 640 95
1593 640 95
1593 640 95
1593 325 292
1593 325 292
1593 640 95
1593 640 95
1593 640 95
1593 640 95
1594 91 90
1594 91 90
1595 424 266
1595 424 266
1595 357 49
1595 357 49
1595 357 49
1595 357 49
1595 357 49
1595 357 49
1595 357 49
1595 357 49
1596 357 49
1596 357 49
1596 357 49
1596 357 49
1596 357 49
1596 357 49
1596 357 49
1596 403 267
1596 403 267
1597 459 260
1597 459 260
1598 455 282
1598 455 282
1598 455 282
1598 455 282
1598 578 289
1598 578 289
1598 578 289
1598 578 289
1598 455 282
1598 455 282
1598 455 282
1598 455 282
1598 578 289
1598 578 289
1598 578 289
1598 578 289
1599 455 282
1599 455 282
1599 455 282
1599 455 282
1599 455 282
1599 455 282
1599 455 282
1599 455 282
1601 578 289
1601 578 289
1601 578 289
1601 578 289
1601 578 289
1601 578 289
1601 578 289
1601 578 289
1602 466 269
1602 466 269
1608 175 119
1608 175 119
1609 651 623
1609 651 623
1611 405 152
1611 405 152
1611 405 152
1611 405 152
1611 405 152
1614 688 405
1614 688 405
1614 688 405
1614 688 405
1617 331 257
1617 331 257
1617 331 257
1617 331 257
1617 254 88
1617 254 88
1617 331 257
1617 331 257
1617 331 257
1618 331 257
1618 331 257
1618 331 257
1618 331 257
1618 331 257
1618 331 257
1618 331 257
1618 331 257
1618 175 119
1618 175 119
1619 485 472
1619 485 472
1621 521 139
1621 830 268
1621 521 268
1621 521 268
1622 583 13
1622 583 13
1622 403 267
1622 403 267
1623 406 240
1623 406 240
1625 91 90
1625 91 90
1625 672 58
1625 672 58
1625 672 58
1625 672 58
1625 672 58
1625 672 58
1625 672 58
1625 672 58
1627 681 634
1627 681 634
1628 813 671
1628 813 671
1629 405 185
1629 485 280
1629 485 403
1629 337 280
1629 485 280
1629 682 405
1629 682 405
1630 175 119
1630 175 119
1630 672 58
1630 672 58
1630 672 58
1634 589 291
1634 589 291
1643 569 465
1643 569 465
1646 49 48
1646 49 48
1650 695 317
1650 695 317
1653 688 152
1653 688 152
1653 688 152
1653 538 355
1653 538 355
1653 688 152
1653 688 152
1654 688 405
1654 688 405
1654 688 405
1654 244 25
1654 244 25
1654 688 405
1654 688 405
1654 688 405
1655 446 106
1655 446 106
1667 578 289
1667 578 289
1667 578 289
1667 578 289
1667 578 289
1667 578 289
1667 578 289
1667 578 289
1670 578 289
1670 578 289
1670 578 289
1670 578 289
1670 578 289
1670 578 289
1670 578 289
1677 137 136
1677 137 136
1678 466 412
1678 466 412
1681 382 218
1681 382 218
1687 564 254
1687 564 254
1690 308 109
1690 308 109
1692 372 342
1692 372 342
1710 280 131
1710 280 131
1719 301 300
1719 337 301
1719 301 300
1719 37 36
1719 37 36
1719 37 36
1719 37 36
1719 37 36
1719 37 36
1719 37 36
1719 37 36
1719 37 36
1720 37 36
1720 37 36
1720 37 36
1720 37 36
1720 37 36
1720 37 36
1720 37 36
1720 37 36
1720 37 36
1720 337 36
1720 37 36
1720 37 36
1721 37 36
1721 37 36
1721 37 36
1721 37 36
1721 37 36
1721 37 36
1721 37 36
1721 37 36
1722 37 36
1722 37 36
1722 37 36
1722 37 36
1722 37 36
1722 37 36
1722 337 37
1722 37 36
1722 37 36
1722 37 36
1722 37 36
1722 37 36
1725 357 49
1725 357 49
1725 357 49
1725 357 49
1725 357 49
1725 357 49
1725 357 49
1725 357 49
1726 201 79
1726 201 79
1727 357 49
1727 357 49
1727 357 49
1727 357 49
1727 357 49
1727 357 49
1727 357 49
1731 688 405
1731 688 405
1740 744 80
1740 744 80
1743 678 470
1743 678 470
1745 280 131
1745 280 131
1745 578 289
1745 578 289
1752 809 131
1752 809 131
1752 809 131
1753 280 131
1753 280 131
1753 280 131
1753 280 131
1753 280 131
1753 280 131
1753 280 131
1753 280 131
1753 280 131
1753 280 131
1753 280 131
1753 280 131
1753 280 131
1753 280 131
1754 280 131
1754 280 131
1754 280 131
1754 280 131
1754 280 131
1754 280 131
1754 280 131
1754 280 131
1754 280 131
1754 280 131
1754 280 131
1754 280 131
1754 280 131
1754 280 131
1754 280 131
1754 280 131
1755 280 131
1755 280 131
1755 280 131
1755 280 131
1755 280 131
1755 280 131
1755 280 131
1755 280 131
1755 280 131
1755 280 131
1755 280 131
1755 280 131
1755 280 131
1755 280 131
1755 280 131
1757 280 131
1757 280 131
1757 280 131
1757 280 131
1757 280 131
1757 280 131
1757 280 131
1757 280 131
1757 280 131
1757 280 131
1757 280 131
1757 280 131
1757 280 131
1757 280 131
1757 280 131
1757 280 131
1757 280 131
1757 280 131
1758 280 131
1758 280 131
1758 280 131
1758 280 131
1758 280 131
1758 280 131
1759 622 39
1759 622 39
1759 301 300
1759 301 300
1759 301 300
1759 301 300
1759 301 300
1759 301 300
1759 301 300
1759 301 300
1759 622 39
1759 622 39
1759 622 39
1759 622 39
1759 622 39
1759 622 39
1759 622 39
1759 622 39
1759 622 39
1759 622 39
1760 622 39
1760 622 39
1760 301 300
1760 301 300
1760 301 300
1760 301 300
1760 301 300
1760 301 300
1760 301 300
1760 622 39
1760 622 39
1760 622 39
1760 622 39
1760 622 39
1760 622 39
1760 622 39
1760 622 39
1760 622 39
1760 622 39
1760 622 39
1760 622 39
1760 622 39
1760 622 39
1761 622 39
1761 622 39
1761 622 39
1761 622 39
1761 622 39
1761 622 39
1761 622 39
1761 622 39
1761 622 39
1761 622 39
1761 622 39
1761 622 39
1761 622 39
1761 622 39
1761 622 39
1761 622 39
1762 622 39
1762 622 39
1762 622 39
1762 622 39
1762 622 39
1762 622 39
1762 622 39
1762 622 39
1762 622 39
1762 622 39
1762 622 39
1762 622 39
1762 622 39
1762 622 39
1762 622 39
1763 622 39
1763 622 39
1763 622 39
1763 622 39
1763 622 39
1763 622 39
1763 622 39
1763 622 39
1763 622 39
1763 622 39
1763 622 39
1827 310 143
1827 310 143
1844 697 202
1844 697 202
1845 615 507
1845 615 507
1852 91 90
1852 91 90
1856 396 345
1856 396 345
1860 242 33
1860 242 33
1871 27 6
1871 27 6
1871 578 289
1871 578 289
1871 578 289
1871 578 289
1871 578 289
1871 578 289
1871 578 289
1871 578 289
1872 578 289
1872 578 289
1872 578 289
1872 578 289
1872 578 289
1872 578 289
1872 578 289
1872 578 289
1873 495 420
1873 495 420
1876 560 359
1876 560 359
1878 678 470
1878 678 470
1878 27 6
1878 27 6
1882 506 388
1882 506 388
1882 506 388
1882 506 388
1882 506 388
1882 506 388
1882 506 388
1882 506 388
1882 506 388
1885 506 388
1885 506 388
1885 506 388
1885 506 388
1885 506 388
1885 506 388
1885 506 388
1885 506 388
1885 506 388
1886 506 56
1886 506 56
1886 506 56
1886 506 56
1886 506 56
1886 506 56
1886 506 56
1886 506 56
1886 506 56
1886 506 56
1886 506 56
1889 506 56
1889 506 56
1889 506 56
1889 506 56
1889 506 56
1889 506 56
1889 506 56
1889 506 56
1889 495 420
1889 495 420
1890 506 56
1890 506 56
1890 506 56
1890 506 56
1890 506 56
1890 506 56
1890 506 56
1890 506 56
1890 506 56
1891 580 283
1891 580 283
1897 177 100
1897 177 100
1898 677 470
1898 678 470
1898 678 470
1898 678 470
1898 678 470
1898 310 143
1898 310 143
1898 678 470
1898 678 470
1898 678 470
1899 485 472
1899 485 472
1901 470 59
1901 678 470
1901 678 470
1901 678 470
1901 678 470
1901 678 470
1901 678 470
1901 678 470
1901 678 470
1906 151 69
1906 151 69
1910 583 96
1910 583 96
1910 583 96
1910 583 96
1910 583 96
1910 583 96
1910 583 96
1910 583 96
1911 583 96
1911 583 96
1911 583 96
1911 580 283
1911 580 283
1911 580 283
1911 583 96
1911 583 96
1911 583 96
1911 583 96
1911 580 283
1911 580 283
1911 580 283
1912 310 143
1912 310 143
1912 472 236
1912 472 236
1913 503 13
1913 503 13
1914 688 405
1914 688 405
1914 688 405
1914 688 405
1914 688 405
1914 688 405
1914 688 405
1914 688 405
1915 441 283
1915 441 283
1915 441 283
1915 441 283
1915 441 283
1916 688 405
1916 688 405
1916 688 405
1916 688 405
1916 688 405
1916 688 405
1916 688 405
1916 688 405
1920 683 661
1920 683 661
1923 272 166
1923 272 166
1927 578 371
1927 578 371
1927 578 371
1927 578 371
1927 37 36
1927 37 36
1927 578 371
1927 578 371
1927 578 371
1927 578 371
1927 578 371
1927 578 371
1927 578 371
1930 578 371
1930 578 371
1930 578 371
1930 446 85
1930 446 85
1930 578 371
1930 578 371
1930 578 371
1930 578 371
1930 578 371
1930 578 371
1930 578 371
1930 578 371
1932 578 371
1932 578 371
1932 578 371
1932 578 371
1932 578 371
1932 578 371
1932 578 371
1933 272 166
1933 272 166
1933 272 166
1933 272 166
1933 272 166
1933 272 166
1933 272 166
1933 272 166
1934 272 166
1934 272 166
1934 272 166
1934 272 166
1934 537 472
1934 537 472
1934 537 472
1934 272 166
1934 272 166
1934 272 166
1934 272 166
1934 537 472
1934 537 472
1934 537 472
1935 503 13
1935 503 13
1935 503 13
1935 503 13
1935 503 13
1935 503 13
1935 503 13
1935 503 13
1936 503 13
1936 503 13
1936 503 13
1936 503 13
1936 503 13
1936 503 13
1936 503 13
1936 503 13
1939 472 194
1943 151 69
1943 151 69
1946 492 147
1946 492 147
1953 677 324
1953 677 324
1957 636 346
1957 623 346
1957 636 225
1957 636 346
1967 221 107
1967 221 107
1968 492 147
1968 492 147
1969 772 218
1969 772 218
1969 314 120
1969 314 120
1969 314 120
1969 314 120
1969 314 120
1969 314 120
1969 314 120
1969 314 120
1969 314 120
1970 314 120
1970 314 120
1970 314 120
1970 314 120
1970 314 120
1970 314 120
1970 314 120
1970 314 120
1970 314 120
1970 314 120
1971 314 120
1971 314 120
1971 314 120
1971 314 120
1971 314 120
1971 314 120
1971 37 36
1971 37 36
1971 314 120
1971 314 120
1971 314 120
1979 301 300
1979 301 300
1980 580 283
1980 580 283
1980 242 33
1980 242 33
1981 578 176
1981 578 176
1981 578 176
1981 578 176
1981 578 176
1985 578 289
1985 578 289
1985 578 289
1985 578 289
1985 578 289
1985 578 289
1988 492 147
1988 492 147
1988 492 147
1988 492 147
1988 492 147
1988 492 147
1988 492 147
1988 492 147
1988 492 147
1988 492 147
1988 492 147
1993 492 147
1993 492 147
1993 492 147
1993 492 147
1993 492 147
1995 492 147
1995 492 147
1995 492 147
1995 492 147
2004 688 405
2004 688 405
2005 578 289
2005 578 289
