18 370 512
37 512 370
126 370 512
134 0 512
312 137 136
353 278 335
389 136 137
451 137 136
571 512 370
591 370 512
637 512 370
643 512 0
668 136 137
673 370 512
697 370 512
829 137 136
1147 512 370
1230 370 512
1448 370 512
1798 512 370
2179 299 237
2499 0 512
2578 663 519
2795 512 0
2970 0 512
3348 512 0
3354 512 299
3385 299 512
3464 0 512
3488 512 299
3517 512 0
3521 299 512
3549 512 299
3581 299 512
3629 0 512
3918 512 299
4602 0 512
4711 512 0
4720 512 0
4789 512 0
4832 0 512
4918 512 0
4940 0 512
5131 0 512
5307 370 512
5344 370 512
5388 512 0
5455 512 370
5508 370 512
5608 300 301
5882 512 0
5888 512 0
5915 0 512
5943 237 299
6002 299 237
6894 301 300
7245 301 300
7575 512 0
9826 47 19
9878 19 47
9930 0 512
9977 47 19
10050 19 47
12041 202 697
12096 697 202
12130 202 697
12227 697 202
12248 202 697
12307 697 202
12438 512 0
12492 0 512
12516 0 512
12518 278 335
13344 454 244
13618 454 244
13633 512 0
14119 244 454
15336 512 0
28655 512 0
30988 687 310
31240 279 617
31496 310 687
31547 687 310
32665 218 382
32724 617 279
32814 611 146
32832 617 279
33081 31 76
33145 137 136
33839 300 301
33930 301 300
33938 301 300
33954 300 301
34154 279 617
34170 279 617
34202 176 611
34203 176 611
34297 611 176
34387 120 314
34550 176 611
34592 611 176
34638 176 611
34650 611 176
34682 176 611
34695 611 176
34839 314 120
34848 176 611
34870 611 176
34923 176 611
34947 611 176
34949 120 314
35035 176 611
35045 611 176
35645 310 687
35764 51 75
35859 314 120
36060 120 314
36201 301 300
36284 786 350
36349 21 20
36561 314 120
36607 574 225
36765 350 786
36781 786 350
36866 75 51
36918 51 75
37096 75 51
37573 301 300
37646 51 75
37771 574 225
37806 225 574
38099 683 390
38186 611 176
38204 611 176
38236 176 611
38253 611 176
38304 176 611
38314 176 611
38319 176 611
38324 611 176
38326 176 611
38334 466 183
38336 611 176
38341 146 611
38472 390 683
38476 390 683
38561 683 390
38590 390 683
38658 683 390
38703 390 683
38716 632 274
38816 20 21
38842 617 279
38854 617 279
38877 279 617
38894 279 617
38910 617 279
38913 5 802
38917 136 137
38918 617 279
38944 390 683
38973 136 137
39037 279 617
39134 20 21
39155 20 21
39196 21 20
39247 20 21
39259 634 681
39306 802 5
39415 617 279
39458 279 617
39467 683 390
39470 617 279
39519 617 279
39524 611 146
39530 279 617
39535 279 617
39650 617 279
39665 617 279
39678 279 617
39729 21 20
39863 279 617
39896 137 136
39951 183 466
40052 136 137
40132 137 136
40248 5 802
40278 681 634
40373 802 5
40402 5 802
40472 802 5
40605 274 632
40848 617 279
41116 611 176
41139 634 681
41341 137 136
41616 5 802
41715 802 5
41794 5 802
41844 802 5
42275 512 0
42664 136 137
42697 136 137
42718 176 578
42960 350 786
42978 786 350
43002 121 288
43005 164 304
43173 632 274
43205 21 20
43314 20 21
43372 21 20
43608 141 176
43731 176 141
44058 617 279
44074 279 617
44141 617 279
44170 279 617
44197 274 632
44304 279 617
44338 146 458
44370 617 279
44406 279 617
44425 279 617
44429 617 279
44433 279 617
44438 617 279
44449 617 279
44474 279 617
44488 279 617
44534 617 279
44536 617 279
44542 617 279
44557 279 617
44708 75 51
44830 304 164
44862 164 304
44908 458 146
45344 0 512
45508 512 0
45747 304 164
45831 213 170
45868 359 560
46077 170 213
46101 213 170
46119 696 306
46184 0 512
46404 632 274
46415 121 288
46437 121 288
46478 121 288
46520 449 47
46595 274 632
46754 617 279
46774 279 617
46788 617 279
46807 279 617
46841 279 617
47325 512 0
47345 560 359
47357 617 279
47372 279 617
47410 617 279
47411 711 200
47428 237 299
47455 632 274
47508 279 617
47525 31 76
47548 359 560
47621 218 382
47722 617 279
47819 279 617
47890 617 279
47893 0 512
47914 617 279
47916 274 632
47965 279 617
47986 632 274
48127 299 237
48165 512 0
48189 382 218
48252 274 632
48433 237 299
48569 632 274
48594 299 237
48622 299 237
48630 237 299
48639 218 382
48643 274 632
48647 237 299
48682 299 237
48699 632 274
48713 237 299
48864 176 578
49946 578 176
50708 288 121
51230 176 578
52208 279 617
52307 617 279
52329 279 617
53529 218 382
53826 55 512
53862 512 55
53867 55 512
53913 512 55
54241 55 512
54393 414 335
54399 617 279
54604 512 55
54714 139 546
54813 55 512
54825 139 546
54845 512 55
54857 55 512
54868 137 176
54896 512 55
54988 55 512
55002 279 617
55060 512 55
55076 279 617
55088 617 279
55110 279 617
55134 617 279
55142 279 617
55144 279 617
55150 279 617
55188 55 512
55204 617 279
55266 512 55
55273 279 617
55349 55 512
55378 512 55
55393 55 512
55430 512 55
55435 55 512
55447 774 586
55484 512 55
55639 55 512
55654 617 279
55695 279 617
55708 512 55
55714 512 55
55767 512 55
55793 55 512
55844 617 279
55927 512 55
55927 279 617
55944 335 414
55971 20 21
55975 617 279
55983 414 335
56000 21 20
56005 21 20
56011 21 20
56044 55 512
56085 335 414
56163 512 55
56232 55 512
56239 414 335
57148 512 55
57277 55 512
57370 512 299
57380 512 299
57416 512 299
57703 335 414
57855 382 218
57987 512 55
58123 55 512
58147 512 55
58167 55 512
58198 512 55
58216 19 47
58228 19 47
58235 19 47
58240 19 47
58511 546 139
58612 546 139
58755 218 382
58907 55 512
58952 176 141
58956 340 601
58967 512 55
58991 601 340
59131 340 601
59160 299 512
59194 601 340
59315 512 299
59358 340 601
59398 601 340
59615 586 774
59647 299 512
59673 512 299
59756 774 586
59871 299 512
60387 578 176
60397 578 289
60423 289 578
60436 289 578
60443 289 578
60528 601 340
60565 578 289
60604 289 578
60610 340 601
60636 578 289
60672 601 340
60746 289 578
60828 578 289
60864 340 601
60883 289 578
60888 176 578
60892 601 340
61054 340 601
61073 176 578
61079 601 340
61347 578 289
61358 176 578
61382 578 176
61404 176 578
61412 176 578
61446 289 578
61460 578 176
61466 578 289
61487 176 578
61521 289 578
61541 51 75
61694 578 289
61729 289 578
62164 578 289
62238 289 578
62321 218 382
62323 578 289
62399 289 578
62774 578 176
62948 640 172
63142 89 341
63229 341 89
63293 341 89
63424 532 13
63433 151 578
63460 151 578
63531 176 578
63537 578 151
63567 279 617
63629 151 578
64254 617 279
64283 279 617
64627 640 172
64770 617 279
64789 279 617
64792 279 617
64797 279 617
64807 578 151
64810 578 151
64815 578 176
64822 578 151
64878 617 279
64900 151 578
64959 578 151
65418 151 578
65651 82 24
65815 578 151
65865 151 578
65876 578 176
65902 578 151
65907 720 342
65931 151 578
65990 578 151
66012 151 578
66014 218 382
66281 382 218
66325 218 382
67630 578 151
67721 151 578
67805 176 578
68067 578 151
68164 100 743
68168 578 176
68358 151 578
68398 218 382
68471 578 151
68513 382 218
68537 218 382
68616 382 218
68625 151 578
68690 218 382
68719 382 218
68746 18 276
68746 18 488
68772 382 218
68790 218 382
68792 382 218
68819 218 382
68835 382 218
68915 218 382
69093 141 176
69206 176 578
69501 578 176
69566 512 299
69619 299 512
69651 512 299
69731 24 82
69784 299 512
69823 176 578
69829 176 578
69840 512 299
69844 176 578
69846 382 218
69876 176 578
69983 115 475
70004 299 512
70057 578 176
70088 578 176
70153 512 299
70204 299 512
70229 55 235
70234 512 299
70237 488 18
70261 18 488
70332 176 578
70505 578 176
70937 279 617
70960 617 279
70992 279 617
71015 617 279
71020 278 335
71042 578 289
71042 335 278
71055 289 578
71055 279 617
71075 279 617
71102 578 289
71133 289 578
71215 578 289
71277 289 578
71353 357 3
71421 782 435
71457 357 3
71462 176 578
71508 578 289
71510 578 176
71535 300 371
71592 289 578
71597 176 578
71637 289 578
71672 3 357
71675 278 335
71692 3 357
71754 578 176
71755 371 300
71777 176 578
71782 3 357
71787 435 782
71790 578 289
71802 3 357
71806 299 512
71843 357 3
71878 512 299
71947 357 3
71979 289 578
71996 299 512
72030 782 435
72107 578 289
72143 512 299
72233 299 512
72260 512 299
72279 145 146
72324 299 512
72411 512 299
72449 145 146
72454 3 357
72483 146 145
72503 299 512
72565 3 357
72832 145 146
72848 357 3
72946 357 3
72955 485 472
73028 472 485
73388 512 299
73388 3 357
73460 357 3
73499 3 357
73508 578 289
73517 299 512
73559 512 299
73562 357 3
73592 139 546
73610 288 121
73631 335 278
73633 3 357
73641 235 55
73647 357 3
73677 299 512
73703 139 546
73710 512 299
73717 357 3
73728 3 357
73749 357 3
73780 145 146
73800 145 146
73834 342 720
73839 3 357
73855 299 512
73880 55 235
73887 720 342
73894 512 299
73949 136 137
73956 299 512
74012 357 3
74012 278 335
74046 335 278
74065 512 299
74091 357 3
74185 357 3
74189 3 357
74200 299 512
74214 512 299
74229 3 357
74299 3 357
74340 3 357
74391 357 3
74468 357 3
74471 146 145
74487 485 472
74495 485 472
74530 472 485
74561 357 3
74582 3 357
74583 342 720
74613 617 279
74615 299 512
74622 3 357
74636 176 578
74663 512 299
74669 235 55
74734 3 357
74807 55 235
74838 357 3
74888 3 357
74921 357 3
74935 299 512
74962 475 115
74978 512 299
74980 475 115
74996 235 55
74997 115 475
75018 115 475
75057 640 172
75097 683 390
75101 172 640
75111 278 335
75125 3 357
75238 3 357
75253 640 172
75303 172 640
75339 55 235
75642 640 172
75671 640 172
75690 172 640
75739 640 172
75804 390 683
75870 299 512
75907 279 617
75920 512 299
75980 357 3
76074 357 3
76098 3 357
76210 3 357
76289 299 512
76290 300 371
76427 535 614
76460 617 279
76464 474 639
76533 279 617
76542 279 617
76551 235 55
76562 266 424
76614 617 279
76635 279 617
76790 55 235
76892 578 176
76945 176 578
76996 335 278
77000 166 485
77029 278 335
77100 254 88
77125 335 278
77132 799 549
77175 639 474
77236 145 146
77248 145 146
77269 145 146
77352 278 335
77353 172 640
77384 172 640
77386 335 278
77402 640 172
77489 278 335
77631 172 640
77662 146 145
77699 145 146
77731 146 145
77769 640 172
77786 176 578
77884 335 278
78011 171 49
78033 172 640
78045 278 335
78150 335 278
78209 474 639
78376 578 176
78379 278 335
78403 639 474
78412 176 578
78435 335 278
78665 235 55
78765 617 279
78769 279 617
78772 617 279
78788 279 617
78799 617 279
78803 279 617
78804 279 617
78805 617 279
78808 55 235
78823 617 279
78827 335 278
78856 279 617
78865 279 617
78894 617 279
78900 278 335
78909 617 279
78942 279 617
78965 279 617
79051 617 279
79151 578 176
79196 279 617
79226 279 617
79285 176 578
79306 273 585
79378 279 617
79404 279 617
79409 279 617
79421 279 617
79444 121 288
79465 617 279
79502 288 121
79535 121 288
79540 288 121
79579 121 288
79596 288 121
79806 512 299
79888 300 371
80118 299 512
80234 512 299
80239 512 299
80321 299 512
80424 578 176
80438 176 578
80489 121 288
80641 288 121
80647 288 121
80664 121 288
80679 288 121
80685 288 121
80707 121 288
80722 288 121
80751 121 288
81151 166 485
81243 499 600
81265 193 179
81599 485 166
82144 166 485
83206 371 300
83237 300 371
83699 288 401
83861 401 288
83881 288 401
83893 401 288
83907 288 401
84375 137 136
84450 137 136
84788 512 299
85231 614 535
85412 535 614
85496 299 512
86312 512 299
86737 299 512
86767 512 299
86922 299 512
87464 419 8
87515 8 419
87519 419 8
87548 8 419
87582 419 8
87592 8 419
88738 278 335
89026 512 299
89156 299 512
91469 601 340
108105 137 136
108926 279 617
109279 137 136
109595 617 279
110037 279 617
110120 617 279
110155 279 617
110299 512 299
111238 39 622
111873 8 419
112682 743 100
112852 179 193
113058 601 340
113286 193 179
113309 340 601
113352 179 193
113780 475 115
113814 115 475
113829 193 179
113923 179 193
114160 100 743
114343 449 47
114381 47 449
114465 475 115
114489 115 475
114705 151 578
114742 623 651
114774 651 623
114785 651 623
114987 578 151
115045 137 176
115045 151 578
115538 176 137
115576 193 179
115779 179 193
116180 623 651
116375 193 179
116382 193 179
116471 651 623
116494 179 193
116514 623 651
116534 651 623
116539 743 100
116574 651 623
116665 193 179
116699 166 272
116726 100 743
116752 743 100
116760 272 166
117004 166 272
117067 272 166
117444 288 121
117730 179 193
117854 193 179
118151 488 18
118342 164 304
118358 304 164
118380 164 304
118418 304 164
118525 164 304
118629 304 164
118635 335 278
118676 164 304
118703 183 685
118816 91 90
119023 570 18
119238 18 488
119317 18 570
119325 166 272
119385 570 18
119696 18 570
119744 306 696
119841 474 639
119886 6 27
120097 27 6
120108 6 27
120441 304 164
120614 164 304
120706 256 553
120757 342 720
120783 651 623
120802 651 623
120861 570 18
120952 720 342
120985 18 570
121002 18 488
121014 570 18
121026 18 570
121045 570 18
121049 570 18
121055 488 18
121065 18 570
121075 18 488
121416 175 119
121442 639 474
121442 119 175
121558 256 553
121591 553 256
121630 5 802
121759 5 802
121805 227 436
121945 437 171
122112 299 237
122276 688 405
122317 237 133
122421 6 27
122430 6 27
122463 601 340
122563 133 237
122600 176 578
122727 164 304
122774 304 164
123003 274 632
123074 39 622
123124 622 39
123168 748 114
123182 39 622
123219 114 748
123311 632 274
123374 237 299
123417 274 632
123708 802 5
123816 39 622
123985 304 164
123987 570 18
124016 569 465
124038 5 802
124052 114 748
124054 164 304
124077 700 46
124078 164 304
124098 748 114
124113 304 164
124141 164 304
124154 114 748
124188 164 304
124236 304 164
124254 164 304
124266 256 553
124398 342 720
124442 136 137
124461 304 164
124616 164 304
124639 743 300
124689 300 743
124758 743 300
124878 304 494
124977 300 743
125063 171 437
125138 553 256
125139 437 171
125455 553 256
125503 256 553
125530 340 601
125611 20 21
125615 553 256
125644 136 137
125662 256 553
125665 46 700
125714 46 484
125861 21 20
126022 164 304
126052 304 164
126084 601 340
126101 652 677
126104 304 164
126113 164 304
126203 237 133
126319 484 46
126399 46 484
126421 296 481
126445 133 237
126755 163 164
126755 480 123
126773 164 163
126783 123 480
126805 123 480
126834 137 136
126952 480 123
127011 136 137
127107 448 149
127123 123 480
127141 164 304
127145 164 304
127150 304 164
127174 164 304
127190 123 480
127230 480 123
127469 578 176
127506 176 578
127551 288 104
127694 743 300
127769 91 90
127815 149 448
127845 780 187
127901 300 743
127969 448 149
127993 743 300
128018 91 90
128045 743 300
128103 149 448
128119 300 743
128148 743 300
128159 266 4
128539 304 474
128553 104 288
128618 176 578
128779 474 304
128876 475 115
128876 304 474
128876 491 208
128878 300 301
128899 491 208
128904 700 46
128904 645 235
128919 115 475
128925 301 300
128960 268 521
128967 300 301
128987 578 176
128998 301 300
129120 335 278
129136 278 335
129165 208 491
129171 235 645
129200 645 235
129203 491 208
129259 335 278
129268 235 645
129268 176 578
129290 300 301
129309 645 235
129324 491 208
129402 475 115
129475 115 475
129578 301 300
129587 512 299
129606 521 268
129633 300 301
129649 91 90
129677 187 780
129679 268 521
129685 48 49
129763 3 49
129807 176 578
129840 780 187
129844 288 104
129874 481 296
129879 3 49
129889 481 296
129895 481 296
129919 481 296
129920 278 335
129963 617 279
130008 227 436
130056 474 304
130106 296 481
130115 296 481
130193 578 176
130231 481 296
130248 481 296
130248 296 481
130248 304 474
130250 481 296
130252 296 481
130255 296 481
130274 296 481
130291 481 296
130294 301 300
130323 481 296
130346 481 296
130409 296 481
130465 481 296
130476 481 296
130615 176 578
130620 484 46
130668 296 481
130705 481 296
130739 136 137
130781 296 481
130836 481 296
130853 578 176
130857 296 481
130893 677 652
130904 481 296
130937 296 481
130968 481 296
131001 632 274
131008 296 481
131034 481 296
131038 176 578
131040 279 617
131184 104 288
131623 677 652
131636 279 617
131735 617 279
131768 617 279
131977 137 136
132000 677 652
132017 677 652
132073 652 677
132105 677 652
132165 652 677
132292 677 652
132335 652 677
132410 677 652
132495 164 163
132572 279 617
132787 49 3
132807 90 91
132848 3 49
132894 49 3
132964 3 49
133029 485 472
133030 578 176
133145 90 91
133185 91 90
133191 266 424
133203 424 266
133208 652 677
133289 279 617
133344 472 485
133367 474 639
133435 39 622
133506 580 759
133593 288 104
133676 617 279
133723 617 279
133808 279 617
133916 104 288
133995 317 28
134002 632 274
134006 617 279
134402 176 578
134422 617 279
134586 578 176
134676 176 578
134695 4 266
134707 115 475
134782 279 617
134782 266 4
134824 4 266
134842 521 268
134868 268 521
134881 266 4
134905 268 521
134910 578 176
134946 176 578
134967 4 266
135028 28 317
135059 317 28
135101 475 115
135111 475 115
135127 115 475
135132 28 317
135141 115 475
135175 521 268
135190 376 114
135192 266 4
135219 4 266
135319 114 376
135319 266 4
135366 4 266
135385 266 4
135426 317 28
135429 376 114
135443 376 114
135513 114 376
135529 569 465
135534 28 317
135568 677 652
135613 376 114
135622 652 677
135657 677 652
135686 376 114
135704 114 376
135735 114 376
135751 376 114
135811 578 176
135821 578 176
135906 176 578
135918 176 578
136089 475 115
136185 578 176
136323 274 632
136466 176 578
136640 49 3
136696 90 91
136732 91 90
136747 49 3
136819 90 91
136835 91 90
136837 91 90
136847 91 90
136850 90 91
136868 91 90
136887 90 91
136896 90 91
136910 91 90
136915 91 90
136930 578 176
136948 90 91
136954 90 91
136966 845 128
137037 176 578
137041 90 91
137100 91 90
137125 90 91
137125 578 176
137170 176 578
137215 91 90
137231 3 49
137257 578 176
137297 90 91
137313 176 578
137324 91 90
137339 91 90
137345 3 49
137677 136 137
137765 578 176
137902 176 578
137918 90 91
137924 90 91
137927 90 91
137933 90 91
137969 91 90
138003 90 91
138054 91 90
138175 90 91
138243 578 176
138382 622 39
138482 176 578
138852 324 52
138923 208 128
139020 578 176
139312 176 578
139317 485 472
139428 578 176
139464 578 289
139465 372 342
139480 52 324
139491 128 208
139501 289 578
139506 176 578
139532 578 176
139545 578 289
139559 176 578
139561 289 578
139812 208 128
139858 578 176
139913 176 578
140071 578 176
140085 164 494
140213 51 75
140262 617 279
140278 75 51
140355 176 578
140456 494 304
140462 317 28
140473 304 494
140517 494 304
140524 304 494
140552 173 211
140587 578 176
140600 171 437
140625 176 578
140641 211 173
140695 376 114
140715 376 114
140728 376 114
140746 114 376
140792 376 114
140850 114 376
140876 376 114
140887 173 211
141093 617 279
141170 578 176
141613 176 578
141642 211 173
141673 342 372
142116 578 176
142252 176 578
142400 617 279
142570 179 193
142585 179 193
142807 47 449
142918 28 317
143057 279 617
143073 317 28
143074 193 179
143111 179 193
143111 279 617
143121 193 179
143143 279 617
143167 617 279
143218 617 279
143225 279 617
143225 617 279
143239 617 279
143247 279 617
143261 279 617
143277 266 785
143291 617 279
143293 390 683
143302 424 785
143304 617 279
143316 830 140
143325 279 617
143427 288 104
143484 104 288
143496 578 176
143519 176 578
143552 28 317
143579 279 617
143620 617 279
143632 47 19
143648 288 104
143703 279 617
143705 279 617
143712 279 617
143736 104 288
143761 617 279
143808 578 176
143810 19 47
143817 114 376
143902 176 578
143957 90 91
144062 218 382
144068 578 176
144112 176 578
144169 229 503
144292 192 203
144450 622 39
144545 91 90
144616 438 59
144679 438 59
144709 59 438
144784 59 438
144974 390 683
145616 449 47
145622 376 114
145626 449 47
145634 376 114
145637 114 376
145653 47 449
145816 382 218
145825 218 382
145833 382 218
145854 218 382
145942 47 449
145979 218 382
145979 382 218
145997 382 218
146008 218 382
146040 449 47
146048 449 47
146056 382 218
146059 47 449
146063 449 47
146078 218 382
146080 218 382
146112 218 382
146136 503 229
146141 357 49
146154 382 218
146308 218 382
146339 90 91
146368 601 340
146381 47 449
146413 340 601
146697 492 12
146703 617 279
146801 229 503
146827 677 652
146893 176 578
146996 578 176
147056 47 449
147062 27 371
147156 652 677
147196 677 652
147214 18 488
147219 116 628
147427 419 557
147522 419 557
147662 503 229
147677 557 419
147680 601 340
147758 628 116
147839 229 503
147875 503 229
147901 229 503
147995 47 449
148148 488 18
148231 12 492
148276 449 47
148285 492 12
148318 47 449
148580 423 167
148584 193 179
148635 179 193
148659 193 179
148666 167 423
148673 33 242
148732 423 167
148760 167 423
148785 423 167
148801 167 423
148812 371 27
148926 48 49
148953 140 830
149161 299 512
149250 276 242
149372 128 208
149387 27 371
149577 173 466
149626 512 299
149756 299 512
149788 242 33
149847 33 242
149893 18 488
149897 632 285
149974 285 632
149974 242 33
149976 242 33
149992 242 33
150017 632 285
150041 176 578
150066 33 242
150252 488 18
150332 472 485
150340 33 242
150350 18 488
150359 578 176
150490 176 578
150516 485 472
150758 179 193
150844 193 179
150985 472 485
151073 179 812
151081 218 382
151175 194 294
151219 578 176
151268 294 194
151341 632 274
151342 194 294
151370 294 194
151398 176 578
151450 578 176
151536 194 294
151572 176 578
151607 578 176
151689 176 578
151724 578 176
151884 176 578
151933 578 176
152084 274 632
152641 285 632
153590 812 179
154055 560 144
154293 128 845
154319 845 128
154556 179 812
154617 242 33
154686 567 676
154785 208 128
154860 128 208
154874 21 20
154888 20 21
154940 21 20
155079 21 20
155421 146 458
155764 91 90
155936 651 623
156393 458 146
156439 21 20
156493 578 176
156549 176 578
156720 33 242
156749 242 33
156756 96 780
156805 780 96
156821 33 242
156873 623 651
156897 651 623
156920 299 512
156924 299 512
156930 299 512
156985 512 299
156994 512 299
157083 299 512
157634 481 296
157648 242 33
157664 33 242
157778 146 458
157782 299 512
157855 512 299
157988 299 512
158096 578 176
158143 512 299
158156 512 299
158261 176 578
158284 36 401
158297 578 176
158348 401 36
158431 176 578
158459 578 176
158496 681 634
158541 36 401
158568 296 481
158600 481 296
158607 481 296
158614 481 296
158621 481 296
158657 634 681
158672 296 481
158683 296 481
158698 481 296
158712 481 296
158725 481 296
158743 481 296
158745 176 578
158780 296 481
158869 481 296
158877 481 296
158893 481 296
158907 481 296
158913 296 481
158931 296 481
158946 465 569
158976 481 296
158981 569 465
158993 521 268
159008 481 296
159017 296 481
159054 296 481
159061 481 296
159068 176 578
159082 481 296
159091 578 176
159120 296 481
159135 176 578
159168 176 137
159173 481 296
159194 481 296
159212 296 481
159221 173 466
159227 481 296
159232 481 296
159237 481 296
159277 481 296
159279 481 296
159279 296 481
159282 296 481
159285 137 176
159305 296 481
159310 481 296
159318 481 296
159330 176 137
159338 481 296
159348 481 296
159350 481 296
159389 296 481
159411 481 296
159413 481 296
159431 481 296
159444 296 481
159468 296 481
159494 481 296
159536 481 296
159554 481 296
159612 296 481
159633 296 481
159693 481 296
159747 652 677
159755 481 296
159775 296 481
159783 296 481
159791 465 569
159801 481 296
159813 296 481
159825 481 296
159837 481 296
159900 299 512
159911 481 296
159959 481 296
159997 512 299
160002 466 173
160035 173 466
160052 296 481
160081 481 296
160085 481 296
160094 481 296
160102 481 296
160112 481 296
160114 296 481
160125 481 296
160139 481 296
160145 481 296
160149 481 296
160161 296 481
160161 299 512
160166 296 481
160203 481 296
160265 296 481
160302 481 296
160322 481 296
160336 466 173
160338 481 296
160354 481 296
160365 296 481
160367 512 299
160399 481 296
160405 296 481
160439 296 481
160447 481 296
160462 296 481
160466 296 481
160475 481 296
160479 481 296
160487 481 296
160512 296 481
160532 481 296
160540 481 296
160542 481 296
160550 481 296
160580 296 481
160605 481 296
160620 481 296
160654 296 481
160670 299 512
160679 481 296
160746 481 296
160752 481 296
160756 481 296
160766 225 337
160773 296 481
160808 512 299
160817 481 296
160839 481 296
160849 481 296
160862 296 481
160890 481 296
160923 481 296
160928 299 512
160959 119 175
160995 296 481
161001 296 481
161032 296 481
161044 481 296
161051 481 296
161072 481 296
161192 296 481
161208 512 299
161221 512 299
161230 299 512
161233 299 512
161274 481 296
161281 512 299
161282 225 574
161316 574 225
161326 299 512
161348 225 574
161441 574 225
161442 786 128
161490 128 786
161531 175 119
161553 119 175
161669 677 652
161670 225 574
161675 225 574
161683 225 574
161741 574 225
161767 225 574
162079 786 128
162196 574 225
162208 574 225
162220 574 225
162244 225 574
162324 128 786
162334 512 299
162439 574 225
162512 225 574
162597 574 225
162658 786 128
162922 225 574
163033 176 578
163061 578 176
163062 371 27
163198 176 578
163237 578 176
163238 299 512
163274 371 27
163338 403 267
163363 512 299
163374 512 299
163376 176 578
163380 27 371
163440 27 371
163484 578 176
163502 176 578
163636 337 225
163784 299 512
163787 299 512
163865 652 677
163883 229 503
164363 601 340
164421 340 601
164431 601 340
165446 371 27
165503 27 371
165605 176 578
165708 578 176
166107 179 812
166225 578 151
166374 503 229
166395 812 179
166417 229 503
166435 503 229
166560 179 193
166583 193 179
166585 459 260
166589 193 179
166603 179 193
167063 324 221
167093 221 324
167113 632 274
167157 324 221
167208 221 324
167341 274 632
167386 512 0
167420 267 403
167569 403 267
167624 337 225
167739 225 337
167794 0 512
167826 632 274
168098 337 225
168188 225 337
168218 337 225
168408 274 632
168901 512 0
169165 459 260
169224 301 300
169356 300 301
169369 301 300
169370 0 512
169397 301 300
169430 632 274
169582 260 459
169655 274 632
169734 300 301
169824 632 274
169897 274 632
170011 632 274
170219 512 0
170226 512 299
170242 274 632
170325 632 274
170354 459 260
170492 0 512
170500 299 512
170581 512 0
170614 512 299
170630 0 512
170660 299 512
170782 227 174
170788 227 174
170800 512 299
170812 512 0
170892 299 512
171079 300 301
171166 512 299
171202 301 300
171483 0 512
171504 299 512
171531 0 512
172423 300 301
172517 227 174
172518 227 174
172547 174 227
172558 174 227
172646 301 300
174705 512 299
174726 512 0
174917 0 512
175088 512 0
175110 0 512
175123 512 0
175145 0 512
175170 512 0
175200 0 512
175223 512 0
175667 0 512
175726 512 0
175765 0 512
175904 512 0
175999 0 512
176080 512 0
176114 0 512
176197 512 0
176213 0 512
176902 512 0
176949 0 512
177051 512 0
177082 0 512
177225 512 0
177276 0 512
177392 512 0
179739 176 578
194486 578 176
195423 339 379
196903 151 578
196991 578 151
197294 151 578
197745 578 151
197894 151 578
198077 289 752
198150 578 151
198747 558 557
198894 558 557
199171 176 578
200001 699 658
200881 752 289
200891 289 752
201028 507 615
201454 351 28
201784 658 699
201831 557 558
201864 699 658
201944 13 12
201966 615 507
201990 507 615
202023 13 12
202134 91 90
202218 578 176
202278 90 91
202415 91 90
202452 90 91
202613 492 12
202983 6 27
203148 171 49
203195 49 171
203261 12 13
203327 12 13
203361 6 27
203418 27 6
203484 6 27
203523 27 6
203561 658 699
203585 6 27
203607 617 279
203608 601 340
203618 27 6
203628 176 578
203704 12 492
203776 617 279
203781 6 27
203782 578 176
203802 617 279
203815 283 580
203848 6 27
203875 90 91
203899 91 90
203961 340 601
203986 176 578
203998 267 269
204166 617 279
204171 481 93
204190 279 617
204215 93 481
204248 481 93
204257 481 93
204271 481 93
204416 90 91
204420 90 91
204440 91 90
204515 578 176
204627 176 578
204639 658 699
204763 578 176
204767 403 267
204795 176 578
204872 578 176
204961 164 304
204988 304 164
205047 639 474
205059 176 578
205158 578 176
205208 164 304
205252 304 164
205295 164 304
205312 304 164
205531 20 21
205664 274 632
205798 21 20
205843 21 20
205868 21 20
205895 21 20
206004 617 279
206028 617 279
206096 93 481
206112 304 164
206132 481 93
206137 176 578
206141 164 304
206257 578 176
206332 48 49
206423 39 257
206423 39 707
206423 39 118
206423 39 545
206434 39 331
206440 617 279
206584 176 578
206691 578 176
207157 271 178
207190 639 474
207318 580 283
207326 178 271
207353 304 164
207357 137 136
207398 23 51
207411 371 300
207464 176 578
207478 164 304
207617 136 137
207727 271 178
207791 271 178
207851 178 271
207943 49 48
207965 352 468
207995 48 49
208032 49 48
208045 178 271
208147 48 49
208185 271 178
208247 468 352
208273 51 23
208304 23 51
208327 51 23
208335 136 137
208354 352 468
208434 137 136
208532 494 164
208625 178 271
208668 468 352
208842 289 578
208873 578 289
209011 289 578
209046 176 578
209117 578 289
209140 23 51
209174 289 578
209188 164 494
209222 578 289
209379 289 578
209381 289 578
209398 632 274
209435 364 102
209448 289 578
209497 600 499
209623 274 632
209826 271 178
210148 632 274
210564 274 632
210587 499 600
210662 176 578
211131 632 274
211619 474 639
211683 639 474
211704 474 639
211782 474 639
211994 388 481
212056 274 632
212067 48 49
212098 289 578
212154 578 289
212166 578 176
212212 289 578
212246 176 578
212499 639 474
212533 632 274
212535 474 639
212548 474 639
212587 639 474
212657 48 49
212802 269 267
212846 267 269
212895 4 221
212990 4 221
213284 35 43
213592 18 488
214047 21 20
214242 488 18
214392 18 488
214438 20 21
214485 578 176
214495 21 20
214552 481 388
214562 481 388
214637 388 481
214667 570 18
214708 20 21
214713 481 388
214767 388 481
214792 18 570
214881 21 20
215019 611 146
215025 21 20
215266 18 488
215285 488 18
215303 699 658
215555 20 21
215617 21 20
215637 279 617
215776 273 397
215838 273 397
215878 194 294
215928 495 420
216006 495 420
216040 20 21
216582 382 218
216607 218 382
216609 382 218
216643 218 382
216674 617 279
216696 136 137
216819 136 137
217126 137 136
217375 304 164
217439 265 687
217515 617 279
217593 279 617
217825 166 485
217829 221 263
217969 140 830
217983 140 830
218265 164 304
218350 164 304
218361 164 304
218393 304 164
218410 218 382
218416 164 304
218510 578 176
218767 578 176
219010 263 221
219712 611 146
219725 176 578
219741 176 578
219872 13 12
219948 13 12
220104 69 37
220245 578 176
220390 140 830
220486 420 495
220508 176 578
220528 21 20
220554 420 495
220662 495 420
220686 521 268
220735 495 420
221027 578 176
221106 830 140
221399 20 21
221549 21 20
221604 21 20
221826 140 830
221835 93 481
221857 93 481
221869 481 93
221881 481 93
221894 481 93
221900 93 481
221931 481 93
221934 481 93
221938 481 93
221948 481 93
221952 481 93
222089 268 521
222525 93 481
222579 481 93
222585 93 481
222591 481 93
222604 93 481
222643 481 93
222750 93 481
222773 481 93
222777 481 93
222790 481 93
222821 481 93
222838 93 481
222858 481 93
222859 36 37
222887 93 481
222924 481 93
222968 176 578
222972 176 578
222988 176 578
223035 93 481
223088 93 481
223104 140 830
223120 93 481
223121 140 830
223131 140 830
223171 481 93
223212 481 93
223224 179 193
223323 193 179
223337 93 481
223365 93 481
223366 179 193
223382 481 93
223387 481 93
223390 481 93
223393 193 179
223401 481 93
223404 481 93
223415 93 481
223433 93 481
223587 830 140
223698 12 13
223720 21 20
223765 12 13
224127 176 578
224481 13 12
224551 617 279
224558 13 12
224563 279 617
224589 279 617
224661 21 20
224672 364 102
224703 102 364
224719 617 279
224746 364 102
224801 495 420
224815 279 617
224839 364 102
225280 21 20
225710 557 419
225831 279 617
225996 48 49
226353 617 279
226391 617 279
226473 279 617
226534 37 36
226721 279 617
227167 93 481
227172 438 59
227220 163 304
227232 438 59
227374 617 279
227386 578 176
227526 279 617
228176 617 279
228188 617 279
228256 617 279
228663 279 617
228979 90 91
229019 91 90
229351 91 90
229547 90 91
229634 419 557
229662 91 90
229672 91 90
229677 91 90
229683 91 90
229694 419 557
229703 90 91
230210 176 578
230322 578 176
230324 90 91
230394 91 90
230515 578 176
230723 90 91
230739 91 90
230747 91 90
230754 91 90
230767 362 495
230780 176 578
230819 617 279
230825 90 91
230831 362 495
230882 289 578
230894 291 589
230965 279 617
231137 640 95
231162 640 95
231177 557 419
231727 274 61
231808 61 274
231842 274 61
231904 61 274
232067 268 521
232112 88 572
232132 274 61
232134 48 49
232154 49 48
232175 61 274
232301 48 49
232441 274 61
232457 120 314
232533 438 59
232595 438 59
232642 61 274
232716 495 362
232744 589 291
232784 274 61
232792 495 362
232805 291 589
232852 61 274
232953 274 61
232994 61 274
233045 314 120
233055 274 61
233071 120 314
233135 61 274
233743 337 225
233747 279 617
233767 557 419
233787 419 557
233810 557 419
233849 419 557
233858 622 39
233860 622 39
233865 173 466
233895 617 279
233929 39 622
233951 458 146
233991 617 279
234043 466 173
234075 279 617
234306 492 13
234360 13 492
234365 13 492
234389 492 13
234399 622 39
234447 39 622
234577 419 557
234608 337 225
234639 419 557
234790 557 419
234820 557 419
234870 557 419
234891 176 578
235335 578 176
235355 419 557
235420 419 557
235596 21 20
235648 21 20
235756 279 617
235787 617 279
235796 617 279
235827 36 401
235858 279 617
235864 279 617
236214 48 49
236229 617 279
236236 371 27
236274 279 617
236274 59 438
236331 617 279
236340 279 617
236345 59 438
236366 27 371
236414 279 617
236429 279 617
236437 617 279
236442 279 617
236450 401 36
236464 279 617
236470 371 27
236502 36 401
236505 279 617
236615 557 419
236646 27 371
236735 557 419
236747 617 279
236905 279 617
236907 279 617
236919 279 617
236921 720 342
236954 279 617
236995 279 617
237025 279 617
237029 279 617
237030 193 179
237031 140 830
237066 279 617
237086 279 617
237091 617 279
237105 279 617
237107 617 279
237109 279 617
237113 617 279
237116 279 617
237137 279 617
237143 617 279
237152 617 279
237157 279 617
237164 279 617
237182 279 617
237187 617 279
237187 279 617
237189 617 279
237199 617 279
237206 617 279
237218 279 617
237221 617 391
237248 617 391
237250 391 617
237258 279 617
237261 617 279
237261 557 419
237264 279 617
237265 617 279
237273 617 279
237298 279 617
237314 279 617
237336 391 617
237344 617 279
237362 617 391
237362 279 617
237372 651 623
237373 617 391
237377 279 617
237390 279 617
237398 617 391
237400 279 617
237416 278 335
237420 617 279
237422 279 617
237435 279 617
237443 617 279
237455 279 617
237474 617 279
237481 391 617
237483 279 617
237484 617 279
237488 279 617
237494 279 617
237536 617 279
237544 279 617
237555 617 391
237573 337 225
237580 617 391
237580 279 617
237596 391 617
237597 617 279
237598 391 617
237606 279 617
237624 617 279
237626 279 617
237669 279 617
237676 677 652
237702 617 391
237740 652 677
237765 337 225
237810 279 617
237837 96 780
237866 617 279
237871 617 279
237881 274 632
237952 179 193
238057 335 278
238078 278 335
238080 278 335
238083 278 335
238142 617 279
238202 617 391
238219 335 278
238241 677 652
238267 278 335
238271 652 677
238287 391 617
238307 225 337
238348 617 391
238364 335 278
238390 617 391
238408 391 617
238443 617 391
238445 485 166
238455 617 391
238470 845 256
238517 391 617
238537 596 703
238577 703 596
238598 617 391
238616 617 391
238622 166 485
238630 703 596
238663 391 617
238777 391 617
238821 617 391
238994 391 617
239134 176 578
239190 279 617
239197 279 617
239229 279 617
239290 578 176
239395 176 578
239571 617 279
239690 578 176
239823 617 279
239913 179 193
239937 193 179
240023 176 578
240388 64 204
240565 176 578
240894 279 617
240911 279 617
240917 279 617
240927 279 617
240954 617 279
241212 557 8
241271 8 557
241523 8 557
241527 279 617
241544 279 617
241555 617 279
241568 279 617
241580 279 617
241616 617 279
241645 279 617
241666 279 617
241732 64 204
241744 617 279
241775 531 250
241781 531 548
241783 21 20
241846 279 617
241916 481 296
242393 548 531
242393 250 531
242410 179 193
242414 531 250
242418 531 548
242480 179 193
242534 495 420
242610 495 420
242838 342 282
242982 296 481
243035 578 176
243069 279 617
243075 279 617
243082 279 617
243104 617 279
243127 176 578
243153 578 176
243179 176 578
243180 296 481
243186 193 179
243195 193 179
243208 179 193
243336 578 176
243396 481 296
243402 481 296
243411 481 296
243419 481 296
243431 296 481
243432 481 296
243443 296 481
243451 296 481
243479 481 296
243494 296 481
243503 481 296
243510 296 481
243520 481 296
243534 296 481
243546 481 296
243564 481 296
243631 296 481
243645 296 481
243649 296 481
243662 296 481
243701 296 481
243713 296 481
243738 481 296
243759 481 296
243838 296 481
243859 164 163
243862 296 481
243897 481 296
243904 481 296
243905 617 279
243921 481 296
243929 279 617
243947 296 481
243951 296 481
243957 617 279
243997 481 296
244030 296 481
244041 481 296
244048 163 164
244078 296 481
244079 164 163
244139 21 20
244401 617 279
244441 279 617
244463 275 104
244473 617 279
244476 373 104
244489 617 279
244506 279 617
244538 617 279
244562 617 279
244576 279 617
244585 279 617
244627 617 279
244643 279 617
244712 617 279
244730 279 617
244767 356 210
244769 279 617
244815 617 279
244827 279 617
244833 356 210
244855 279 617
244893 617 279
244921 617 279
244962 279 617
245053 617 279
245152 617 279
245216 104 373
245216 104 275
245226 481 296
245338 279 617
245450 617 279
245506 279 617
245549 617 279
245550 296 481
245583 279 617
245604 617 279
245654 617 279
245700 279 617
245708 481 296
245744 617 279
245754 279 617
245770 617 279
245790 617 279
245810 617 279
245812 279 617
245815 617 279
245822 279 617
245875 279 617
245896 296 481
245917 617 279
245925 296 481
245930 296 481
245949 481 296
245966 617 279
245968 279 617
245971 617 279
245981 279 617
245985 578 176
246001 296 481
246033 481 296
246047 481 296
246149 279 617
246155 296 481
246160 176 578
246186 481 296
246196 279 617
246202 279 617
246207 279 617
246241 481 296
246269 481 296
246271 481 296
246273 481 296
246285 296 481
246300 296 481
246309 296 481
246312 279 617
246314 481 296
246327 481 296
246349 481 296
246371 296 481
246389 481 296
246409 296 481
246428 481 296
246433 296 481
246452 481 296
246452 296 481
246453 176 401
246453 481 296
246454 296 481
246468 481 296
246472 481 296
246475 481 296
246530 401 176
246536 296 481
246560 481 296
246562 578 176
246571 481 296
246590 481 296
246597 617 279
246604 481 296
246614 279 617
246619 296 481
246623 617 279
246626 279 617
246639 481 296
246655 617 279
246659 279 617
246666 296 481
246682 481 296
246694 481 296
246705 481 296
246712 481 296
246722 481 296
246746 296 481
246772 279 617
246773 617 279
246780 481 296
246785 279 617
246814 296 481
246832 176 401
246851 481 296
246867 578 176
246889 632 274
246890 617 279
246923 176 578
246970 20 21
246981 279 617
246991 279 617
247016 204 64
247020 21 20
247031 296 481
247055 481 296
247066 617 279
247112 617 279
247119 64 204
247120 279 617
247174 279 617
247226 617 279
247260 617 279
247345 401 176
247422 176 401
247456 20 21
247493 21 20
247609 578 176
247620 578 176
247634 176 578
247643 176 578
247665 578 176
247692 104 373
247693 104 275
248124 275 104
248134 373 104
248523 39 622
248593 21 20
248670 622 39
248674 204 64
248696 20 21
248735 39 622
248738 274 632
248796 21 20
248888 176 578
249076 104 373
249078 104 275
249281 617 391
249293 578 176
249305 617 391
249309 391 617
249315 617 279
249316 275 104
249320 373 104
249323 20 21
249325 617 279
249339 391 617
249356 617 391
249358 176 578
249363 617 391
249374 279 617
249382 617 391
249384 225 337
249392 104 373
249395 104 275
249401 481 296
249479 331 707
249481 391 617
249488 617 391
249526 707 331
249560 578 176
249574 640 172
249608 640 172
249612 617 391
249637 391 617
249653 617 279
249664 617 279
249672 640 172
249676 279 617
249716 617 279
249722 617 279
249754 176 578
249778 274 632
249781 279 617
249812 617 279
249825 279 617
249958 337 225
250073 225 337
250099 391 617
250141 296 481
250283 296 481
250332 331 707
250603 279 617
250609 707 331
250610 279 617
250620 578 176
250711 176 578
250800 21 20
250906 617 279
250931 617 279
250947 279 617
251045 617 279
251137 279 617
251204 578 176
251274 617 279
251338 279 617
251353 64 204
251410 204 64
251444 617 279
251464 204 64
251506 481 296
251534 481 296
251549 279 617
251559 481 296
251569 296 481
251598 296 481
251608 481 296
251632 481 296
251654 481 296
251666 617 279
251679 296 481
251691 481 296
251721 296 481
251736 481 296
251738 296 481
251739 481 296
251740 296 481
251748 481 296
251792 296 481
251799 617 279
251839 481 296
251855 279 617
251874 481 296
251900 296 481
251902 617 279
251923 617 279
251933 296 481
251947 481 296
251972 485 166
251976 481 296
251988 296 481
251990 176 578
251995 279 617
252006 296 481
252043 481 296
252081 578 176
252087 481 296
252121 296 481
252144 296 481
252161 481 296
252168 300 301
252187 481 296
252191 481 296
252195 172 640
252220 337 225
252224 296 481
252229 481 296
252257 296 481
252286 481 296
252296 481 296
252319 176 578
252321 481 296
252349 296 481
252366 296 481
252386 481 296
252398 617 279
252404 481 296
252418 296 481
252438 279 617
252445 475 115
252450 578 176
252461 481 296
252463 617 279
252473 481 296
252485 617 279
252511 279 617
252515 279 617
252519 279 617
252527 296 481
252546 279 617
252569 617 279
252597 481 296
252638 296 481
252660 296 481
252679 481 296
252685 481 296
252685 296 481
252692 481 296
252700 481 296
252703 296 481
252704 617 279
252717 481 296
252743 279 617
252757 481 296
252768 617 279
252772 617 279
252803 296 481
252818 279 617
252834 48 49
252857 481 296
252865 49 48
252874 481 296
252899 296 481
252899 48 49
252900 481 296
252907 296 481
252924 296 481
252936 481 296
252976 296 481
252990 481 296
253012 481 296
253034 296 481
253045 296 481
253088 115 475
253095 481 296
253123 481 296
253139 279 617
253140 481 296
253164 296 481
253177 300 301
253197 481 296
253304 296 481
253432 617 279
253449 279 617
253466 481 296
253479 481 296
253511 617 279
253517 296 481
253538 296 481
253549 481 296
253572 481 296
253573 296 481
253574 481 296
253575 296 481
253579 166 485
253580 279 617
253587 481 296
253588 296 481
253605 481 296
253622 485 166
253679 166 485
253708 485 166
253732 617 279
253741 617 279
253754 356 210
253788 279 617
253816 356 210
253830 210 356
253866 166 485
253884 617 279
253941 279 617
254009 617 279
254034 279 617
254047 617 279
254057 279 617
254068 279 617
254080 617 279
254096 617 279
254107 617 279
254136 279 617
254147 617 279
254186 279 617
254227 617 279
254261 279 617
254271 465 569
254292 617 279
254310 279 617
254354 279 617
254373 617 279
254383 279 617
254397 617 279
254454 279 617
254541 279 617
254561 279 617
254632 617 279
257002 43 35
257014 43 35
257057 43 35
259613 632 274
261022 485 166
261191 374 297
281462 379 339
281967 339 584
282028 584 339
282071 339 584
282093 584 339
282108 339 584
282114 584 339
282125 339 584
282641 6 27
282651 6 27
283879 376 114
283884 640 172
283982 475 115
284035 115 475
284235 578 151
284274 151 578
284307 578 151
284397 151 578
284453 289 752
284589 578 151
284612 752 289
284629 172 640
284717 151 578
284739 640 172
285385 289 752
286096 35 43
286103 35 43
286155 35 43
286307 141 97
286385 97 141
286401 700 46
286409 97 141
286440 46 700
286589 700 46
286925 568 100
287339 100 568
287425 568 100
287440 342 720
287493 100 568
287605 20 21
287648 21 20
287698 20 21
287712 46 700
287743 21 20
287763 388 195
287805 21 20
287999 176 578
288063 578 176
288091 700 46
288111 752 457
288234 176 578
288303 578 176
288351 176 578
288416 578 176
288492 176 578
288814 176 578
288950 344 221
288960 578 176
289012 141 97
289022 141 97
289040 176 578
289043 344 221
289078 97 141
289097 97 141
289110 97 141
289232 578 176
289443 176 578
289524 299 133
289594 578 176
289736 786 350
289796 176 578
289997 578 176
290088 176 578
290143 350 786
290144 578 176
290183 786 350
290297 176 578
290431 237 299
290432 350 786
290553 299 237
290668 578 176
290781 237 299
290880 299 237
290881 382 234
290936 176 578
291010 237 299
291031 234 382
291097 299 237
291139 274 632
291141 297 374
291144 194 294
291184 382 234
291223 234 382
291262 382 234
291390 234 382
291437 382 234
291598 335 414
291644 133 299
291744 164 304
291753 294 194
292045 638 554
292173 554 638
292200 304 164
292250 304 494
292260 164 304
292322 274 632
292512 9 669
292577 164 304
292642 632 274
292700 304 164
292744 164 304
292752 446 106
292769 304 164
292807 164 304
292841 304 164
292854 299 133
292872 299 237
292877 299 237
292893 164 304
292900 146 145
292925 164 304
292983 304 164
293009 782 435
293025 164 304
293109 578 176
293199 414 335
293236 335 414
293254 335 414
293292 414 335
293297 720 342
293316 335 414
293334 414 335
293388 335 414
293449 424 348
293449 424 266
293453 95 551
293503 551 95
293536 424 348
293544 551 95
293544 424 266
293563 133 299
293579 266 424
293600 617 279
293652 279 617
293699 617 279
293713 617 279
293742 279 617
293809 617 279
293910 279 617
293911 551 95
293947 95 551
293966 95 551
293977 299 133
293979 617 279
293999 551 95
294023 133 299
294030 237 299
294113 237 299
294170 299 237
294203 237 299
294300 379 584
294500 21 20
294549 584 379
294594 578 176
294598 279 617
294611 237 299
294650 176 578
294701 578 176
294790 136 137
294907 435 782
295038 617 279
295049 617 279
295074 379 584
295085 304 164
295092 584 379
295098 379 584
295107 279 617
295111 584 379
295151 617 279
295161 617 279
295177 279 617
295205 617 279
295214 279 617
295260 164 304
295266 164 163
295304 176 578
295308 176 578
295390 136 137
295392 474 304
295467 335 278
295490 617 279
295526 279 617
295566 20 21
295577 279 617
295599 21 20
295630 414 335
295671 304 474
295685 163 164
295686 335 414
295688 617 279
295696 474 304
295711 414 335
295771 299 237
295775 299 237
295788 163 164
295812 164 163
295876 299 237
296017 164 163
296114 494 164
296114 163 164
296137 164 163
296266 90 91
296387 506 388
296420 578 176
296629 164 494
296756 176 578
297161 578 176
297272 176 578
298003 51 75
298402 351 541
298415 351 541
298445 299 133
298449 299 133
298843 388 506
298984 133 299
299020 388 506
299048 51 75
299072 388 506
299074 388 506
299080 388 506
299082 388 506
299108 388 506
299257 299 133
299591 278 335
299748 335 278
300110 578 176
300220 51 75
300283 176 578
300318 578 176
300348 176 578
300399 578 176
300402 193 179
300427 176 578
300436 179 193
300449 578 176
300614 5 802
300637 176 578
300728 457 752
300777 242 33
301023 187 780
301053 90 91
301060 752 457
301065 472 537
301121 457 752
301158 537 472
301216 537 472
301271 472 537
301544 176 578
301575 578 176
301653 176 578
301752 578 176
301806 176 578
301810 176 578
301856 805 63
301861 578 176
302112 234 382
302256 208 128
302273 645 424
302289 670 344
302315 344 670
302365 670 344
302383 176 578
302424 554 638
302774 638 554
302785 242 33
302879 91 90
302890 91 90
302938 91 90
303094 578 176
303169 33 242
303236 707 331
303275 242 33
303298 176 578
303328 33 242
303518 242 33
303539 33 242
303589 242 33
303642 128 208
303655 242 276
303662 283 580
303691 331 707
303726 580 283
303763 707 331
303774 283 580
303788 580 283
303830 331 707
303850 93 481
303891 707 331
303996 494 164
303998 208 128
304020 164 494
304107 481 93
304162 344 670
304169 481 296
304180 494 164
304781 383 682
305793 481 93
306087 304 474
306231 100 218
306245 212 397
307206 397 212
307257 212 397
307389 397 212
307458 212 397
307476 397 212
307664 358 90
307669 212 397
307714 397 212
307738 212 397
307867 397 212
308454 137 136
308532 578 176
308564 335 278
308605 402 444
308742 48 49
308842 376 114
308855 49 48
308855 376 114
308897 176 578
308967 578 176
308990 802 5
309019 5 802
309102 296 481
309143 176 578
309185 578 176
309189 507 615
309308 335 278
309317 176 578
309516 145 146
309533 218 100
309566 218 100
309632 802 5
309664 5 802
309804 218 100
309845 218 100
309849 218 100
309854 218 100
309893 218 100
309933 376 114
309936 376 114
310022 100 218
310050 651 623
310121 114 376
310147 114 376
310160 114 376
310179 218 100
310206 376 114
310275 137 136
310362 136 137
310614 136 137
310678 114 376
310717 48 49
310718 623 651
310737 651 623
310754 376 114
310770 623 651
310807 651 623
310985 114 376
311043 569 465
311105 376 114
311134 91 90
311161 376 114
311177 114 376
311204 376 114
311237 114 376
311244 651 623
311257 137 136
311295 137 136
311370 136 137
311376 376 114
311492 114 376
311701 578 176
311717 382 218
311871 617 279
311890 279 617
311898 560 144
311968 90 91
311980 90 91
312020 176 578
312100 91 90
312113 578 176
312168 176 578
312183 651 623
312310 218 382
312325 651 623
312343 651 623
312363 651 623
312380 90 91
312393 382 218
312413 218 382
312423 218 382
312440 91 90
312440 91 90
312449 578 176
312450 218 382
312479 300 301
312488 617 279
312611 279 617
312667 301 300
312956 176 578
313013 279 617
313346 90 91
313391 91 90
313496 424 645
313577 617 279
313717 279 617
313936 137 136
313973 617 279
313983 279 617
314124 617 279
314160 279 617
314175 136 137
314227 137 136
314227 289 578
314246 137 136
314292 137 136
314302 578 289
314313 578 176
314315 137 136
314324 136 137
314354 289 578
314419 137 136
314433 444 801
314518 801 444
314536 617 279
314566 617 279
314621 584 339
314656 339 584
314674 578 289
314678 584 339
314723 136 137
314776 279 617
314789 289 578
314832 49 48
314906 176 578
315149 136 137
315158 90 91
315212 137 136
315445 617 279
315457 601 340
315464 617 279
315541 279 617
315573 617 279
315584 340 601
315585 279 617
315607 27 616
315612 617 279
315636 617 279
315639 48 49
315639 279 617
315664 279 617
315695 617 279
315700 617 279
315719 617 279
315734 780 187
315741 617 279
315776 617 279
315794 279 617
315805 49 48
315811 617 279
315830 617 279
315837 49 48
315867 617 279
315916 279 617
316226 289 578
316383 48 49
316391 578 289
316397 382 218
316419 289 578
316431 289 578
316483 578 289
316505 805 63
316510 218 382
316536 49 48
316596 146 145
316597 48 49
316669 382 218
316688 601 340
316689 279 617
316718 351 541
316795 340 601
316802 645 424
316853 289 578
316906 424 645
316923 424 645
317121 176 578
317272 578 289
317294 578 176
317310 268 521
317353 176 578
317426 645 424
317577 289 578
317588 146 145
317765 541 351
317778 351 541
317784 521 268
317784 351 541
317786 351 541
317803 351 541
317807 351 541
317831 601 340
317838 541 351
317844 541 351
317879 351 541
317885 268 521
317920 541 351
317943 351 541
317952 351 541
317965 351 541
318046 541 351
318052 521 268
318080 541 351
318152 578 289
318171 578 176
318184 91 90
318186 351 541
318193 351 541
318205 351 541
318237 541 351
318260 351 541
318302 176 578
318316 541 351
318403 616 27
318453 63 805
318497 805 63
318563 63 805
318564 578 176
318608 176 578
318787 90 91
318934 21 20
318987 90 91
319026 91 90
319039 91 90
319172 90 91
319312 91 90
319341 90 91
319880 265 687
320330 541 351
320809 578 176
320820 21 20
320871 176 578
321030 578 176
321082 683 390
321090 176 578
321121 176 137
321316 390 683
321616 683 390
321922 481 296
321943 481 296
322050 274 632
322095 481 296
322135 481 296
322239 474 639
322413 289 578
322582 137 136
322586 137 136
322646 136 137
322744 296 481
322930 639 474
323027 176 578
323048 481 296
323077 578 176
323106 296 481
323120 481 296
323122 481 296
323125 296 481
323131 481 296
323136 481 296
323144 176 578
323162 481 296
323203 481 296
323211 296 481
323231 481 296
323233 296 481
323233 481 296
323234 296 481
323253 90 91
323254 481 296
323269 91 90
323271 481 296
323280 296 481
323285 481 296
323309 481 296
323323 296 481
323329 481 296
323341 481 296
323363 481 296
323385 296 481
323398 296 481
323544 48 49
323715 20 21
323750 21 20
323823 137 136
323839 601 340
323914 163 494
323932 578 176
323998 481 296
324021 176 578
324070 296 481
324133 137 136
324201 21 20
324396 494 163
324424 578 176
324438 163 494
324968 289 578
324968 278 335
324979 524 311
324999 49 48
325415 21 20
325421 351 541
325526 136 137
325539 136 137
325646 578 289
325669 289 578
325775 541 351
325797 578 289
325807 541 351
325841 289 578
325865 578 289
325964 481 296
325993 481 296
326004 296 481
326012 116 468
326018 481 296
326029 296 481
326098 481 296
326184 578 289
326329 136 137
326441 137 136
326479 137 136
326515 51 23
326547 137 136
326563 137 136
326564 23 51
326588 51 23
326614 23 51
326634 51 23
326677 23 51
326705 351 541
326780 51 23
326802 136 137
326814 136 137
327246 137 136
327268 137 136
327270 578 176
327314 176 578
327319 176 578
327359 136 137
327392 136 137
327403 23 51
327406 136 137
327407 137 136
327413 136 137
327428 351 541
327511 51 23
327515 541 351
327533 351 541
327534 136 137
327538 351 541
327546 351 541
327551 351 541
327558 351 541
327568 351 541
327573 541 351
327583 578 176
327590 541 351
327676 23 51
327804 578 176
327923 351 541
328599 20 21
329431 137 176
329949 21 20
329989 176 137
330282 137 176
330358 176 137
330403 137 176
330625 800 371
331955 21 20
332036 707 331
332684 20 21
332727 21 20
333549 279 617
333590 617 279
333771 632 274
333837 279 617
333859 617 279
333899 279 617
333934 617 279
333947 279 617
333953 279 617
333976 617 279
334045 279 617
334104 390 683
334217 683 390
334650 449 47
334884 390 683
335105 780 96
335124 96 780
335179 780 96
335204 683 390
335271 390 683
335371 221 324
335465 324 221
335483 221 324
335544 683 390
335568 324 221
335699 141 97
335717 141 97
335729 279 617
335826 617 279
335842 279 617
335879 617 279
335898 390 683
335902 279 617
336175 274 632
336405 279 617
336448 617 279
336478 617 279
336482 279 617
336485 279 617
336490 666 354
336499 617 279
336512 279 617
336521 617 279
336524 279 617
336539 279 617
336543 617 279
336545 279 617
336551 666 354
336554 279 617
336559 279 617
336580 632 274
336725 279 617
336775 279 617
336851 279 617
336862 617 279
336950 617 279
337019 279 617
337078 279 617
337081 279 617
337109 617 279
337114 6 27
337195 279 617
337249 279 617
337324 279 617
337335 617 279
337339 279 617
337353 617 279
337393 279 617
337415 367 541
337434 617 279
337446 617 279
337471 279 617
337512 617 279
337543 617 279
337640 279 617
337675 279 617
337788 274 632
337862 617 279
337867 274 632
337897 279 617
337931 279 617
337937 617 279
337942 617 279
337947 617 279
337965 617 279
337969 279 617
337984 617 279
338004 617 279
338027 617 279
338041 279 617
338047 279 617
338073 617 279
338101 279 617
338168 279 617
338216 617 279
338283 617 279
338328 617 279
338332 541 367
338335 617 279
338340 617 279
338376 354 666
338553 279 617
338572 279 617
338583 617 279
338616 279 617
338627 279 617
338655 617 279
338771 475 115
338794 279 617
338909 617 279
338962 279 617
338978 617 279
338998 617 279
339043 115 475
339110 279 617
339130 279 617
339142 617 279
339153 617 279
339253 279 617
339304 617 279
339314 617 279
339327 279 617
339368 617 279
339376 632 274
339390 617 279
339659 137 136
339661 279 617
339673 459 805
339723 136 137
339747 805 459
339817 677 652
339859 475 115
340119 367 541
340120 115 475
340164 670 344
340178 670 344
340186 670 344
340229 279 617
340230 344 670
340298 617 279
340312 632 491
340336 279 617
340395 670 344
340427 344 670
340437 279 617
340450 279 617
340540 556 480
340550 670 344
340554 279 617
340598 344 670
340602 480 556
340628 670 344
340629 480 556
340674 344 670
340702 670 344
340707 344 670
340731 344 670
340779 670 344
340802 670 344
340812 274 632
340827 136 137
341010 97 141
341332 141 97
341450 137 136
341618 617 279
341679 617 279
341738 521 268
341900 279 617
341905 279 617
341915 136 137
341957 617 279
341975 279 617
341986 617 279
342008 279 617
342013 772 218
342016 279 617
342037 617 279
342043 279 617
342124 137 136
342172 279 617
342172 136 137
342193 137 136
342224 279 617
342238 137 136
342394 632 274
342470 279 617
342485 279 617
342497 136 137
342582 495 420
342591 279 617
342614 279 617
342631 617 279
342631 279 617
342637 617 279
342649 279 617
342658 495 420
342658 617 279
342668 617 279
342671 137 136
342673 279 617
342674 137 136
342676 137 136
342696 617 279
342705 136 137
342707 279 617
342717 617 279
342720 279 617
342734 279 617
342736 617 279
342751 279 617
342762 420 495
342763 617 279
342770 279 617
342778 279 617
342787 279 617
342794 617 279
342809 617 279
342818 279 617
342828 420 495
342845 617 279
342848 617 279
342859 617 279
342864 279 617
342904 617 279
342912 279 617
342918 279 617
342923 617 279
342934 279 617
342943 279 617
342955 279 617
342973 274 632
342978 617 279
342984 279 617
342998 136 137
343028 617 279
343042 279 617
343062 617 279
343089 279 617
343097 617 279
343117 617 279
343123 136 137
343189 136 137
343191 279 617
343201 279 617
343218 279 617
343262 279 617
343277 617 279
343288 617 279
343323 617 279
343340 279 617
343350 617 279
343357 632 274
343370 279 617
343375 279 617
343397 617 279
343398 279 617
343406 617 279
343442 279 617
343445 279 617
343455 136 137
343466 279 617
343469 279 617
343491 617 279
343520 617 279
343538 274 632
343567 279 617
343609 279 617
343656 617 279
343671 279 617
343693 617 279
343700 617 279
343714 279 617
343721 137 136
343723 617 279
343758 617 279
343764 279 617
343768 137 136
343805 617 279
343812 617 279
343821 279 617
343829 136 137
343850 652 677
343869 137 136
343871 279 617
343875 617 279
343889 617 279
343891 137 136
343900 279 617
343902 136 137
343913 617 279
343933 137 136
343934 617 279
343934 136 137
343943 279 617
343956 632 274
343999 137 136
344005 137 136
344014 617 279
344020 617 279
344077 274 632
344083 279 617
344100 137 136
344118 617 279
344123 279 617
344128 279 617
344144 617 279
344161 279 617
344167 279 617
344175 279 617
344193 617 279
344212 495 420
344220 617 279
344225 617 279
344240 279 617
344255 632 274
344255 420 495
344268 617 279
344280 279 617
344293 495 420
344311 677 652
344322 420 495
344326 617 279
344332 617 279
344438 279 617
344461 279 617
344480 279 617
344501 279 617
344905 136 137
345806 367 541
347190 652 677
369495 218 772
369892 772 218
370729 100 344
370788 475 115
370798 344 100
370921 100 344
370982 115 475
371220 279 617
371354 617 279
371367 279 617
371473 279 617
371482 218 772
371524 279 617
371545 617 279
371572 617 279
371594 279 617
371633 279 617
371656 279 617
371663 279 617
371672 617 279
371806 279 617
371810 279 617
371816 279 617
371863 617 279
371869 617 279
371874 617 279
371875 35 43
371876 617 279
371881 617 279
371947 279 617
371976 330 682
372025 279 617
372127 617 279
372131 617 279
372202 475 115
372239 279 617
372250 21 20
372258 617 279
372273 617 279
372356 279 617
372424 617 279
372447 617 279
372452 617 279
372460 617 279
372467 617 279
372478 617 279
372487 617 279
372494 617 279
372500 617 279
372539 617 279
372545 617 279
372815 527 314
372890 617 279
372906 279 617
373001 617 279
373154 279 617
373191 279 617
373212 617 279
373237 617 279
373268 279 617
373301 617 279
373308 617 279
373317 688 405
373325 617 279
373358 682 330
373424 617 279
373490 21 20
373497 617 279
373507 330 682
373529 682 330
373627 279 617
373671 617 279
373833 279 617
373834 805 459
373865 481 93
373877 617 279
373898 617 279
373948 141 97
374109 31 278
374132 279 617
374153 548 531
374182 48 49
374220 278 31
374222 569 465
374309 279 617
374336 279 617
374363 541 367
374396 312 272
374407 312 272
374449 556 480
374509 531 548
374509 569 465
374511 480 556
374540 272 312
374543 383 682
374549 272 312
374550 688 158
374560 272 312
374573 158 688
374604 617 279
374629 279 617
374635 308 457
374656 688 158
374662 617 279
374743 279 617
374770 617 279
374787 617 279
374810 279 617
374835 617 279
374878 617 279
374956 279 617
374984 617 279
374989 617 279
374993 109 308
374995 355 538
375030 279 617
375031 194 294
375059 294 194
375099 617 279
375104 279 617
375110 617 279
375111 279 617
375113 617 279
375131 304 164
375168 164 304
375172 617 279
375178 394 551
375181 617 279
375274 308 109
375305 304 164
375305 109 308
375306 279 617
375319 617 279
375330 164 304
375334 304 164
375357 617 279
375371 1 345
375395 682 383
375399 279 617
375427 279 617
375460 617 279
375471 538 355
375484 617 279
375496 383 682
375507 164 304
375544 345 1
375549 279 617
375588 617 279
375591 279 617
375633 279 617
375640 1 345
375656 617 279
375674 20 21
375674 617 279
375720 279 617
375742 617 279
375756 617 279
375773 21 20
375804 279 617
375819 279 617
375876 279 617
375907 279 617
375924 279 617
375991 308 109
376018 308 109
376071 109 308
376139 90 358
376151 617 279
376164 617 279
376368 541 367
376420 279 617
376472 272 312
376483 279 617
376506 312 272
376571 272 312
376618 212 397
376674 136 137
376714 397 212
377067 137 136
377359 617 279
377383 617 279
377401 617 279
377438 617 279
377514 21 20
377523 617 279
377537 279 617
377540 212 397
377545 617 279
377580 617 279
377615 397 212
377684 21 20
377730 279 617
377772 158 688
377778 279 617
377784 21 20
377838 279 617
377845 20 21
377850 527 314
377888 617 279
377897 279 617
377902 279 617
377908 279 617
377916 21 20
377946 21 20
377974 279 617
377979 21 20
377983 279 617
378037 374 297
378101 279 617
378117 551 394
378144 279 617
378216 308 109
378428 90 358
378441 20 21
378469 20 21
378472 358 90
378505 21 20
378538 472 485
378550 21 20
378551 193 179
378556 472 485
378563 472 485
378572 20 21
378652 294 194
378654 21 20
378672 21 20
378982 212 397
379041 176 137
379170 297 374
379298 137 176
379318 397 212
379549 340 601
379699 374 297
379799 297 374
379812 297 374
379849 547 771
379984 569 465
380188 20 21
380267 21 20
380298 485 472
380503 314 527
380511 321 322
380546 321 322
380559 308 109
380576 109 308
380587 322 321
380602 321 322
380615 321 322
380619 308 109
380631 321 322
380645 109 308
380653 322 321
380704 308 109
380730 771 547
380774 472 485
380785 472 485
380785 547 771
380829 109 308
380889 472 485
380952 771 547
380997 547 771
381170 771 547
381194 212 397
381243 342 372
381251 397 212
381318 547 771
381362 640 551
381443 212 397
381807 179 193
381938 843 170
382160 571 556
382280 49 48
382377 158 688
382612 464 220
382667 220 464
382981 569 465
383201 464 220
383265 21 20
383460 617 279
383563 688 158
383825 569 465
383845 464 220
383864 220 464
383923 578 176
383941 279 617
383954 356 185
383959 279 617
384150 617 279
384174 617 279
384185 638 554
384290 279 617
384324 279 617
384390 279 617
384413 617 279
384432 617 279
384445 617 279
384447 279 617
384451 617 279
384455 279 617
384467 279 617
384540 617 279
384659 279 617
384684 279 617
384701 617 279
384707 617 279
384711 617 279
384782 617 279
384843 617 279
384844 617 279
384849 279 617
384875 279 617
384917 279 617
384920 279 617
384926 279 617
385124 176 578
385212 158 688
385415 21 20
385615 403 543
385632 561 631
385710 543 403
385735 403 543
385757 543 403
385789 403 543
385856 21 20
385938 617 279
385977 631 561
385989 640 95
386053 561 631
386072 631 561
386113 561 631
386180 543 403
386192 617 279
386209 403 543
386226 543 403
386226 617 279
386261 403 543
386292 279 617
386316 598 657
386386 631 561
386462 279 617
386574 279 617
386629 279 617
386658 271 178
386814 617 279
386838 617 279
386872 279 617
387147 178 271
387173 321 322
387235 271 178
387306 617 279
387434 91 90
387589 342 720
387637 782 435
387708 617 279
387783 95 640
388051 170 843
388148 322 321
388161 322 321
388163 321 322
388177 578 176
388187 843 170
388224 371 798
388311 798 371
388364 321 322
388397 176 578
388404 371 798
388428 798 371
388458 578 176
388478 171 49
388728 97 578
388738 372 342
388759 372 342
388878 342 372
388890 372 342
388899 170 843
389093 279 617
389156 193 372
389191 372 193
389203 90 91
389312 465 569
389321 569 465
389324 569 465
389326 569 465
389327 569 465
389327 615 507
389328 569 465
389329 569 465
389445 279 617
389446 90 91
389480 465 569
389495 569 465
389508 569 465
389550 217 74
389583 74 217
389606 465 569
389620 569 465
389683 615 507
389830 556 480
389885 91 90
389944 90 91
389993 91 90
390019 324 221
390119 324 221
390195 506 388
390235 388 506
390354 74 217
390390 217 74
390610 221 324
390723 221 324
390984 324 221
391087 324 221
391305 137 136
391332 136 137
391352 136 137
391369 137 136
391377 137 136
391479 136 137
391526 137 136
391705 279 617
391892 136 137
391930 830 140
391942 506 388
391948 137 136
391995 136 137
392001 388 506
392035 137 136
392065 176 578
392185 506 388
392195 136 137
392218 322 321
392222 388 506
392245 321 322
392279 137 136
392343 469 399
392361 578 97
392387 578 176
392443 176 578
392465 284 449
392486 578 176
392493 140 830
392545 74 217
392570 176 578
392585 97 578
392603 97 578
392606 578 176
392656 176 578
392658 399 469
392845 657 598
393617 279 617
394237 176 578
394687 578 176
394783 176 578
394862 324 221
394962 324 221
395051 586 774
395107 774 586
395175 586 774
395302 505 572
395364 774 586
395380 586 774
395408 572 505
395560 144 560
395569 578 176
395623 176 578
395749 176 146
395749 596 703
395788 578 176
395830 23 51
395895 578 176
395926 560 144
396094 176 578
396492 176 578
396573 207 560
396580 485 472
396696 472 485
396723 578 176
396778 176 578
396977 578 176
397068 176 578
397106 578 176
397168 176 578
398173 300 371
398193 578 176
398294 176 578
398795 578 176
398852 371 300
398880 677 652
399007 176 578
399066 578 176
399158 300 371
399542 176 578
399764 382 218
399873 774 586
400028 531 548
400055 548 531
400129 586 774
400141 21 20
400215 218 382
400305 382 218
400346 218 382
400448 743 177
400783 382 218
401085 382 218
401103 578 176
401112 218 382
401112 382 218
401150 218 382
401191 830 140
401457 177 743
401504 743 177
401677 703 596
401694 596 703
401765 177 743
402059 140 830
402207 703 596
402377 177 743
402471 596 703
402807 382 218
402877 218 382
402936 90 91
403028 743 177
403111 177 743
403239 176 578
403315 578 176
403450 218 382
403563 830 140
403585 466 689
403653 176 578
403814 689 466
403821 578 176
403831 390 683
403847 390 683
403862 683 390
403874 435 782
404075 382 218
404113 218 382
404297 176 578
404342 578 176
404366 176 578
404416 382 218
404456 176 578
404608 578 176
404670 176 578
404713 578 176
404878 176 578
404928 578 176
405057 176 578
405138 13 658
405224 13 658
405387 136 137
405456 658 13
405526 658 13
405555 47 449
405588 449 47
405639 47 449
405685 47 449
405731 321 322
405765 321 322
405771 449 47
405795 322 321
405800 578 176
405813 47 449
405820 321 322
405832 321 322
405847 321 322
405860 322 321
405878 36 512
405878 137 136
405927 136 137
405939 90 91
405963 512 36
405965 137 136
406019 136 137
406055 382 218
406086 90 358
406098 90 91
406136 218 382
406144 176 578
406187 91 90
406199 382 218
406292 21 20
406292 560 144
406295 137 136
406404 539 526
406414 539 526
406454 51 23
406461 539 526
406473 51 23
406519 382 218
406569 622 39
406919 218 382
407039 382 218
407093 300 301
407170 401 36
407237 21 20
407293 578 176
407295 137 136
407426 136 137
407466 137 136
407721 448 208
407761 448 208
407784 208 448
407800 448 208
407839 208 448
408015 20 21
408048 492 13
408073 90 91
408077 90 91
408126 492 13
408186 21 20
408208 90 91
408269 91 90
408502 632 274
408523 176 578
408690 578 176
408888 335 278
409086 449 47
409237 90 91
409413 473 636
409431 91 90
409445 91 90
409477 274 632
409533 21 20
409734 481 296
410033 278 335
410047 278 335
410133 48 49
410434 176 578
410482 578 176
410556 39 457
410564 176 578
410577 645 235
410583 457 39
410587 578 176
410867 176 578
410972 578 176
411021 176 578
411982 636 473
412057 473 636
412341 677 652
412374 652 677
412391 321 322
412439 677 652
412655 314 527
412671 235 645
413259 578 176
413273 645 235
413356 322 321
413371 322 321
413379 321 322
413550 36 401
413584 321 322
413612 90 91
413622 401 36
413637 36 401
413659 401 36
413683 36 401
413969 335 278
414004 120 314
414032 91 90
414082 90 91
414084 617 279
414126 91 90
414262 90 91
414588 91 90
414668 296 481
414721 481 296
414722 296 481
414753 481 296
414767 278 335
414784 481 296
414788 104 288
414869 104 288
414970 296 481
415001 296 481
415007 481 296
415029 314 120
415040 481 296
415042 296 481
415043 481 296
415045 296 481
415067 481 296
415070 481 296
415070 296 481
415072 296 481
415078 279 617
415093 296 481
415109 176 578
415115 120 314
415125 296 481
415142 481 296
415145 296 481
415145 481 296
415146 296 481
415149 481 296
415155 481 296
415163 481 296
415169 296 481
415174 578 176
415197 314 120
415201 481 296
415203 481 296
415209 296 481
415226 296 481
415236 314 120
415248 481 296
415259 481 296
415264 90 91
415267 481 296
415305 481 296
415355 296 481
415387 176 578
415390 296 481
415463 578 176
415472 481 296
415480 176 578
415490 481 296
415513 481 296
415542 39 622
415572 622 39
415593 296 481
415595 622 39
415644 39 622
415677 578 176
415690 481 296
415702 176 578
415725 481 296
415764 176 578
415798 20 21
415821 296 481
415831 21 20
415850 296 481
415932 481 296
415971 21 20
415974 296 481
416105 157 772
416254 401 36
416293 772 157
416320 481 296
416377 578 176
416381 21 20
416390 481 296
416401 481 296
416417 481 296
416437 296 481
416443 157 772
416452 296 481
416503 481 296
416549 481 296
416568 296 481
416597 296 481
416606 481 296
416654 296 481
416664 481 296
416673 20 21
416688 481 296
416706 21 20
416727 481 296
416738 296 481
416745 296 481
416745 21 20
416761 296 481
416774 481 296
416784 296 481
416793 481 296
416820 481 296
416832 296 481
416841 481 296
416901 481 296
416968 481 296
417034 578 289
417036 91 90
417065 296 481
417222 772 157
417299 481 296
417347 157 772
417351 288 104
417427 322 321
417439 288 104
417463 296 481
417464 321 322
417516 481 296
417522 481 296
417556 20 21
417574 296 481
417600 21 20
417608 481 296
417621 481 296
417625 20 21
417706 21 20
417731 21 20
417781 296 481
417795 90 91
417849 90 91
417876 481 296
417891 21 20
417910 21 20
417969 90 91
417989 481 296
418021 296 481
418038 296 481
418106 21 20
418121 481 296
418315 20 21
418327 772 157
418389 521 268
418425 268 521
418482 268 521
418599 652 677
418762 652 677
418861 176 578
418888 578 176
418988 677 652
419122 176 578
419879 578 176
419961 176 578
420081 161 549
420269 13 492
420358 13 492
420370 527 314
420397 492 13
420430 139 546
420477 492 13
420542 139 546
420870 546 139
420970 546 139
421008 527 314
421019 549 161
421020 549 161
421029 549 161
421050 549 161
421189 383 682
421447 279 617
421522 617 279
421588 279 617
421725 617 279
421727 139 546
421729 617 279
421840 139 546
421883 546 139
421985 546 139
422019 617 279
422143 617 279
422145 43 35
422152 682 383
422381 314 527
422416 527 314
422685 90 91
422735 383 682
422923 21 20
422962 527 314
422967 314 120
422991 527 314
423001 120 314
423029 314 527
423056 314 120
423094 139 546
423205 139 546
423215 682 383
423344 20 21
423431 21 20
423447 176 578
423506 21 20
423568 615 507
423568 615 507
423623 578 176
423712 615 507
423720 383 682
424057 682 383
424122 677 652
424185 383 682
424188 632 274
424191 176 578
424202 652 677
424247 677 652
424271 35 43
424271 652 677
424332 35 43
424416 20 21
424458 43 35
424480 21 20
424481 43 35
424523 43 35
424546 35 43
424630 274 632
424634 20 21
424676 43 35
424710 21 20
424880 682 383
424967 383 682
425177 482 444
425337 482 444
425404 782 435
425451 475 115
425481 115 475
425496 475 115
426615 274 632
427136 173 561
427180 561 173
427222 173 561
427473 116 628
427656 146 176
427809 176 146
427838 51 75
427849 176 146
427915 578 176
428498 176 578
428531 21 20
428557 21 20
428861 632 274
429069 274 632
429299 176 578
429317 176 578
429325 578 176
429370 176 578
429383 578 176
429497 176 578
429594 632 274
429620 115 475
429804 274 632
430265 632 274
430399 561 173
430413 274 632
430629 173 561
430682 561 173
430715 173 561
431156 176 578
431224 632 274
431620 578 176
431683 622 39
431690 176 578
431798 578 176
431911 176 578
432091 39 622
432288 166 485
434775 527 314
434859 527 314
435000 527 314
436374 176 578
441208 622 39
446499 141 176
447736 314 527
447804 314 527
454388 18 488
456805 18 488
456888 475 115
456947 115 475
457233 475 115
457329 115 475
457562 475 115
457592 115 475
457858 475 115
457988 578 176
458065 340 601
458114 601 340
458116 176 578
458209 578 176
458307 569 465
458612 272 312
459039 444 482
459203 488 18
459208 444 482
459240 482 444
459260 18 488
459267 628 116
459398 482 444
459542 391 617
459552 312 272
459622 176 578
459658 617 391
459667 617 391
459697 274 632
459698 391 617
459722 617 391
459763 481 93
459765 391 617
459795 617 391
459812 391 617
459815 93 481
459831 391 617
459871 617 391
459913 391 617
459941 481 93
459946 481 93
459961 481 93
459966 617 391
459981 481 93
460022 391 617
460083 292 325
460113 116 628
460480 567 92
460484 569 465
460529 391 617
460683 617 391
460685 567 92
460708 92 567
460918 272 312
460951 312 272
461158 194 294
461194 294 194
461217 294 194
461257 194 294
461316 294 194
461346 194 294
461800 688 405
462119 21 20
462124 21 20
462182 20 21
462183 296 481
462259 21 20
462345 292 427
462352 481 296
462355 21 20
462391 632 274
462398 296 481
462459 21 20
462485 21 20
462520 632 274
462555 279 617
462590 617 279
462738 279 617
462826 20 21
462967 21 20
462977 21 20
462999 294 194
463007 20 21
463069 481 296
463075 481 296
463205 21 20
463213 371 798
463259 21 20
463271 368 391
463332 391 368
463401 368 391
463458 569 465
463597 457 619
463669 485 472
463761 166 165
463776 176 578
463831 296 481
464006 171 49
464406 108 798
464419 49 171
464477 798 108
464525 798 371
464566 171 49
464591 481 296
464623 371 798
464625 296 481
464629 296 481
464661 49 171
464668 798 371
464669 465 569
464679 49 171
464703 171 49
464725 108 798
464767 171 49
464817 798 108
464844 49 171
464862 557 558
464889 171 49
464907 49 171
464915 569 465
464917 171 49
464922 558 557
465126 481 296
465136 481 296
465215 243 714
465231 557 558
465253 243 714
465274 714 243
465288 243 714
465372 21 20
465589 21 20
465612 636 473
465615 296 481
465640 296 481
465696 481 296
465724 296 481
465734 541 336
465771 396 641
465796 481 296
465816 481 296
465825 336 541
465839 541 336
465844 243 714
465875 296 481
465877 481 296
465878 296 481
465880 481 296
465892 296 481
465914 481 296
465948 296 481
465957 481 296
465984 296 481
465999 481 296
466013 481 296
466029 481 296
466066 640 551
466097 640 95
466138 165 166
466150 551 640
466277 296 481
466317 243 714
466338 481 296
466370 296 481
466394 714 243
466418 481 296
466449 481 296
466449 243 714
466465 243 714
466470 296 481
466486 714 243
466492 296 481
466492 197 225
466497 481 296
466512 481 296
466543 481 296
466555 95 640
466561 243 714
466581 640 551
466604 296 481
466611 296 481
466621 640 95
466649 714 243
466702 481 296
466711 481 296
466732 296 481
466740 481 296
466870 243 714
467092 481 296
467102 543 267
467102 543 269
467122 296 481
467166 481 296
467555 296 481
467567 299 237
467583 481 296
467629 296 481
467642 296 481
467681 481 296
467703 481 296
468137 237 299
468192 20 21
468275 21 20
468289 21 20
468358 20 21
468453 274 632
468518 21 20
468531 21 20
468645 20 21
468833 427 325
468866 427 325
468955 21 20
468957 21 20
469290 588 589
469419 20 21
469649 21 20
469701 335 414
469835 21 20
469855 21 20
469913 20 21
469941 21 20
469952 21 20
470029 619 457
470246 527 314
470278 589 588
470300 588 589
470462 382 218
470482 218 382
470489 382 218
470498 560 736
470501 560 736
470518 218 382
470572 21 20
470577 736 560
470589 560 736
470599 299 237
470616 20 21
470629 237 299
470645 560 736
470676 485 415
470683 736 560
470910 314 527
470911 560 736
470967 527 314
471285 225 197
471349 457 619
471389 619 457
471461 300 301
471478 415 485
471495 485 415
471514 485 415
471542 485 415
471576 415 485
471594 485 415
471734 289 578
471828 652 677
471852 736 560
472019 578 289
472023 578 289
472069 578 176
472467 200 711
472488 176 578
472516 21 20
472517 21 20
472518 21 20
472519 21 20
472529 711 200
472634 736 560
472665 200 711
472843 197 225
472921 652 677
472959 314 527
472967 225 197
472993 527 314
473044 448 208
473189 171 49
473318 49 171
473350 97 333
473448 415 485
473506 485 415
473588 481 296
473602 481 296
473617 596 703
473900 257 331
473912 257 331
473962 560 736
473979 703 596
473993 331 257
474046 296 481
474156 208 448
474190 677 652
474205 415 158
474214 415 158
474243 158 415
474313 21 20
474318 596 703
474391 415 158
474410 158 415
474512 405 152
474597 331 257
474699 21 20
474759 703 596
474767 257 331
474883 331 257
474904 448 208
475008 257 331
475068 152 405
475073 152 405
475077 152 405
475167 20 21
475186 21 20
475225 21 20
475227 632 274
475467 569 190
475473 279 617
475531 617 279
475542 314 527
475546 279 617
475553 279 617
475563 279 617
475730 95 640
475804 382 218
475818 221 324
475837 279 617
475866 218 382
475872 414 335
475951 324 221
476021 221 324
476066 324 221
476100 481 296
476117 21 20
476156 617 279
476213 382 218
476229 221 324
476277 218 382
476345 578 176
476378 21 20
476484 279 617
476486 221 324
476488 578 176
476511 176 578
476511 578 176
476512 176 578
476547 92 386
476581 176 578
476596 176 578
476605 176 578
476796 136 137
476846 578 176
476864 176 578
476877 176 578
476877 176 578
476940 176 578
476994 20 21
477041 342 372
477091 372 342
477114 569 465
477173 578 176
477186 274 632
477237 274 632
477656 617 279
477657 617 279
477663 617 279
477714 176 578
477789 578 176
477831 176 578
477903 578 176
478061 617 279
478083 136 137
478090 390 683
478137 279 617
478158 279 617
478190 279 617
478316 683 390
478435 617 279
478619 279 617
478648 279 617
478675 617 279
478688 279 617
478733 617 279
478923 632 274
478928 424 266
478987 279 617
479060 176 578
479138 578 176
479220 578 176
479225 617 279
479235 176 578
479240 176 578
479246 176 578
479253 617 279
479310 617 279
479335 617 279
479430 505 572
479437 578 176
479474 461 81
479505 572 505
479558 279 617
479598 505 572
479652 572 505
479699 176 578
479767 505 572
479850 505 572
479913 572 505
479989 505 572
479990 137 136
480385 279 617
480484 274 632
480486 136 137
480768 335 414
481573 572 505
482273 175 119
482608 481 93
482622 481 93
482656 119 175
483017 175 119
483020 175 119
483539 236 657
483629 48 49
483636 48 49
483729 119 175
483875 688 405
483876 657 236
483939 688 405
484020 136 137
484142 382 218
484334 137 136
484363 136 137
484437 546 139
484540 546 139
484836 218 382
485074 236 657
485086 236 657
485095 580 759
485126 236 657
485244 176 578
485265 578 176
485289 176 578
485343 578 176
485389 759 580
485423 176 578
485465 578 176
485529 580 759
485554 176 578
485558 759 580
485740 136 137
485746 580 759
485793 176 578
485836 578 176
485849 175 119
485926 12 13
485928 268 521
486099 632 274
486146 13 12
486151 521 268
486207 176 578
486224 13 12
486242 119 175
486254 759 580
486404 580 759
486592 175 119
486600 175 119
486610 310 687
486644 759 580
486809 274 632
486967 472 485
486990 580 759
487007 485 472
487086 759 580
487170 279 617
487277 580 759
487313 119 175
487315 119 175
487514 382 218
487542 218 382
487612 58 672
487629 472 485
487860 617 279
487871 617 279
487967 279 617
487980 279 617
487991 485 472
488024 617 279
488048 564 254
488091 279 617
488124 279 617
488128 617 279
488132 279 617
488592 260 459
488624 414 335
488666 335 414
488669 617 279
488677 299 512
488689 279 617
488692 279 617
488697 279 617
488701 512 299
488716 279 617
488720 671 813
488734 279 617
488736 578 176
488752 279 617
488755 299 512
488777 617 279
488800 617 279
488808 813 671
488838 176 578
488843 671 813
488926 813 671
488943 617 279
488972 512 299
488976 279 617
488989 403 269
489003 813 671
489006 279 617
489022 617 279
489076 299 512
489114 299 512
489116 512 299
489117 299 512
489118 512 299
489146 299 512
489148 299 512
489148 512 299
489150 512 299
489162 512 299
489172 279 617
489177 299 512
489183 401 36
489196 279 617
489238 671 813
489282 299 512
489547 512 299
489585 299 512
489616 589 291
489622 512 299
489680 299 512
489720 49 48
489740 512 299
489799 459 260
489856 299 512
489863 260 459
489981 512 299
490037 299 512
490076 512 299
490097 382 218
490152 218 382
490244 299 512
490375 512 299
490443 279 617
490509 300 301
490555 299 512
490748 512 299
490829 299 512
490848 617 279
490873 512 299
490995 617 279
491053 279 617
491125 299 512
491140 617 279
491182 279 617
491182 512 299
491188 279 617
491191 279 617
491198 301 300
491241 578 176
491266 299 512
491291 48 49
491306 512 299
491443 48 49
491469 617 279
491492 279 617
491495 617 279
491516 617 279
491536 617 279
491568 176 578
491580 617 279
491586 578 176
491617 279 617
491643 254 564
491667 617 279
491683 617 279
491684 176 578
491710 279 617
491719 617 279
491730 617 279
491743 279 617
491757 617 279
491785 279 617
491794 617 279
491806 617 279
491832 564 254
491928 254 564
491931 254 564
492027 564 254
492067 254 564
492128 21 20
492380 48 49
492502 681 634
492550 20 21
492599 176 146
492699 20 21
492846 146 176
492857 269 403
492885 146 176
492892 146 176
492920 146 176
492929 403 269
493019 634 681
493025 176 146
493157 569 465
493373 21 20
493651 578 176
493772 221 324
493785 401 190
493799 409 448
493855 48 49
493983 49 48
494011 48 49
494050 176 578
494135 578 176
494161 176 578
494199 221 324
494215 578 176
494236 176 578
494579 157 772
494642 279 617
494762 617 279
494858 466 412
494905 279 617
494949 412 466
494995 279 617
495214 617 279
495241 578 176
495340 279 617
495501 617 279
495526 154 75
495700 317 695
495731 695 317
495737 695 317
495864 176 578
496184 538 355
496248 317 695
496269 187 780
496557 21 20
496708 780 187
497067 279 617
497122 617 279
497267 695 317
497473 279 617
498186 617 279
498292 274 632
498439 279 617
498477 187 780
498607 617 279
498984 237 299
499023 449 47
499148 412 466
499324 279 617
499357 299 237
499375 617 279
499815 617 279
500109 279 617
500163 617 279
500282 279 617
500297 279 617
500318 279 617
500364 617 279
500441 279 617
500617 20 21
500898 279 617
500905 21 20
500985 21 20
501649 176 578
501684 578 176
501923 176 578
501944 632 274
501958 578 176
502050 176 578
502054 274 632
502080 578 176
502140 176 578
502178 578 176
502669 91 90
502681 91 90
502699 632 274
502767 91 90
502847 90 91
503033 448 409
503062 448 409
503159 409 448
503171 409 448
503418 409 448
503428 409 448
503440 466 412
503533 75 154
503751 218 382
503944 254 564
504026 237 299
504116 299 237
504341 237 299
504595 382 218
504734 564 254
504870 254 564
504913 299 237
504991 564 254
505016 448 409
505053 409 448
505070 254 564
505140 564 254
505348 254 564
505503 237 299
505542 299 237
505556 176 578
505628 237 299
505662 299 237
505734 218 382
505780 382 218
505803 218 382
505809 382 218
505824 580 759
505843 218 382
505873 382 218
505877 382 218
505884 48 49
505890 759 580
505902 218 382
505903 382 218
505907 382 218
505912 218 382
505972 382 218
506047 580 759
506290 274 632
506298 218 382
506307 632 274
506339 382 218
506340 218 382
506365 218 382
506368 382 218
506400 218 382
506405 218 382
506749 218 382
506826 382 218
507016 382 218
507045 218 382
507045 382 218
507084 218 382
507096 382 218
507210 218 382
507325 632 274
507394 382 218
507457 218 382
507502 382 218
507555 218 382
507703 382 218
507761 218 382
507825 382 218
507877 218 382
507893 372 342
507935 382 218
507936 20 21
507963 21 20
507984 218 382
508138 177 100
508147 48 49
508171 100 177
508304 177 100
508341 100 177
508373 177 100
508376 382 218
508384 100 177
508425 177 100
508563 250 531
508563 548 531
508599 218 382
508611 531 250
508615 531 548
508679 218 382
508714 382 218
508719 218 382
508745 382 218
508774 218 382
509303 218 382
509343 382 218
509344 218 382
509350 382 218
509379 382 218
509398 218 382
509875 455 282
509978 149 448
510054 617 279
510253 279 617
510273 279 617
510339 448 149
510359 300 301
510363 617 279
510376 448 409
510397 279 617
510411 301 300
510459 149 448
510490 632 274
510533 149 448
510583 448 409
510627 409 448
510981 448 409
511444 20 21
511451 578 176
511496 21 20
511513 21 20
511802 88 492
512041 335 278
513168 170 213
513505 213 170
513666 278 335
513781 170 213
513811 213 170
513847 170 213
513912 213 170
513946 170 213
513967 213 170
513991 213 170
514499 176 578
514530 213 170
514532 578 176
514558 170 213
514599 221 324
514631 324 221
514656 422 491
514677 221 324
514692 374 263
514743 324 221
514796 221 324
514893 448 149
514920 176 578
514925 149 448
514965 324 221
514984 149 448
515016 491 422
515019 278 335
515029 491 422
515048 422 491
515061 617 279
515076 279 617
515077 324 221
515135 617 279
515287 279 617
515336 448 149
515420 335 278
515623 279 617
515637 279 617
515849 617 279
515908 279 617
515986 617 279
516000 278 335
516000 48 49
516002 617 279
516010 617 279
516027 279 617
516053 617 279
516065 279 617
516069 617 279
516071 279 617
516091 279 617
516127 279 617
516191 617 279
516252 617 279
516283 617 279
516317 282 455
516476 274 632
516477 455 282
516576 279 617
516582 282 455
516614 455 282
516643 617 279
516787 645 235
516858 235 645
516897 645 235
516903 645 235
516919 235 645
516930 49 48
516948 645 235
516951 48 49
516954 645 235
518031 263 374
518750 632 274
519155 176 578
520315 176 141
520377 146 176
520521 176 146
520553 146 176
520613 176 146
520627 335 278
521032 278 335
521041 278 335
521216 278 335
521409 49 48
521531 335 278
521721 278 335
521727 278 335
521740 335 278
521943 278 335
522606 291 477
522698 335 278
522715 477 291
522723 278 335
522756 335 278
522772 278 335
523272 131 280
523880 166 485
523942 131 280
524042 280 131
524160 280 131
524291 485 166
527783 301 300
528131 622 39
528156 39 622
530740 622 39
530758 20 21
535188 21 20
543060 617 279
543291 37 36
545796 651 623
548566 291 477
548936 291 477
549002 578 176
550144 507 615
550520 507 615
550641 36 37
550827 176 578
551159 202 697
551275 578 176
551342 176 578
551760 578 176
551794 176 578
551827 578 176
552437 176 578
552515 578 176
552542 697 202
552594 176 578
552710 578 176
552741 578 151
552772 176 578
552836 578 176
552898 176 578
552967 578 176
553058 176 578
553068 477 291
553215 578 176
553321 91 90
553335 91 90
553450 176 578
553667 697 202
553791 151 578
553820 531 250
553829 531 548
553849 202 697
553890 477 291
554264 250 531
554265 548 531
554286 531 250
554292 531 548
554733 6 27
554760 202 697
554878 176 578
555044 37 36
555079 697 202
555330 36 37
555511 36 37
555515 291 477
555550 37 36
555637 166 272
555803 272 166
555905 166 272
555940 291 477
555952 272 166
556056 279 617
556266 477 291
556353 291 477
556579 477 291
556638 291 477
556706 477 291
557131 92 386
557457 291 477
557472 697 202
557520 386 92
557707 202 697
557911 92 386
557926 92 386
558034 697 202
558256 386 92
558326 92 386
558434 202 697
558476 697 202
558634 202 697
558682 697 202
558702 56 506
558767 56 506
558784 697 202
558829 202 697
558863 697 202
558894 202 697
558941 506 388
558984 697 202
559052 623 651
559082 651 623
559133 569 465
559211 386 92
559398 623 651
559417 651 623
559439 324 221
559491 221 324
559491 221 324
559550 324 221
559557 506 388
559732 56 506
559797 56 506
559807 617 279
559818 477 291
559937 291 477
559998 477 291
560005 92 386
560039 386 92
560063 477 291
560085 92 386
560097 279 617
560121 388 506
560133 386 92
560138 617 279
560310 291 477
560349 477 291
560378 273 585
560387 506 388
560399 291 477
560420 388 506
560442 273 585
560478 477 291
560515 202 697
560531 697 202
560559 291 477
560607 477 291
560623 202 697
560652 697 202
560662 176 578
560665 202 697
560716 697 202
560719 578 176
560741 291 477
560773 236 472
560773 202 697
560813 697 202
560855 477 291
560864 697 202
560869 477 291
560895 177 100
560916 100 177
560982 506 388
560988 176 578
561002 176 578
561154 291 477
561160 202 697
561186 477 291
561190 697 202
561211 578 176
561220 617 279
561223 202 697
561242 697 202
561257 291 477
561273 279 617
561279 176 578
561281 202 697
561317 697 202
561366 578 176
561432 477 291
561483 176 578
561522 21 20
561557 197 225
561564 197 225
561618 176 578
561728 27 6
561764 578 176
561806 324 221
561820 291 477
561918 324 221
562319 176 578
562411 578 176
562451 578 176
562518 176 578
562541 578 176
562670 176 578
562708 578 176
562740 578 176
562752 176 578
562760 176 578
562767 176 578
562792 176 578
562828 578 176
562891 176 578
562922 578 176
562993 274 632
563141 91 90
563184 90 91
563217 91 90
563234 90 91
563241 90 91
563246 512 299
563246 90 91
563262 91 90
563313 90 91
563431 91 90
563737 120 314
564144 176 578
564304 20 21
564584 578 176
564692 176 578
564790 314 120
564821 632 274
564866 578 176
564888 176 578
565079 578 176
565116 176 578
565921 21 20
566122 20 21
566132 39 622
566170 90 91
566182 90 91
566225 91 90
566253 622 39
566381 225 197
566396 225 197
566690 314 120
566977 90 91
566990 90 91
566996 90 91
567009 91 90
567040 177 100
567058 90 91
567066 90 91
567072 100 177
567072 90 91
567316 257 331
567540 331 257
567662 120 314
567666 470 678
567674 257 331
567688 331 257
567749 257 331
567818 331 257
567840 166 272
567915 272 166
567997 257 331
568245 176 578
568313 146 458
568369 166 272
568523 294 194
568621 294 194
569012 578 151
569043 151 578
569085 578 151
569101 578 151
569230 151 578
569302 578 151
569315 218 382
569358 314 120
569463 151 578
569505 578 151
569558 151 578
569786 578 151
569850 310 143
569860 151 578
570586 143 310
570859 578 151
570997 21 20
571033 21 20
571119 300 301
571202 301 300
571227 21 20
571240 21 20
571274 300 301
571309 301 300
571310 20 21
571375 300 301
571395 301 300
571484 382 218
571598 580 283
571643 21 20
571679 358 521
571763 300 301
571764 166 272
571781 521 358
571811 274 632
571905 300 301
571939 136 137
572003 632 274
572019 414 335
572032 358 521
572044 20 21
572183 21 20
572199 151 69
572242 69 151
572277 274 632
572349 272 166
572377 166 272
572463 20 21
572568 521 358
572583 21 20
572624 20 21
572700 21 20
572708 20 21
572709 632 274
572723 21 20
572728 21 20
572735 358 521
572805 20 21
573244 521 358
573336 617 279
573658 358 521
573667 299 512
573696 512 299
573959 299 512
573963 299 512
573981 194 294
574056 512 299
574260 294 194
574273 294 194
574308 194 294
574367 135 605
574394 605 135
574405 294 194
574427 135 605
574458 194 294
574537 294 194
574677 512 299
574805 651 623
574814 299 512
574834 299 512
575106 512 299
575264 279 617
575286 485 472
575313 472 485
575442 146 145
575477 617 279
575549 146 145
575714 170 213
575751 623 651
575780 651 623
575787 651 623
576095 279 617
576162 197 225
576266 37 36
576286 651 623
576287 651 623
576407 166 272
576436 272 166
576441 272 166
576590 335 414
576657 166 272
576703 299 512
576762 695 215
576789 512 299
576835 299 512
576884 299 237
576924 617 279
577003 108 268
577018 120 314
577178 279 617
577185 335 414
577249 617 279
577311 671 813
577341 813 671
577703 314 120
578399 617 279
578547 279 617
578560 279 617
578596 617 279
578925 120 314
578931 486 176
578954 176 486
579034 120 314
579041 512 299
579047 512 299
579071 414 335
579088 414 335
579119 335 414
579173 671 813
579236 335 414
579344 414 335
579465 335 414
579536 96 780
579668 640 95
579704 780 96
579766 813 671
579776 268 611
579796 813 671
579912 578 371
579927 671 813
580045 611 268
580177 144 560
580439 218 772
580629 772 218
580657 314 120
580739 218 772
580772 120 314
580880 512 299
581174 75 342
581527 414 335
581668 95 640
581741 537 194
581854 640 95
581963 36 37
582025 37 36
582027 314 120
582056 36 37
582057 37 36
582075 36 37
582081 37 36
582102 36 37
582116 37 36
582119 120 314
582131 36 37
582144 278 335
582181 36 37
582250 194 537
582255 194 537
582260 194 537
582267 194 537
582343 225 197
582450 537 472
582476 197 225
582480 314 120
582572 120 314
582654 314 120
582713 120 314
582717 335 278
582753 314 120
582880 176 578
582989 278 335
582993 278 335
582997 137 136
583003 278 335
583033 335 278
583165 278 335
583232 335 278
583338 278 335
583340 147 492
583359 335 278
583683 492 147
583869 507 615
584267 458 146
584766 772 218
584808 218 772
584844 772 218
584922 218 772
584973 772 218
584985 772 218
585034 772 218
585172 36 37
585218 37 36
585301 36 37
585353 36 37
585372 37 36
585388 218 772
585399 615 507
585435 36 37
585488 37 36
585493 37 36
585528 37 36
585902 36 37
585903 342 75
586077 37 36
586405 37 36
587135 36 37
587210 37 36
587238 19 595
587303 36 37
587313 19 595
587358 19 595
587418 19 595
587519 772 218
587565 218 772
587596 772 218
587660 218 772
587769 772 218
587905 37 36
588152 36 37
588200 37 36
588382 283 441
588691 237 299
588809 772 218
588821 218 772
588937 19 595
588984 314 120
589091 772 218
589144 218 772
589160 772 218
589270 136 137
589632 441 283
589745 137 136
589749 283 441
589974 136 137
590129 137 136
590246 136 137
590254 578 176
590474 137 136
590551 552 416
590585 243 714
590727 688 405
590801 136 137
590937 580 283
590945 137 136
590949 120 314
591143 283 580
591158 580 283
591208 283 580
591225 580 283
591295 598 70
591464 416 552
591741 552 416
591826 129 455
592042 580 441
592238 441 580
592290 580 441
592553 176 578
592719 75 342
592757 578 176
592785 176 578
593088 36 37
593121 37 36
593124 37 36
593134 36 37
593154 37 36
593159 37 36
593303 405 688
593308 176 578
593371 455 129
593630 441 580
593765 90 91
593770 578 176
593791 91 90
593806 91 90
593868 90 91
593885 37 36
593903 36 37
593920 37 36
593929 344 4
593949 36 37
593953 492 147
594342 176 578
594404 4 344
594428 344 4
594443 37 36
594459 4 344
594464 4 344
594719 578 176
594721 615 507
594760 632 274
595683 137 136
596065 136 137
596106 137 136
596397 331 707
596399 274 632
596761 503 139
596788 503 139
596807 503 672
596812 707 331
596867 503 139
596895 503 139
596942 331 707
596982 274 632
597146 632 274
597504 90 472
597504 90 64
597580 707 331
597687 707 331
597728 64 90
597826 137 136
597836 147 492
597912 331 707
597926 492 147
597959 147 492
598005 492 147
598023 147 492
598050 492 147
598081 147 492
598096 147 492
598126 492 147
598184 147 492
598232 492 147
598811 136 137
598942 707 331
599022 331 707
599098 707 331
599382 331 707
599415 707 331
599456 331 707
599648 472 90
599846 707 331
599940 331 707
600029 707 331
600105 4 424
600112 90 472
600518 472 90
601226 331 707
601606 472 90
603075 344 4
603113 4 344
603336 301 300
603633 301 300
603699 300 301
603859 301 300
604005 242 33
