0 0 66
0 12 99
0 15 27
0 16 65
0 18 89
0 21 32
0 21 24
0 24 60
0 33 66
0 35 114
0 36 60
0 59 72
0 65 99
0 112 114
300 0 66
300 15 72
300 21 24
300 21 32
300 33 66
300 35 114
300 36 60
300 49 52
300 49 72
300 59 72
300 65 99
300 66 109
300 66 118
600 9 97
600 16 65
600 18 49
600 21 32
600 21 24
600 24 93
600 24 44
600 30 99
600 33 66
600 35 114
600 36 60
600 44 61
600 45 90
600 45 99
600 49 72
600 49 61
600 61 121
600 61 65
600 65 99
600 66 118
600 97 99
900 0 66
900 0 84
900 3 84
900 9 97
900 12 115
900 16 65
900 24 93
900 24 44
900 28 114
900 30 99
900 32 40
900 35 114
900 36 60
900 44 98
900 45 90
900 49 72
900 49 52
900 49 61
900 61 121
900 61 65
900 61 99
900 61 66
900 66 109
900 66 114
900 93 118
900 97 99
1200 0 84
1200 0 66
1200 9 97
1200 12 115
1200 12 24
1200 12 20
1200 16 65
1200 21 24
1200 23 102
1200 24 44
1200 24 93
1200 24 25
1200 24 104
1200 24 40
1200 25 75
1200 25 63
1200 25 71
1200 28 114
1200 28 36
1200 30 99
1200 32 40
1200 35 114
1200 35 89
1200 36 60
1200 44 109
1200 49 61
1200 49 72
1200 61 65
1200 61 121
1200 63 71
1200 65 71
1200 71 109
1200 97 99
1500 0 66
1500 3 84
1500 3 63
1500 4 104
1500 4 99
1500 4 97
1500 6 114
1500 8 57
1500 9 97
1500 12 115
1500 16 65
1500 21 24
1500 23 102
1500 24 40
1500 24 25
1500 24 104
1500 25 63
1500 25 75
1500 25 71
1500 25 49
1500 28 114
1500 30 99
1500 32 40
1500 35 102
1500 44 102
1500 44 46
1500 45 90
1500 46 63
1500 47 104
1500 63 71
1500 63 89
1500 65 71
1500 68 104
1500 71 109
1500 71 102
1500 74 104
1500 97 99
1500 102 104
1800 3 63
1800 3 84
1800 3 104
1800 4 99
1800 4 122
1800 8 57
1800 16 74
1800 16 106
1800 23 102
1800 25 75
1800 28 114
1800 30 99
1800 32 40
1800 35 114
1800 45 90
1800 47 104
1800 47 74
1800 71 102
1800 71 109
1800 74 104
1800 97 99
1800 99 123
1800 102 104
1800 104 114
2100 8 57
2100 13 50
2100 13 44
2100 16 74
2100 21 50
2100 23 102
2100 28 114
2100 28 32
2100 32 40
2100 33 50
2100 39 47
2100 45 90
2100 47 74
2100 47 123
2100 47 93
2100 74 104
2100 93 123
2100 99 123
2400 2 64
2400 3 63
2400 8 57
2400 13 44
2400 13 50
2400 16 106
2400 18 123
2400 28 114
2400 28 32
2400 30 99
2400 30 39
2400 30 74
2400 33 50
2400 39 47
2400 39 50
2400 41 50
2400 41 103
2400 45 90
2400 48 103
2400 48 94
2400 50 112
2400 64 103
2400 71 109
2400 74 94
2400 82 123
2400 94 112
2700 0 94
2700 1 99
2700 1 71
2700 2 64
2700 3 63
2700 13 44
2700 13 50
2700 16 106
2700 28 114
2700 28 32
2700 30 74
2700 30 71
2700 31 117
2700 31 94
2700 39 50
2700 39 47
2700 41 103
2700 41 50
2700 45 90
2700 46 94
2700 48 94
2700 50 112
2700 54 123
2700 64 103
2700 71 94
2700 74 103
2700 94 103
3000 1 71
3000 1 12
3000 2 107
3000 7 46
3000 8 55
3000 8 117
3000 12 23
3000 12 46
3000 13 50
3000 13 44
3000 20 117
3000 24 46
3000 28 32
3000 28 114
3000 39 50
3000 39 47
3000 41 50
3000 41 103
3000 46 94
3000 46 57
3000 46 54
3000 50 112
3000 50 117
3000 54 123
3000 54 55
3000 54 107
3000 64 103
3300 1 12
3300 1 6
3300 1 103
3300 2 64
3300 6 30
3300 7 46
3300 7 122
3300 7 80
3300 7 12
3300 7 28
3300 8 55
3300 12 81
3300 12 17
3300 24 46
3300 28 32
3300 30 49
3300 38 81
3300 38 105
3300 39 47
3300 39 50
3300 41 103
3300 41 50
3300 46 57
3300 46 54
3300 46 99
3300 46 105
3300 50 112
3300 50 117
3300 54 107
3300 54 55
3300 54 123
3300 57 99
3300 64 103
3300 74 103
3300 77 103
3600 1 99
3600 1 25
3600 1 54
3600 1 66
3600 5 86
3600 5 115
3600 5 62
3600 5 17
3600 7 46
3600 7 12
3600 7 122
3600 7 80
3600 8 55
3600 12 17
3600 12 81
3600 13 44
3600 17 115
3600 17 25
3600 17 50
3600 25 66
3600 28 32
3600 30 49
3600 38 105
3600 39 50
3600 41 50
3600 41 103
3600 46 57
3600 50 112
3600 50 117
3600 50 54
3600 54 107
3600 54 123
3600 60 62
3600 74 103
3600 77 103
3600 78 103
3900 0 50
3900 0 55
3900 0 20
3900 1 54
3900 3 114
3900 5 17
3900 5 115
3900 5 86
3900 5 66
3900 5 20
3900 7 80
3900 7 28
3900 7 12
3900 7 46
3900 7 50
3900 8 55
3900 8 12
3900 12 81
3900 12 17
3900 12 66
3900 13 44
3900 17 115
3900 20 114
3900 20 50
3900 20 115
3900 20 66
3900 25 66
3900 25 83
3900 38 105
3900 39 50
3900 39 47
3900 46 57
3900 50 54
3900 50 117
3900 54 55
3900 54 107
3900 54 123
3900 60 62
3900 67 115
3900 74 103
3900 77 103
3900 83 107
4200 0 55
4200 1 66
4200 1 99
4200 1 25
4200 1 54
4200 3 114
4200 5 86
4200 5 115
4200 7 80
4200 7 28
4200 8 12
4200 8 55
4200 12 81
4200 13 44
4200 20 115
4200 38 105
4200 39 47
4200 39 50
4200 40 119
4200 54 55
4200 54 123
4200 74 103
4200 75 122
4200 83 107
4500 0 55
4500 5 20
4500 5 17
4500 5 86
4500 5 66
4500 7 28
4500 7 50
4500 7 46
4500 7 80
4500 8 55
4500 12 81
4500 12 66
4500 14 100
4500 20 114
4500 25 83
4500 38 105
4500 39 47
4500 39 50
4500 40 119
4500 60 102
4500 74 103
4500 75 122
4500 77 103
4500 88 119
4800 0 55
4800 1 54
4800 5 115
4800 5 86
4800 7 46
4800 7 80
4800 7 50
4800 8 55
4800 13 103
4800 20 114
4800 20 115
4800 23 57
4800 23 59
4800 25 83
4800 25 59
4800 39 47
4800 39 50
4800 40 119
4800 54 123
4800 54 55
4800 75 122
5100 0 55
5100 7 28
5100 7 80
5100 7 46
5100 8 55
5100 12 66
5100 13 103
5100 14 100
5100 20 114
5100 23 57
5100 25 83
5100 30 123
5100 37 81
5100 38 105
5100 41 123
5100 60 102
5100 75 122
5100 77 103
5100 79 107
5400 0 55
5400 5 115
5400 8 55
5400 12 66
5400 13 103
5400 14 100
5400 20 114
5400 25 59
5400 25 83
5400 37 81
5400 38 105
5400 44 88
5400 60 102
5400 79 107
5400 88 104
5700 0 55
5700 5 115
5700 7 46
5700 7 80
5700 7 18
5700 8 55
5700 12 66
5700 20 114
5700 25 83
5700 30 123
5700 37 81
5700 38 105
5700 41 123
5700 41 109
5700 60 102
5700 75 122
5700 75 95
5700 79 107
6000 0 55
6000 5 115
6000 7 18
6000 7 46
6000 14 100
6000 20 114
6000 21 44
6000 21 60
6000 25 59
6000 25 83
6000 26 95
6000 29 58
6000 37 81
6000 38 105
6000 41 109
6000 41 123
6000 44 88
6000 46 59
6000 60 102
6000 68 114
6000 75 95
6300 5 115
6300 7 18
6300 7 46
6300 12 66
6300 14 100
6300 14 66
6300 21 44
6300 25 83
6300 25 59
6300 26 95
6300 29 58
6300 29 74
6300 37 81
6300 41 109
6300 44 88
6300 46 59
6300 60 102
6300 62 66
6300 66 82
6300 79 107
6300 88 122
6600 1 55
6600 5 115
6600 7 18
6600 13 55
6600 14 66
6600 25 59
6600 25 83
6600 26 95
6600 29 58
6600 29 74
6600 37 81
6600 41 123
6600 44 88
6600 46 59
6600 55 88
6600 60 102
6600 66 82
6600 79 107
6600 88 122
6900 5 115
6900 14 66
6900 14 100
6900 25 83
6900 26 95
6900 29 58
6900 33 86
6900 38 120
6900 41 123
6900 44 88
6900 46 59
6900 60 102
6900 61 100
6900 62 66
6900 66 82
6900 88 122
6900 96 106
7200 1 55
7200 6 75
7200 13 55
7200 14 66
7200 24 55
7200 29 74
7200 29 58
7200 33 86
7200 35 97
7200 38 120
7200 41 123
7200 44 88
7200 46 59
7200 55 88
7200 66 82
7200 88 122
7200 96 106
7500 1 55
7500 5 115
7500 14 100
7500 24 55
7500 26 95
7500 29 74
7500 33 86
7500 34 119
7500 35 97
7500 41 123
7500 44 88
7500 46 59
7500 66 82
7500 81 116
7500 96 106
7800 9 65
7800 9 105
7800 9 52
7800 9 61
7800 24 55
7800 29 74
7800 33 86
7800 34 119
7800 35 97
7800 41 123
7800 44 88
7800 46 59
7800 55 61
7800 55 59
7800 55 75
7800 59 61
7800 59 94
7800 65 119
7800 90 120
7800 96 106
8100 5 113
8100 9 61
8100 9 52
8100 9 105
8100 9 97
8100 9 65
8100 9 10
8100 10 113
8100 25 113
8100 28 69
8100 33 86
8100 34 119
8100 35 97
8100 41 123
8100 55 61
8100 55 98
8100 57 111
8100 59 61
8100 59 94
8100 61 65
8100 65 119
8100 65 111
8100 65 97
8100 90 120
8100 96 106
8400 0 18
8400 1 48
8400 2 13
8400 5 113
8400 9 61
8400 9 52
8400 13 25
8400 13 70
8400 13 35
8400 24 55
8400 29 42
8400 33 86
8400 34 119
8400 35 97
8400 36 48
8400 36 85
8400 36 70
8400 36 79
8400 36 42
8400 36 95
8400 38 111
8400 41 123
8400 42 96
8400 42 61
8400 42 85
8400 42 95
8400 48 95
8400 48 97
8400 48 85
8400 55 61
8400 57 111
8400 65 119
8400 70 111
8400 96 106
8700 0 18
8700 1 48
8700 3 119
8700 3 114
8700 5 113
8700 5 114
8700 5 42
8700 9 61
8700 9 105
8700 13 25
8700 13 70
8700 18 42
8700 23 36
8700 24 55
8700 26 118
8700 28 69
8700 33 42
8700 33 36
8700 34 119
8700 35 97
8700 36 79
8700 36 95
8700 36 48
8700 36 42
8700 36 114
8700 36 118
8700 39 106
8700 42 95
8700 42 85
8700 42 61
8700 42 96
8700 42 114
8700 48 85
8700 55 61
8700 61 114
8700 63 118
8700 65 119
8700 66 118
8700 70 111
8700 70 106
8700 106 111
8700 107 114
8700 107 111
8700 111 113
9000 0 18
9000 1 48
9000 4 58
9000 4 119
9000 7 26
9000 7 114
9000 7 81
9000 9 61
9000 9 111
9000 13 25
9000 13 35
9000 24 55
9000 26 69
9000 30 61
9000 33 36
9000 34 119
9000 35 97
9000 36 95
9000 36 79
9000 37 68
9000 38 111
9000 39 106
9000 39 45
9000 42 61
9000 42 95
9000 55 61
9000 58 68
9000 58 70
9000 66 118
9000 68 119
9000 70 111
9000 70 106
9000 70 82
9000 70 114
9000 81 86
9000 86 107
9000 94 111
9000 106 111
9000 111 113
9300 0 18
9300 0 66
9300 1 48
9300 7 10
9300 13 35
9300 24 55
9300 26 66
9300 30 61
9300 35 106
9300 35 59
9300 36 79
9300 37 68
9300 39 106
9300 39 45
9300 41 111
9300 42 61
9300 50 106
9300 58 68
9300 68 119
9300 70 111
9300 79 85
9300 79 97
9300 79 119
9300 94 111
9300 103 106
9300 106 111
9300 106 114
9300 111 113
9300 111 119
9600 0 66
9600 1 48
9600 5 89
9600 7 10
9600 26 66
9600 26 99
9600 26 58
9600 26 76
9600 26 61
9600 30 61
9600 35 110
9600 35 99
9600 35 76
9600 37 68
9600 39 45
9600 39 106
9600 41 111
9600 42 61
9600 42 107
9600 45 61
9600 50 106
9600 61 76
9600 66 107
9600 66 119
9600 76 119
9600 76 99
9600 80 110
9600 86 107
9600 89 107
9600 94 111
9600 103 106
9600 106 111
9600 111 113
9600 111 119
9900 0 66
9900 0 53
9900 1 48
9900 7 10
9900 12 68
9900 13 35
9900 26 61
9900 30 61
9900 35 59
9900 35 53
9900 35 90
9900 35 119
9900 35 107
9900 37 68
9900 41 111
9900 42 107
9900 42 61
9900 42 68
9900 45 61
9900 50 106
9900 53 91
9900 57 107
9900 58 68
9900 61 99
9900 61 65
9900 65 68
9900 66 119
9900 66 107
9900 66 89
9900 66 68
9900 68 119
9900 68 107
9900 76 99
9900 77 107
9900 79 85
9900 80 107
9900 80 119
9900 86 107
9900 89 107
9900 94 111
9900 104 118
10200 0 53
10200 0 66
10200 0 6
10200 1 48
10200 6 53
10200 6 65
10200 7 10
10200 13 35
10200 13 53
10200 14 80
10200 30 61
10200 35 90
10200 35 76
10200 35 59
10200 35 107
10200 35 110
10200 35 119
10200 35 96
10200 35 65
10200 35 50
10200 35 42
10200 37 68
10200 40 87
10200 40 50
10200 40 53
10200 41 111
10200 41 53
10200 42 107
10200 42 61
10200 42 83
10200 50 65
10200 50 115
10200 50 53
10200 50 87
10200 53 91
10200 57 107
10200 61 65
10200 65 68
10200 65 119
10200 66 119
10200 79 85
10200 83 121
10200 86 107
10200 87 119
10200 94 111
10200 95 111
10200 104 118
10500 0 53
10500 0 66
10500 0 111
10500 0 27
10500 1 48
10500 2 50
10500 6 121
10500 6 85
10500 6 71
10500 7 10
10500 13 35
10500 14 80
10500 19 94
10500 27 31
10500 31 50
10500 33 50
10500 35 59
10500 35 110
10500 35 96
10500 38 50
10500 40 59
10500 41 53
10500 41 111
10500 42 107
10500 42 61
10500 49 111
10500 50 115
10500 50 106
10500 50 66
10500 57 107
10500 61 65
10500 63 87
10500 66 119
10500 79 85
10500 82 85
10500 83 121
10500 86 107
10500 94 111
10800 0 66
10800 1 48
10800 3 68
10800 6 85
10800 6 71
10800 6 106
10800 12 71
10800 12 45
10800 12 33
10800 12 46
10800 12 107
10800 12 17
10800 22 45
10800 30 61
10800 31 106
10800 35 110
10800 40 71
10800 41 53
10800 41 111
10800 42 107
10800 46 65
10800 57 107
10800 61 65
10800 63 87
10800 66 119
10800 69 71
10800 71 106
10800 79 85
10800 82 85
10800 85 111
10800 86 107
10800 87 111
10800 94 111
10800 94 107
10800 95 111
11100 3 68
11100 6 121
11100 6 85
11100 12 33
11100 12 46
11100 12 71
11100 12 90
11100 20 99
11100 22 71
11100 28 90
11100 31 106
11100 33 90
11100 33 95
11100 39 90
11100 46 65
11100 50 106
11100 51 90
11100 51 104
11100 51 106
11100 61 85
11100 66 119
11100 69 71
11100 78 106
11100 79 85
11100 82 85
11100 83 121
11100 86 107
11100 90 104
11100 97 106
11400 0 66
11400 0 1
11400 3 68
11400 6 121
11400 6 106
11400 6 85
11400 11 61
11400 11 95
11400 12 46
11400 20 99
11400 30 61
11400 33 95
11400 39 90
11400 46 65
11400 51 106
11400 51 104
11400 77 121
11400 79 85
11400 82 85
11400 82 94
11400 83 121
11400 86 107
11400 90 104
11400 94 111
11700 0 1
11700 0 66
11700 0 64
11700 3 68
11700 6 106
11700 6 121
11700 6 85
11700 11 95
11700 11 43
11700 12 46
11700 20 99
11700 30 61
11700 31 64
11700 39 90
11700 46 65
11700 51 106
11700 77 121
11700 86 107
11700 90 104
11700 94 111
11700 97 106
12000 0 64
12000 0 66
12000 0 1
12000 2 61
12000 3 68
12000 6 85
12000 9 63
12000 11 95
12000 20 99
12000 43 106
12000 46 65
12000 51 90
12000 61 64
12000 94 111
12300 0 1
12300 0 64
12300 0 9
12300 0 91
12300 2 63
12300 3 68
12300 6 85
12300 11 95
12300 20 99
12300 61 91
12300 94 111
12600 0 1
12600 2 61
12600 3 68
12600 6 85
12600 61 64
12600 61 101
12600 94 111
12900 0 1
12900 2 63
12900 2 61
12900 2 115
12900 3 68
12900 6 85
12900 37 114
12900 61 101
12900 75 94
13200 0 1
13200 0 107
13200 2 115
13200 2 61
13200 2 120
13200 3 68
13200 39 114
13200 44 76
13200 50 51
13200 61 64
13200 61 101
13200 62 64
13500 0 107
13500 2 61
13500 2 120
13500 2 64
13500 3 68
13500 6 85
13500 6 17
13500 39 114
13500 50 104
13500 61 101
13500 61 64
13500 62 64
13500 75 94
13500 76 104
13800 0 107
13800 2 120
13800 2 61
13800 2 85
13800 3 68
13800 30 43
13800 39 114
13800 50 51
13800 50 104
13800 62 64
13800 75 94
13800 76 104
13800 76 100
14100 0 107
14100 2 61
14100 2 120
14100 2 85
14100 3 68
14100 36 46
14100 39 114
14100 50 51
14100 50 104
14100 61 101
14100 62 64
14100 76 100
14100 76 114
14400 0 107
14400 2 120
14400 2 85
14400 3 68
14400 26 101
14400 30 43
14400 30 119
14400 39 114
14400 50 51
14400 61 101
14400 76 100
14400 76 119
14400 104 119
14700 2 85
14700 3 68
14700 26 101
14700 30 43
14700 30 113
14700 39 114
14700 50 104
14700 61 101
14700 76 100
14700 76 114
15000 0 107
15000 0 59
15000 0 22
15000 0 24
15000 0 116
15000 0 75
15000 2 120
15000 26 116
15000 30 43
15000 30 113
15000 39 114
15000 50 104
15000 61 101
15000 76 100
15000 116 119
15300 0 116
15300 0 59
15300 0 24
15300 0 22
15300 0 107
15300 0 75
15300 0 109
15300 0 21
15300 0 16
15300 0 102
15300 3 68
15300 4 103
15300 4 48
15300 16 20
15300 16 21
15300 26 116
15300 30 113
15300 39 114
15300 50 104
15300 76 114
15300 106 109
15600 0 59
15600 0 22
15600 0 75
15600 3 68
15600 11 107
15600 25 103
15600 25 49
15600 25 114
15600 26 116
15600 30 113
15600 38 109
15600 38 103
15600 50 104
15600 61 114
15600 76 85
15600 88 114
15600 106 109
15900 0 75
15900 0 24
15900 3 68
15900 11 107
15900 24 84
15900 25 114
15900 25 49
15900 30 113
15900 49 85
15900 49 115
15900 50 104
15900 55 71
15900 76 85
15900 106 109
16200 0 24
16200 0 75
16200 4 106
16200 4 84
16200 4 31
16200 11 107
16200 12 56
16200 24 56
16200 25 49
16200 28 56
16200 29 31
16200 29 106
16200 29 32
16200 30 113
16200 31 56
16200 33 118
16200 49 115
16200 49 85
16200 50 104
16200 55 71
16200 56 61
16200 61 106
16200 106 109
16500 0 75
16500 0 24
16500 2 61
16500 2 43
16500 2 74
16500 3 68
16500 3 32
16500 11 107
16500 25 114
16500 28 56
16500 28 43
16500 29 32
16500 30 113
16500 32 43
16500 40 98
16500 49 115
16500 49 85
16500 50 104
16500 61 106
16500 106 109
16800 0 75
16800 2 64
16800 3 32
16800 3 10
16800 4 84
16800 11 107
16800 22 28
16800 25 28
16800 28 56
16800 28 43
16800 28 64
16800 32 43
16800 33 118
16800 40 98
16800 49 115
16800 50 104
16800 61 106
16800 64 80
16800 106 109
17100 2 61
17100 2 74
17100 4 84
17100 22 28
17100 25 28
17100 28 56
17100 28 64
17100 28 43
17100 30 113
17100 33 118
17100 49 115
17100 50 104
17100 54 83
17100 63 109
17100 64 80
17100 65 95
17100 106 109
17100 107 122
17400 12 97
17400 28 64
17400 28 43
17400 33 118
17400 49 115
17400 50 104
17400 54 83
17400 63 109
17400 64 80
17400 65 101
17400 65 97
17400 67 122
17400 106 109
17700 22 28
17700 28 43
17700 33 118
17700 34 51
17700 49 115
17700 50 104
17700 51 111
17700 54 83
17700 65 101
17700 67 122
17700 106 109
17700 107 111
18000 28 43
18000 33 118
18000 49 115
18000 56 61
18000 59 75
18000 61 91
18000 65 101
18000 67 122
18000 86 108
18000 91 110
18300 0 100
18300 33 118
18300 45 110
18300 49 115
18300 56 61
18300 56 58
18300 58 94
18300 61 91
18300 61 118
18300 65 101
18300 67 122
18300 94 123
18600 0 100
18600 31 49
18600 31 108
18600 33 118
18600 39 122
18600 49 115
18600 49 122
18600 49 106
18600 56 58
18600 58 94
18600 61 118
18600 61 91
18600 64 106
18600 67 122
18600 71 84
18600 108 117
18900 4 108
18900 28 49
18900 31 108
18900 31 49
18900 32 84
18900 33 118
18900 39 84
18900 49 106
18900 49 115
18900 56 58
18900 58 94
18900 61 91
18900 61 118
18900 64 106
18900 65 101
18900 69 122
18900 69 84
18900 110 122
18900 115 122
19200 0 84
19200 14 114
19200 17 101
19200 17 84
19200 19 108
19200 21 84
19200 31 49
19200 31 108
19200 33 118
19200 36 56
19200 49 122
19200 49 115
19200 49 106
19200 56 58
19200 58 94
19200 61 118
19200 61 91
19200 64 106
19200 69 84
19200 93 108
19500 0 84
19500 0 110
19500 14 114
19500 14 40
19500 14 110
19500 17 59
19500 17 84
19500 19 84
19500 21 84
19500 33 118
19500 36 114
19500 49 115
19500 54 110
19500 56 58
19500 58 94
19500 58 91
19500 59 91
19500 61 91
19500 61 118
19500 64 106
19500 69 84
19500 93 108
19500 93 110
19500 93 118
19500 110 122
19500 114 118
19800 0 110
19800 14 114
19800 17 59
19800 17 84
19800 17 91
19800 17 33
19800 19 108
19800 21 84
19800 23 91
19800 23 110
19800 31 113
19800 33 118
19800 36 114
19800 49 91
19800 56 58
19800 58 91
19800 58 102
19800 59 91
19800 61 118
19800 61 91
19800 64 106
19800 71 102
19800 93 108
19800 93 110
19800 102 116
19800 110 122
19800 114 118
20100 0 110
20100 13 114
20100 13 64
20100 14 114
20100 17 84
20100 17 91
20100 17 59
20100 17 33
20100 17 118
20100 18 47
20100 21 84
20100 31 113
20100 31 118
20100 33 118
20100 47 89
20100 49 115
20100 49 91
20100 54 114
20100 58 91
20100 58 102
20100 59 91
20100 61 118
20100 61 91
20100 84 86
20100 93 118
20100 93 108
20100 93 110
20100 110 122
20100 114 118
20400 0 110
20400 6 91
20400 7 54
20400 11 54
20400 14 114
20400 14 71
20400 17 91
20400 18 47
20400 23 91
20400 31 113
20400 33 118
20400 34 41
20400 36 114
20400 36 54
20400 44 120
20400 44 54
20400 47 89
20400 49 91
20400 54 89
20400 55 86
20400 58 102
20400 59 91
20400 61 118
20400 61 91
20400 86 91
20400 91 108
20400 93 110
20400 93 118
20400 93 108
20400 110 122
20400 114 118
20700 0 33
20700 2 64
20700 2 54
20700 3 91
20700 6 91
20700 7 30
20700 11 54
20700 14 114
20700 17 59
20700 18 47
20700 18 91
20700 23 91
20700 31 113
20700 36 54
20700 41 47
20700 41 91
20700 44 54
20700 47 89
20700 54 89
20700 54 91
20700 59 91
20700 61 118
20700 64 100
20700 86 91
20700 93 108
20700 93 110
20700 93 122
20700 97 100
20700 110 122
20700 114 118
21000 1 38
21000 2 64
21000 6 91
21000 11 54
21000 11 36
21000 11 59
21000 14 114
21000 14 71
21000 18 91
21000 18 47
21000 33 41
21000 36 54
21000 36 46
21000 47 89
21000 59 91
21000 61 118
21000 88 89
21000 89 120
21000 93 110
21000 110 122
21300 2 64
21300 6 82
21300 11 59
21300 11 38
21300 14 71
21300 14 114
21300 18 47
21300 18 91
21300 24 38
21300 30 36
21300 36 54
21300 36 46
21300 36 110
21300 41 47
21300 47 89
21300 54 91
21300 54 89
21300 54 82
21300 59 91
21300 59 120
21300 61 118
21300 66 118
21300 88 113
21300 93 110
21300 110 122
21600 1 38
21600 2 64
21600 2 113
21600 6 82
21600 11 38
21600 11 59
21600 11 36
21600 14 71
21600 14 24
21600 18 47
21600 18 61
21600 23 57
21600 23 64
21600 23 113
21600 24 38
21600 32 64
21600 33 41
21600 36 54
21600 36 46
21600 54 89
21600 54 91
21600 59 91
21600 59 105
21600 61 113
21600 66 118
21600 70 98
21600 88 89
21600 89 120
21600 110 122
21600 113 116
21900 2 64
21900 5 54
21900 11 36
21900 14 24
21900 14 23
21900 14 47
21900 18 47
21900 18 93
21900 18 59
21900 18 89
21900 18 36
21900 18 105
21900 18 70
21900 23 57
21900 23 64
21900 23 113
21900 23 93
21900 24 38
21900 32 64
21900 32 80
21900 32 62
21900 36 54
21900 46 61
21900 47 89
21900 54 91
21900 59 120
21900 59 91
21900 61 118
21900 61 113
21900 66 118
21900 88 89
21900 89 120
21900 89 105
21900 89 110
21900 110 122
21900 113 116
22200 1 38
22200 1 24
22200 7 87
22200 11 36
22200 14 24
22200 18 89
22200 18 93
22200 18 59
22200 23 64
22200 23 113
22200 23 57
22200 23 93
22200 24 38
22200 24 89
22200 24 103
22200 31 107
22200 31 118
22200 32 64
22200 33 107
22200 33 87
22200 36 54
22200 52 90
22200 56 87
22200 59 120
22200 59 91
22200 61 113
22200 89 110
22200 89 120
22200 89 105
22200 110 122
22200 113 116
22500 0 52
22500 0 94
22500 1 38
22500 1 110
22500 1 77
22500 7 87
22500 11 36
22500 14 47
22500 14 23
22500 14 24
22500 18 93
22500 23 93
22500 24 38
22500 27 64
22500 31 118
22500 31 103
22500 33 87
22500 33 107
22500 36 54
22500 41 64
22500 52 90
22500 52 77
22500 59 91
22500 59 120
22500 61 113
22500 64 123
22500 83 103
22500 84 103
22500 87 120
22500 87 110
22500 89 110
22500 94 120
22500 110 122
22800 0 52
22800 0 40
22800 0 118
22800 1 110
22800 1 77
22800 7 87
22800 9 24
22800 11 36
22800 14 47
22800 18 93
22800 24 38
22800 31 118
22800 31 103
22800 33 107
22800 33 100
22800 36 54
22800 38 91
22800 44 98
22800 52 90
22800 52 77
22800 54 93
22800 59 91
22800 64 123
22800 83 103
22800 87 120
22800 87 110
22800 94 120
22800 110 122
23100 0 40
23100 0 52
23100 1 77
23100 1 110
23100 1 112
23100 1 36
23100 1 40
23100 1 111
23100 11 36
23100 14 47
23100 18 93
23100 24 38
23100 30 36
23100 31 103
23100 33 100
23100 46 84
23100 52 90
23100 59 91
23100 60 113
23100 64 123
23100 83 103
23100 83 111
23100 84 103
23100 87 110
23100 87 120
23100 91 121
23100 98 107
23100 98 111
23100 110 122
23100 111 112
23400 0 40
23400 1 112
23400 1 110
23400 3 103
23400 11 36
23400 14 47
23400 18 93
23400 22 103
23400 22 36
23400 31 118
23400 36 111
23400 36 84
23400 40 91
23400 44 98
23400 46 84
23400 52 90
23400 52 77
23400 59 91
23400 64 123
23400 83 111
23400 90 119
23400 91 121
23400 95 103
23400 98 111
23400 98 113
23400 100 123
23400 100 111
23400 110 122
23700 1 36
23700 1 110
23700 3 67
23700 11 36
23700 14 47
23700 14 38
23700 18 93
23700 18 41
23700 19 38
23700 22 103
23700 22 36
23700 30 36
23700 31 118
23700 36 111
23700 36 113
23700 37 91
23700 37 118
23700 37 110
23700 41 65
23700 44 98
23700 44 110
23700 47 110
23700 48 123
23700 64 123
23700 64 113
23700 67 91
23700 82 91
23700 90 119
23700 91 121
23700 93 110
23700 98 107
23700 100 111
23700 110 122
24000 1 110
24000 1 36
24000 10 91
24000 11 36
24000 14 47
24000 14 38
24000 22 36
24000 30 36
24000 31 123
24000 36 111
24000 40 91
24000 41 65
24000 42 106
24000 44 98
24000 47 98
24000 48 123
24000 59 91
24000 65 69
24000 82 91
24000 90 119
24000 91 121
24000 98 107
24000 110 122
24300 1 36
24300 1 110
24300 1 115
24300 1 16
24300 10 123
24300 14 121
24300 14 20
24300 16 69
24300 18 41
24300 22 36
24300 30 91
24300 37 91
24300 42 106
24300 59 91
24300 65 69
24300 67 91
24300 82 91
24300 90 119
24300 91 121
24600 1 115
24600 1 110
24600 1 16
24600 7 10
24600 7 120
24600 10 123
24600 14 47
24600 14 20
24600 16 69
24600 22 36
24600 30 36
24600 30 91
24600 30 52
24600 36 106
24600 47 98
24600 57 66
24600 59 91
24600 67 69
24600 68 101
24600 69 111
24600 90 119
24600 91 121
24900 1 115
24900 1 110
24900 1 55
24900 1 18
24900 1 16
24900 7 120
24900 7 10
24900 7 55
24900 10 123
24900 13 30
24900 13 105
24900 14 47
24900 14 20
24900 16 69
24900 16 90
24900 16 30
24900 18 31
24900 18 91
24900 18 94
24900 22 36
24900 24 103
24900 30 52
24900 30 91
24900 30 36
24900 36 106
24900 55 70
24900 57 66
24900 69 111
24900 90 119
25200 1 55
25200 7 120
25200 7 10
25200 7 55
25200 13 105
25200 13 30
25200 14 20
25200 14 47
25200 14 16
25200 16 69
25200 16 123
25200 18 91
25200 18 94
25200 21 91
25200 21 29
25200 21 30
25200 24 103
25200 29 41
25200 30 36
25200 30 55
25200 30 65
25200 31 41
25200 31 100
25200 36 106
25200 47 98
25200 55 72
25200 57 66
25200 69 111
25200 90 119
25500 1 55
25500 7 120
25500 7 55
25500 7 10
25500 13 105
25500 13 16
25500 13 91
25500 14 47
25500 14 16
25500 16 69
25500 16 103
25500 16 21
25500 18 91
25500 21 29
25500 21 91
25500 21 30
25500 24 103
25500 30 55
25500 30 36
25500 31 100
25500 35 70
25500 36 106
25500 47 98
25500 55 70
25500 55 72
25500 57 66
25500 60 91
25500 88 91
25800 7 120
25800 7 10
25800 13 105
25800 14 16
25800 14 47
25800 18 91
25800 24 103
25800 29 41
25800 31 41
25800 31 100
25800 36 48
25800 38 120
25800 47 98
25800 57 66
25800 60 91
25800 60 103
25800 88 91
25800 90 119
26100 7 55
26100 7 10
26100 7 120
26100 13 91
26100 13 16
26100 14 16
26100 14 47
26100 21 30
26100 30 36
26100 31 100
26100 36 106
26100 38 120
26100 57 66
26100 73 74
26100 90 119
26400 7 10
26400 7 120
26400 13 105
26400 14 16
26400 16 39
26400 21 30
26400 21 100
26400 24 97
26400 30 36
26400 38 120
26400 47 98
26400 50 122
26400 90 119
26700 6 94
26700 13 105
26700 14 47
26700 14 16
26700 21 30
26700 21 100
26700 21 57
26700 24 97
26700 30 36
26700 38 120
26700 50 122
26700 50 64
27000 6 94
27000 12 69
27000 13 105
27000 14 16
27000 14 47
27000 16 39
27000 21 100
27000 24 97
27000 26 38
27000 36 98
27000 47 98
27000 50 64
27000 50 122
27000 62 64
27300 14 16
27300 16 39
27300 21 100
27300 21 57
27300 21 30
27300 26 38
27300 30 36
27300 42 116
27300 50 64
27300 59 92
27600 15 69
27600 16 39
27600 16 90
27600 21 57
27600 21 100
27600 30 36
27600 36 98
27600 42 116
27600 47 98
27600 50 122
27600 50 64
27600 66 105
27900 3 32
27900 21 100
27900 21 57
27900 30 36
27900 36 98
27900 47 98
27900 50 122
27900 50 64
27900 59 92
27900 71 90
27900 109 122
28200 3 32
28200 4 42
28200 15 69
28200 16 39
28200 16 90
28200 17 61
28200 21 100
28200 30 36
28200 36 98
28200 44 95
28200 59 92
28200 71 90
28200 109 122
28500 3 32
28500 4 42
28500 5 109
28500 15 69
28500 16 39
28500 36 98
28500 39 101
28500 44 95
28500 71 90
28500 109 122
28800 3 32
28800 5 109
28800 5 92
28800 17 61
28800 21 100
28800 39 101
28800 44 95
28800 44 82
28800 71 90
28800 109 122
29100 16 39
29100 17 61
29100 21 100
29100 21 44
29100 32 82
29100 44 82
29100 44 95
29100 71 90
29100 89 104
29100 98 121
29100 109 122
29400 16 39
29400 17 61
29400 21 100
29400 44 95
29400 44 82
29400 61 102
29400 71 90
29400 80 85
29400 81 104
29400 85 95
29400 98 121
29400 102 109
29400 109 122
29700 16 39
29700 21 44
29700 21 24
29700 24 61
29700 29 88
29700 32 82
29700 44 82
29700 44 95
29700 61 102
29700 61 63
29700 63 89
29700 63 85
29700 63 82
29700 82 90
29700 98 121
29700 102 109
29700 109 122
30000 7 121
30000 10 12
30000 10 57
30000 16 39
30000 29 88
30000 32 82
30000 32 66
30000 44 95
30000 57 66
30000 66 82
30000 82 90
30000 82 100
30000 82 111
30000 98 121
30000 109 122
30300 16 39
30300 16 98
30300 32 66
30300 44 95
30300 58 66
30300 66 114
30300 82 100
30300 109 122
30600 2 58
30600 2 77
30600 2 49
30600 2 114
30600 16 39
30600 29 88
30600 37 54
30600 37 77
30600 37 49
30600 109 122
30900 2 100
30900 2 62
30900 2 106
30900 27 29
30900 29 88
30900 37 77
30900 65 106
30900 65 105
30900 77 106
30900 109 122
31200 6 88
31200 65 105
31200 65 106
31200 105 109
31200 109 122
31500 20 46
31500 23 58
31500 23 72
31500 23 64
31500 58 68
31500 65 105
31500 72 89
31500 105 109
31500 109 122
31800 20 94
31800 40 74
31800 58 94
31800 65 105
31800 65 106
31800 105 109
32100 4 15
32100 4 40
32100 4 111
32400 4 40
32400 4 111
32400 4 7
32400 4 101
32400 7 115
32400 49 101
32400 49 115
32400 83 111
32700 4 111
32700 49 101
32700 78 110
32700 83 111
33000 5 54
33000 78 110
33000 83 111
33300 12 56
33300 56 85
33300 78 110
33600 24 83
34200 17 100
34200 68 85
34800 17 80
34800 22 85
34800 64 122
35400 15 22
35400 15 38
35400 64 122
35700 28 38
36000 15 22
36000 69 81
36000 81 105
36300 15 51
36300 38 52
36600 15 51
36600 15 22
37500 88 108
79800 1 20
80100 25 62
80400 9 74
80400 9 65
80400 65 108
80700 9 65
80700 9 95
80700 56 95
80700 65 108
81000 9 95
81000 56 95
81600 9 95
81600 52 105
81900 105 117
82200 30 57
82200 30 95
82200 57 67
82200 67 95
82200 78 95
82200 105 117
82500 30 95
82500 36 67
82500 57 67
82500 105 117
82800 36 92
82800 78 92
82800 92 105
82800 105 117
83100 3 81
83100 3 14
83100 3 98
83100 23 98
83100 36 92
83100 78 92
83100 92 105
83400 3 81
83400 3 98
83400 6 123
83400 36 92
83700 3 81
83700 6 123
83700 6 94
83700 6 101
84000 3 81
84000 6 94
84000 94 100
84000 94 114
84300 3 81
84300 94 100
84600 94 100
84900 8 120
84900 71 120
85200 8 120
85500 8 120
85500 57 66
85800 5 15
85800 57 66
86100 5 15
87000 1 69
87000 1 83
87000 3 69
87000 4 10
87000 4 57
87000 14 83
87000 31 69
87000 31 57
87000 56 69
87000 57 79
87000 57 58
87000 60 89
87300 1 69
87300 1 83
87300 1 48
87300 1 26
87300 3 17
87300 3 81
87300 3 31
87300 3 69
87300 4 10
87300 4 57
87300 8 118
87300 14 83
87300 20 69
87300 31 69
87300 32 57
87300 56 69
87300 60 89
87300 91 103
87600 0 31
87600 0 112
87600 1 26
87600 3 31
87600 3 17
87600 3 81
87600 4 10
87600 14 83
87600 20 69
87600 31 104
87600 32 112
87600 32 77
87600 46 57
87600 51 108
87600 56 69
87600 57 79
87600 57 58
87600 57 73
87600 60 89
87600 91 103
87600 92 105
87600 92 108
87600 109 112
87900 0 112
87900 0 31
87900 1 110
87900 1 11
87900 3 31
87900 3 17
87900 3 81
87900 3 26
87900 3 112
87900 8 118
87900 20 69
87900 32 112
87900 39 73
87900 39 69
87900 51 108
87900 56 69
87900 60 89
87900 68 82
87900 69 112
87900 73 90
87900 90 91
87900 91 103
87900 92 105
87900 109 112
88200 0 31
88200 1 110
88200 1 11
88200 3 17
88200 3 31
88200 3 81
88200 3 118
88200 3 6
88200 3 112
88200 3 39
88200 31 118
88200 32 77
88200 32 112
88200 36 99
88200 39 118
88200 40 112
88200 51 108
88200 56 69
88200 68 82
88200 69 112
88200 73 90
88200 77 79
88200 77 112
88200 79 90
88200 91 103
88200 92 105
88200 104 119
88200 104 112
88200 109 112
88200 111 118
88500 0 31
88500 1 110
88500 1 11
88500 8 104
88500 11 66
88500 18 65
88500 18 79
88500 20 34
88500 27 40
88500 32 77
88500 36 99
88500 39 118
88500 39 66
88500 39 40
88500 40 66
88500 65 73
88500 66 104
88500 66 119
88500 66 102
88500 68 82
88500 73 90
88500 77 112
88500 79 90
88500 91 103
88500 92 105
88500 104 119
88500 109 112
88800 0 31
88800 1 11
88800 11 66
88800 32 77
88800 36 99
88800 39 66
88800 39 87
88800 39 81
88800 39 73
88800 40 66
88800 40 60
88800 60 73
88800 65 73
88800 66 102
88800 66 104
88800 66 119
88800 66 122
88800 66 73
88800 79 122
88800 91 103
88800 92 105
89100 0 31
89100 14 91
89100 14 57
89100 32 77
89100 33 50
89100 36 99
89100 39 81
89100 39 73
89100 50 113
89100 57 113
89100 62 74
89100 65 73
89100 66 102
89100 66 122
89100 91 103
89100 92 105
89400 0 31
89400 14 73
89400 14 85
89400 23 27
89400 27 50
89400 33 50
89400 36 50
89400 39 73
89400 50 113
89400 56 113
89400 57 113
89400 65 73
89400 66 102
89400 66 73
89400 66 122
89400 91 103
89700 0 31
89700 0 58
89700 3 120
89700 8 120
89700 9 17
89700 10 120
89700 23 27
89700 27 50
89700 36 50
89700 50 113
89700 57 113
89700 57 78
89700 58 89
89700 66 73
89700 66 102
89700 66 122
90000 0 58
90000 0 31
90000 2 38
90000 2 120
90000 17 86
90000 23 27
90000 27 50
90000 33 50
90000 34 70
90000 34 120
90000 48 73
90000 50 120
90000 50 73
90000 56 113
90000 57 78
90000 57 113
90000 58 89
90000 62 113
90000 62 70
90000 66 122
90000 70 113
90300 0 58
90300 2 120
90300 2 38
90300 14 20
90300 15 23
90300 23 47
90300 27 50
90300 33 50
90300 34 70
90300 41 70
90300 47 48
90300 48 120
90300 50 73
90300 50 120
90300 57 78
90300 58 89
90300 66 122
90300 69 120
90600 0 58
90600 1 118
90600 2 38
90600 3 92
90600 14 20
90600 16 65
90600 23 27
90600 33 50
90600 34 120
90600 34 70
90600 41 70
90600 66 122
90600 86 115
90900 2 38
90900 14 20
90900 16 65
90900 23 27
90900 23 47
90900 24 54
90900 27 50
90900 34 70
90900 41 70
90900 46 121
90900 47 48
90900 50 120
90900 66 122
90900 109 121
90900 111 114
91200 0 22
91200 2 38
91200 3 92
91200 3 117
91200 14 20
91200 17 41
91200 23 47
91200 24 54
91200 29 34
91200 34 70
91200 66 122
91500 2 38
91500 3 117
91500 6 58
91500 14 20
91500 17 41
91500 23 47
91500 24 54
91500 29 34
91500 34 70
91500 47 96
91500 49 95
91500 50 120
91500 66 122
91800 0 22
91800 2 38
91800 6 58
91800 9 74
91800 17 41
91800 17 56
91800 22 23
91800 23 47
91800 24 54
91800 29 34
91800 34 70
91800 47 96
91800 66 122
91800 68 86
92100 0 22
92100 2 38
92100 6 58
92100 9 114
92100 9 50
92100 17 41
92100 17 56
92100 24 54
92100 29 34
92100 53 71
92100 66 122
92100 68 86
92400 2 38
92400 6 58
92400 7 101
92400 9 114
92400 17 41
92400 17 56
92400 29 34
92400 34 70
92400 53 71
92400 59 95
92400 61 100
92400 66 122
92700 2 38
92700 7 101
92700 9 50
92700 17 41
92700 17 56
92700 29 34
92700 53 71
92700 59 95
92700 59 85
92700 66 122
93000 2 38
93000 7 101
93000 17 41
93000 28 88
93000 29 34
93000 53 71
93000 59 95
93000 59 85
93000 106 107
93000 112 123
93300 0 24
93300 2 38
93300 3 107
93300 3 15
93300 7 101
93300 9 27
93300 17 41
93300 28 88
93300 29 34
93300 53 71
93300 56 66
93300 59 95
93300 78 97
93300 112 123
93600 0 24
93600 6 114
93600 7 101
93600 24 72
93600 24 96
93600 28 88
93600 29 34
93600 53 71
93600 59 95
93600 59 85
93600 112 123
93900 0 24
93900 9 27
93900 18 93
93900 18 99
93900 23 87
93900 24 96
93900 28 88
93900 29 34
93900 44 99
93900 53 71
93900 56 66
93900 59 95
93900 112 123
94200 9 27
94200 18 93
94200 24 96
94200 28 88
94200 29 34
94200 31 44
94200 34 56
94200 44 118
94200 53 71
94200 56 66
94200 59 85
94200 65 87
94200 65 101
94200 65 92
94200 74 106
94200 74 75
94200 74 118
94500 5 121
94500 9 27
94500 9 54
94500 9 97
94500 9 108
94500 24 96
94500 27 32
94500 28 88
94500 29 34
94500 32 108
94500 32 34
94500 32 51
94500 32 58
94500 32 117
94500 54 90
94500 56 66
94500 59 85
94500 65 101
94500 65 87
94500 65 74
94500 74 75
94500 74 106
94500 74 118
94500 74 90
94500 74 121
94500 82 117
94500 85 90
94500 90 108
94500 117 121
94800 3 117
94800 3 121
94800 3 54
94800 4 121
94800 4 69
94800 4 86
94800 5 11
94800 9 27
94800 9 108
94800 9 54
94800 9 97
94800 13 85
94800 21 44
94800 24 96
94800 24 42
94800 24 121
94800 24 28
94800 28 88
94800 28 85
94800 29 34
94800 32 108
94800 32 34
94800 32 58
94800 32 59
94800 34 56
94800 47 54
94800 47 59
94800 54 90
94800 54 59
94800 56 66
94800 59 85
94800 82 117
95100 3 96
95100 3 66
95100 3 108
95100 3 34
95100 3 118
95100 5 11
95100 8 47
95100 9 27
95100 9 97
95100 13 85
95100 17 108
95100 22 27
95100 22 76
95100 24 96
95100 24 28
95100 27 45
95100 28 88
95100 28 85
95100 30 83
95100 34 66
95100 47 54
95100 47 66
95100 56 66
95100 59 85
95100 65 74
95100 74 118
95100 74 106
95100 74 121
95100 74 75
95100 74 90
95100 85 91
95100 86 120
95100 87 121
95100 91 114
95100 91 121
95100 96 121
95100 117 121
95400 3 96
95400 3 117
95400 3 34
95400 3 66
95400 3 54
95400 3 108
95400 3 27
95400 3 78
95400 4 121
95400 5 11
95400 8 47
95400 9 27
95400 9 32
95400 9 39
95400 9 33
95400 13 85
95400 17 108
95400 19 78
95400 19 28
95400 22 76
95400 22 121
95400 22 88
95400 22 119
95400 22 27
95400 22 29
95400 24 121
95400 24 28
95400 26 112
95400 26 39
95400 26 88
95400 27 45
95400 28 85
95400 28 88
95400 28 92
95400 28 61
95400 28 121
95400 29 74
95400 32 100
95400 34 66
95400 47 66
95400 47 54
95400 48 74
95400 50 78
95400 56 66
95400 59 85
95400 61 106
95400 65 74
95400 74 90
95400 74 121
95400 74 118
95400 91 121
95400 117 121
95700 2 85
95700 3 96
95700 3 117
95700 3 34
95700 4 33
95700 8 47
95700 9 27
95700 9 97
95700 9 92
95700 16 33
95700 17 108
95700 19 28
95700 19 78
95700 22 27
95700 22 76
95700 24 121
95700 26 112
95700 26 66
95700 27 45
95700 27 33
95700 29 74
95700 30 83
95700 33 78
95700 34 88
95700 47 54
95700 47 66
95700 50 78
95700 56 66
95700 59 85
95700 65 74
95700 66 88
95700 66 123
95700 66 87
95700 74 121
95700 74 90
95700 74 118
95700 76 78
95700 78 83
95700 78 91
95700 85 92
95700 87 88
95700 87 92
95700 88 92
95700 88 97
95700 117 121
96000 1 120
96000 3 96
96000 3 117
96000 3 34
96000 8 47
96000 8 88
96000 9 27
96000 9 97
96000 10 115
96000 10 87
96000 10 51
96000 10 50
96000 16 33
96000 17 108
96000 19 78
96000 19 28
96000 20 51
96000 20 71
96000 20 87
96000 22 76
96000 22 27
96000 22 88
96000 24 121
96000 27 45
96000 27 33
96000 30 83
96000 33 88
96000 34 88
96000 34 123
96000 47 54
96000 50 111
96000 50 85
96000 51 97
96000 51 87
96000 51 90
96000 56 66
96000 66 87
96000 74 121
96000 74 90
96000 78 83
96000 85 87
96000 87 88
96000 87 120
96000 87 111
96000 87 96
96000 88 97
96000 88 90
96000 96 111
96000 117 121
96300 1 120
96300 1 62
96300 1 34
96300 1 24
96300 2 34
96300 3 96
96300 3 117
96300 4 97
96300 4 27
96300 4 62
96300 8 47
96300 9 27
96300 9 97
96300 10 51
96300 16 33
96300 17 108
96300 17 101
96300 19 78
96300 20 71
96300 20 51
96300 20 87
96300 20 45
96300 20 74
96300 22 76
96300 22 62
96300 22 97
96300 24 121
96300 24 71
96300 27 45
96300 27 59
96300 27 101
96300 27 109
96300 30 83
96300 34 123
96300 39 116
96300 40 116
96300 40 59
96300 40 109
96300 45 109
96300 50 111
96300 50 85
96300 51 87
96300 51 97
96300 56 66
96300 59 120
96300 62 120
96300 66 87
96300 74 90
96300 74 121
96300 78 83
96300 85 87
96300 87 96
96300 87 111
96300 88 97
96300 89 109
96300 101 116
96600 1 24
96600 1 34
96600 1 66
96600 2 34
96600 3 96
96600 4 102
96600 6 109
96600 7 121
96600 8 47
96600 8 51
96600 9 97
96600 10 51
96600 14 89
96600 19 78
96600 19 95
96600 20 51
96600 20 71
96600 23 30
96600 23 47
96600 24 121
96600 27 109
96600 30 83
96600 39 97
96600 40 109
96600 40 116
96600 45 109
96600 50 85
96600 50 111
96600 51 97
96600 51 87
96600 51 116
96600 56 66
96600 58 96
96600 59 120
96600 62 120
96600 66 87
96600 74 121
96600 74 90
96600 74 102
96600 78 83
96600 78 95
96600 89 109
96600 89 102
96600 95 97
96600 96 102
96600 97 102
96900 0 19
96900 1 34
96900 2 34
96900 2 21
96900 3 117
96900 3 96
96900 4 97
96900 4 102
96900 7 121
96900 10 51
96900 14 89
96900 16 21
96900 19 78
96900 19 101
96900 20 71
96900 20 51
96900 20 121
96900 21 102
96900 23 30
96900 23 47
96900 24 121
96900 31 102
96900 31 80
96900 34 114
96900 42 121
96900 45 109
96900 51 116
96900 52 89
96900 58 96
96900 62 120
96900 66 87
96900 68 70
96900 73 84
96900 74 121
96900 74 102
96900 78 83
96900 78 80
96900 80 111
96900 84 102
96900 84 97
96900 89 102
96900 89 109
96900 96 102
96900 97 102
96900 97 109
96900 101 117
97200 1 34
97200 1 19
97200 2 34
97200 2 33
97200 2 62
97200 3 117
97200 4 102
97200 8 50
97200 10 51
97200 16 21
97200 19 78
97200 19 61
97200 19 120
97200 19 69
97200 20 71
97200 23 47
97200 24 121
97200 31 80
97200 34 114
97200 35 61
97200 40 109
97200 41 109
97200 45 109
97200 46 89
97200 46 117
97200 50 85
97200 51 116
97200 59 120
97200 61 80
97200 62 83
97200 63 66
97200 66 87
97200 68 70
97200 69 120
97200 70 74
97200 73 84
97200 74 121
97200 74 102
97200 74 83
97200 78 80
97200 78 83
97200 84 102
97200 84 97
97200 89 102
97200 89 109
97200 97 109
97200 101 117
97500 0 19
97500 1 34
97500 2 33
97500 2 64
97500 3 117
97500 4 46
97500 7 121
97500 9 80
97500 9 109
97500 17 50
97500 19 93
97500 19 61
97500 20 87
97500 23 47
97500 24 121
97500 31 80
97500 34 114
97500 34 84
97500 34 111
97500 34 50
97500 34 109
97500 35 61
97500 41 109
97500 46 117
97500 51 116
97500 55 101
97500 55 85
97500 59 120
97500 59 64
97500 61 121
97500 61 117
97500 62 87
97500 62 117
97500 66 87
97500 69 101
97500 73 84
97500 74 121
97500 78 83
97500 80 93
97500 80 84
97500 84 97
97500 84 102
97500 84 109
97500 84 93
97500 85 120
97500 89 109
97500 97 109
97500 101 117
97800 2 34
97800 2 62
97800 2 64
97800 2 33
97800 3 117
97800 9 80
97800 9 16
97800 9 20
97800 9 83
97800 17 50
97800 19 120
97800 20 87
97800 20 71
97800 23 47
97800 24 121
97800 26 87
97800 41 51
97800 46 117
97800 55 85
97800 59 64
97800 59 120
97800 61 117
97800 62 117
97800 69 101
97800 69 120
97800 78 83
97800 83 121
97800 84 97
97800 85 120
97800 93 111
97800 97 109
97800 101 117
98100 2 64
98100 2 33
98100 2 34
98100 3 117
98100 9 83
98100 20 71
98100 20 87
98100 23 47
98100 24 121
98100 26 87
98100 41 46
98100 43 83
98100 46 66
98100 51 116
98100 51 111
98100 55 85
98100 59 120
98100 59 64
98100 61 117
98100 62 117
98100 66 87
98100 83 121
98100 84 97
98100 85 120
98100 87 119
98100 93 111
98400 2 33
98400 2 34
98400 2 64
98400 3 117
98400 9 83
98400 18 33
98400 18 48
98400 20 71
98400 23 47
98400 24 121
98400 41 46
98400 43 83
98400 46 66
98400 55 85
98400 59 64
98400 66 87
98400 84 97
98400 93 111
98700 2 34
98700 2 64
98700 3 117
98700 9 83
98700 18 48
98700 18 33
98700 20 109
98700 23 93
98700 24 121
98700 38 85
98700 41 46
98700 43 83
98700 51 116
98700 51 111
98700 51 121
98700 58 93
98700 61 117
98700 62 117
98700 66 87
98700 84 97
99000 2 34
99000 2 64
99000 3 117
99000 9 83
99000 18 48
99000 18 33
99000 23 47
99000 23 93
99000 43 83
99000 50 117
99000 58 93
99000 59 64
99000 62 117
99000 84 97
99000 85 117
99300 2 64
99300 2 28
99300 2 69
99300 3 117
99300 9 83
99300 18 33
99300 19 64
99300 23 93
99300 23 82
99300 41 46
99300 43 83
99300 58 93
99300 58 107
99300 62 117
99300 85 117
99600 2 64
99600 2 69
99600 2 34
99600 6 107
99600 9 83
99600 18 48
99600 18 67
99600 19 64
99600 23 82
99600 28 34
99600 33 82
99600 34 43
99600 34 86
99600 41 46
99600 43 83
99600 58 107
99600 62 117
99600 85 117
99900 2 69
99900 2 64
99900 2 34
99900 2 67
99900 9 83
99900 18 33
99900 18 67
99900 18 58
99900 23 82
99900 23 92
99900 33 49
99900 41 46
99900 43 83
100200 2 64
100200 2 67
100200 2 69
100200 9 83
100200 16 81
100200 18 46
100200 23 92
100200 23 82
100200 28 34
100200 33 49
100200 33 62
100200 41 46
100200 43 83
100200 47 91
100200 58 107
100200 82 117
100200 85 117
100500 9 83
100500 16 81
100500 18 58
100500 23 82
100500 23 117
100500 33 49
100500 41 46
100500 43 83
100500 58 107
100500 82 117
100500 85 117
100800 2 64
100800 16 81
100800 18 58
100800 23 82
100800 23 49
100800 33 49
100800 41 46
100800 43 83
100800 58 107
100800 81 117
100800 82 117
101100 2 64
101100 16 81
101100 23 82
101100 23 49
101100 23 117
101100 32 117
101100 33 49
101100 49 83
101100 54 84
101100 58 107
101100 76 90
101100 81 117
101100 82 117
101400 2 64
101400 17 20
101400 18 58
101400 23 49
101400 23 114
101400 33 49
101400 43 83
101400 45 84
101400 45 118
101400 54 84
101400 76 90
101400 90 99
101700 13 43
101700 13 68
101700 17 20
101700 17 58
101700 18 58
101700 20 50
101700 21 50
101700 21 68
101700 23 82
101700 43 74
101700 50 68
101700 76 104
102000 2 64
102000 13 24
102000 17 20
102000 17 58
102000 24 29
102000 24 63
102000 29 79
102000 50 104
102000 50 114
102000 76 104
102000 76 119
102000 76 85
102300 11 114
102300 17 58
102300 17 20
102300 22 82
102300 29 79
102300 39 84
102300 40 64
102300 50 104
102300 64 84
102300 76 85
102300 76 104
102600 17 20
102600 17 58
102600 25 96
102600 25 79
102600 25 119
102600 25 117
102600 29 79
102600 64 84
102600 64 96
102600 76 104
102600 76 85
102600 98 110
102600 117 119
102900 17 58
102900 26 114
102900 39 84
102900 41 121
102900 46 94
102900 64 84
102900 76 104
102900 76 85
102900 85 114
102900 98 110
103200 17 58
103200 36 94
103200 39 84
103200 39 85
103200 41 81
103200 46 94
103200 58 85
103200 67 81
103200 76 104
103200 81 94
103200 81 114
103200 85 114
103200 98 110
103500 17 58
103500 17 52
103500 17 34
103500 39 84
103500 46 94
103500 46 68
103500 58 85
103500 68 84
103500 68 98
103500 68 88
103500 85 114
103800 13 42
103800 13 18
103800 17 52
103800 17 34
103800 18 36
103800 29 32
104100 7 111
104100 13 42
104100 13 18
104100 15 116
104100 15 80
104100 17 52
104100 17 34
104400 13 18
104400 15 80
104400 17 34
104400 45 112
104400 45 102
104400 45 64
104400 45 101
104700 10 81
104700 15 80
104700 17 52
104700 45 112
104700 45 102
104700 72 102
104700 81 91
105000 4 92
105000 4 70
105000 15 80
105000 17 52
105000 45 112
105000 72 102
105000 73 106
105000 73 90
105000 81 91
105300 4 92
105300 15 80
105300 18 45
105300 22 40
105300 35 81
105300 45 112
105300 45 102
105300 45 73
105300 45 113
105300 46 100
105300 72 102
105300 73 90
105300 100 112
105600 0 72
105600 13 83
105600 17 106
105600 18 45
105600 22 40
105600 22 73
105600 26 72
105600 40 73
105600 45 102
105600 45 112
105600 45 73
105600 45 113
105600 45 60
105600 46 106
105600 72 83
105600 73 106
105600 73 90
105600 73 83
105600 83 106
105600 100 112
105900 8 15
105900 13 83
105900 21 83
105900 22 73
105900 22 40
105900 26 72
105900 26 35
105900 35 109
105900 45 102
105900 46 106
105900 63 113
105900 68 88
105900 72 102
105900 72 115
105900 72 112
105900 73 83
105900 73 106
105900 73 90
105900 83 106
105900 96 109
106200 13 83
106200 15 44
106200 17 106
106200 18 45
106200 21 83
106200 22 40
106200 26 72
106200 26 78
106200 28 121
106200 32 121
106200 35 109
106200 44 102
106200 45 73
106200 45 113
106200 45 78
106200 46 106
106200 53 97
106200 69 78
106200 72 83
106200 73 106
106200 73 83
106200 73 90
106200 78 83
106200 83 106
106200 96 109
106500 13 83
106500 18 109
106500 22 40
106500 25 28
106500 26 72
106500 26 41
106500 26 36
106500 26 73
106500 26 92
106500 26 123
106500 26 69
106500 35 109
106500 35 73
106500 39 73
106500 45 78
106500 45 113
106500 45 73
106500 69 89
106500 69 103
106500 73 90
106500 73 106
106500 78 83
106500 83 106
106500 96 109
106800 20 94
106800 20 45
106800 22 40
106800 23 113
106800 25 28
106800 26 69
106800 26 41
106800 26 73
106800 35 109
106800 35 73
106800 45 113
106800 45 73
106800 45 123
106800 53 95
106800 53 106
106800 69 89
106800 69 78
106800 73 90
106800 78 83
106800 78 113
106800 83 106
106800 83 113
106800 96 109
107100 12 88
107100 12 113
107100 13 83
107100 18 109
107100 23 113
107100 26 73
107100 26 41
107100 26 69
107100 35 109
107100 39 73
107100 45 78
107100 45 73
107100 53 95
107100 60 88
107100 62 113
107100 69 103
107100 69 89
107100 73 90
107100 78 83
107100 78 113
107100 83 106
107100 95 113
107100 96 109
107400 18 96
107400 20 62
107400 22 40
107400 23 26
107400 26 41
107400 26 73
107400 35 109
107400 39 58
107400 45 73
107400 53 95
107400 58 120
107400 58 61
107400 60 95
107400 60 96
107400 62 66
107400 62 82
107400 66 90
107400 69 103
107400 69 89
107400 73 90
107400 78 113
107400 83 106
107400 95 96
107400 96 109
107700 7 96
107700 10 83
107700 10 95
107700 10 40
107700 10 62
107700 18 96
107700 23 26
107700 26 69
107700 26 96
107700 26 63
107700 26 120
107700 26 60
107700 39 58
107700 45 73
107700 53 95
107700 56 66
107700 60 88
107700 60 96
107700 62 116
107700 62 82
107700 62 106
107700 66 90
107700 69 89
107700 69 103
107700 73 90
107700 73 96
107700 83 106
107700 95 96
107700 96 109
107700 96 120
108000 7 39
108000 10 83
108000 10 95
108000 10 62
108000 18 96
108000 26 120
108000 37 95
108000 39 41
108000 39 62
108000 51 95
108000 53 95
108000 56 66
108000 56 62
108000 62 82
108000 62 66
108000 62 106
108000 66 90
108000 69 89
108000 69 103
108000 72 96
108000 73 90
108000 82 95
108000 83 106
108000 95 96
108000 96 120
108300 7 22
108300 10 83
108300 10 62
108300 10 95
108300 18 96
108300 23 26
108300 26 63
108300 26 69
108300 26 120
108300 26 96
108300 26 37
108300 29 41
108300 37 95
108300 37 97
108300 39 58
108300 39 41
108300 41 108
108300 51 95
108300 53 95
108300 62 106
108300 62 66
108300 62 82
108300 66 90
108300 69 103
108300 69 89
108300 71 74
108300 73 90
108300 74 109
108300 82 95
108300 96 120
108300 97 109
108600 10 83
108600 10 62
108600 18 96
108600 18 82
108600 23 26
108600 26 120
108600 26 63
108600 26 69
108600 26 96
108600 26 62
108600 29 102
108600 29 65
108600 39 41
108600 39 58
108600 39 69
108600 62 106
108600 62 66
108600 62 82
108600 62 120
108600 65 66
108600 66 90
108600 66 86
108600 66 99
108600 69 89
108600 69 86
108600 71 74
108600 73 90
108600 82 95
108600 82 107
108600 96 120
108600 102 120
108900 4 58
108900 10 83
108900 18 96
108900 18 123
108900 23 26
108900 26 69
108900 26 96
108900 29 102
108900 33 120
108900 34 63
108900 39 69
108900 39 58
108900 39 120
108900 39 57
108900 41 48
108900 57 90
108900 62 66
108900 62 106
108900 66 90
108900 69 103
108900 69 86
108900 71 74
108900 73 90
108900 86 90
108900 86 116
108900 96 120
109200 4 58
109200 16 75
109200 26 96
109200 26 50
109200 27 120
109200 33 120
109200 34 120
109200 39 57
109200 39 120
109200 39 58
109200 39 69
109200 41 48
109200 45 75
109200 50 90
109200 62 66
109200 62 106
109200 66 120
109200 67 90
109200 69 86
109200 69 103
109200 71 74
109200 73 90
109200 90 94
109200 96 120
109200 110 116
109500 4 58
109500 11 69
109500 11 16
109500 26 96
109500 26 50
109500 26 33
109500 27 120
109500 29 102
109500 33 120
109500 39 120
109500 39 57
109500 39 58
109500 39 69
109500 41 48
109500 46 48
109500 46 62
109500 55 58
109500 55 69
109500 58 69
109500 62 106
109500 62 73
109500 69 103
109500 69 95
109500 71 74
109500 90 94
109500 98 109
109800 4 83
109800 11 16
109800 11 69
109800 11 33
109800 16 75
109800 16 60
109800 26 96
109800 26 109
109800 26 27
109800 26 98
109800 27 120
109800 29 102
109800 39 58
109800 39 57
109800 41 48
109800 55 69
109800 58 69
109800 62 73
109800 62 106
109800 62 69
109800 69 95
109800 69 103
109800 71 74
109800 94 120
110100 4 109
110100 11 16
110100 11 69
110100 11 33
110100 26 50
110100 27 81
110100 29 102
110100 30 81
110100 41 48
110100 53 109
110100 55 58
110100 62 106
110100 62 73
110100 69 95
110100 71 74
110100 77 120
110100 94 120
110100 108 113
110400 4 83
110400 4 113
110400 11 69
110400 11 16
110400 26 96
110400 29 102
110400 30 73
110400 30 113
110400 41 48
110400 41 58
110400 55 58
110400 62 73
110400 63 113
110400 69 95
110400 71 74
110400 98 118
110700 4 108
110700 11 16
110700 11 52
110700 11 101
110700 11 27
110700 18 65
110700 26 96
110700 29 102
110700 30 96
110700 45 108
110700 55 58
110700 62 101
110700 63 113
110700 69 95
110700 71 74
110700 83 108
110700 95 101
110700 98 118
110700 107 108
110700 108 113
111000 2 36
111000 4 108
111000 11 16
111000 11 101
111000 26 96
111000 27 77
111000 27 34
111000 28 101
111000 30 96
111000 45 108
111000 45 70
111000 62 101
111000 63 113
111000 70 113
111000 83 108
111000 95 101
111000 108 113
111300 0 96
111300 2 36
111300 8 13
111300 11 101
111300 11 16
111300 26 96
111300 27 34
111300 27 93
111300 27 96
111300 30 96
111300 36 113
111300 45 108
111300 45 105
111300 57 93
111300 57 122
111300 63 113
111300 69 95
111300 93 96
111300 93 113
111600 0 96
111600 8 13
111600 11 101
111600 11 16
111600 11 43
111600 11 97
111600 13 97
111600 20 97
111600 26 96
111600 26 55
111600 27 93
111600 27 96
111600 27 57
111600 55 69
111600 57 122
111600 57 93
111600 57 97
111600 63 72
111600 69 95
111600 93 96
111600 93 113
111900 0 96
111900 11 101
111900 13 97
111900 20 97
111900 26 55
111900 26 97
111900 27 96
111900 27 34
111900 27 93
111900 55 69
111900 57 93
111900 57 122
111900 60 79
111900 60 97
111900 60 102
111900 60 82
111900 63 72
111900 93 96
111900 102 113
112200 11 16
112200 13 97
112200 26 97
112200 27 57
112200 28 53
112200 57 97
112200 60 82
112200 60 79
112200 60 97
112200 86 111
112200 102 113
112500 0 96
112500 24 111
112500 26 97
112500 27 96
112500 36 79
112500 60 82
112500 60 102
112500 93 96
112800 10 27
112800 13 97
112800 26 97
112800 27 96
112800 51 93
112800 60 97
112800 60 79
112800 60 102
112800 75 107
112800 92 93
112800 93 96
113100 24 111
113100 26 97
113100 27 96
113100 27 112
113100 32 95
113100 36 79
113100 51 93
113100 60 82
113100 60 102
113100 92 93
113100 93 96
113400 27 112
113400 32 95
113400 32 82
113400 60 97
113400 60 102
113400 74 104
113400 75 107
113400 92 93
113700 24 81
113700 26 97
113700 27 112
113700 32 82
113700 36 79
113700 39 103
113700 51 99
113700 61 74
113700 74 104
113700 75 107
113700 92 93
113700 93 96
114000 24 81
114000 26 97
114000 51 99
114000 61 74
114000 74 104
114000 75 107
114000 92 93
114000 99 103
114300 24 81
114300 27 112
114300 51 99
114300 51 67
114300 61 74
114300 66 81
114300 66 100
114300 92 93
114300 93 96
114300 99 103
114600 24 81
114600 27 112
114600 46 81
114600 51 99
114600 51 67
114600 55 94
114600 67 72
114600 74 104
114600 92 93
114600 93 118
114600 97 115
114600 99 103
114600 100 116
114900 24 81
114900 27 74
114900 46 81
114900 54 101
114900 74 104
114900 92 93
114900 97 115
114900 99 103
115200 15 115
115200 24 81
115200 27 74
115200 46 81
115200 74 104
115200 92 93
115200 99 103
115200 102 107
115500 2 80
115500 24 81
115500 27 74
115500 52 95
115500 74 104
115500 97 115
115500 102 107
115800 27 74
115800 27 58
115800 46 81
115800 72 111
115800 72 95
115800 74 104
116100 0 106
116100 24 81
116100 31 106
116100 46 81
116100 62 106
116100 72 111
116100 106 111
116400 24 81
116400 37 106
116400 38 120
116400 38 106
116400 38 46
116400 46 81
116400 62 106
116400 74 106
116400 81 106
116700 10 38
116700 10 65
116700 24 81
116700 37 106
116700 38 106
116700 38 68
116700 46 81
116700 47 74
116700 68 74
117000 20 63
117000 20 59
117000 36 37
117000 37 106
117000 37 91
117000 38 68
117000 46 120
117000 59 63
117000 68 74
117300 9 120
117300 9 36
117300 24 81
117300 37 91
117300 37 68
117300 68 74
117300 104 120
117600 1 110
117600 1 51
117600 1 122
117600 7 53
117600 9 36
117600 18 49
117600 37 68
117600 48 51
117600 56 91
117600 56 83
117600 68 74
117600 110 117
117900 1 51
117900 1 110
117900 4 36
117900 4 37
117900 4 74
117900 4 121
117900 4 110
117900 23 37
117900 36 74
117900 36 51
117900 37 68
117900 37 74
117900 51 109
117900 51 68
117900 56 83
117900 59 86
117900 68 74
117900 108 109
117900 109 110
117900 110 117
118200 1 51
118200 4 121
118200 4 36
118200 4 37
118200 4 74
118200 4 110
118200 4 56
118200 18 49
118200 23 37
118200 36 74
118200 36 56
118200 37 74
118200 37 83
118200 37 43
118200 37 56
118200 56 83
118200 68 74
118500 1 45
118500 4 121
118500 9 71
118500 15 36
118500 15 63
118500 18 49
118500 23 37
118500 36 56
118500 37 74
118500 37 68
118500 56 83
118500 66 123
118500 66 84
118500 66 83
118500 66 71
118500 68 74
118800 1 45
118800 1 51
118800 9 84
118800 15 63
118800 15 66
118800 23 37
118800 37 68
118800 37 66
118800 45 66
118800 66 83
119100 1 51
119100 1 45
119100 20 68
119100 23 37
119100 26 91
119100 35 63
119100 35 68
119100 37 68
119100 37 66
119100 45 66
119400 45 95
119700 45 66
120000 45 66
120000 49 101
120000 57 101
120300 34 54
120900 19 56
120900 48 81
121200 6 68
121500 19 97
121500 48 81
121500 82 97
122400 5 107
122700 60 100
122700 63 107
124800 62 66
125700 33 39
166200 18 35
166800 0 35
166800 35 51
166800 35 99
167100 16 102
167100 16 35
167100 35 99
167100 35 51
167100 35 102
167100 35 44
167100 51 102
167400 16 102
167400 16 51
167400 35 102
167400 51 102
168600 56 90
168900 27 61
168900 39 61
168900 58 116
169200 27 61
169200 31 90
169200 33 90
169500 27 61
169500 31 90
169500 58 116
169800 20 46
169800 58 116
170100 4 33
170100 20 46
170400 4 29
170400 4 53
170400 5 53
170400 20 46
170400 45 63
170700 45 63
171600 14 79
171600 85 99
171900 14 122
171900 14 85
171900 69 85
171900 85 99
172200 69 85
172500 0 16
172500 85 99
173100 13 30
173100 62 98
173400 2 86
173400 26 28
173400 65 110
173400 70 109
173700 2 86
173700 3 25
173700 39 109
173700 70 109
173700 77 110
173700 109 110
173700 110 111
174000 2 86
174000 2 46
174000 3 19
174000 3 110
174000 9 93
174000 12 93
174000 17 93
174000 39 109
174000 70 109
174000 110 111
174300 2 46
174300 2 21
174300 9 93
174300 13 109
174300 15 21
174300 34 101
174300 39 109
174300 62 101
174300 62 109
174300 62 78
174300 62 98
174300 70 109
174300 77 110
174300 91 101
174300 110 111
174600 2 46
174600 4 22
174600 13 109
174600 15 46
174600 22 110
174600 22 70
174600 22 106
174600 27 29
174600 34 101
174600 38 77
174600 39 109
174600 62 101
174600 62 109
174600 62 78
174600 62 106
174600 62 98
174600 69 106
174600 77 106
174600 77 83
174600 84 110
174600 88 120
174600 91 101
174600 98 120
174600 110 111
174900 2 46
174900 4 22
174900 11 39
174900 13 109
174900 19 51
174900 19 113
174900 19 109
174900 19 112
174900 19 79
174900 19 63
174900 19 106
174900 22 106
174900 34 101
174900 39 109
174900 51 120
174900 53 63
174900 62 78
174900 62 109
174900 62 98
174900 62 106
174900 63 110
174900 63 106
174900 63 87
174900 77 106
174900 78 103
174900 88 120
174900 98 120
174900 109 110
175200 2 46
175200 2 53
175200 2 39
175200 2 45
175200 13 109
175200 15 46
175200 19 112
175200 19 63
175200 19 79
175200 19 61
175200 19 66
175200 20 110
175200 20 53
175200 20 63
175200 21 39
175200 22 106
175200 27 29
175200 27 53
175200 33 88
175200 33 109
175200 33 66
175200 34 101
175200 39 109
175200 39 89
175200 53 91
175200 53 62
175200 53 89
175200 53 106
175200 62 98
175200 62 109
175200 63 110
175200 63 106
175200 63 87
175200 63 109
175200 77 106
175200 78 103
175200 106 110
175200 106 109
175200 109 110
175500 2 53
175500 2 46
175500 2 39
175500 11 39
175500 15 25
175500 19 112
175500 19 79
175500 20 53
175500 20 110
175500 20 63
175500 20 34
175500 21 88
175500 21 37
175500 21 28
175500 22 106
175500 24 110
175500 27 53
175500 28 37
175500 28 88
175500 28 39
175500 33 109
175500 33 66
175500 37 88
175500 39 89
175500 53 91
175500 53 89
175500 62 109
175500 62 98
175500 63 106
175500 77 106
175500 89 110
175800 0 2
175800 2 39
175800 2 46
175800 2 117
175800 6 62
175800 6 42
175800 11 39
175800 13 109
175800 19 79
175800 21 88
175800 21 28
175800 21 62
175800 24 110
175800 27 53
175800 28 39
175800 28 37
175800 28 88
175800 28 42
175800 33 66
175800 33 109
175800 33 37
175800 37 88
175800 37 39
175800 37 117
175800 39 109
175800 39 89
175800 39 120
175800 53 89
175800 53 91
175800 62 109
175800 62 98
175800 62 110
176100 0 66
176100 2 117
176100 6 42
176100 21 62
176100 24 110
176100 27 53
176100 28 42
176100 28 37
176100 33 37
176100 33 109
176100 37 117
176100 37 39
176100 37 88
176100 39 120
176100 39 109
176100 39 89
176100 42 82
176100 45 117
176100 49 77
176100 53 89
176100 58 96
176100 62 98
176100 62 109
176100 62 117
176100 64 93
176100 66 117
176100 77 106
176400 0 58
176400 0 117
176400 2 46
176400 2 52
176400 20 82
176400 20 58
176400 24 110
176400 27 53
176400 28 109
176400 33 37
176400 33 46
176400 37 88
176400 39 120
176400 42 82
176400 49 77
176400 53 117
176400 58 120
176400 62 98
176400 62 109
176400 64 93
176400 93 109
176700 6 42
176700 17 21
176700 27 53
176700 33 46
176700 33 37
176700 37 88
176700 39 120
176700 42 82
176700 49 77
176700 51 101
176700 53 89
176700 53 77
176700 64 93
176700 76 92
176700 76 119
176700 76 101
176700 77 106
176700 77 109
176700 77 105
176700 93 109
177000 0 58
177000 2 52
177000 2 46
177000 6 42
177000 6 58
177000 20 58
177000 27 53
177000 33 37
177000 33 46
177000 37 88
177000 39 120
177000 50 74
177000 50 64
177000 53 77
177000 53 89
177000 53 117
177000 58 120
177000 64 93
177000 76 119
177000 77 105
177000 77 106
177000 82 86
177300 2 46
177300 6 42
177300 6 58
177300 7 54
177300 17 21
177300 27 53
177300 33 37
177300 39 120
177300 50 74
177300 53 77
177300 53 117
177300 58 120
177300 64 93
177300 76 101
177300 82 86
177300 82 120
177300 105 116
177600 9 62
177600 17 21
177600 20 58
177600 27 53
177600 30 57
177600 32 61
177600 33 37
177600 37 88
177600 39 120
177600 53 117
177600 53 77
177600 64 93
177600 76 101
177600 82 86
177600 88 108
177600 105 116
177900 7 54
177900 17 21
177900 20 58
177900 23 80
177900 27 53
177900 30 57
177900 37 88
177900 52 80
177900 53 77
177900 53 117
177900 66 118
177900 76 101
177900 82 86
177900 82 120
177900 105 116
178200 7 54
178200 23 80
178200 27 53
178200 30 57
178200 33 37
178200 33 106
178200 33 109
178200 33 120
178200 37 88
178200 52 80
178200 53 77
178200 82 86
178200 82 120
178200 93 110
178200 105 116
178500 7 54
178500 23 80
178500 33 106
178500 33 109
178500 37 88
178500 37 51
178500 50 51
178500 51 55
178500 52 80
178500 66 118
178500 76 101
178500 82 86
178500 82 120
178500 105 116
178800 9 67
178800 23 80
178800 33 120
178800 33 109
178800 37 88
178800 52 80
178800 76 101
178800 82 86
178800 82 120
178800 93 110
179100 9 67
179100 20 36
179100 23 80
179100 33 109
179100 33 120
179100 36 122
179100 40 67
179100 51 55
179100 51 122
179100 52 80
179100 55 103
179100 82 86
179100 82 120
179100 93 110
179400 4 101
179400 9 67
179400 13 58
179400 20 36
179400 33 109
179400 33 120
179400 36 122
179400 40 67
179400 52 80
179400 82 86
179700 9 67
179700 20 36
179700 23 80
179700 28 55
179700 33 120
179700 33 109
179700 40 67
179700 51 122
179700 51 55
179700 52 80
180000 4 101
180000 9 67
180000 28 55
180000 33 120
180000 36 122
180000 39 121
180000 41 97
180000 51 122
180000 52 80
180000 80 122
180000 82 86
180000 86 101
180300 17 58
180300 28 55
180300 33 109
180300 33 120
180300 36 122
180300 39 121
180300 41 97
180300 51 55
180300 52 80
180300 73 89
180300 80 122
180300 82 86
180300 87 95
180600 17 58
180600 33 42
180600 33 36
180600 36 122
180600 36 84
180600 36 42
180600 52 80
180600 57 84
180600 80 122
180600 82 86
180900 0 111
180900 5 62
180900 5 111
180900 33 109
180900 33 120
180900 36 122
180900 41 97
180900 51 111
180900 52 80
180900 53 105
180900 57 84
180900 73 111
180900 73 118
180900 80 122
180900 93 118
180900 96 118
181200 5 111
181200 12 53
181200 12 17
181200 17 58
181200 23 53
181200 28 114
181200 28 96
181200 33 120
181200 33 104
181200 36 84
181200 36 122
181200 38 104
181200 41 97
181200 46 53
181200 52 80
181200 52 111
181200 52 114
181200 52 73
181200 53 104
181200 72 96
181200 73 111
181200 73 118
181200 80 122
181200 91 111
181200 93 118
181200 93 104
181200 96 118
181200 102 104
181200 104 111
181500 0 111
181500 0 92
181500 0 73
181500 5 111
181500 12 53
181500 12 51
181500 12 118
181500 12 63
181500 28 114
181500 28 96
181500 33 104
181500 33 120
181500 36 122
181500 38 104
181500 46 53
181500 48 61
181500 48 51
181500 48 118
181500 49 118
181500 51 63
181500 52 73
181500 52 114
181500 53 104
181500 54 118
181500 61 118
181500 61 92
181500 73 111
181500 73 118
181500 73 92
181500 91 111
181500 91 92
181500 93 118
181500 96 118
181500 102 104
181500 104 111
181800 0 111
181800 0 23
181800 1 21
181800 1 113
181800 5 111
181800 6 88
181800 6 92
181800 11 48
181800 11 55
181800 12 63
181800 12 51
181800 12 53
181800 12 113
181800 12 48
181800 16 92
181800 16 55
181800 16 107
181800 16 120
181800 16 88
181800 21 77
181800 21 107
181800 28 96
181800 33 120
181800 36 122
181800 46 53
181800 46 92
181800 48 51
181800 48 121
181800 48 88
181800 48 113
181800 48 114
181800 49 118
181800 51 63
181800 52 80
181800 52 114
181800 53 113
181800 53 102
181800 54 118
181800 61 118
181800 62 113
181800 62 77
181800 73 111
181800 77 120
181800 80 122
181800 92 113
181800 93 118
181800 96 118
181800 104 111
181800 107 116
181800 107 113
182100 1 113
182100 6 92
182100 11 55
182100 11 48
182100 11 16
182100 11 53
182100 11 103
182100 11 27
182100 11 93
182100 11 62
182100 12 48
182100 12 51
182100 12 63
182100 12 53
182100 12 95
182100 12 27
182100 16 55
182100 16 92
182100 16 120
182100 16 107
182100 16 88
182100 16 21
182100 16 62
182100 21 77
182100 21 107
182100 27 120
182100 33 120
182100 33 104
182100 34 99
182100 36 122
182100 46 53
182100 48 121
182100 48 88
182100 48 113
182100 48 114
182100 52 114
182100 52 62
182100 53 113
182100 53 92
182100 54 88
182100 61 118
182100 62 77
182100 62 113
182100 73 111
182100 77 120
182100 80 122
182100 80 88
182100 80 93
182100 88 92
182100 88 113
182100 88 111
182100 92 113
182100 93 118
182100 107 116
182100 111 114
182400 6 92
182400 11 53
182400 11 93
182400 11 62
182400 11 27
182400 11 16
182400 11 55
182400 12 51
182400 12 27
182400 12 95
182400 12 53
182400 12 63
182400 16 88
182400 16 120
182400 16 21
182400 16 55
182400 21 77
182400 27 120
182400 33 120
182400 33 104
182400 36 122
182400 38 92
182400 38 75
182400 38 67
182400 38 77
182400 38 120
182400 46 53
182400 48 121
182400 48 114
182400 49 87
182400 52 114
182400 52 77
182400 53 55
182400 53 114
182400 53 84
182400 57 80
182400 61 118
182400 62 77
182400 64 87
182400 73 111
182400 77 120
182400 77 103
182400 77 104
182400 80 88
182400 80 122
182400 86 87
182400 87 118
182400 87 107
182400 88 111
182400 92 113
182400 92 111
182400 93 98
182400 103 105
182400 103 111
182400 104 107
182400 104 114
182400 107 116
182700 11 93
182700 11 62
182700 12 63
182700 12 95
182700 12 51
182700 13 55
182700 16 120
182700 26 80
182700 27 120
182700 33 104
182700 33 120
182700 34 99
182700 38 67
182700 38 75
182700 41 67
182700 41 80
182700 41 63
182700 46 53
182700 48 121
182700 52 114
182700 53 55
182700 55 114
182700 57 80
182700 61 118
182700 62 77
182700 62 63
182700 63 114
182700 64 87
182700 67 73
182700 71 113
182700 73 111
182700 77 120
182700 77 103
182700 80 88
182700 80 122
182700 80 87
182700 84 107
182700 86 87
182700 87 118
182700 87 107
182700 92 113
182700 93 98
182700 103 111
182700 104 107
182700 107 116
183000 4 88
183000 4 107
183000 4 38
183000 4 120
183000 6 41
183000 11 62
183000 11 93
183000 12 95
183000 16 120
183000 16 88
183000 27 120
183000 27 54
183000 27 60
183000 33 120
183000 38 75
183000 38 67
183000 41 67
183000 41 80
183000 41 60
183000 41 76
183000 46 53
183000 48 121
183000 49 87
183000 52 114
183000 53 55
183000 55 60
183000 55 82
183000 57 80
183000 60 120
183000 60 73
183000 62 63
183000 62 80
183000 62 73
183000 67 73
183000 76 88
183000 77 120
183000 80 88
183000 80 87
183000 80 122
183000 87 107
183000 87 118
183000 104 107
183000 107 116
183300 0 7
183300 4 107
183300 4 88
183300 6 116
183300 6 114
183300 11 93
183300 11 62
183300 12 49
183300 16 120
183300 16 108
183300 16 49
183300 27 60
183300 27 55
183300 34 99
183300 38 75
183300 41 60
183300 46 53
183300 48 121
183300 49 87
183300 49 108
183300 49 74
183300 49 101
183300 52 114
183300 55 114
183300 55 82
183300 60 120
183300 60 73
183300 62 73
183300 62 87
183300 62 114
183300 63 114
183300 74 88
183300 74 108
183300 76 88
183300 77 120
183300 78 101
183300 80 87
183300 87 107
183300 87 101
183300 95 116
183300 101 114
183300 107 116
183300 108 114
183600 4 107
183600 6 114
183600 6 116
183600 10 101
183600 12 49
183600 16 108
183600 16 49
183600 16 120
183600 18 60
183600 18 42
183600 18 101
183600 19 48
183600 27 55
183600 27 60
183600 38 75
183600 38 55
183600 38 42
183600 38 116
183600 38 107
183600 38 49
183600 38 41
183600 41 60
183600 41 97
183600 42 80
183600 42 103
183600 46 53
183600 48 121
183600 48 87
183600 49 74
183600 49 87
183600 49 101
183600 52 114
183600 55 114
183600 55 82
183600 55 103
183600 60 101
183600 62 114
183600 63 114
183600 74 88
183600 74 108
183600 80 87
183600 87 107
183600 87 118
183600 87 99
183600 95 116
183600 100 101
183600 101 114
183600 107 118
183600 108 114
183900 2 89
183900 4 107
183900 6 114
183900 10 101
183900 10 33
183900 10 18
183900 11 70
183900 12 49
183900 13 105
183900 16 108
183900 18 42
183900 18 101
183900 18 60
183900 18 89
183900 18 70
183900 18 115
183900 33 99
183900 33 103
183900 38 42
183900 38 107
183900 38 41
183900 38 49
183900 41 60
183900 42 107
183900 42 99
183900 43 108
183900 46 115
183900 48 87
183900 63 114
183900 70 107
183900 70 105
183900 74 88
183900 75 122
183900 78 101
183900 87 99
183900 87 118
183900 89 115
183900 89 99
183900 95 116
183900 100 101
183900 105 115
183900 108 114
183900 108 123
184200 4 107
184200 4 10
184200 6 114
184200 10 101
184200 13 105
184200 16 49
184200 16 108
184200 18 60
184200 18 42
184200 33 99
184200 33 51
184200 42 99
184200 42 107
184200 43 108
184200 46 115
184200 48 87
184200 49 74
184200 60 110
184200 60 116
184200 74 88
184200 75 122
184200 76 116
184200 87 99
184200 87 118
184200 87 122
184200 89 99
184200 95 116
184200 100 101
184200 107 118
184500 2 54
184500 2 76
184500 4 107
184500 6 114
184500 10 33
184500 13 105
184500 16 49
184500 16 108
184500 18 60
184500 18 42
184500 33 99
184500 33 87
184500 42 99
184500 43 108
184500 43 99
184500 46 115
184500 48 87
184500 49 74
184500 60 108
184500 63 114
184500 63 105
184500 74 99
184500 75 122
184500 76 116
184500 76 105
184500 78 101
184500 87 99
184500 87 122
184500 89 99
184500 100 101
184500 107 118
184500 108 113
184800 2 54
184800 2 76
184800 6 114
184800 10 33
184800 13 105
184800 16 108
184800 16 49
184800 16 105
184800 16 56
184800 18 60
184800 33 99
184800 42 99
184800 43 99
184800 46 115
184800 48 87
184800 49 74
184800 49 108
184800 49 101
184800 60 116
184800 60 110
184800 63 105
184800 63 114
184800 74 99
184800 74 76
184800 75 122
184800 87 122
184800 87 99
184800 100 101
184800 105 122
184800 108 113
185100 2 76
185100 2 54
185100 6 114
185100 9 63
185100 10 33
185100 10 76
185100 16 49
185100 16 105
185100 16 108
185100 18 76
185100 18 56
185100 33 99
185100 43 99
185100 46 115
185100 48 87
185100 49 108
185100 49 101
185100 49 80
185100 49 116
185100 60 116
185100 60 63
185100 63 105
185100 63 114
185100 74 99
185100 74 76
185100 75 122
185100 80 116
185100 87 122
185100 87 99
185100 89 99
185100 107 118
185100 108 113
185400 2 54
185400 6 114
185400 10 80
185400 13 105
185400 16 49
185400 16 105
185400 16 108
185400 18 56
185400 18 76
185400 33 99
185400 34 66
185400 46 115
185400 48 87
185400 49 101
185400 56 80
185400 60 63
185400 60 116
185400 63 105
185400 63 114
185400 66 83
185400 75 122
185400 80 116
185400 80 107
185400 87 99
185400 89 99
185400 107 118
185700 6 114
185700 6 74
185700 13 105
185700 13 114
185700 16 108
185700 16 105
185700 18 76
185700 46 115
185700 46 55
185700 48 87
185700 49 122
185700 55 56
185700 60 63
185700 60 116
185700 63 105
185700 74 76
185700 75 122
185700 80 107
185700 87 99
185700 89 99
186000 6 74
186000 10 80
186000 13 105
186000 16 108
186000 18 76
186000 21 62
186000 42 118
186000 46 115
186000 48 87
186000 50 122
186000 60 116
186000 60 63
186000 75 122
186000 87 99
186000 89 99
186300 13 105
186300 16 108
186300 18 76
186300 21 62
186300 46 115
186300 46 70
186300 46 80
186300 50 122
186300 50 116
186300 55 56
186300 56 101
186300 56 71
186300 60 63
186300 60 76
186300 63 105
186300 63 100
186300 75 122
186300 80 107
186300 87 99
186600 2 80
186600 6 74
186600 13 105
186600 16 108
186600 21 62
186600 46 115
186600 46 58
186600 50 116
186600 50 122
186600 55 56
186600 58 64
186600 60 63
186600 60 76
186600 60 116
186600 60 105
186600 70 93
186600 75 122
186600 93 100
186900 6 74
186900 13 105
186900 16 108
186900 21 62
186900 29 64
186900 37 75
186900 46 115
186900 46 94
186900 50 122
186900 50 116
186900 55 56
186900 56 71
186900 56 101
186900 58 64
186900 60 105
186900 60 63
186900 60 76
186900 63 105
186900 63 100
186900 74 121
186900 105 121
187200 13 105
187200 21 62
187200 37 75
187200 46 115
187200 50 122
187200 50 116
187200 55 56
187200 56 71
187200 58 64
187200 58 116
187200 60 105
187200 60 76
187200 63 105
187200 63 75
187200 74 121
187200 105 121
187500 12 15
187500 21 62
187500 37 75
187500 46 115
187500 46 47
187500 50 122
187500 50 116
187500 56 101
187500 58 116
187500 58 63
187500 63 75
187500 74 121
187500 105 121
187800 2 115
187800 14 114
187800 37 75
187800 37 114
187800 42 77
187800 46 115
187800 50 122
187800 50 116
187800 56 101
187800 58 116
187800 58 64
187800 60 76
187800 63 75
187800 76 115
187800 114 115
188100 2 115
188100 13 95
188100 37 75
188100 37 81
188100 37 92
188100 37 53
188100 41 97
188100 42 92
188100 46 115
188100 48 117
188100 56 101
188100 58 116
188100 60 76
188100 63 75
188400 19 29
188400 29 43
188400 37 75
188400 41 97
188400 42 117
188400 46 115
188400 51 72
188400 53 116
188400 56 101
188400 58 116
188400 60 76
188400 63 75
188400 72 93
188400 86 117
188400 86 116
188700 2 82
188700 29 47
188700 37 75
188700 37 81
188700 41 97
188700 41 72
188700 47 58
188700 47 114
188700 51 72
188700 58 116
188700 63 75
188700 72 93
188700 82 114
188700 82 101
189000 37 81
189000 41 97
189000 47 58
189000 47 114
189000 58 116
189000 63 75
189300 9 93
189300 9 112
189300 18 90
189300 18 62
189300 20 93
189300 63 75
189300 77 113
189300 81 120
189300 82 93
189300 113 116
189600 4 104
189600 9 112
189600 9 93
189600 9 23
189600 11 62
189600 18 90
189600 18 62
189600 18 88
189600 20 38
189600 23 104
189600 23 62
189600 41 88
189600 63 75
189600 81 120
189600 88 114
189600 90 93
189900 9 23
189900 9 93
189900 9 112
189900 9 63
189900 11 62
189900 18 62
189900 53 63
189900 63 75
189900 63 110
190200 5 25
190200 9 112
190200 18 62
190200 37 49
190200 49 86
190200 63 110
190200 72 119
190500 5 25
190500 9 23
190500 9 112
190500 11 75
190500 17 88
190500 17 75
190500 37 49
190500 37 95
190500 47 88
190500 49 86
190500 72 119
190800 5 25
190800 9 62
190800 9 31
190800 18 62
190800 49 86
190800 72 119
191100 0 85
191100 2 106
191100 5 25
191100 18 62
191100 35 102
191100 35 85
191100 47 62
191100 49 86
191100 62 65
191100 62 68
191400 0 85
191400 0 4
191400 4 106
191400 47 62
191400 47 119
191400 49 86
191400 49 98
191400 49 77
191400 62 65
191400 62 74
191400 65 77
191400 65 118
191400 71 72
191400 71 106
191700 0 85
191700 2 106
191700 4 72
191700 5 18
191700 24 49
191700 47 62
191700 49 77
191700 49 98
191700 60 106
191700 65 77
191700 71 72
192000 0 85
192000 2 86
192000 4 106
192000 4 7
192000 5 74
192000 5 24
192000 19 87
192000 19 89
192000 24 104
192000 24 122
192000 24 105
192000 24 65
192000 62 74
192000 62 65
192000 65 77
192000 71 72
192000 72 77
192000 75 89
192000 85 96
192300 0 85
192300 0 73
192300 0 75
192300 4 71
192300 5 18
192300 5 24
192300 5 74
192300 13 77
192300 13 96
192300 19 87
192300 24 65
192300 44 89
192300 47 62
192300 49 71
192300 57 77
192300 58 86
192300 62 65
192300 62 74
192300 65 77
192300 71 72
192300 71 77
192300 72 96
192300 73 105
192300 75 89
192300 85 96
192600 0 85
192600 0 73
192600 0 75
192600 4 71
192600 5 24
192600 5 18
192600 5 74
192600 13 77
192600 13 96
192600 13 24
192600 18 59
192600 19 77
192600 21 72
192600 31 72
192600 43 58
192600 47 77
192600 47 75
192600 48 75
192600 49 71
192600 59 77
192600 62 74
192600 62 75
192600 63 72
192600 65 77
192600 65 75
192600 68 72
192600 71 72
192600 72 96
192600 72 77
192600 73 105
192600 75 89
192600 75 87
192600 77 104
192600 85 96
192900 0 75
192900 4 71
192900 4 75
192900 5 18
192900 5 74
192900 12 19
192900 13 24
192900 23 41
192900 26 75
192900 26 42
192900 31 72
192900 42 105
192900 47 75
192900 48 75
192900 49 71
192900 49 72
192900 49 62
192900 62 75
192900 62 74
192900 62 91
192900 62 72
192900 65 75
192900 68 72
192900 71 77
192900 71 72
192900 72 77
192900 72 96
192900 72 74
192900 73 105
192900 75 87
192900 75 89
192900 75 104
192900 85 96
192900 96 118
193200 0 85
193200 0 73
193200 2 74
193200 4 71
193200 5 74
193200 5 18
193200 11 23
193200 13 24
193200 13 77
193200 13 96
193200 18 89
193200 22 83
193200 23 41
193200 25 81
193200 26 42
193200 31 50
193200 38 118
193200 38 106
193200 38 44
193200 43 58
193200 49 71
193200 62 91
193200 62 74
193200 62 72
193200 62 75
193200 65 77
193200 68 72
193200 73 105
193200 75 89
193200 77 104
193200 81 118
193200 83 96
193200 85 96
193200 89 92
193200 96 118
193500 0 73
193500 0 85
193500 0 75
193500 0 92
193500 2 74
193500 4 71
193500 4 83
193500 5 18
193500 5 74
193500 11 23
193500 13 77
193500 13 96
193500 13 58
193500 18 89
193500 19 41
193500 22 83
193500 22 45
193500 23 41
193500 25 45
193500 26 42
193500 30 106
193500 31 50
193500 38 118
193500 38 106
193500 38 44
193500 38 43
193500 38 92
193500 41 89
193500 41 42
193500 42 50
193500 43 92
193500 49 71
193500 49 62
193500 49 58
193500 53 118
193500 59 92
193500 62 74
193500 66 87
193500 73 105
193500 74 89
193500 77 104
193500 77 92
193500 89 118
193500 96 118
193800 0 92
193800 0 73
193800 0 85
193800 0 18
193800 2 74
193800 4 83
193800 5 18
193800 13 58
193800 13 24
193800 13 77
193800 13 96
193800 18 42
193800 19 44
193800 22 83
193800 26 42
193800 30 106
193800 33 92
193800 38 92
193800 38 106
193800 38 118
193800 38 44
193800 38 41
193800 41 89
193800 41 42
193800 41 44
193800 41 92
193800 42 50
193800 43 92
193800 43 58
193800 43 83
193800 49 58
193800 49 62
193800 59 92
193800 66 87
193800 66 83
193800 66 75
193800 70 105
193800 73 83
193800 73 99
193800 74 89
193800 77 92
193800 77 104
193800 83 89
193800 88 89
193800 89 118
193800 96 118
194100 0 73
194100 0 85
194100 2 74
194100 4 83
194100 4 99
194100 4 70
194100 5 70
194100 13 77
194100 13 58
194100 13 96
194100 18 89
194100 18 42
194100 19 44
194100 24 87
194100 26 42
194100 26 34
194100 30 106
194100 32 67
194100 33 92
194100 34 118
194100 38 118
194100 38 106
194100 41 89
194100 41 44
194100 41 42
194100 42 50
194100 43 83
194100 49 58
194100 49 62
194100 53 118
194100 62 70
194100 64 77
194100 77 104
194100 77 92
194100 118 121
194400 0 92
194400 4 70
194400 4 100
194400 4 112
194400 5 70
194400 5 64
194400 13 24
194400 13 77
194400 15 100
194400 18 89
194400 18 42
194400 19 44
194400 19 117
194400 19 38
194400 19 53
194400 26 34
194400 26 42
194400 30 106
194400 30 85
194400 33 92
194400 34 118
194400 38 44
194400 38 92
194400 41 92
194400 41 44
194400 41 42
194400 42 50
194400 43 92
194400 43 83
194400 49 58
194400 49 62
194400 49 106
194400 49 117
194400 53 118
194400 59 92
194400 59 118
194400 62 70
194400 77 104
194400 85 92
194400 106 118
194400 118 121
194700 4 100
194700 4 91
194700 5 70
194700 13 24
194700 13 77
194700 15 100
194700 15 90
194700 18 42
194700 18 89
194700 19 53
194700 19 38
194700 19 44
194700 19 83
194700 21 106
194700 24 83
194700 26 42
194700 30 106
194700 30 85
194700 32 112
194700 34 121
194700 38 118
194700 41 89
194700 41 42
194700 42 50
194700 42 112
194700 49 106
194700 49 62
194700 49 123
194700 53 118
194700 64 77
194700 67 100
194700 72 109
194700 77 104
194700 77 106
194700 87 100
194700 106 118
194700 106 109
194700 118 121
195000 4 100
195000 4 91
195000 4 70
195000 4 58
195000 10 58
195000 11 18
195000 13 77
195000 13 109
195000 15 100
195000 15 90
195000 18 121
195000 18 38
195000 19 53
195000 19 44
195000 19 38
195000 24 83
195000 30 106
195000 30 100
195000 32 112
195000 38 118
195000 41 89
195000 41 42
195000 41 121
195000 49 62
195000 49 106
195000 53 100
195000 58 100
195000 58 110
195000 62 70
195000 62 110
195000 67 100
195000 72 109
195000 77 104
195000 87 100
195300 4 91
195300 4 73
195300 4 36
195300 13 24
195300 15 90
195300 15 46
195300 15 66
195300 19 53
195300 21 68
195300 30 85
195300 30 106
195300 32 112
195300 32 68
195300 36 109
195300 36 108
195300 41 89
195300 41 42
195300 49 106
195300 49 62
195300 62 80
195300 62 83
195300 67 100
195300 72 109
195300 73 108
195300 77 104
195300 85 108
195300 87 100
195300 107 121
195600 4 73
195600 4 36
195600 4 44
195600 4 41
195600 11 54
195600 15 90
195600 21 41
195600 21 26
195600 30 85
195600 41 106
195600 41 44
195600 44 89
195600 49 106
195600 49 62
195600 49 63
195600 62 83
195600 62 80
195600 67 100
195600 72 109
195600 77 104
195600 80 106
195600 85 108
195600 87 100
195600 107 121
195900 4 91
195900 4 36
195900 4 73
195900 15 46
195900 15 90
195900 31 105
195900 34 64
195900 36 79
195900 49 62
195900 49 64
195900 49 85
195900 62 83
195900 62 80
195900 64 85
195900 64 72
195900 64 105
195900 67 100
195900 77 104
195900 77 97
195900 80 87
195900 87 100
195900 107 121
196200 4 36
196200 9 80
196200 9 16
196200 9 53
196200 9 69
196200 15 46
196200 15 90
196200 16 79
196200 16 100
196200 16 37
196200 16 64
196200 32 91
196200 34 64
196200 36 80
196200 49 64
196200 49 85
196200 49 62
196200 50 69
196200 54 61
196200 62 83
196200 62 80
196200 64 72
196200 67 100
196200 70 100
196200 72 109
196200 77 97
196200 80 87
196200 87 100
196500 4 91
196500 4 36
196500 4 73
196500 9 69
196500 9 80
196500 9 53
196500 9 16
196500 15 46
196500 15 90
196500 15 40
196500 15 16
196500 25 109
196500 34 64
196500 49 62
196500 50 69
196500 51 80
196500 54 61
196500 55 79
196500 62 80
196500 62 83
196500 64 72
196500 72 80
196500 80 120
196500 87 100
196500 91 110
196800 2 54
196800 4 73
196800 9 53
196800 9 69
196800 10 72
196800 15 46
196800 26 71
196800 33 110
196800 36 54
196800 46 83
196800 47 71
196800 49 85
196800 49 64
196800 50 69
196800 54 61
196800 62 83
196800 62 80
196800 64 72
196800 71 80
196800 71 72
196800 91 110
197100 9 69
197100 10 72
197100 15 46
197100 16 121
197100 34 64
197100 34 110
197100 39 121
197100 46 83
197100 46 102
197100 49 85
197100 50 69
197100 54 61
197100 56 59
197100 59 110
197100 62 83
197100 62 80
197100 69 110
197100 69 123
197100 71 72
197100 92 94
197400 5 59
197400 5 102
197400 10 72
197400 16 102
197400 32 62
197400 34 64
197400 46 83
197400 46 102
197400 49 85
197400 49 94
197400 50 69
197400 50 59
197400 62 80
197400 62 83
197400 71 72
197700 5 102
197700 5 59
197700 7 83
197700 9 102
197700 10 72
197700 12 55
197700 16 102
197700 34 64
197700 37 105
197700 46 102
197700 46 83
197700 49 94
197700 50 69
197700 55 59
197700 62 83
197700 62 80
197700 72 102
197700 80 83
197700 83 102
198000 5 59
198000 5 102
198000 5 77
198000 5 105
198000 6 49
198000 6 9
198000 9 12
198000 9 31
198000 10 72
198000 12 55
198000 13 37
198000 46 83
198000 46 102
198000 49 94
198000 50 69
198000 62 83
198000 80 83
198300 1 45
198300 5 102
198300 5 63
198300 5 83
198300 7 83
198300 9 102
198300 12 55
198300 37 105
198300 45 83
198300 45 63
198300 46 102
198300 46 83
198300 62 80
198300 62 83
198300 74 105
198300 80 83
198600 1 45
198600 5 63
198600 7 40
198600 9 102
198600 9 12
198600 45 83
198600 45 63
198600 46 102
198600 50 69
198600 59 69
198600 62 80
198600 80 83
198900 5 102
198900 7 40
198900 9 102
198900 9 45
198900 21 59
198900 26 77
198900 37 105
198900 46 102
198900 62 80
198900 107 118
199200 3 84
199200 5 63
199200 26 77
199200 37 105
199200 54 72
199200 59 69
199200 62 80
199200 66 96
199200 84 103
199200 107 118
199500 3 84
199500 5 63
199500 7 40
199500 21 59
199500 26 77
199500 26 91
199500 45 66
199500 54 72
199500 59 69
199500 62 80
199500 69 73
199500 84 103
199500 107 118
199800 3 84
199800 21 59
199800 45 66
199800 54 72
199800 59 69
199800 62 80
199800 69 73
199800 84 103
199800 107 118
200100 0 49
200100 3 84
200100 21 59
200100 26 91
200100 45 66
200100 54 72
200100 54 67
200100 69 73
200100 107 118
200400 0 91
200400 2 26
200400 3 84
200400 45 66
200400 54 72
200400 54 67
200400 69 73
200400 107 118
200700 0 91
200700 69 73
200700 71 96
200700 107 118
201000 3 84
201000 54 72
201000 54 67
201000 69 73
201300 2 19
201300 3 84
201300 19 91
201300 54 67
201300 54 72
201300 66 117
201600 3 84
201600 43 91
201600 54 72
201600 67 109
201600 69 73
201600 72 76
201900 54 67
201900 54 72
201900 66 117
201900 69 73
201900 72 76
201900 87 89
202200 43 117
202200 52 69
202200 52 117
202200 54 72
202200 69 73
202200 76 117
202200 87 89
202500 3 5
202500 44 111
202500 52 69
202500 56 117
202500 56 104
202500 69 104
202500 69 72
202500 72 76
202500 87 89
202800 20 81
202800 52 117
202800 52 69
202800 52 104
202800 52 56
202800 52 114
202800 56 117
202800 56 104
202800 56 114
202800 56 86
202800 86 111
202800 86 114
203100 5 71
203100 52 56
203100 54 88
203100 54 71
203100 56 114
203100 56 117
203100 56 86
203100 56 104
203100 56 71
203100 56 75
203100 71 75
203100 75 104
203100 86 111
203400 44 71
203400 56 114
203400 56 75
203400 63 73
203400 71 111
203400 71 73
203400 75 104
203400 104 111
203700 39 105
203700 56 114
203700 86 92
203700 92 105
203700 105 118
204000 6 10
204000 10 87
204000 10 114
204000 13 114
204000 15 118
204000 25 118
204000 45 98
204000 45 65
204000 55 118
204000 56 114
204000 87 114
204300 6 10
204300 10 114
204300 10 87
204300 10 16
204300 10 118
204300 15 118
204300 16 54
204300 16 94
204300 39 105
204300 56 114
204300 83 107
204600 6 43
204600 6 60
204600 10 16
204600 15 118
204600 15 16
204600 16 33
204600 32 74
204600 32 43
204600 33 74
204600 33 89
204600 38 89
204600 38 83
204600 43 83
204600 56 114
204600 83 107
204600 87 114
204900 6 43
204900 8 114
204900 10 87
204900 15 16
204900 32 43
204900 39 105
204900 43 83
204900 43 107
204900 83 107
204900 89 107
205200 6 43
205200 6 60
205200 6 118
205200 6 11
205200 6 32
205200 8 114
205200 32 74
205200 32 43
205200 83 107
205200 89 107
205500 10 87
205500 13 50
205500 13 80
205500 32 43
205500 32 74
205500 50 60
205500 50 54
205800 32 74
206100 10 87
206100 13 50
206100 50 60
206100 83 87
206100 83 123
206400 50 60
206700 89 123
207000 75 123
207300 0 8
207300 30 90
207600 20 76
207900 44 82
208500 36 122
208800 0 65
208800 42 80
209100 23 73
209100 42 73
210000 37 57
210900 29 83
252600 38 93
252900 93 121
253200 6 21
253800 68 73
254100 14 119
254400 14 85
254700 34 49
254700 49 85
255000 34 49
255000 49 69
255000 81 105
255300 56 120
255600 58 102
255600 86 102
255900 4 113
255900 4 110
255900 36 113
255900 69 113
256200 4 110
256200 55 93
256500 69 113
256500 73 88
256800 55 93
256800 73 88
256800 73 80
257100 21 58
257100 25 80
257100 55 93
257100 69 113
257100 73 88
257400 21 58
257400 25 80
257400 69 113
257700 21 58
257700 25 80
258000 8 106
258000 21 58
258000 66 97
258300 21 58
258300 37 54
258300 54 67
258300 58 67
258300 66 97
258600 8 106
258600 58 67
258600 66 97
258900 21 58
258900 66 97
259200 6 26
259200 66 97
259500 21 58
259500 26 66
259800 26 81
259800 26 102
259800 33 81
259800 57 82
260100 26 66
260100 26 62
260100 26 72
260100 51 106
260100 51 76
260100 66 76
260400 1 62
260400 26 62
260400 26 66
260400 30 32
260400 30 62
260400 51 106
260400 51 76
260400 51 80
260400 51 62
260700 4 48
260700 24 47
260700 26 83
260700 29 47
260700 30 62
260700 30 32
260700 30 91
260700 38 40
260700 40 52
260700 45 47
260700 47 61
260700 47 73
260700 47 83
260700 51 80
260700 51 62
260700 51 106
260700 51 76
260700 52 83
260700 61 73
260700 73 78
260700 73 91
260700 73 83
261000 3 28
261000 4 47
261000 10 22
261000 10 11
261000 11 44
261000 11 28
261000 11 40
261000 14 28
261000 20 101
261000 20 91
261000 20 35
261000 20 25
261000 22 78
261000 24 47
261000 25 35
261000 26 83
261000 28 31
261000 29 47
261000 30 32
261000 30 62
261000 35 82
261000 35 62
261000 35 83
261000 38 40
261000 40 52
261000 47 61
261000 47 73
261000 47 91
261000 51 106
261000 52 83
261000 54 62
261000 54 91
261000 61 73
261000 73 91
261000 73 83
261000 83 86
261300 10 11
261300 11 28
261300 11 40
261300 11 44
261300 11 80
261300 11 30
261300 20 25
261300 20 101
261300 20 35
261300 20 91
261300 20 37
261300 25 35
261300 26 83
261300 28 31
261300 28 35
261300 30 62
261300 30 32
261300 35 83
261300 35 82
261300 35 62
261300 35 117
261300 37 78
261300 47 61
261300 52 83
261300 61 73
261300 73 83
261300 73 91
261300 73 80
261300 73 78
261600 4 21
261600 10 11
261600 11 30
261600 11 28
261600 11 80
261600 11 44
261600 11 67
261600 11 60
261600 20 37
261600 26 83
261600 28 31
261600 30 32
261600 30 62
261600 30 54
261600 35 117
261600 35 83
261600 40 52
261600 48 54
261600 51 106
261600 60 83
261600 73 80
261600 83 100
261900 4 5
261900 5 99
261900 5 28
261900 5 36
261900 11 67
261900 11 28
261900 17 40
261900 20 25
261900 28 31
261900 28 40
261900 28 99
261900 30 32
261900 30 54
261900 35 117
261900 48 54
261900 52 83
261900 54 60
261900 54 121
261900 73 83
261900 83 100
261900 83 121
261900 83 123
261900 93 100
262200 4 5
262200 5 99
262200 5 28
262200 5 12
262200 11 67
262200 12 58
262200 12 78
262200 12 109
262200 12 36
262200 30 32
262200 31 83
262200 36 58
262200 52 83
262200 54 60
262200 58 114
262200 78 109
262200 83 100
262200 93 100
262200 96 119
262200 102 114
262500 0 114
262500 0 5
262500 4 5
262500 4 114
262500 5 28
262500 5 12
262500 11 67
262500 12 58
262500 12 118
262500 12 109
262500 12 114
262500 25 101
262500 25 114
262500 30 32
262500 52 83
262500 54 121
262500 54 60
262500 58 114
262500 78 109
262500 83 100
262500 83 121
262500 90 120
262800 0 5
262800 0 85
262800 0 82
262800 4 5
262800 5 28
262800 5 12
262800 11 67
262800 12 58
262800 12 114
262800 25 114
262800 25 30
262800 25 120
262800 25 28
262800 30 32
262800 47 121
262800 52 83
262800 54 121
262800 54 60
262800 58 114
262800 58 82
262800 83 121
262800 90 120
262800 101 120
262800 120 121
263100 0 82
263100 5 28
263100 5 115
263100 5 30
263100 11 67
263100 12 58
263100 25 120
263100 35 64
263100 44 64
263100 47 121
263100 50 57
263100 54 121
263100 54 60
263100 54 57
263100 57 102
263100 58 114
263100 58 82
263100 64 98
263100 83 121
263100 83 102
263100 101 120
263400 0 82
263400 5 28
263400 11 67
263400 12 58
263400 15 28
263400 25 28
263400 25 30
263400 25 114
263400 35 64
263400 39 52
263400 52 83
263400 52 55
263400 52 85
263400 54 60
263400 58 82
263400 63 109
263400 101 120
263700 0 82
263700 5 28
263700 10 98
263700 11 67
263700 12 58
263700 15 28
263700 25 28
263700 35 64
263700 39 52
263700 44 64
263700 52 83
263700 52 55
263700 52 85
263700 54 60
263700 61 113
263700 63 109
263700 83 121
263700 101 120
263700 114 121
264000 0 82
264000 11 67
264000 12 58
264000 15 28
264000 20 33
264000 22 33
264000 35 64
264000 48 54
264000 52 83
264000 54 60
264000 58 82
264000 63 109
264000 83 121
264000 114 121
264300 0 82
264300 10 98
264300 11 67
264300 14 26
264300 15 28
264300 35 64
264300 39 52
264300 40 67
264300 52 83
264300 52 85
264300 52 55
264300 54 60
264300 58 82
264300 61 113
264300 83 121
264600 9 26
264600 11 67
264600 12 100
264600 15 28
264600 16 100
264600 16 92
264600 21 117
264600 22 33
264600 40 67
264600 52 55
264600 54 60
264600 58 82
264600 61 113
264600 65 84
264600 71 117
264600 114 121
264900 12 100
264900 15 28
264900 16 100
264900 16 92
264900 21 54
264900 22 33
264900 39 52
264900 52 85
264900 52 55
264900 52 83
264900 54 60
264900 58 82
264900 61 113
264900 65 84
264900 83 86
265200 9 26
265200 12 100
265200 16 100
265200 16 92
265200 21 26
265200 26 60
265200 34 94
265200 39 52
265200 52 55
265200 52 85
265200 61 113
265200 65 84
265500 5 82
265500 11 117
265500 16 100
265500 16 92
265500 21 26
265500 21 94
265500 22 33
265500 26 60
265500 39 52
265500 52 83
265500 52 85
265500 52 55
265500 58 82
265500 82 115
265500 82 107
265500 83 86
265800 2 109
265800 11 117
265800 11 15
265800 15 19
265800 16 100
265800 21 26
265800 26 60
265800 34 94
265800 39 52
265800 52 55
265800 52 85
265800 82 107
265800 94 107
266100 8 112
266100 11 117
266100 15 19
266100 16 100
266100 22 33
266100 26 60
266100 39 52
266100 41 86
266100 52 85
266100 52 55
266100 82 115
266100 82 107
266400 2 109
266400 8 112
266400 15 19
266400 16 100
266400 21 76
266400 39 52
266400 39 107
266400 52 55
266400 52 85
266400 70 89
266400 82 115
266400 94 107
266700 2 109
266700 3 18
266700 10 103
266700 15 19
266700 16 100
266700 32 46
266700 39 52
266700 41 86
266700 51 93
266700 52 55
266700 57 69
267000 15 19
267000 15 53
267000 16 100
267000 19 58
267000 21 87
267000 31 100
267000 31 103
267000 32 46
267000 39 52
267000 39 107
267000 51 53
267000 52 55
267000 52 100
267000 52 53
267000 53 99
267000 54 100
267000 54 55
267000 55 62
267000 55 71
267000 57 69
267000 58 100
267000 70 89
267000 100 101
267300 5 60
267300 15 19
267300 15 53
267300 15 31
267300 16 100
267300 21 52
267300 31 100
267300 31 84
267300 32 46
267300 41 86
267300 52 100
267300 52 55
267300 52 58
267300 52 117
267300 54 55
267300 54 100
267300 55 62
267300 58 100
267300 58 121
267300 58 105
267300 58 61
267300 60 89
267300 60 84
267300 60 86
267300 60 121
267300 61 105
267300 65 105
267300 91 121
267300 100 101
267300 110 120
267600 1 78
267600 3 6
267600 5 60
267600 6 26
267600 6 37
267600 6 24
267600 6 115
267600 6 53
267600 15 53
267600 19 58
267600 21 52
267600 24 31
267600 24 121
267600 26 37
267600 26 40
267600 27 53
267600 27 121
267600 31 100
267600 31 84
267600 32 46
267600 37 55
267600 37 121
267600 37 44
267600 52 55
267600 52 58
267600 53 78
267600 54 55
267600 55 62
267600 55 61
267600 58 105
267600 58 61
267600 58 121
267600 60 86
267600 60 84
267600 60 89
267600 61 105
267600 65 105
267600 91 121
267600 100 101
267600 110 120
267600 111 121
267900 3 6
267900 5 60
267900 6 53
267900 6 37
267900 6 33
267900 6 115
267900 6 15
267900 6 105
267900 6 103
267900 8 115
267900 8 22
267900 15 115
267900 15 105
267900 19 58
267900 21 52
267900 22 61
267900 22 103
267900 22 40
267900 23 115
267900 23 98
267900 24 121
267900 26 37
267900 26 40
267900 27 53
267900 31 84
267900 32 46
267900 37 55
267900 37 105
267900 37 61
267900 52 58
267900 54 100
267900 54 55
267900 58 105
267900 58 121
267900 60 86
267900 60 89
267900 60 84
267900 60 115
267900 61 105
267900 65 105
267900 68 103
267900 68 115
267900 78 111
267900 91 121
267900 98 105
267900 100 101
267900 103 111
267900 105 108
267900 110 120
267900 115 116
268200 3 6
268200 5 60
268200 6 15
268200 6 37
268200 8 115
268200 15 55
268200 18 52
268200 19 58
268200 22 61
268200 22 103
268200 22 40
268200 22 114
268200 22 58
268200 23 114
268200 23 82
268200 24 121
268200 31 84
268200 32 46
268200 33 73
268200 33 58
268200 33 61
268200 37 55
268200 37 61
268200 37 105
268200 40 103
268200 52 58
268200 52 109
268200 54 55
268200 54 61
268200 54 56
268200 58 121
268200 58 105
268200 60 86
268200 60 84
268200 60 115
268200 60 114
268200 65 105
268200 68 103
268200 78 111
268200 91 121
268200 100 101
268200 100 111
268200 103 111
268200 103 119
268200 105 108
268200 110 120
268200 115 116
268500 3 6
268500 5 60
268500 6 37
268500 8 22
268500 14 55
268500 15 55
268500 15 80
268500 15 114
268500 22 61
268500 22 40
268500 24 76
268500 32 46
268500 33 61
268500 33 73
268500 33 58
268500 37 105
268500 37 61
268500 37 104
268500 37 54
268500 40 111
268500 52 109
268500 54 55
268500 54 56
268500 54 80
268500 54 114
268500 54 111
268500 55 76
268500 60 115
268500 60 114
268500 60 84
268500 73 88
268500 73 93
268500 78 111
268500 80 110
268500 93 109
268500 100 111
268500 100 101
268500 101 114
268500 105 108
268500 109 120
268500 110 120
268500 110 119
268800 0 40
268800 5 60
268800 6 37
268800 14 52
268800 15 80
268800 15 73
268800 19 58
268800 19 56
268800 19 114
268800 19 31
268800 22 40
268800 22 58
268800 22 61
268800 23 82
268800 24 76
268800 32 101
268800 33 61
268800 34 80
268800 37 61
268800 37 105
268800 37 109
268800 37 68
268800 52 109
268800 52 76
268800 52 73
268800 54 80
268800 54 56
268800 54 114
268800 54 55
268800 55 76
268800 55 60
268800 55 89
268800 55 93
268800 56 73
268800 58 59
268800 60 86
268800 60 114
268800 60 84
268800 60 115
268800 60 73
268800 61 80
268800 61 66
268800 66 93
268800 66 76
268800 73 88
268800 73 109
268800 73 89
268800 76 114
268800 76 84
268800 80 110
268800 93 109
268800 100 101
268800 100 111
268800 109 120
268800 110 119
268800 110 120
269100 0 40
269100 6 37
269100 6 35
269100 6 34
269100 15 80
269100 19 56
269100 19 74
269100 19 84
269100 19 33
269100 19 80
269100 19 100
269100 23 82
269100 28 74
269100 35 93
269100 35 80
269100 37 109
269100 37 105
269100 37 68
269100 37 61
269100 54 80
269100 55 60
269100 55 93
269100 56 73
269100 56 59
269100 58 88
269100 60 115
269100 66 116
269100 68 80
269100 70 74
269100 71 120
269100 73 89
269100 74 101
269100 76 84
269100 93 109
269100 100 111
269100 100 101
269100 105 108
269100 109 120
269400 0 40
269400 1 19
269400 1 91
269400 1 6
269400 1 121
269400 6 34
269400 6 35
269400 15 80
269400 19 56
269400 19 31
269400 19 33
269400 19 114
269400 19 74
269400 19 58
269400 19 100
269400 19 54
269400 19 35
269400 23 82
269400 28 74
269400 31 100
269400 32 60
269400 34 80
269400 35 80
269400 37 68
269400 53 56
269400 53 89
269400 53 61
269400 54 81
269400 54 55
269400 55 93
269400 56 76
269400 56 121
269400 58 88
269400 61 80
269400 71 120
269400 80 110
269400 80 89
269400 81 121
269400 100 111
269400 100 101
269400 100 115
269400 102 121
269400 105 108
269400 121 122
269700 0 40
269700 0 89
269700 1 121
269700 6 35
269700 19 35
269700 19 54
269700 19 33
269700 23 82
269700 27 101
269700 28 74
269700 32 60
269700 34 80
269700 34 51
269700 34 81
269700 35 80
269700 35 81
269700 37 68
269700 53 56
269700 53 89
269700 53 61
269700 54 55
269700 54 87
269700 56 121
269700 56 76
269700 56 82
269700 59 101
269700 61 80
269700 67 88
269700 68 80
269700 80 110
269700 80 89
269700 82 89
269700 100 101
269700 102 121
269700 121 122
270000 0 89
270000 0 40
270000 1 121
270000 6 35
270000 6 48
270000 6 51
270000 6 54
270000 19 35
270000 19 54
270000 27 101
270000 31 34
270000 32 60
270000 34 81
270000 34 68
270000 34 121
270000 34 51
270000 35 81
270000 35 80
270000 37 68
270000 49 54
270000 53 56
270000 54 87
270000 54 55
270000 54 101
270000 56 82
270000 58 88
270000 59 101
270000 59 100
270000 68 82
270000 71 120
270000 80 110
270000 82 101
270000 100 101
270000 111 112
270000 112 121
270300 0 89
270300 0 117
270300 6 48
270300 6 51
270300 6 58
270300 12 53
270300 16 54
270300 16 53
270300 16 19
270300 16 44
270300 16 22
270300 19 35
270300 19 54
270300 19 30
270300 22 82
270300 22 68
270300 22 112
270300 23 83
270300 27 101
270300 30 37
270300 30 112
270300 33 82
270300 37 68
270300 44 71
270300 48 88
270300 49 54
270300 53 78
270300 54 55
270300 54 87
270300 54 101
270300 54 88
270300 58 88
270300 58 112
270300 58 87
270300 59 100
270300 59 101
270300 71 120
270300 82 101
270300 88 117
270300 93 112
270300 100 101
270300 111 112
270300 112 121
270600 0 89
270600 0 79
270600 1 121
270600 6 48
270600 6 58
270600 12 53
270600 13 56
270600 13 51
270600 16 53
270600 21 117
270600 22 68
270600 22 82
270600 23 83
270600 33 82
270600 37 68
270600 44 71
270600 45 67
270600 45 68
270600 48 88
270600 49 54
270600 51 79
270600 53 78
270600 53 56
270600 54 87
270600 54 55
270600 56 82
270600 59 100
270600 71 120
270600 88 117
270600 100 101
270600 111 112
270900 0 89
270900 1 121
270900 6 48
270900 12 53
270900 13 56
270900 13 51
270900 16 44
270900 16 53
270900 18 89
270900 18 122
270900 20 59
270900 21 82
270900 22 82
270900 23 83
270900 44 71
270900 45 67
270900 45 68
270900 45 100
270900 53 78
270900 54 88
270900 56 82
270900 58 88
270900 58 87
270900 59 100
270900 71 120
270900 88 117
270900 100 101
270900 111 112
271200 0 99
271200 1 121
271200 6 59
271200 6 77
271200 12 53
271200 13 51
271200 13 56
271200 16 53
271200 16 44
271200 18 89
271200 18 122
271200 18 120
271200 18 45
271200 18 104
271200 21 117
271200 23 83
271200 37 68
271200 45 67
271200 45 68
271200 45 100
271200 53 78
271200 54 55
271200 54 88
271200 59 100
271200 71 120
271200 78 88
271200 88 117
271200 111 112
271500 1 121
271500 6 77
271500 8 44
271500 12 53
271500 13 56
271500 13 51
271500 16 53
271500 16 44
271500 18 45
271500 18 120
271500 18 104
271500 18 89
271500 21 117
271500 23 83
271500 37 68
271500 37 122
271500 44 98
271500 45 68
271500 45 67
271500 54 88
271500 56 82
271500 58 87
271500 58 88
271500 59 100
271500 59 88
271500 71 120
271500 79 99
271800 1 121
271800 6 77
271800 12 53
271800 13 56
271800 18 45
271800 18 104
271800 18 122
271800 18 120
271800 18 89
271800 21 117
271800 23 83
271800 30 120
271800 30 117
271800 37 120
271800 44 98
271800 45 67
271800 45 100
271800 54 55
271800 54 88
271800 56 82
271800 58 88
271800 58 87
271800 98 122
271800 101 117
272100 12 53
272100 13 31
272100 13 21
272100 16 44
272100 18 104
272100 18 45
272100 18 122
272100 18 89
272100 21 117
272100 23 83
272100 30 117
272100 30 120
272100 30 75
272100 37 120
272100 44 98
272100 45 100
272100 45 75
272100 54 88
272100 54 100
272100 56 75
272100 58 87
272100 58 88
272100 79 99
272100 98 100
272100 101 117
272400 12 53
272400 15 98
272400 15 67
272400 15 122
272400 16 44
272400 18 89
272400 18 120
272400 18 45
272400 21 117
272400 21 79
272400 23 83
272400 30 75
272400 30 120
272400 37 120
272400 39 40
272400 44 98
272400 54 55
272400 54 100
272400 58 87
272400 79 99
272400 101 117
