0 2 105
0 7 111
0 12 20
0 21 56
0 21 95
0 33 88
0 33 102
0 48 101
0 55 114
0 66 74
0 68 75
0 72 111
0 75 96
0 106 114
300 12 20
300 20 70
300 21 56
300 33 102
300 48 101
300 55 114
300 55 83
300 68 75
300 72 111
300 106 114
600 12 20
600 18 100
600 18 73
600 18 94
600 18 61
600 18 82
600 18 77
600 18 60
600 20 70
600 33 88
600 55 114
600 56 114
600 66 74
600 72 111
600 106 114
900 2 96
900 9 16
900 9 84
900 9 32
900 9 61
900 12 20
900 16 35
900 16 64
900 18 60
900 18 73
900 20 70
900 21 61
900 23 61
900 30 61
900 32 103
900 33 88
900 48 101
900 49 89
900 60 103
900 106 114
1200 5 9
1200 9 16
1200 12 20
1200 16 64
1200 16 35
1200 18 73
1200 19 87
1200 20 70
1200 24 111
1200 30 87
1200 30 64
1200 30 62
1200 33 88
1200 38 60
1200 48 101
1200 49 89
1200 59 104
1200 60 64
1200 60 103
1200 63 116
1200 66 74
1500 3 104
1500 3 85
1500 3 16
1500 5 12
1500 9 16
1500 9 88
1500 10 111
1500 12 20
1500 16 35
1500 16 104
1500 20 70
1500 26 40
1500 40 91
1500 40 104
1500 40 57
1500 40 64
1500 48 101
1500 49 89
1500 57 88
1500 58 64
1500 59 104
1500 60 103
1500 85 88
1500 106 114
1800 3 104
1800 3 16
1800 3 7
1800 5 9
1800 9 16
1800 9 88
1800 10 107
1800 12 20
1800 16 104
1800 26 40
1800 26 49
1800 33 88
1800 40 57
1800 40 104
1800 40 91
1800 40 107
1800 45 107
1800 48 101
1800 49 89
1800 57 88
1800 60 103
1800 63 116
1800 73 100
1800 100 107
1800 106 114
2100 3 102
2100 3 5
2100 3 16
2100 3 88
2100 5 16
2100 5 67
2100 9 16
2100 9 88
2100 12 20
2100 12 40
2100 16 104
2100 26 40
2100 40 104
2100 40 91
2100 40 107
2100 40 57
2100 40 88
2100 48 101
2100 49 89
2100 49 73
2100 54 88
2100 63 116
2100 73 100
2100 85 88
2100 88 104
2100 99 104
2100 100 107
2100 106 114
2400 3 5
2400 3 88
2400 3 102
2400 5 9
2400 5 16
2400 5 49
2400 12 40
2400 17 76
2400 26 40
2400 40 91
2400 40 57
2400 48 101
2400 49 89
2400 49 120
2400 54 88
2400 56 120
2400 60 103
2400 63 116
2400 76 83
2400 85 88
2400 89 120
2400 99 116
2400 100 107
2400 106 114
2700 3 102
2700 3 88
2700 3 16
2700 3 5
2700 3 120
2700 3 53
2700 5 9
2700 5 16
2700 8 57
2700 8 53
2700 9 16
2700 10 87
2700 12 40
2700 34 53
2700 40 57
2700 48 101
2700 49 120
2700 49 87
2700 56 120
2700 63 107
2700 72 87
2700 73 106
2700 87 120
2700 89 120
2700 99 116
2700 106 114
3000 3 16
3000 3 53
3000 5 16
3000 5 73
3000 5 40
3000 6 38
3000 8 57
3000 8 37
3000 9 16
3000 9 91
3000 17 76
3000 20 81
3000 20 59
3000 25 37
3000 26 120
3000 28 120
3000 34 53
3000 40 57
3000 40 120
3000 41 63
3000 48 101
3000 49 120
3000 49 87
3000 56 120
3000 60 87
3000 63 73
3000 72 87
3000 73 106
3000 73 91
3000 73 99
3000 73 102
3000 87 120
3000 89 120
3000 99 116
3000 106 114
3300 3 53
3300 5 73
3300 8 53
3300 9 16
3300 9 99
3300 15 28
3300 20 59
3300 20 81
3300 20 99
3300 20 87
3300 28 53
3300 34 53
3300 37 91
3300 40 57
3300 41 63
3300 48 101
3300 48 99
3300 49 87
3300 49 120
3300 53 73
3300 53 87
3300 56 120
3300 56 95
3300 73 99
3300 87 120
3600 3 53
3600 5 40
3600 5 73
3600 7 118
3600 8 53
3600 20 99
3600 28 53
3600 38 84
3600 40 120
3600 40 57
3600 41 63
3600 45 80
3600 45 53
3600 49 87
3600 49 73
3600 53 73
3600 53 87
3600 53 69
3600 56 120
3600 73 102
3600 73 118
3600 92 118
3900 3 53
3900 5 40
3900 7 118
3900 20 99
3900 22 69
3900 22 35
3900 22 79
3900 22 49
3900 24 117
3900 34 53
3900 38 84
3900 38 41
3900 38 82
3900 38 76
3900 40 57
3900 40 120
3900 45 53
3900 45 80
3900 49 73
3900 49 69
3900 53 73
3900 69 118
3900 69 102
3900 73 99
3900 73 118
3900 73 102
3900 76 82
3900 84 95
4200 0 92
4200 3 53
4200 4 117
4200 5 73
4200 5 40
4200 22 79
4200 27 105
4200 28 53
4200 40 57
4200 40 120
4200 45 80
4200 45 53
4200 56 120
4200 56 86
4200 56 117
4200 73 102
4200 79 86
4200 84 95
4500 3 53
4500 5 40
4500 5 84
4500 22 35
4500 22 49
4500 22 69
4500 28 118
4500 40 120
4500 45 80
4500 49 69
4500 49 73
4500 49 120
4500 69 118
4500 84 95
4800 0 92
4800 5 40
4800 11 19
4800 19 68
4800 19 66
4800 28 118
4800 40 120
4800 45 80
4800 73 102
4800 79 86
4800 84 95
5100 0 69
5100 3 53
5100 5 40
5100 11 19
5100 12 101
5100 12 97
5100 12 17
5100 12 66
5100 19 66
5100 19 68
5100 22 49
5100 22 57
5100 28 118
5100 45 80
5100 49 69
5100 69 118
5100 73 102
5400 0 69
5400 3 53
5400 5 40
5400 7 33
5400 12 66
5400 12 17
5400 12 101
5400 19 66
5400 22 57
5400 28 118
5400 38 104
5400 45 80
5400 84 95
5700 0 69
5700 3 53
5700 5 40
5700 12 66
5700 12 17
5700 22 57
5700 28 118
5700 31 87
5700 32 36
5700 32 75
5700 38 104
5700 49 69
6000 0 69
6000 3 53
6000 5 40
6000 12 17
6000 12 66
6000 22 57
6000 28 118
6000 49 69
6000 72 86
6000 88 109
6300 0 69
6300 0 60
6300 0 89
6300 7 43
6300 12 66
6300 22 57
6300 28 118
6300 38 104
6300 49 69
6300 97 103
6600 0 60
6600 0 69
6600 1 48
6600 11 60
6600 12 66
6600 22 57
6600 28 118
6600 38 104
6600 40 104
6600 45 61
6600 60 77
6600 72 119
6600 77 119
6900 0 69
6900 0 60
6900 1 85
6900 11 60
6900 12 66
6900 22 57
6900 28 118
6900 38 104
6900 40 104
6900 46 47
6900 97 103
7200 0 69
7200 0 60
7200 12 66
7200 22 57
7200 28 118
7200 37 120
7200 37 85
7200 38 104
7200 40 104
7200 63 119
7200 77 119
7500 0 60
7500 0 69
7500 5 112
7500 6 97
7500 12 66
7500 12 24
7500 37 120
7500 38 104
7500 40 104
7500 42 123
7500 63 119
7500 63 122
7800 0 69
7800 5 112
7800 5 25
7800 9 58
7800 25 109
7800 25 120
7800 25 62
7800 28 118
7800 38 104
7800 42 123
7800 58 62
7800 58 122
7800 63 119
7800 109 122
7800 119 122
8100 0 69
8100 0 33
8100 2 93
8100 2 52
8100 4 9
8100 5 112
8100 5 94
8100 5 52
8100 9 58
8100 9 25
8100 12 66
8100 25 62
8100 25 53
8100 48 52
8100 52 107
8100 52 58
8100 52 66
8100 58 62
8100 58 122
8100 58 74
8100 58 94
8100 73 94
8100 109 122
8100 119 122
8400 0 69
8400 2 52
8400 4 9
8400 5 52
8400 5 94
8400 5 58
8400 8 9
8400 8 122
8400 9 58
8400 9 25
8400 9 95
8400 9 26
8400 9 52
8400 9 13
8400 9 122
8400 13 120
8400 52 58
8400 52 107
8400 52 66
8400 52 94
8400 58 122
8400 58 62
8400 58 94
8400 58 74
8400 60 70
8400 73 113
8400 73 111
8400 73 122
8400 74 94
8400 94 122
8400 119 122
8700 0 69
8700 0 26
8700 0 71
8700 2 93
8700 2 52
8700 5 94
8700 9 13
8700 25 60
8700 26 91
8700 26 57
8700 35 63
8700 35 75
8700 38 95
8700 58 62
8700 58 94
8700 73 113
8700 73 111
8700 73 122
8700 85 91
9000 0 26
9000 0 71
9000 0 69
9000 4 64
9000 5 37
9000 5 55
9000 9 13
9000 13 48
9000 21 123
9000 25 60
9000 26 91
9000 26 57
9000 32 38
9000 35 75
9000 35 36
9000 35 37
9000 35 115
9000 36 74
9000 36 115
9000 36 55
9000 37 83
9000 37 123
9000 37 58
9000 37 38
9000 37 71
9000 38 73
9000 58 94
9000 58 62
9000 73 111
9000 73 122
9000 73 113
9000 73 115
9000 73 94
9000 85 91
9300 0 71
9300 0 26
9300 0 69
9300 1 75
9300 1 100
9300 2 52
9300 4 64
9300 5 37
9300 5 47
9300 8 100
9300 8 55
9300 8 47
9300 8 17
9300 9 13
9300 18 35
9300 25 60
9300 26 57
9300 26 91
9300 26 98
9300 26 37
9300 26 47
9300 26 38
9300 35 75
9300 35 36
9300 35 37
9300 35 115
9300 35 47
9300 36 74
9300 37 38
9300 37 123
9300 37 58
9300 37 47
9300 38 73
9300 38 100
9300 38 77
9300 47 73
9300 47 115
9300 49 102
9300 49 75
9300 58 62
9300 58 94
9300 73 113
9300 73 94
9300 73 111
9600 0 69
9600 1 75
9600 2 52
9600 4 54
9600 4 73
9600 4 33
9600 4 69
9600 4 103
9600 4 100
9600 4 50
9600 5 47
9600 5 75
9600 6 75
9600 8 100
9600 8 75
9600 8 73
9600 8 54
9600 8 69
9600 19 50
9600 26 57
9600 26 47
9600 35 115
9600 36 74
9600 37 123
9600 37 47
9600 37 38
9600 38 100
9600 38 73
9600 41 51
9600 41 118
9600 41 115
9600 41 93
9600 47 115
9600 47 73
9600 47 50
9600 48 112
9600 49 102
9600 49 75
9600 52 112
9600 54 115
9600 54 75
9600 58 62
9600 69 75
9600 73 94
9600 73 113
9600 73 115
9600 75 112
9900 1 75
9900 2 52
9900 4 103
9900 4 41
9900 4 8
9900 4 21
9900 6 75
9900 8 73
9900 8 69
9900 8 75
9900 8 118
9900 8 115
9900 8 41
9900 8 21
9900 9 13
9900 19 50
9900 21 41
9900 21 72
9900 21 51
9900 26 47
9900 26 57
9900 28 116
9900 28 52
9900 35 115
9900 36 74
9900 37 38
9900 37 123
9900 37 47
9900 41 93
9900 41 115
9900 41 118
9900 44 116
9900 47 115
9900 47 50
9900 48 112
9900 49 102
9900 49 75
9900 49 103
9900 50 118
9900 52 112
9900 54 75
9900 54 115
9900 54 58
9900 69 75
9900 71 103
9900 73 113
9900 73 115
9900 75 112
9900 75 115
10200 1 75
10200 2 52
10200 4 54
10200 4 103
10200 4 68
10200 4 37
10200 6 75
10200 8 41
10200 8 118
10200 8 115
10200 8 54
10200 8 100
10200 8 69
10200 9 13
10200 11 37
10200 19 50
10200 21 51
10200 35 115
10200 37 123
10200 37 47
10200 37 41
10200 37 62
10200 37 74
10200 41 118
10200 41 93
10200 41 115
10200 42 61
10200 44 103
10200 48 112
10200 49 75
10200 49 103
10200 49 86
10200 49 68
10200 50 118
10200 50 74
10200 52 112
10200 52 61
10200 58 62
10200 73 113
10200 73 115
10500 1 75
10500 3 57
10500 4 37
10500 4 103
10500 4 21
10500 6 75
10500 8 100
10500 8 115
10500 8 69
10500 9 13
10500 11 37
10500 12 57
10500 12 29
10500 12 59
10500 14 29
10500 19 50
10500 21 51
10500 26 57
10500 33 54
10500 37 74
10500 37 41
10500 37 62
10500 41 115
10500 41 118
10500 41 93
10500 41 68
10500 41 62
10500 42 118
10500 49 75
10500 49 103
10500 50 74
10500 51 62
10500 51 68
10500 51 118
10500 54 86
10500 57 62
10500 58 62
10500 59 118
10500 59 112
10500 61 62
10500 61 72
10500 68 74
10500 69 118
10500 73 115
10500 73 113
10500 74 112
10500 74 98
10500 86 118
10800 3 57
10800 4 103
10800 5 57
10800 6 75
10800 8 100
10800 8 115
10800 8 69
10800 9 13
10800 12 59
10800 12 57
10800 12 98
10800 12 13
10800 12 35
10800 13 30
10800 14 29
10800 24 57
10800 25 39
10800 30 49
10800 30 98
10800 33 54
10800 35 68
10800 35 49
10800 41 68
10800 41 115
10800 42 118
10800 42 61
10800 48 112
10800 49 103
10800 49 75
10800 49 50
10800 50 74
10800 50 68
10800 51 118
10800 51 68
10800 52 112
10800 52 61
10800 54 86
10800 54 115
10800 55 68
10800 57 59
10800 57 98
10800 57 119
10800 59 112
10800 59 121
10800 68 74
10800 68 98
10800 68 78
10800 73 113
10800 86 118
10800 98 103
10800 98 115
11100 4 103
11100 5 103
11100 6 75
11100 8 115
11100 8 100
11100 9 13
11100 12 13
11100 12 59
11100 14 29
11100 24 57
11100 24 95
11100 24 52
11100 25 39
11100 26 57
11100 30 98
11100 30 75
11100 33 54
11100 35 52
11100 35 103
11100 35 98
11100 36 98
11100 41 115
11100 42 61
11100 42 118
11100 48 112
11100 49 103
11100 49 75
11100 50 74
11100 50 98
11100 51 118
11100 52 112
11100 52 54
11100 52 119
11100 52 74
11100 52 57
11100 54 86
11100 54 115
11100 57 119
11100 57 59
11100 57 98
11100 59 121
11100 59 112
11100 71 119
11100 73 113
11100 74 98
11100 78 98
11100 86 118
11100 98 115
11400 4 103
11400 5 73
11400 5 74
11400 6 75
11400 8 100
11400 9 13
11400 12 59
11400 12 86
11400 13 30
11400 14 29
11400 24 95
11400 25 39
11400 26 57
11400 30 98
11400 30 49
11400 39 114
11400 42 75
11400 48 112
11400 49 50
11400 49 103
11400 49 71
11400 50 74
11400 50 98
11400 50 68
11400 54 86
11400 54 71
11400 71 119
11400 73 113
11400 78 98
11700 4 103
11700 5 74
11700 5 73
11700 5 103
11700 6 122
11700 8 100
11700 12 59
11700 14 29
11700 30 98
11700 30 104
11700 36 98
11700 41 115
11700 42 75
11700 42 61
11700 42 118
11700 48 112
11700 49 103
11700 50 74
11700 52 112
11700 54 86
11700 59 112
11700 61 121
11700 61 68
11700 66 119
11700 71 119
11700 74 121
11700 75 119
11700 75 104
11700 78 98
12000 4 103
12000 5 73
12000 5 103
12000 5 74
12000 6 122
12000 8 100
12000 12 59
12000 13 30
12000 13 120
12000 14 29
12000 19 59
12000 25 39
12000 26 57
12000 30 60
12000 35 98
12000 36 98
12000 39 118
12000 41 115
12000 41 75
12000 42 61
12000 49 71
12000 52 112
12000 54 86
12000 61 121
12000 61 68
12000 61 74
12000 71 119
12000 74 121
12000 74 104
12000 78 98
12300 3 6
12300 4 103
12300 6 122
12300 12 59
12300 13 30
12300 13 121
12300 14 29
12300 19 59
12300 25 39
12300 26 57
12300 39 118
12300 42 61
12300 42 118
12300 42 75
12300 48 112
12300 49 71
12300 50 74
12300 52 112
12300 54 86
12300 59 112
12300 60 61
12300 66 119
12300 71 119
12300 75 119
12600 0 103
12600 3 6
12600 6 122
12600 12 59
12600 13 121
12600 13 42
12600 14 29
12600 26 57
12600 29 69
12600 30 60
12600 39 118
12600 42 118
12600 48 112
12600 52 112
12600 59 112
12600 60 61
12600 60 75
12600 66 119
12600 71 119
12600 89 119
12900 0 103
12900 3 6
12900 3 30
12900 4 103
12900 12 59
12900 13 42
12900 13 66
12900 22 120
12900 26 57
12900 26 42
12900 30 60
12900 39 118
12900 42 118
12900 48 112
12900 54 86
12900 59 112
12900 60 75
12900 60 119
12900 66 119
12900 71 119
12900 86 89
13200 3 6
13200 4 103
13200 6 33
13200 6 113
13200 12 59
13200 13 66
13200 22 57
13200 26 60
13200 30 60
13200 36 119
13200 42 118
13200 52 112
13200 54 86
13200 59 112
13200 60 75
13200 71 119
13200 86 89
13200 89 103
13500 3 13
13500 6 33
13500 12 59
13500 13 66
13500 13 14
13500 14 59
13500 22 57
13500 29 89
13500 30 60
13500 36 119
13500 42 118
13500 48 112
13500 54 86
13500 54 119
13500 59 112
13500 71 119
13500 98 119
13800 3 13
13800 3 109
13800 3 60
13800 6 112
13800 6 60
13800 12 59
13800 13 14
13800 13 28
13800 14 59
13800 14 89
13800 22 57
13800 31 98
13800 36 119
13800 42 118
13800 48 112
13800 54 86
13800 59 112
13800 71 119
13800 86 89
13800 89 103
13800 98 119
14100 3 109
14100 3 60
14100 3 14
14100 3 81
14100 6 33
14100 6 60
14100 6 112
14100 12 59
14100 13 66
14100 13 109
14100 28 112
14100 30 60
14100 31 98
14100 48 112
14100 54 119
14100 56 89
14100 71 119
14100 92 103
14100 104 112
14400 3 60
14400 6 60
14400 6 103
14400 6 119
14400 12 59
14400 14 59
14400 22 57
14400 54 86
14400 56 89
14400 59 112
14400 70 111
14400 71 119
14400 86 89
14400 92 103
14400 98 119
14400 104 112
14400 110 119
14700 6 119
14700 14 59
14700 31 98
14700 34 54
14700 54 86
14700 54 59
14700 56 89
14700 59 112
14700 71 119
14700 86 89
14700 92 103
14700 104 112
15000 14 59
15000 22 57
15000 25 92
15000 25 98
15000 31 98
15000 43 90
15000 54 86
15000 59 88
15000 71 119
15000 79 93
15000 86 89
15000 88 98
15300 14 59
15300 22 96
15300 25 98
15300 31 98
15300 43 90
15300 51 123
15300 86 89
15300 88 98
15300 92 103
15600 13 89
15600 14 59
15600 15 52
15600 22 96
15600 22 101
15600 23 30
15600 29 30
15600 31 98
15600 37 92
15600 43 90
15600 52 92
15600 79 93
15600 86 89
15600 101 117
15900 8 117
15900 10 95
15900 13 17
15900 14 59
15900 17 79
15900 22 96
15900 23 30
15900 30 68
15900 31 98
15900 43 90
15900 59 68
15900 79 93
15900 79 112
15900 102 112
16200 14 59
16200 15 52
16200 16 91
16200 22 96
16200 23 30
16200 43 90
16200 58 86
16200 79 93
16200 86 91
16500 14 59
16500 16 91
16500 23 30
16500 33 110
16500 58 86
16500 71 91
16500 86 91
16500 96 100
16500 96 110
16800 1 20
16800 16 79
16800 20 78
16800 23 30
16800 23 57
16800 27 110
16800 33 110
16800 43 90
16800 86 91
16800 96 110
16800 96 100
17100 2 81
17100 16 79
17100 19 20
17100 23 30
17100 33 110
17100 34 78
17100 34 86
17100 64 86
17100 96 110
17400 2 34
17400 33 110
17400 34 86
17400 34 78
17400 55 64
17400 70 86
17400 78 117
17400 78 101
17400 96 110
17700 2 34
17700 2 54
17700 13 53
17700 22 111
17700 33 110
17700 34 78
17700 34 53
17700 43 61
17700 53 72
17700 55 64
17700 78 117
17700 96 110
18000 0 33
18000 2 54
18000 2 22
18000 2 9
18000 2 34
18000 22 111
18000 33 110
18000 34 86
18000 43 61
18000 53 72
18000 55 64
18000 66 117
18300 0 33
18300 21 61
18300 33 110
18300 43 61
18300 54 61
18300 61 86
18300 62 80
18300 65 80
18300 69 86
18300 78 117
18600 0 33
18600 0 35
18600 10 35
18600 33 110
18600 33 44
18600 33 35
18600 34 108
18600 37 103
18600 39 98
18600 43 61
18600 49 61
18600 54 61
18600 61 86
18600 66 117
18600 85 121
18900 0 35
18900 0 55
18900 0 54
18900 0 51
18900 0 39
18900 0 65
18900 0 43
18900 10 35
18900 32 51
18900 33 35
18900 33 51
18900 34 108
18900 37 55
18900 39 102
18900 43 61
18900 43 80
18900 49 61
18900 49 107
18900 54 61
18900 61 86
18900 78 117
18900 87 108
18900 87 103
19200 0 35
19200 0 55
19200 3 43
19200 7 55
19200 10 35
19200 24 108
19200 24 25
19200 26 108
19200 31 46
19200 33 35
19200 34 108
19200 37 55
19200 41 108
19200 43 61
19200 46 80
19200 49 61
19200 49 108
19200 54 61
19200 55 108
19200 61 86
19200 61 87
19200 78 117
19200 80 108
19200 87 108
19500 0 54
19500 0 43
19500 0 51
19500 0 39
19500 3 41
19500 3 31
19500 4 31
19500 6 108
19500 7 55
19500 10 35
19500 10 117
19500 10 99
19500 24 25
19500 25 41
19500 25 121
19500 37 55
19500 41 122
19500 41 117
19500 43 61
19500 49 61
19500 52 108
19500 55 108
19500 59 108
19500 61 87
19500 61 86
19500 67 118
19500 77 117
19500 78 117
19500 78 108
19500 79 121
19800 0 54
19800 0 51
19800 3 31
19800 3 41
19800 3 43
19800 3 122
19800 6 122
19800 7 55
19800 10 99
19800 10 35
19800 10 117
19800 10 52
19800 10 122
19800 10 54
19800 10 16
19800 16 43
19800 16 107
19800 24 117
19800 25 41
19800 25 121
19800 34 122
19800 35 112
19800 37 55
19800 40 67
19800 41 122
19800 41 117
19800 42 122
19800 43 61
19800 43 55
19800 43 117
19800 50 117
19800 55 108
19800 55 59
19800 61 86
19800 61 87
19800 75 108
19800 77 117
19800 78 117
19800 79 121
19800 117 121
20100 3 122
20100 4 31
20100 4 95
20100 6 122
20100 7 121
20100 10 122
20100 10 117
20100 10 35
20100 10 16
20100 10 91
20100 13 99
20100 16 107
20100 16 54
20100 24 25
20100 25 41
20100 25 121
20100 34 122
20100 35 112
20100 35 117
20100 35 77
20100 35 79
20100 35 75
20100 35 122
20100 35 42
20100 35 61
20100 37 55
20100 37 40
20100 41 117
20100 42 122
20100 43 55
20100 43 61
20100 52 108
20100 55 108
20100 55 59
20100 59 108
20100 61 86
20100 75 108
20100 75 77
20100 77 117
20100 77 98
20100 78 108
20100 78 117
20100 79 121
20100 95 105
20400 0 51
20400 4 31
20400 4 95
20400 4 66
20400 5 75
20400 10 54
20400 12 77
20400 13 99
20400 13 101
20400 16 54
20400 16 77
20400 25 41
20400 25 121
20400 35 77
20400 35 112
20400 35 75
20400 37 40
20400 37 55
20400 41 117
20400 41 42
20400 43 61
20400 43 55
20400 43 77
20400 55 108
20400 55 59
20400 55 77
20400 59 108
20400 70 105
20400 75 77
20400 75 108
20400 75 112
20400 77 117
20400 78 108
20400 79 121
20700 0 117
20700 0 16
20700 4 95
20700 4 66
20700 9 16
20700 12 77
20700 13 99
20700 16 77
20700 16 54
20700 16 42
20700 16 27
20700 16 43
20700 22 38
20700 22 75
20700 24 25
20700 25 121
20700 25 41
20700 35 42
20700 35 112
20700 35 75
20700 37 55
20700 38 108
20700 38 119
20700 41 117
20700 42 122
20700 43 55
20700 55 108
20700 59 108
20700 64 66
20700 75 112
20700 75 108
20700 78 108
20700 79 121
20700 95 105
20700 98 119
21000 0 16
21000 9 16
21000 12 77
21000 13 99
21000 16 77
21000 16 42
21000 16 54
21000 16 106
21000 16 51
21000 16 75
21000 22 38
21000 24 25
21000 24 69
21000 27 102
21000 35 42
21000 35 75
21000 35 77
21000 37 55
21000 38 108
21000 38 119
21000 38 102
21000 38 42
21000 42 122
21000 42 75
21000 42 69
21000 43 77
21000 43 61
21000 51 56
21000 54 69
21000 54 123
21000 55 77
21000 55 108
21000 59 69
21000 64 79
21000 69 77
21000 75 112
21000 77 117
21000 79 121
21000 95 106
21300 0 16
21300 5 15
21300 10 77
21300 12 77
21300 13 99
21300 16 77
21300 16 106
21300 16 42
21300 24 25
21300 24 106
21300 28 106
21300 28 75
21300 35 42
21300 35 77
21300 35 68
21300 37 104
21300 37 89
21300 38 119
21300 38 102
21300 38 42
21300 42 69
21300 42 122
21300 42 75
21300 43 77
21300 54 69
21300 54 122
21300 55 77
21300 55 119
21300 69 77
21300 69 119
21300 77 104
21300 89 108
21300 95 106
21600 0 108
21600 0 91
21600 5 15
21600 10 13
21600 12 77
21600 12 89
21600 13 99
21600 13 122
21600 13 89
21600 15 119
21600 24 106
21600 28 75
21600 28 106
21600 35 68
21600 35 105
21600 37 55
21600 37 122
21600 38 42
21600 38 108
21600 38 119
21600 38 102
21600 42 75
21600 42 69
21600 43 61
21600 43 77
21600 50 117
21600 54 123
21600 55 108
21600 64 79
21600 68 102
21600 69 119
21600 89 108
21600 89 117
21600 100 120
21900 0 91
21900 0 108
21900 5 15
21900 5 85
21900 5 61
21900 5 123
21900 9 95
21900 10 13
21900 12 77
21900 13 99
21900 13 122
21900 13 89
21900 16 50
21900 28 75
21900 28 106
21900 28 108
21900 28 117
21900 35 68
21900 37 89
21900 38 119
21900 38 102
21900 42 75
21900 42 87
21900 43 61
21900 50 117
21900 50 108
21900 54 61
21900 58 97
21900 65 97
21900 79 120
21900 79 81
21900 81 108
21900 89 117
22200 5 85
22200 5 123
22200 5 117
22200 9 95
22200 10 13
22200 12 89
22200 12 77
22200 13 122
22200 13 89
22200 13 99
22200 16 50
22200 16 120
22200 24 106
22200 37 55
22200 37 89
22200 38 102
22200 42 87
22200 42 75
22200 42 69
22200 43 117
22200 50 108
22200 50 117
22200 50 112
22200 50 120
22200 54 61
22200 55 62
22200 58 97
22200 62 65
22200 64 79
22200 65 97
22200 68 102
22200 79 92
22200 97 117
22500 5 85
22500 5 123
22500 9 95
22500 10 13
22500 12 77
22500 12 113
22500 13 122
22500 16 18
22500 16 50
22500 16 24
22500 24 50
22500 34 64
22500 37 89
22500 37 55
22500 38 102
22500 42 87
22500 42 75
22500 50 117
22500 55 62
22500 58 97
22500 65 97
22500 75 117
22500 79 92
22500 79 85
22500 97 117
22500 102 123
22800 2 85
22800 9 95
22800 10 13
22800 13 122
22800 16 50
22800 16 24
22800 24 50
22800 27 67
22800 37 89
22800 37 55
22800 42 87
22800 42 75
22800 48 68
22800 54 61
22800 55 62
22800 55 68
22800 58 97
22800 58 63
22800 59 68
22800 64 79
22800 65 97
22800 68 85
22800 85 106
22800 97 117
22800 102 123
23100 2 85
23100 5 85
23100 5 123
23100 9 95
23100 10 13
23100 10 101
23100 12 113
23100 12 77
23100 13 122
23100 13 24
23100 13 16
23100 13 68
23100 16 92
23100 16 105
23100 16 50
23100 18 75
23100 24 50
23100 24 101
23100 36 50
23100 37 89
23100 37 68
23100 37 59
23100 42 87
23100 48 68
23100 50 101
23100 54 61
23100 55 68
23100 55 62
23100 58 97
23100 59 68
23100 65 97
23100 68 85
23100 72 101
23100 85 106
23100 97 117
23100 101 105
23400 2 85
23400 5 85
23400 9 95
23400 10 13
23400 10 101
23400 10 15
23400 12 50
23400 13 122
23400 26 85
23400 36 59
23400 48 68
23400 50 101
23400 50 87
23400 54 61
23400 58 97
23400 59 68
23400 65 97
23400 67 115
23400 72 101
23400 75 98
23400 85 106
23400 85 89
23400 97 117
23400 101 105
23700 2 85
23700 2 89
23700 5 85
23700 9 95
23700 10 13
23700 10 101
23700 12 50
23700 13 75
23700 15 50
23700 15 112
23700 26 85
23700 48 68
23700 50 98
23700 54 61
23700 58 97
23700 59 98
23700 72 101
23700 75 89
23700 85 89
23700 97 117
24000 2 85
24000 5 85
24000 9 95
24000 10 13
24000 26 112
24000 38 92
24000 38 50
24000 43 52
24000 48 68
24000 58 97
24000 67 115
24000 75 89
24000 81 123
24000 85 89
24000 89 118
24000 89 96
24000 89 98
24000 98 115
24300 5 85
24300 9 95
24300 29 85
24300 38 92
24300 43 85
24300 52 91
24300 58 97
24300 64 85
24300 67 115
24300 75 89
24300 85 89
24300 85 104
24300 89 96
24300 89 118
24300 89 98
24600 5 85
24600 9 95
24600 27 38
24600 29 85
24600 53 85
24600 58 97
24600 78 122
24600 85 104
24600 85 89
24600 89 118
24600 89 98
24600 89 96
24600 91 94
24900 9 95
24900 13 32
24900 29 85
24900 53 85
24900 58 97
24900 78 108
24900 85 104
24900 89 118
24900 89 96
24900 91 94
25200 2 32
25200 2 38
25200 9 95
25200 29 96
25200 33 37
25200 36 85
25200 53 85
25200 58 97
25200 59 93
25200 85 104
25200 85 97
25200 91 94
25200 93 118
25500 2 41
25500 9 95
25500 9 39
25500 28 103
25500 29 85
25500 29 96
25500 33 37
25500 36 85
25500 41 103
25500 58 97
25500 59 93
25500 78 108
25500 85 97
25500 85 104
25800 2 32
25800 2 38
25800 9 39
25800 9 95
25800 28 65
25800 29 96
25800 36 85
25800 41 103
25800 58 97
25800 58 64
25800 59 93
25800 85 104
25800 93 118
26100 9 95
26100 9 39
26100 28 65
26100 29 96
26100 41 103
26100 58 64
26100 59 93
26100 64 91
26100 85 97
26100 96 108
26400 2 32
26400 2 38
26400 9 95
26400 14 30
26400 28 119
26400 58 64
26400 59 93
26400 64 91
26400 85 104
26400 93 118
26400 95 111
26700 2 32
26700 5 14
26700 8 42
26700 14 30
26700 28 119
26700 58 64
26700 93 118
26700 95 111
26700 102 120
27000 2 38
27000 2 32
27000 9 95
27000 14 121
27000 28 119
27000 42 110
27000 75 109
27000 93 118
27000 95 111
27000 102 120
27300 2 32
27300 5 14
27300 8 42
27300 9 95
27300 15 122
27300 30 99
27300 42 110
27300 58 64
27300 75 109
27300 93 118
27300 95 111
27600 2 32
27600 2 38
27600 5 14
27600 9 95
27600 42 110
27600 43 64
27600 58 64
27600 93 118
27900 2 32
27900 8 42
27900 15 58
27900 21 109
27900 21 104
27900 42 110
27900 58 64
27900 62 121
27900 93 118
28200 2 32
28200 5 14
28200 5 109
28200 8 42
28200 9 111
28200 9 54
28200 21 109
28200 21 104
28200 42 110
28200 66 110
28500 2 32
28500 3 109
28500 5 14
28500 8 42
28500 9 54
28500 15 58
28500 58 64
28500 62 121
28800 3 109
28800 5 14
28800 9 54
28800 21 109
28800 21 104
28800 58 64
28800 62 121
28800 75 115
29100 3 75
29100 8 42
29100 9 54
29100 18 109
29100 21 104
29100 21 109
29100 62 121
29100 75 115
29100 79 92
29400 3 75
29400 5 62
29400 7 117
29400 9 54
29400 21 104
29400 44 101
29400 62 121
29400 62 73
29400 75 115
29400 79 115
29400 101 115
29400 115 123
29700 3 75
29700 9 54
29700 33 52
29700 33 117
29700 44 101
29700 48 52
29700 52 101
29700 52 117
29700 62 121
29700 101 115
29700 115 123
30000 1 96
30000 7 117
30000 12 48
30000 12 80
30000 22 121
30000 39 80
30000 44 101
30000 48 121
30000 62 121
30000 106 123
30000 115 123
30300 7 117
30300 44 123
30300 47 107
30300 62 121
30300 105 107
30300 107 123
30600 7 117
30600 12 47
30600 18 113
30600 18 94
30600 18 119
30600 18 55
30600 18 22
30600 44 123
30600 47 107
30600 67 113
30600 105 107
30600 107 123
30900 12 47
30900 12 73
30900 12 113
30900 18 55
30900 18 119
30900 18 113
30900 18 51
30900 51 96
30900 51 113
30900 67 113
30900 69 105
30900 90 105
30900 105 107
30900 105 113
31200 0 30
31200 7 26
31200 18 119
31200 18 55
31200 19 90
31200 26 30
31200 44 67
31200 67 113
31200 67 96
31200 67 122
31200 69 105
31200 105 113
31500 7 26
31500 9 29
31500 9 119
31500 12 73
31500 44 67
31500 55 93
31500 55 119
31500 67 122
31500 84 107
31800 0 30
31800 9 29
31800 9 73
31800 18 26
31800 24 30
31800 26 30
31800 26 52
31800 26 107
31800 67 122
31800 69 105
31800 79 88
31800 84 107
32100 0 30
32100 0 14
32100 9 73
32100 14 39
32100 18 26
32100 26 30
32100 39 81
32100 39 113
32100 61 113
32100 64 101
32100 81 85
32100 84 107
32400 0 14
32400 3 31
32400 9 29
32400 9 39
32400 14 39
32400 14 17
32400 14 18
32400 14 73
32400 18 31
32400 18 39
32400 39 81
32400 55 59
32400 61 113
32700 14 18
32700 14 73
32700 14 17
32700 18 81
32700 61 113
32700 81 85
32700 81 104
32700 84 107
33000 12 22
33000 14 73
33000 18 31
33000 22 29
33000 61 113
33000 81 85
33300 12 102
33300 65 102
33300 73 85
33600 5 120
33900 65 102
33900 73 85
35100 100 109
35400 96 116
35700 96 105
36000 45 122
36300 82 122
37800 9 74
39600 5 121
79800 17 104
80400 56 93
80700 13 56
81000 13 56
81000 13 31
81300 13 26
81300 60 110
81600 71 104
81600 71 105
81900 13 33
82800 55 95
82800 76 95
83100 15 68
83100 68 123
83100 68 99
83100 99 123
83400 68 99
83400 99 123
83700 99 123
84300 11 16
84300 77 93
84600 63 119
84600 77 93
84600 95 119
84900 38 87
84900 77 93
84900 95 119
85200 77 93
85500 77 93
86700 99 119
87000 1 47
87000 48 123
87000 85 92
87000 86 121
87000 114 121
87300 5 94
87300 5 17
87300 37 86
87300 48 123
87300 51 94
87300 54 95
87300 54 74
87300 54 94
87300 85 92
87300 94 95
87300 98 114
87300 114 121
87600 5 94
87600 8 34
87600 37 86
87600 37 54
87600 48 123
87600 50 74
87600 54 95
87600 54 74
87600 54 72
87600 54 100
87600 54 97
87600 67 97
87600 74 97
87600 75 97
87600 85 92
87600 90 97
87600 94 95
87600 94 97
87600 97 110
87600 97 106
87600 97 112
87600 114 121
87900 0 118
87900 5 17
87900 5 94
87900 17 37
87900 19 110
87900 30 110
87900 31 117
87900 37 86
87900 48 111
87900 50 116
87900 54 95
87900 54 72
87900 54 74
87900 67 97
87900 85 92
87900 94 95
87900 97 110
87900 107 110
87900 114 121
87900 116 118
88200 14 95
88200 19 110
88200 19 20
88200 20 121
88200 27 92
88200 27 60
88200 30 110
88200 37 86
88200 50 116
88200 54 95
88200 54 72
88200 94 95
88200 97 106
88200 99 115
88200 107 110
88200 114 121
88200 116 118
88500 2 25
88500 4 46
88500 14 95
88500 14 111
88500 14 115
88500 14 68
88500 14 110
88500 14 69
88500 14 94
88500 15 90
88500 19 20
88500 20 121
88500 20 69
88500 20 106
88500 25 45
88500 27 60
88500 30 110
88500 30 94
88500 32 115
88500 32 94
88500 36 94
88500 40 54
88500 44 111
88500 48 111
88500 50 116
88500 54 95
88500 68 82
88500 94 95
88500 97 106
88500 107 110
88500 110 115
88800 2 25
88800 14 94
88800 14 68
88800 14 110
88800 14 69
88800 14 115
88800 15 90
88800 15 45
88800 15 94
88800 15 92
88800 19 110
88800 19 20
88800 19 45
88800 20 106
88800 20 121
88800 20 69
88800 26 79
88800 30 94
88800 30 69
88800 30 95
88800 30 104
88800 30 45
88800 32 94
88800 32 115
88800 36 94
88800 48 111
88800 94 95
88800 97 106
89100 7 15
89100 10 20
89100 10 15
89100 14 69
89100 15 45
89100 15 70
89100 15 50
89100 19 80
89100 19 25
89100 20 69
89100 20 44
89100 22 92
89100 25 29
89100 25 118
89100 25 74
89100 26 79
89100 29 80
89100 30 45
89100 32 94
89100 32 115
89100 48 52
89100 50 116
89100 52 99
89100 58 110
89100 82 92
89100 97 106
89400 4 70
89400 4 59
89400 10 20
89400 10 15
89400 15 45
89400 15 90
89400 15 59
89400 17 70
89400 17 93
89400 17 59
89400 20 51
89400 22 92
89400 25 118
89400 26 79
89400 29 80
89400 29 86
89400 30 45
89400 35 59
89400 51 70
89400 52 99
89400 58 110
89400 59 123
89400 70 88
89400 86 92
89400 88 92
89700 4 59
89700 4 51
89700 4 71
89700 11 92
89700 15 59
89700 15 45
89700 15 90
89700 17 59
89700 17 93
89700 17 110
89700 20 51
89700 22 92
89700 26 79
89700 29 86
89700 30 45
89700 32 115
89700 35 59
89700 50 116
89700 51 66
89700 52 99
89700 54 84
89700 56 117
89700 59 123
89700 71 90
89700 71 92
90000 4 71
90000 8 26
90000 8 13
90000 11 92
90000 13 15
90000 13 112
90000 13 75
90000 15 90
90000 15 45
90000 15 59
90000 15 47
90000 17 59
90000 17 70
90000 17 64
90000 17 94
90000 17 27
90000 17 74
90000 20 51
90000 22 92
90000 26 79
90000 27 92
90000 30 71
90000 50 116
90000 50 64
90000 52 99
90000 58 64
90000 59 123
90000 71 90
90000 71 92
90000 71 112
90000 74 100
90300 3 15
90300 3 71
90300 4 71
90300 8 13
90300 8 26
90300 9 71
90300 11 92
90300 13 15
90300 15 59
90300 15 90
90300 15 110
90300 15 102
90300 15 47
90300 15 27
90300 17 94
90300 22 92
90300 26 27
90300 27 71
90300 35 59
90300 47 71
90300 50 116
90300 52 99
90300 59 123
90300 71 90
90300 71 92
90600 8 26
90600 8 13
90600 11 92
90600 15 90
90600 15 47
90600 15 110
90600 15 59
90600 17 74
90600 22 92
90600 52 99
90600 59 123
90600 71 92
90600 71 90
90600 74 100
90600 78 85
90900 11 92
90900 13 17
90900 15 59
90900 15 110
90900 15 90
90900 17 74
90900 26 27
90900 47 71
90900 50 116
90900 52 99
90900 71 90
90900 71 92
90900 74 100
91200 8 13
91200 8 26
91200 11 92
91200 13 17
91200 15 110
91200 15 90
91200 15 47
91200 24 48
91200 28 39
91200 47 71
91200 59 123
91200 71 90
91200 71 92
91200 74 100
91500 8 13
91500 8 26
91500 11 92
91500 15 90
91500 23 27
91500 28 39
91500 46 117
91500 47 71
91500 50 116
91500 52 99
91500 71 90
91800 8 26
91800 11 92
91800 13 17
91800 15 90
91800 30 33
91800 38 116
91800 46 107
91800 47 71
91800 50 116
91800 71 90
92100 11 92
92100 13 17
92100 15 90
92100 30 33
92100 30 61
92100 46 107
92100 47 71
92400 11 92
92400 15 90
92400 30 61
92400 47 71
92400 79 112
92700 11 92
92700 13 17
92700 15 90
92700 30 61
92700 30 95
92700 56 95
92700 79 112
93000 11 92
93000 13 17
93000 13 26
93000 15 90
93000 47 71
93000 56 95
93000 57 108
93000 64 120
93000 79 112
93300 5 56
93300 6 99
93300 11 92
93300 13 17
93300 15 90
93300 16 55
93300 47 71
93300 79 112
93600 11 92
93600 13 17
93600 13 26
93600 15 90
93600 79 112
93600 86 91
93900 5 56
93900 13 17
93900 15 90
93900 24 93
93900 34 65
93900 62 111
93900 66 89
93900 93 111
94200 5 56
94200 13 17
94200 13 107
94200 13 88
94200 15 90
94200 24 34
94200 40 107
94200 60 107
94200 60 73
94200 61 65
94200 61 76
94200 76 107
94200 76 102
94200 82 103
94500 13 17
94500 19 82
94500 19 76
94500 29 76
94500 52 88
94500 60 73
94500 61 65
94500 61 76
94500 63 76
94500 67 76
94500 69 76
94500 76 102
94500 76 107
94500 76 104
94500 76 88
94500 88 119
94800 5 56
94800 13 17
94800 15 86
94800 19 76
94800 24 34
94800 26 29
94800 29 76
94800 29 86
94800 40 76
94800 41 76
94800 52 88
94800 61 76
94800 63 76
94800 67 76
94800 67 86
94800 69 76
94800 76 104
94800 76 88
94800 76 107
94800 79 102
94800 86 102
94800 86 88
95100 5 109
95100 13 17
95100 15 86
95100 17 86
95100 19 76
95100 19 82
95100 21 75
95100 23 25
95100 24 34
95100 25 27
95100 25 115
95100 25 29
95100 27 76
95100 29 86
95100 40 76
95100 41 76
95100 42 73
95100 48 109
95100 56 118
95100 56 89
95100 58 97
95100 58 89
95100 61 76
95100 63 76
95100 67 76
95100 69 76
95100 70 89
95100 76 88
95100 76 89
95100 86 88
95100 86 102
95100 86 118
95100 86 89
95100 106 109
95100 109 118
95400 9 56
95400 9 109
95400 13 109
95400 13 56
95400 15 89
95400 15 109
95400 21 75
95400 23 25
95400 24 34
95400 29 89
95400 29 70
95400 32 59
95400 32 118
95400 40 76
95400 41 76
95400 41 51
95400 44 70
95400 44 51
95400 56 118
95400 56 109
95400 58 89
95400 58 97
95400 61 76
95400 76 89
95400 82 97
95400 85 109
95400 86 89
95400 97 107
95400 97 118
95400 106 109
95400 118 119
95700 0 18
95700 5 109
95700 9 56
95700 9 109
95700 10 72
95700 13 56
95700 15 89
95700 15 109
95700 15 54
95700 15 18
95700 15 32
95700 17 18
95700 18 72
95700 18 41
95700 21 75
95700 23 25
95700 27 59
95700 32 118
95700 32 59
95700 41 88
95700 43 109
95700 43 72
95700 44 70
95700 48 109
95700 50 109
95700 56 109
95700 56 118
95700 56 89
95700 58 97
95700 58 89
95700 61 76
95700 72 93
95700 72 109
95700 72 118
95700 72 83
95700 76 89
95700 86 89
95700 97 118
95700 116 118
95700 118 119
96000 0 18
96000 9 56
96000 9 109
96000 10 84
96000 10 88
96000 10 113
96000 10 62
96000 13 56
96000 13 47
96000 15 18
96000 17 18
96000 18 72
96000 18 41
96000 21 75
96000 21 32
96000 21 72
96000 21 55
96000 23 25
96000 26 37
96000 28 42
96000 32 59
96000 32 55
96000 34 42
96000 34 55
96000 34 88
96000 37 72
96000 37 117
96000 37 91
96000 41 51
96000 41 76
96000 42 48
96000 43 72
96000 43 109
96000 47 48
96000 47 62
96000 47 117
96000 48 88
96000 56 89
96000 56 109
96000 56 113
96000 58 97
96000 58 89
96000 59 88
96000 70 88
96000 72 109
96000 72 118
96000 72 83
96000 72 93
96000 86 89
96000 97 107
96000 113 117
96000 116 118
96000 118 119
96300 8 53
96300 10 113
96300 10 62
96300 10 88
96300 10 84
96300 10 73
96300 13 56
96300 13 75
96300 15 54
96300 17 18
96300 18 41
96300 21 72
96300 21 32
96300 21 47
96300 24 59
96300 26 37
96300 26 88
96300 28 42
96300 32 118
96300 34 88
96300 34 42
96300 34 55
96300 37 91
96300 37 117
96300 41 76
96300 41 51
96300 41 84
96300 42 48
96300 43 109
96300 47 117
96300 47 48
96300 47 75
96300 47 85
96300 47 73
96300 47 90
96300 48 88
96300 56 89
96300 58 89
96300 58 97
96300 59 88
96300 61 76
96300 70 88
96300 72 118
96300 72 83
96300 85 117
96300 97 107
96300 100 117
96300 113 117
96300 116 118
96600 10 88
96600 10 84
96600 10 62
96600 10 73
96600 10 113
96600 10 64
96600 12 52
96600 12 46
96600 13 75
96600 13 56
96600 13 47
96600 13 46
96600 15 54
96600 18 41
96600 18 33
96600 19 59
96600 21 32
96600 21 47
96600 23 25
96600 24 59
96600 32 118
96600 33 64
96600 33 56
96600 34 55
96600 37 117
96600 37 64
96600 37 52
96600 41 51
96600 41 76
96600 41 84
96600 41 52
96600 43 109
96600 43 72
96600 46 47
96600 47 85
96600 47 90
96600 47 75
96600 47 73
96600 47 62
96600 58 89
96600 58 69
96600 69 119
96600 72 83
96600 85 117
96600 100 117
96900 2 27
96900 2 112
96900 2 59
96900 4 41
96900 4 71
96900 10 64
96900 10 113
96900 12 52
96900 12 46
96900 12 112
96900 13 46
96900 15 54
96900 18 41
96900 21 32
96900 24 59
96900 25 84
96900 25 93
96900 27 52
96900 27 93
96900 32 118
96900 33 64
96900 33 105
96900 34 55
96900 34 112
96900 37 52
96900 37 64
96900 37 91
96900 37 93
96900 41 84
96900 41 52
96900 41 51
96900 41 76
96900 43 72
96900 43 109
96900 52 112
96900 61 76
96900 71 112
96900 71 93
96900 72 83
96900 72 113
96900 93 112
97200 1 37
97200 1 64
97200 1 62
97200 2 59
97200 2 112
97200 2 12
97200 2 64
97200 2 50
97200 2 25
97200 9 69
97200 10 88
97200 12 46
97200 12 52
97200 12 112
97200 12 101
97200 15 54
97200 18 41
97200 18 118
97200 21 32
97200 24 59
97200 25 93
97200 25 84
97200 25 54
97200 25 34
97200 26 72
97200 27 93
97200 27 52
97200 32 118
97200 34 112
97200 37 93
97200 37 64
97200 37 52
97200 37 71
97200 43 109
97200 43 72
97200 54 74
97200 54 91
97200 62 72
97200 62 116
97200 64 91
97200 64 71
97200 64 101
97200 69 106
97200 69 112
97200 71 93
97200 71 112
97200 72 83
97200 93 112
97200 112 116
97500 1 37
97500 1 62
97500 1 64
97500 2 59
97500 2 64
97500 9 69
97500 9 64
97500 21 32
97500 23 58
97500 25 84
97500 27 52
97500 27 93
97500 32 118
97500 38 80
97500 38 71
97500 43 72
97500 43 109
97500 48 80
97500 62 116
97500 62 72
97500 64 101
97500 69 112
97500 71 112
97500 71 93
97500 71 97
97500 80 91
97500 80 98
97500 91 102
97500 97 105
97800 2 50
97800 2 59
97800 4 97
97800 4 59
97800 4 67
97800 9 98
97800 23 58
97800 24 59
97800 25 84
97800 26 97
97800 27 93
97800 27 52
97800 32 118
97800 38 71
97800 38 80
97800 62 72
97800 62 116
97800 63 105
97800 63 93
97800 69 106
97800 71 97
97800 71 112
97800 71 93
97800 72 83
97800 80 91
97800 91 102
97800 97 105
98100 2 59
98100 4 59
98100 9 98
98100 21 32
98100 23 58
98100 24 59
98100 25 84
98100 32 118
98100 38 71
98100 38 80
98100 38 59
98100 43 72
98100 43 109
98100 43 106
98100 48 80
98100 50 100
98100 62 116
98100 63 105
98100 63 93
98100 69 106
98100 71 93
98100 71 97
98100 72 83
98100 80 102
98100 80 100
98100 91 102
98100 92 102
98100 97 105
98400 2 59
98400 3 48
98400 4 59
98400 21 32
98400 23 58
98400 24 59
98400 25 84
98400 25 32
98400 27 52
98400 32 118
98400 38 80
98400 38 71
98400 43 109
98400 43 62
98400 62 116
98400 63 93
98400 69 106
98400 71 93
98400 71 97
98400 80 100
98400 80 102
98400 91 102
98400 91 106
98400 92 102
98700 2 59
98700 23 58
98700 24 59
98700 25 84
98700 25 32
98700 27 52
98700 32 118
98700 43 72
98700 43 109
98700 43 106
98700 43 62
98700 48 118
98700 52 91
98700 52 113
98700 62 93
98700 63 105
98700 69 106
98700 71 97
98700 72 83
98700 80 100
98700 91 106
98700 93 106
99000 23 58
99000 25 84
99000 25 32
99000 32 118
99000 43 62
99000 43 72
99000 52 91
99000 52 113
99000 63 105
99000 63 70
99000 69 106
99000 70 91
99000 71 97
99000 72 83
99000 80 100
99000 91 106
99000 99 106
99300 25 32
99300 43 62
99300 43 72
99300 43 109
99300 43 106
99300 48 58
99300 49 115
99300 52 113
99300 52 91
99300 62 93
99300 63 70
99300 63 105
99300 69 106
99300 71 97
99300 72 83
99300 91 106
99300 99 106
99600 25 32
99600 32 118
99600 43 62
99600 43 106
99600 43 72
99600 43 109
99600 43 70
99600 49 115
99600 62 93
99600 62 106
99600 63 70
99600 63 105
99600 69 106
99600 71 97
99900 7 20
99900 7 120
99900 20 62
99900 25 32
99900 43 106
99900 49 115
99900 62 93
99900 62 106
99900 62 120
99900 69 106
99900 71 97
99900 94 99
100200 7 20
100200 7 120
100200 7 32
100200 20 62
100200 20 25
100200 43 70
100200 55 70
100200 60 76
100200 63 105
100200 63 70
100200 69 106
100200 71 97
100500 7 32
100500 7 20
100500 7 120
100500 20 76
100500 20 102
100500 55 70
100500 60 76
100500 63 70
100500 63 105
100500 69 106
100500 71 97
100500 100 120
100800 2 27
100800 20 102
100800 20 76
100800 49 81
100800 55 70
100800 60 97
100800 63 70
100800 63 105
100800 69 106
100800 71 97
100800 100 120
100800 105 113
101100 4 120
101100 20 102
101100 49 81
101100 55 70
101100 63 105
101100 63 70
101100 69 106
101100 71 97
101100 100 120
101400 4 120
101400 20 102
101400 30 81
101400 30 85
101400 49 81
101400 55 70
101400 63 105
101400 64 105
101400 69 106
101700 3 110
101700 8 67
101700 20 102
101700 20 87
101700 30 81
101700 42 86
101700 49 81
101700 55 70
101700 64 91
101700 67 87
101700 69 106
101700 99 100
102000 8 67
102000 13 42
102000 16 95
102000 20 87
102000 20 102
102000 30 81
102000 30 75
102000 64 91
102000 66 104
102000 67 102
102000 69 106
102000 90 102
102000 99 100
102300 9 116
102300 17 47
102300 17 95
102300 20 87
102300 25 120
102300 28 47
102300 30 75
102300 30 81
102300 31 43
102300 31 39
102300 47 120
102300 64 91
102300 66 104
102300 69 106
102300 95 122
102600 9 47
102600 9 117
102600 14 37
102600 18 39
102600 20 87
102600 29 47
102600 29 93
102600 30 75
102600 31 39
102600 36 37
102600 64 91
102600 66 104
102600 69 106
102600 93 98
102900 0 47
102900 6 28
102900 9 117
102900 14 37
102900 16 98
102900 17 95
102900 17 47
102900 18 39
102900 18 91
102900 20 87
102900 25 120
102900 28 36
102900 28 94
102900 36 37
102900 40 69
102900 47 58
102900 64 91
102900 66 104
102900 69 106
102900 70 94
102900 83 118
102900 98 117
103200 6 28
103200 9 117
103200 17 95
103200 18 39
103200 19 22
103200 22 32
103200 25 120
103200 28 95
103200 40 69
103200 45 88
103200 48 74
103200 64 91
103200 66 104
103200 74 95
103200 88 113
103500 6 28
103500 9 117
103500 10 119
103500 10 18
103500 17 95
103500 18 106
103500 34 50
103500 39 106
103500 40 69
103500 45 88
103500 50 108
103500 50 109
103500 64 91
103500 66 104
103500 68 105
103500 74 95
103500 88 113
103500 99 106
103500 110 119
103800 17 95
103800 24 90
103800 25 120
103800 27 70
103800 34 50
103800 39 106
103800 39 48
103800 45 88
103800 48 70
103800 64 91
103800 66 104
103800 70 76
103800 70 85
103800 74 95
103800 88 113
104100 23 109
104100 23 100
104100 25 120
104100 27 70
104100 45 88
104100 64 91
104100 66 104
104100 74 95
104100 88 113
104400 23 109
104400 25 111
104400 45 88
104400 61 70
104400 64 91
104400 64 100
104400 64 76
104400 64 117
104400 66 104
104400 74 95
104400 76 111
104700 8 25
104700 8 118
104700 12 44
104700 28 88
104700 28 47
104700 45 88
104700 61 70
104700 66 104
104700 74 95
105000 4 118
105000 12 44
105000 15 47
105000 25 111
105000 28 88
105000 28 47
105000 36 118
105000 41 118
105000 44 50
105000 48 118
105000 61 70
105000 66 104
105000 74 95
105000 76 118
105300 4 118
105300 4 61
105300 12 44
105300 28 47
105300 28 122
105300 28 119
105300 36 118
105300 41 118
105300 41 75
105300 47 79
105300 61 104
105300 68 104
105300 76 118
105300 95 104
105300 119 122
105600 4 118
105600 4 61
105600 21 28
105600 21 55
105600 28 122
105600 28 119
105600 28 47
105600 28 55
105600 28 60
105600 35 119
105600 38 118
105600 44 74
105600 47 79
105600 47 119
105600 68 104
105600 68 118
105600 74 95
105600 76 118
105600 95 104
105600 104 122
105600 119 122
105900 4 61
105900 4 118
105900 6 20
105900 6 60
105900 10 89
105900 13 62
105900 20 119
105900 21 28
105900 21 55
105900 28 47
105900 28 122
105900 28 119
105900 28 55
105900 35 102
105900 36 51
105900 38 118
105900 44 116
105900 47 79
105900 51 105
105900 61 104
105900 61 105
105900 68 104
105900 74 95
105900 76 118
105900 119 122
106200 3 89
106200 4 61
106200 4 118
106200 4 28
106200 6 60
106200 7 75
106200 12 62
106200 13 62
106200 20 119
106200 21 29
106200 21 28
106200 28 55
106200 28 119
106200 28 47
106200 28 51
106200 33 102
106200 36 51
106200 37 75
106200 38 118
106200 42 104
106200 47 79
106200 51 105
106200 61 105
106200 61 106
106200 68 104
106200 68 118
106200 95 104
106200 104 122
106500 4 28
106500 4 118
106500 4 61
106500 5 104
106500 6 13
106500 6 84
106500 7 75
106500 12 62
106500 13 62
106500 19 94
106500 20 119
106500 21 29
106500 21 46
106500 28 47
106500 28 51
106500 28 119
106500 29 104
106500 31 33
106500 36 51
106500 38 118
106500 42 104
106500 47 79
106500 51 105
106500 74 95
106500 75 93
106500 76 118
106500 93 123
106500 104 122
106800 0 73
106800 4 118
106800 4 110
106800 6 13
106800 6 84
106800 7 75
106800 12 62
106800 12 104
106800 21 29
106800 28 51
106800 28 119
106800 28 47
106800 38 118
106800 41 74
106800 42 104
106800 43 100
106800 46 51
106800 46 47
106800 47 79
106800 51 105
106800 59 62
106800 68 118
106800 73 92
106800 74 75
106800 75 104
106800 104 122
107100 4 28
107100 6 84
107100 7 75
107100 7 106
107100 7 122
107100 7 79
107100 12 62
107100 13 62
107100 28 119
107100 31 82
107100 32 42
107100 32 82
107100 36 51
107100 38 118
107100 38 59
107100 41 74
107100 42 104
107100 46 47
107100 47 79
107100 51 105
107100 59 62
107100 59 122
107100 74 95
107100 74 75
107100 76 82
107100 76 84
107100 117 122
107400 0 73
107400 4 118
107400 4 28
107400 4 110
107400 4 59
107400 6 84
107400 7 79
107400 7 75
107400 7 106
107400 12 62
107400 12 63
107400 13 62
107400 21 36
107400 21 59
107400 28 119
107400 28 47
107400 28 51
107400 32 42
107400 32 82
107400 38 118
107400 42 104
107400 46 47
107400 46 51
107400 46 106
107400 51 105
107400 59 122
107400 59 62
107400 74 75
107400 74 104
107700 4 59
107700 6 84
107700 7 106
107700 7 79
107700 7 122
107700 7 75
107700 7 47
107700 7 94
107700 12 63
107700 13 62
107700 13 105
107700 14 51
107700 16 31
107700 16 74
107700 21 36
107700 21 59
107700 28 63
107700 31 82
107700 31 58
107700 31 74
107700 32 42
107700 32 82
107700 38 59
107700 38 118
107700 38 105
107700 41 95
107700 46 106
107700 46 47
107700 47 79
107700 47 94
107700 47 74
107700 47 105
107700 51 105
107700 59 122
107700 62 73
107700 74 104
107700 74 75
107700 74 92
107700 76 82
107700 104 118
107700 117 122
108000 4 59
108000 4 115
108000 4 118
108000 7 106
108000 7 94
108000 7 79
108000 7 47
108000 7 75
108000 12 63
108000 12 92
108000 13 105
108000 13 62
108000 14 51
108000 16 74
108000 21 36
108000 21 59
108000 25 118
108000 28 63
108000 31 74
108000 31 82
108000 32 42
108000 38 118
108000 41 95
108000 47 79
108000 47 105
108000 47 118
108000 51 105
108000 52 105
108000 55 105
108000 59 122
108000 59 62
108000 62 73
108000 74 92
108000 76 98
108000 89 118
108000 95 115
108000 101 105
108000 104 118
108000 105 118
108000 117 122
108300 7 75
108300 7 122
108300 7 94
108300 7 106
108300 7 47
108300 7 54
108300 7 37
108300 7 59
108300 12 63
108300 12 92
108300 14 51
108300 14 118
108300 21 36
108300 21 59
108300 22 118
108300 22 110
108300 31 74
108300 31 82
108300 31 107
108300 32 42
108300 32 82
108300 38 118
108300 41 95
108300 47 118
108300 47 79
108300 47 105
108300 59 122
108300 59 62
108300 59 118
108300 59 74
108300 62 73
108300 76 82
108300 89 118
108300 95 115
108300 104 118
108300 105 118
108300 117 122
108600 7 75
108600 7 37
108600 7 94
108600 7 59
108600 8 95
108600 9 31
108600 11 112
108600 11 12
108600 11 19
108600 11 74
108600 12 63
108600 12 92
108600 14 118
108600 21 59
108600 21 36
108600 31 82
108600 31 74
108600 32 42
108600 32 82
108600 38 118
108600 41 95
108600 41 57
108600 47 118
108600 59 62
108600 59 122
108600 59 118
108600 59 74
108600 67 89
108600 68 95
108600 82 112
108600 104 118
108600 117 122
108900 7 75
108900 7 94
108900 8 12
108900 11 74
108900 11 112
108900 11 19
108900 11 12
108900 12 92
108900 12 21
108900 12 23
108900 17 95
108900 17 112
108900 21 121
108900 29 121
108900 31 82
108900 32 43
108900 32 97
108900 38 118
108900 41 57
108900 43 95
108900 47 79
108900 59 74
108900 59 122
108900 63 104
108900 68 95
108900 95 108
108900 117 122
109200 8 95
109200 8 12
109200 11 12
109200 11 19
109200 11 74
109200 11 112
109200 12 92
109200 12 23
109200 17 95
109200 21 121
109200 23 37
109200 29 121
109200 32 97
109200 38 118
109200 41 57
109200 41 95
109200 59 122
109200 63 104
109200 72 112
109200 74 112
109200 74 95
109200 117 122
109500 0 50
109500 8 12
109500 8 109
109500 11 112
109500 11 12
109500 11 19
109500 12 23
109500 12 92
109500 29 121
109500 38 57
109500 47 79
109500 59 122
109500 63 104
109500 67 109
109500 67 112
109500 74 112
109500 117 122
109800 0 50
109800 8 12
109800 11 12
109800 11 19
109800 11 112
109800 12 92
109800 12 23
109800 28 38
109800 28 122
109800 28 109
109800 29 121
109800 48 88
109800 52 107
109800 59 122
109800 63 104
109800 67 109
109800 88 109
109800 88 122
109800 108 122
109800 117 122
110100 0 50
110100 8 12
110100 11 19
110100 12 92
110100 12 23
110100 28 109
110100 28 122
110100 29 121
110100 29 60
110100 42 48
110100 52 107
110100 54 113
110100 59 122
110100 63 104
110400 0 50
110400 8 12
110400 11 19
110400 12 92
110400 12 28
110400 12 29
110400 12 71
110400 12 115
110400 13 113
110400 16 95
110400 20 56
110400 28 122
110400 28 109
110400 28 121
110400 28 80
110400 28 89
110400 29 121
110400 29 60
110400 29 122
110400 48 64
110400 48 56
110400 51 64
110400 54 113
110400 54 123
110400 56 115
110400 63 104
110400 71 73
110400 80 123
110400 80 118
110700 0 20
110700 1 73
110700 8 12
110700 8 123
110700 11 19
110700 11 79
110700 12 29
110700 12 115
110700 12 28
110700 13 113
110700 13 29
110700 16 95
110700 19 80
110700 28 109
110700 29 60
110700 29 121
110700 29 71
110700 31 37
110700 51 64
110700 63 104
110700 64 80
110700 80 118
110700 80 123
111000 0 20
111000 1 49
111000 8 123
111000 11 19
111000 12 115
111000 12 28
111000 12 29
111000 12 64
111000 12 60
111000 13 89
111000 19 80
111000 28 89
111000 29 60
111000 29 71
111000 29 121
111000 31 37
111000 35 64
111000 51 64
111000 51 118
111000 60 64
111000 63 104
111000 80 123
111000 80 118
111000 102 104
111300 8 12
111300 8 123
111300 11 79
111300 12 60
111300 12 28
111300 12 115
111300 12 51
111300 13 89
111300 18 106
111300 18 113
111300 18 80
111300 18 111
111300 19 123
111300 28 89
111300 31 37
111300 51 64
111300 51 118
111300 51 80
111300 56 123
111300 60 64
111300 63 104
111300 64 80
111300 80 123
111300 80 118
111300 118 121
111600 2 123
111600 12 28
111600 12 51
111600 13 89
111600 13 123
111600 13 97
111600 18 80
111600 18 113
111600 28 89
111600 28 123
111600 28 54
111600 29 71
111600 51 64
111600 51 118
111600 51 80
111600 60 64
111600 63 104
111600 79 89
111600 80 123
111600 80 118
111600 118 121
111900 2 123
111900 4 12
111900 12 51
111900 13 89
111900 13 97
111900 28 29
111900 28 121
111900 28 50
111900 38 54
111900 50 85
111900 51 118
111900 51 80
111900 79 89
111900 80 118
111900 118 121
112200 2 123
112200 4 12
112200 9 20
112200 13 89
112200 13 123
112200 18 80
112200 28 50
112200 50 85
112200 68 90
112200 69 82
112200 79 89
112200 80 118
112200 110 121
112200 118 121
112500 2 123
112500 4 12
112500 7 83
112500 12 51
112500 13 89
112500 18 80
112500 38 54
112500 50 85
112500 51 118
112500 68 90
112500 79 89
112500 110 121
112500 118 121
112800 2 123
112800 7 83
112800 13 89
112800 18 80
112800 28 73
112800 50 85
112800 51 118
112800 68 90
112800 79 89
112800 90 121
113100 0 98
113100 4 12
113100 7 83
113100 12 51
113100 18 80
113100 28 73
113100 28 49
113100 63 83
113100 76 80
113100 79 89
113400 4 12
113400 18 80
113400 28 49
113400 41 98
113400 50 85
113400 50 108
113400 53 108
113400 68 90
113400 74 98
113400 76 80
113400 79 89
113400 83 108
113700 0 98
113700 4 12
113700 12 51
113700 28 49
113700 41 90
113700 50 85
113700 53 108
113700 54 91
113700 74 98
113700 76 80
113700 79 89
113700 83 108
114000 18 80
114000 27 49
114000 50 85
114000 54 91
114000 76 80
114000 79 89
114300 0 98
114300 50 85
114300 76 80
114300 79 89
114300 83 108
114300 85 91
114300 113 123
114600 23 98
114600 50 85
114600 85 91
114600 85 98
114600 113 123
114900 3 108
114900 50 85
114900 76 80
114900 85 91
114900 85 98
115200 28 52
115200 50 85
115200 85 98
115500 63 83
115500 76 122
115500 85 91
115800 3 59
115800 7 54
115800 9 122
115800 9 44
115800 63 83
116100 4 41
116100 7 101
116100 9 44
116100 41 54
116100 44 106
116400 4 14
116400 7 54
116400 36 97
116400 36 41
116400 36 86
116400 41 54
116400 41 65
116400 41 74
116400 44 106
116400 45 57
116400 57 58
116400 102 115
116700 7 101
116700 7 54
116700 9 44
116700 32 57
116700 41 65
116700 41 54
116700 42 57
116700 44 106
116700 45 57
116700 57 58
116700 57 101
117000 10 57
117000 32 57
117000 36 86
117000 41 65
117000 42 57
117000 45 57
117000 57 101
117000 57 96
117000 57 106
117300 7 101
117300 9 44
117300 12 64
117300 41 65
117300 41 54
117300 41 90
117300 42 57
117300 57 58
117300 72 86
117300 90 113
117300 90 101
117300 97 113
117600 7 65
117600 12 64
117600 41 65
117600 42 57
117600 57 96
117600 65 90
117600 78 112
117900 9 63
117900 12 64
117900 28 66
117900 33 67
117900 33 34
117900 41 65
117900 57 96
117900 57 66
117900 66 67
118200 12 64
118200 33 95
118200 41 65
118200 42 63
118200 57 66
118200 57 96
118200 66 67
118500 9 30
118500 9 52
118500 12 64
118500 33 95
118500 41 65
118500 44 54
118500 52 108
118500 55 93
118800 12 64
118800 33 95
118800 41 119
118800 41 62
118800 41 54
118800 42 63
118800 44 54
118800 54 62
118800 55 93
118800 62 86
119100 5 48
119100 12 64
119100 12 42
119100 40 93
119100 41 54
119100 44 54
119100 52 108
119100 55 93
119100 62 86
119100 86 95
119100 95 98
119100 95 100
119400 5 48
119400 44 54
119400 55 93
119700 44 54
119700 55 93
119700 98 111
120000 55 93
120900 3 123
120900 60 123
121200 3 123
121800 6 95
121800 32 113
122400 80 122
123000 76 96
123600 82 83
166200 23 88
166500 69 98
166500 98 118
167100 69 94
167100 69 88
167400 34 58
167400 34 69
167400 49 69
167400 58 69
167400 58 94
167400 69 94
167700 34 58
167700 34 69
167700 58 69
167700 58 94
168000 5 106
168000 58 69
168300 1 98
168300 5 106
168300 15 98
168600 58 69
168900 58 69
169200 0 28
169200 28 47
169500 28 44
169800 65 92
170400 25 62
170400 27 36
170700 15 94
170700 21 43
171000 43 65
171000 43 84
171300 21 43
171300 29 30
171300 43 84
171300 80 111
171600 43 84
171900 29 30
171900 35 43
171900 80 111
172200 35 43
172500 28 100
172500 80 111
172800 11 111
172800 28 100
173100 62 110
173400 12 93
173400 12 31
173400 18 20
173400 22 84
173400 33 116
173700 9 69
173700 12 93
173700 12 31
173700 12 17
173700 22 84
173700 26 47
173700 26 70
173700 34 123
173700 34 120
173700 42 101
173700 42 47
173700 47 56
173700 47 73
173700 69 101
173700 119 123
174000 12 93
174000 22 84
174000 24 45
174000 25 101
174000 26 47
174000 26 61
174000 28 80
174000 37 120
174000 37 80
174000 37 71
174000 37 104
174000 42 47
174000 42 101
174000 45 88
174000 47 73
174000 47 56
174000 47 104
174000 69 101
174000 88 94
174000 94 120
174300 11 94
174300 24 45
174300 26 61
174300 26 87
174300 28 80
174300 29 91
174300 30 104
174300 30 114
174300 30 84
174300 37 104
174300 37 80
174300 42 101
174300 42 47
174300 42 45
174300 45 88
174300 47 73
174300 64 120
174300 64 109
174300 80 88
174300 88 94
174300 91 114
174300 91 113
174300 94 120
174300 104 118
174300 119 123
174600 8 60
174600 11 120
174600 11 30
174600 11 60
174600 11 15
174600 12 93
174600 15 60
174600 17 49
174600 26 61
174600 26 87
174600 28 80
174600 30 114
174600 33 85
174600 33 49
174600 33 60
174600 42 47
174600 47 104
174600 47 56
174600 47 73
174600 69 101
174600 78 93
174600 91 114
174600 93 96
174600 94 120
174600 104 118
174900 3 7
174900 7 33
174900 8 60
174900 15 88
174900 17 49
174900 22 61
174900 26 61
174900 26 87
174900 33 60
174900 33 97
174900 33 61
174900 42 47
174900 43 50
174900 47 73
174900 60 61
174900 69 101
174900 83 93
174900 94 120
174900 104 118
175200 3 7
175200 7 48
175200 8 60
175200 10 116
175200 17 49
175200 19 61
175200 22 61
175200 22 120
175200 26 87
175200 33 61
175200 33 97
175200 33 60
175200 37 61
175200 42 47
175200 43 50
175200 47 73
175200 60 61
175200 61 115
175200 61 93
175200 69 101
175200 69 94
175200 79 94
175200 84 92
175200 91 114
175200 93 100
175200 94 120
175200 96 120
175500 3 7
175500 10 116
175500 16 69
175500 19 61
175500 21 58
175500 22 61
175500 22 120
175500 25 69
175500 30 93
175500 30 69
175500 33 60
175500 33 97
175500 33 61
175500 33 114
175500 34 45
175500 37 61
175500 42 103
175500 43 50
175500 46 93
175500 60 61
175500 61 115
175500 61 93
175500 61 111
175500 61 114
175500 65 114
175500 69 101
175500 79 94
175500 84 92
175500 94 120
175500 96 120
175500 103 114
175800 0 38
175800 3 7
175800 5 60
175800 5 101
175800 5 103
175800 7 111
175800 10 116
175800 33 114
175800 33 97
175800 34 45
175800 40 69
175800 42 103
175800 43 50
175800 45 65
175800 45 109
175800 57 103
175800 57 120
175800 61 115
175800 61 114
175800 61 93
175800 65 114
175800 69 101
175800 81 103
175800 84 92
175800 96 120
175800 103 114
176100 3 7
176100 5 60
176100 5 103
176100 6 105
176100 8 40
176100 8 57
176100 14 121
176100 28 105
176100 28 65
176100 33 97
176100 40 69
176100 40 65
176100 40 105
176100 43 50
176100 44 112
176100 44 94
176100 44 65
176100 45 65
176100 57 103
176100 57 120
176100 61 93
176100 65 69
176100 69 101
176100 84 92
176100 94 106
176100 105 109
176400 4 6
176400 4 40
176400 5 103
176400 5 60
176400 5 40
176400 6 105
176400 7 111
176400 8 40
176400 8 57
176400 14 121
176400 28 105
176400 28 65
176400 40 105
176400 40 65
176400 40 42
176400 40 94
176400 42 118
176400 43 50
176400 44 65
176400 44 112
176400 57 120
176400 84 92
176700 4 6
176700 4 40
176700 6 105
176700 7 111
176700 8 40
176700 14 121
176700 16 88
176700 16 40
176700 19 40
176700 21 37
176700 23 98
176700 28 105
176700 28 65
176700 32 70
176700 40 105
176700 40 42
176700 40 94
176700 40 65
176700 40 100
176700 42 118
176700 44 65
176700 44 112
176700 65 69
176700 70 115
176700 74 115
176700 84 92
176700 87 105
176700 114 115
177000 4 40
177000 4 6
177000 5 40
177000 5 11
177000 6 105
177000 14 121
177000 16 88
177000 21 37
177000 23 98
177000 32 70
177000 37 57
177000 40 94
177000 40 42
177000 40 105
177000 42 118
177000 44 65
177000 70 115
177000 74 115
177000 84 92
177300 4 6
177300 6 105
177300 14 121
177300 16 88
177300 16 40
177300 21 37
177300 28 65
177300 32 70
177300 33 44
177300 40 65
177300 40 42
177300 42 118
177300 44 65
177300 70 115
177300 84 92
177300 99 117
177600 2 20
177600 4 6
177600 4 40
177600 5 40
177600 14 121
177600 16 40
177600 21 37
177600 32 70
177600 33 119
177600 33 43
177600 37 57
177600 40 65
177600 40 42
177600 44 65
177600 74 115
177600 84 92
177900 2 20
177900 4 40
177900 16 88
177900 16 40
177900 21 37
177900 28 65
177900 30 108
177900 32 70
177900 34 70
177900 74 115
177900 84 92
177900 99 117
178200 2 20
178200 4 40
178200 5 40
178200 9 62
178200 21 37
178200 28 65
178200 30 108
178200 32 70
178200 35 55
178200 40 42
178200 58 59
178200 65 80
178200 74 115
178200 84 92
178500 2 20
178500 4 40
178500 9 62
178500 16 40
178500 30 108
178500 32 70
178500 35 55
178500 46 55
178500 58 59
178500 65 80
178500 67 97
178500 74 115
178500 84 92
178500 85 121
178800 2 20
178800 5 40
178800 16 40
178800 28 65
178800 32 70
178800 34 71
178800 37 122
178800 40 42
178800 46 55
178800 65 80
178800 74 115
178800 77 122
178800 79 85
178800 82 95
178800 84 92
178800 85 121
179100 2 20
179100 30 108
179100 32 70
179100 34 71
179100 43 77
179100 46 55
179100 65 80
179100 67 97
179100 74 115
179100 77 122
179100 84 92
179400 5 40
179400 12 43
179400 28 65
179400 30 108
179400 32 70
179400 43 77
179400 46 55
179400 67 97
179400 77 122
179400 82 95
179400 83 101
179400 84 92
179700 3 51
179700 12 43
179700 25 65
179700 28 65
179700 30 108
179700 32 70
179700 34 71
179700 46 55
179700 75 108
179700 77 122
179700 84 92
179700 86 94
180000 5 40
180000 8 89
180000 28 65
180000 32 70
180000 34 71
180000 41 71
180000 43 77
180000 44 107
180000 46 55
180000 56 93
180000 75 108
180000 77 122
180000 84 92
180300 8 71
180300 8 47
180300 30 108
180300 32 70
180300 34 71
180300 41 71
180300 43 77
180300 46 55
180300 56 93
180300 66 121
180300 75 108
180300 77 122
180300 105 110
180600 4 63
180600 6 16
180600 7 71
180600 8 89
180600 8 71
180600 8 47
180600 8 20
180600 8 46
180600 8 16
180600 12 43
180600 12 119
180600 16 20
180600 16 66
180600 28 65
180600 30 108
180600 32 70
180600 34 71
180600 41 71
180600 43 77
180600 56 93
180600 63 115
180600 71 114
180600 84 92
180600 105 110
180900 6 17
180900 6 102
180900 7 71
180900 8 47
180900 8 89
180900 17 49
180900 17 114
180900 17 28
180900 17 99
180900 17 83
180900 28 65
180900 28 114
180900 30 108
180900 34 71
180900 39 97
180900 41 71
180900 43 77
180900 63 115
180900 66 121
180900 66 99
180900 71 114
180900 75 108
180900 77 122
180900 84 92
180900 93 105
180900 105 110
181200 6 102
181200 6 40
181200 7 71
181200 14 40
181200 25 97
181200 25 99
181200 28 115
181200 30 108
181200 32 70
181200 39 97
181200 41 71
181200 43 77
181200 61 99
181200 63 115
181200 66 99
181200 69 121
181200 69 95
181200 69 107
181200 71 114
181200 71 105
181200 71 87
181200 75 87
181200 75 99
181200 77 122
181200 82 99
181200 87 105
181200 87 97
181200 87 111
181200 105 110
181200 119 121
181500 6 40
181500 6 68
181500 14 40
181500 17 49
181500 18 106
181500 25 97
181500 26 106
181500 26 115
181500 26 68
181500 26 89
181500 30 108
181500 32 70
181500 36 82
181500 39 97
181500 41 71
181500 43 77
181500 49 73
181500 49 106
181500 49 105
181500 61 99
181500 63 115
181500 66 99
181500 67 73
181500 68 89
181500 73 105
181500 73 99
181500 75 99
181500 75 87
181500 75 107
181500 75 105
181500 87 97
181500 93 105
181500 105 110
181500 105 114
181500 119 121
181800 2 106
181800 2 99
181800 13 99
181800 13 117
181800 13 97
181800 14 40
181800 18 106
181800 25 97
181800 26 106
181800 26 68
181800 30 108
181800 32 70
181800 36 105
181800 39 97
181800 43 77
181800 49 105
181800 49 106
181800 60 107
181800 66 99
181800 67 73
181800 73 99
181800 73 105
181800 75 105
181800 75 87
181800 87 97
181800 93 105
181800 97 117
181800 97 110
181800 99 107
181800 107 121
181800 119 121
182100 2 99
182100 3 77
182100 13 109
182100 13 29
182100 13 77
182100 13 22
182100 14 40
182100 14 22
182100 15 77
182100 17 49
182100 18 106
182100 22 92
182100 22 55
182100 22 109
182100 22 117
182100 25 97
182100 26 106
182100 30 108
182100 32 70
182100 35 77
182100 35 71
182100 36 105
182100 39 97
182100 40 109
182100 41 71
182100 44 118
182100 49 106
182100 49 105
182100 55 107
182100 66 99
182100 70 106
182100 71 75
182100 71 119
182100 73 120
182100 73 75
182100 75 87
182100 75 105
182100 75 118
182100 77 105
182100 84 102
182100 87 97
182100 105 109
182100 105 118
182100 109 118
182100 118 119
182100 119 121
182400 0 41
182400 0 34
182400 2 99
182400 13 109
182400 13 22
182400 13 77
182400 13 32
182400 14 40
182400 14 22
182400 14 29
182400 14 32
182400 15 73
182400 15 49
182400 17 49
182400 17 34
182400 18 106
182400 19 95
182400 22 55
182400 22 109
182400 22 117
182400 22 71
182400 25 97
182400 26 106
182400 26 27
182400 29 31
182400 30 108
182400 31 50
182400 31 53
182400 31 95
182400 31 44
182400 31 109
182400 32 50
182400 35 77
182400 39 97
182400 40 109
182400 40 76
182400 41 71
182400 41 99
182400 44 118
182400 49 106
182400 49 105
182400 49 71
182400 50 71
182400 55 107
182400 60 107
182400 66 99
182400 70 106
182400 71 77
182400 75 118
182400 77 105
182400 84 102
182400 87 97
182400 99 107
182400 105 109
182400 105 118
182700 0 41
182700 3 77
182700 13 32
182700 13 77
182700 13 22
182700 14 40
182700 14 32
182700 14 29
182700 15 49
182700 15 73
182700 15 31
182700 18 106
182700 22 117
182700 22 55
182700 22 109
182700 22 71
182700 24 87
182700 25 97
182700 26 27
182700 29 31
182700 29 71
182700 29 41
182700 29 74
182700 30 108
182700 31 53
182700 31 50
182700 31 71
182700 31 41
182700 32 50
182700 32 70
182700 32 41
182700 35 77
182700 39 97
182700 40 76
182700 40 71
182700 41 99
182700 41 71
182700 41 77
182700 50 71
182700 50 62
182700 62 77
182700 70 106
182700 71 77
182700 71 95
182700 74 77
182700 77 105
182700 84 102
182700 87 97
182700 99 107
183000 0 41
183000 0 14
183000 9 57
183000 12 60
183000 12 42
183000 12 57
183000 12 74
183000 13 77
183000 13 32
183000 13 42
183000 13 74
183000 14 40
183000 14 32
183000 14 108
183000 15 49
183000 15 58
183000 15 74
183000 22 55
183000 25 97
183000 26 27
183000 29 74
183000 30 108
183000 31 109
183000 31 50
183000 31 95
183000 31 108
183000 31 57
183000 32 50
183000 32 42
183000 32 107
183000 32 74
183000 44 118
183000 50 62
183000 50 71
183000 50 60
183000 55 107
183000 57 60
183000 57 74
183000 62 77
183000 74 77
183000 77 105
183000 105 118
183300 0 14
183300 0 41
183300 3 77
183300 9 57
183300 12 42
183300 12 60
183300 12 57
183300 13 77
183300 13 32
183300 13 42
183300 13 113
183300 14 108
183300 14 32
183300 15 49
183300 15 58
183300 15 60
183300 15 105
183300 20 107
183300 24 87
183300 26 27
183300 29 74
183300 31 53
183300 31 57
183300 31 109
183300 31 50
183300 32 107
183300 32 74
183300 32 42
183300 32 50
183300 39 50
183300 40 76
183300 40 112
183300 42 115
183300 42 113
183300 44 112
183300 50 62
183300 50 71
183300 60 115
183300 60 113
183300 62 77
183300 69 112
183300 70 106
183300 105 113
183600 0 14
183600 3 25
183600 3 15
183600 3 31
183600 3 40
183600 3 14
183600 9 57
183600 12 60
183600 12 91
183600 12 85
183600 13 42
183600 13 77
183600 13 113
183600 13 32
183600 14 108
183600 14 32
183600 14 38
183600 15 105
183600 15 60
183600 15 58
183600 15 49
183600 29 74
183600 31 50
183600 31 109
183600 31 64
183600 31 111
183600 32 74
183600 32 50
183600 39 50
183600 40 76
183600 42 115
183600 49 95
183600 50 62
183600 50 71
183600 60 113
183600 60 64
183600 60 112
183600 62 77
183600 64 78
183600 70 106
183600 74 95
183600 85 111
183600 95 112
183600 105 111
183600 111 112
183900 0 41
183900 0 14
183900 2 111
183900 3 14
183900 3 25
183900 3 31
183900 3 119
183900 9 57
183900 12 85
183900 12 57
183900 12 116
183900 14 38
183900 15 105
183900 15 49
183900 15 58
183900 15 77
183900 19 112
183900 22 116
183900 29 74
183900 31 111
183900 31 64
183900 32 74
183900 38 116
183900 40 76
183900 40 112
183900 40 62
183900 42 115
183900 42 112
183900 44 112
183900 46 93
183900 46 104
183900 47 112
183900 49 95
183900 50 71
183900 57 112
183900 57 95
183900 60 64
183900 62 77
183900 64 78
183900 69 112
183900 70 106
183900 77 119
183900 95 112
183900 105 111
183900 108 116
184200 0 41
184200 0 14
184200 2 95
184200 3 14
184200 3 119
184200 3 31
184200 9 57
184200 12 57
184200 12 85
184200 13 113
184200 14 108
184200 14 38
184200 15 105
184200 15 77
184200 15 49
184200 19 112
184200 19 62
184200 20 42
184200 29 74
184200 31 111
184200 38 116
184200 42 112
184200 42 115
184200 46 93
184200 47 112
184200 49 95
184200 55 77
184200 57 95
184200 60 64
184200 64 78
184200 69 112
184200 70 106
184200 77 119
184200 95 112
184200 105 111
184500 0 41
184500 3 31
184500 3 119
184500 9 57
184500 14 108
184500 14 115
184500 14 95
184500 15 49
184500 15 105
184500 19 112
184500 20 49
184500 29 74
184500 31 111
184500 32 74
184500 38 116
184500 42 55
184500 46 95
184500 49 95
184500 50 71
184500 59 100
184500 69 112
184500 70 106
184500 77 119
184500 105 111
184500 109 114
184800 0 14
184800 3 119
184800 5 112
184800 9 57
184800 15 49
184800 15 77
184800 19 112
184800 20 49
184800 21 24
184800 31 111
184800 32 74
184800 32 71
184800 32 111
184800 49 95
184800 50 71
184800 55 77
184800 57 95
184800 60 64
184800 69 112
184800 70 106
184800 71 116
184800 77 119
184800 103 111
184800 105 111
184800 109 114
185100 3 119
185100 5 112
185100 10 111
185100 10 95
185100 19 112
185100 29 74
185100 31 111
185100 31 95
185100 32 71
185100 32 111
185100 42 55
185100 48 105
185100 49 95
185100 69 112
185100 70 106
185100 71 116
185100 77 105
185100 103 111
185100 105 111
185100 109 114
185400 0 14
185400 5 112
185400 5 95
185400 9 57
185400 19 112
185400 21 24
185400 29 74
185400 31 111
185400 34 60
185400 48 105
185400 49 95
185400 49 60
185400 57 95
185400 69 112
185400 70 106
185400 71 116
185400 77 119
185400 103 111
185400 109 114
185700 0 14
185700 5 95
185700 9 77
185700 9 105
185700 13 17
185700 19 112
185700 24 71
185700 29 74
185700 31 111
185700 36 88
185700 48 105
185700 57 95
185700 69 112
185700 103 111
185700 105 111
185700 109 114
186000 0 14
186000 9 77
186000 9 105
186000 13 17
186000 20 119
186000 24 106
186000 29 74
186000 31 111
186000 36 88
186000 69 112
186000 77 119
186000 103 111
186000 104 111
186000 111 119
186300 0 14
186300 0 87
186300 9 105
186300 9 77
186300 9 84
186300 20 119
186300 29 74
186300 36 88
186300 69 112
186300 104 111
186600 0 14
186600 0 87
186600 9 84
186600 9 82
186600 9 49
186600 13 17
186600 20 119
186600 36 88
186600 69 112
186600 74 82
186900 0 14
186900 9 82
186900 9 84
186900 13 17
186900 20 119
186900 36 88
186900 69 112
186900 74 82
186900 74 116
186900 80 119
187200 0 87
187200 9 82
187200 9 84
187200 11 49
187200 11 78
187200 36 88
187200 69 112
187200 74 82
187200 80 119
187500 0 87
187500 9 82
187500 9 84
187500 11 83
187500 39 69
187500 69 112
187500 74 116
187500 74 82
187500 80 119
187800 0 87
187800 9 82
187800 11 83
187800 17 119
187800 30 78
187800 37 88
187800 73 88
187800 74 82
187800 80 119
188100 9 82
188100 11 83
188100 22 105
188100 22 39
188100 74 82
188400 3 87
188400 9 82
188400 11 83
188400 12 47
188400 30 47
188400 30 80
188400 37 88
188400 39 100
188400 70 87
188400 87 95
188400 102 114
188700 8 101
188700 9 82
188700 11 83
188700 18 39
188700 19 121
188700 21 78
188700 30 47
188700 34 43
188700 37 88
188700 39 100
188700 43 100
188700 87 95
189000 7 80
189000 8 101
189000 9 82
189000 18 39
189000 18 21
189000 19 121
189000 30 80
189000 30 47
189000 39 100
189000 40 80
189000 52 88
189300 11 83
189300 11 35
189300 11 88
189300 11 107
189300 11 71
189300 11 29
189300 12 29
189300 18 39
189300 18 21
189300 21 91
189300 29 71
189300 30 47
189300 39 100
189300 40 80
189300 52 88
189600 11 83
189600 11 107
189600 11 120
189600 11 21
189600 11 19
189600 11 89
189600 12 29
189600 12 50
189600 18 39
189600 18 21
189600 19 31
189600 21 120
189600 24 120
189600 29 71
189600 30 47
189600 31 120
189600 39 100
189600 52 88
189900 4 88
189900 11 83
189900 11 29
189900 11 19
189900 12 50
189900 18 39
189900 18 21
189900 19 31
189900 19 109
189900 21 120
189900 29 71
189900 30 47
189900 39 100
189900 52 88
189900 53 82
189900 55 88
189900 62 101
189900 82 109
190200 11 83
190200 12 50
190200 16 90
190200 16 36
190200 18 39
190200 18 21
190200 21 120
190200 29 71
190200 30 47
190200 36 90
190200 39 100
190200 52 88
190200 53 107
190200 55 88
190200 64 73
190200 68 98
190500 10 27
190500 11 83
190500 12 50
190500 18 21
190500 21 120
190500 27 51
190500 27 47
190500 27 49
190500 30 47
190500 52 88
190500 55 88
190500 64 73
190800 4 12
190800 10 27
190800 10 84
190800 12 50
190800 18 39
190800 18 21
190800 21 120
190800 27 47
190800 27 49
190800 27 51
190800 30 84
190800 51 56
190800 53 107
190800 55 88
190800 65 98
191100 4 12
191100 12 50
191100 18 21
191100 18 39
191100 18 75
191100 18 25
191100 21 120
191100 27 49
191100 51 56
191100 52 88
191100 54 73
191100 55 88
191100 64 73
191100 83 105
191400 2 58
191400 2 9
191400 4 12
191400 12 50
191400 18 21
191400 18 25
191400 21 41
191400 21 27
191400 27 49
191400 41 64
191400 52 88
191400 55 88
191400 58 113
191400 69 97
191700 2 58
191700 8 50
191700 8 113
191700 12 50
191700 18 25
191700 21 41
191700 25 113
191700 25 56
191700 25 46
191700 41 64
191700 43 120
191700 50 64
191700 52 88
191700 55 88
191700 58 113
191700 58 73
191700 64 73
192000 2 58
192000 2 27
192000 2 25
192000 2 113
192000 5 113
192000 5 25
192000 8 50
192000 8 104
192000 8 25
192000 10 49
192000 21 41
192000 25 46
192000 25 113
192000 25 56
192000 26 67
192000 36 113
192000 41 64
192000 43 120
192000 46 52
192000 49 113
192000 50 64
192000 52 88
192000 55 88
192000 58 73
192000 64 73
192300 2 27
192300 2 25
192300 2 58
192300 2 67
192300 5 25
192300 8 50
192300 8 104
192300 8 25
192300 18 101
192300 20 101
192300 21 41
192300 25 56
192300 25 113
192300 27 52
192300 36 113
192300 41 64
192300 43 120
192300 46 52
192300 47 76
192300 49 113
192300 49 82
192300 49 77
192300 52 88
192300 55 101
192300 58 73
192300 64 76
192300 67 73
192300 77 101
192600 2 25
192600 2 27
192600 5 25
192600 5 88
192600 5 77
192600 8 104
192600 8 25
192600 8 50
192600 18 101
192600 18 63
192600 20 101
192600 20 42
192600 21 41
192600 25 56
192600 25 52
192600 25 50
192600 25 42
192600 28 46
192600 36 113
192600 41 64
192600 43 120
192600 49 113
192600 49 77
192600 49 88
192600 52 88
192600 60 101
192600 68 73
192600 77 101
192600 77 120
192900 5 88
192900 5 77
192900 5 25
192900 8 25
192900 8 104
192900 8 50
192900 18 63
192900 18 101
192900 20 42
192900 20 101
192900 25 52
192900 25 50
192900 25 56
192900 25 42
192900 47 76
192900 52 88
192900 58 73
192900 60 101
192900 60 64
192900 64 95
192900 67 73
192900 68 101
192900 73 104
192900 77 101
192900 77 82
192900 78 95
192900 95 96
192900 95 97
192900 95 101
192900 96 101
192900 101 120
193200 5 88
193200 5 25
193200 5 77
193200 8 101
193200 8 77
193200 8 95
193200 18 63
193200 18 98
193200 20 101
193200 20 39
193200 25 52
193200 25 56
193200 25 101
193200 25 120
193200 27 77
193200 41 64
193200 47 76
193200 47 101
193200 49 113
193200 49 88
193200 49 77
193200 52 88
193200 58 73
193200 64 95
193200 67 73
193200 68 73
193200 68 101
193200 73 104
193200 77 82
193200 77 101
193200 78 95
193200 82 101
193200 93 101
193200 95 97
193200 95 101
193200 96 101
193200 101 120
193200 101 109
193500 5 77
193500 5 88
193500 5 25
193500 8 101
193500 8 95
193500 8 63
193500 15 63
193500 18 101
193500 25 120
193500 25 56
193500 25 101
193500 39 91
193500 47 76
193500 47 108
193500 49 88
193500 49 77
193500 49 113
193500 52 88
193500 53 96
193500 63 64
193500 64 97
193500 73 104
193500 77 101
193500 77 82
193500 88 97
193500 93 101
193500 96 101
193800 5 25
193800 5 88
193800 5 77
193800 9 81
193800 9 27
193800 15 16
193800 15 63
193800 18 113
193800 25 101
193800 25 56
193800 26 73
193800 32 63
193800 33 63
193800 39 52
193800 47 108
193800 47 113
193800 49 113
193800 49 88
193800 52 88
193800 63 95
193800 73 104
193800 73 107
193800 77 82
193800 77 101
193800 78 95
193800 94 113
193800 95 101
193800 95 97
194100 9 81
194100 13 113
194100 15 16
194100 15 63
194100 18 113
194100 19 112
194100 25 101
194100 25 56
194100 26 73
194100 26 112
194100 27 63
194100 33 63
194100 47 113
194100 47 70
194100 47 102
194100 49 88
194100 49 77
194100 49 113
194100 52 88
194100 52 63
194100 54 113
194100 60 102
194100 60 113
194100 73 104
194100 77 82
194100 77 101
194100 78 95
194100 88 97
194100 94 113
194100 95 97
194100 95 101
194100 97 122
194100 102 113
194400 4 122
194400 5 60
194400 9 81
194400 13 113
194400 13 82
194400 16 26
194400 18 113
194400 18 104
194400 25 56
194400 26 73
194400 26 34
194400 27 63
194400 28 113
194400 30 32
194400 32 63
194400 32 34
194400 32 104
194400 34 70
194400 34 63
194400 47 102
194400 47 113
194400 49 77
194400 49 88
194400 52 63
194400 60 102
194400 60 113
194400 60 63
194400 63 95
194400 63 122
194400 63 70
194400 70 98
194400 72 122
194400 73 107
194400 73 104
194400 77 101
194400 77 82
194400 78 95
194400 78 113
194400 82 113
194400 94 113
194400 95 97
194400 95 101
194700 4 122
194700 4 30
194700 5 82
194700 9 82
194700 9 103
194700 13 82
194700 18 113
194700 18 104
194700 25 122
194700 25 30
194700 25 86
194700 26 34
194700 26 73
194700 27 37
194700 27 96
194700 27 33
194700 30 32
194700 32 104
194700 32 34
194700 34 63
194700 34 70
194700 37 118
194700 47 102
194700 47 70
194700 49 88
194700 52 63
194700 52 88
194700 60 102
194700 60 63
194700 63 122
194700 72 122
194700 77 101
194700 77 82
194700 77 115
194700 82 113
194700 88 97
194700 102 113
195000 4 30
195000 4 122
195000 12 31
195000 18 113
195000 18 104
195000 18 88
195000 18 82
195000 18 86
195000 25 86
195000 25 122
195000 26 34
195000 26 73
195000 27 37
195000 27 33
195000 30 32
195000 32 34
195000 32 104
195000 32 37
195000 32 82
195000 34 63
195000 37 52
195000 49 88
195000 52 122
195000 52 102
195000 55 102
195000 70 122
195000 72 122
195000 72 104
195000 73 107
195000 77 82
195000 77 101
195000 77 115
195000 82 88
195000 88 97
195000 88 104
195000 121 122
195300 4 30
195300 4 122
195300 5 82
195300 9 82
195300 12 31
195300 18 113
195300 18 88
195300 18 86
195300 18 104
195300 22 101
195300 25 122
195300 26 115
195300 26 79
195300 27 37
195300 27 61
195300 27 113
195300 27 74
195300 30 32
195300 32 34
195300 34 63
195300 49 88
195300 52 122
195300 70 122
195300 72 104
195300 72 122
195300 77 115
195300 77 82
195300 77 101
195300 88 104
195300 88 97
195300 121 122
195600 4 122
195600 4 82
195600 4 9
195600 4 74
195600 5 82
195600 9 82
195600 12 31
195600 12 30
195600 18 113
195600 18 104
195600 22 101
195600 26 79
195600 26 115
195600 27 37
195600 27 113
195600 27 32
195600 30 32
195600 30 34
195600 30 82
195600 32 34
195600 34 63
195600 34 46
195600 34 72
195600 34 115
195600 48 115
195600 70 122
195600 72 104
195600 72 82
195600 73 107
195600 74 115
195600 77 115
195600 88 104
195600 88 97
195600 121 122
195900 4 82
195900 5 82
195900 9 82
195900 9 73
195900 12 107
195900 12 46
195900 18 113
195900 18 104
195900 22 90
195900 26 115
195900 26 79
195900 27 113
195900 30 82
195900 30 32
195900 32 34
195900 44 122
195900 52 101
195900 70 122
195900 72 104
195900 72 82
195900 77 115
196200 0 26
196200 0 113
196200 0 121
196200 0 65
196200 0 18
196200 4 9
196200 5 82
196200 12 107
196200 12 46
196200 18 113
196200 18 104
196200 18 26
196200 26 115
196200 27 113
196200 30 32
196200 44 122
196200 72 104
196200 72 82
196200 91 122
196200 113 115
196500 0 65
196500 4 104
196500 9 73
196500 12 107
196500 12 46
196500 12 82
196500 18 113
196500 18 72
196500 18 104
196500 30 32
196500 36 79
196500 39 54
196500 44 122
196500 72 104
196500 72 113
196500 74 113
196500 74 104
196500 77 115
196500 80 94
196500 91 122
196800 0 65
196800 4 104
196800 11 26
196800 12 107
196800 12 46
196800 12 82
196800 18 104
196800 20 77
196800 21 76
196800 26 48
196800 26 104
196800 74 113
196800 77 113
196800 91 104
196800 113 122
197100 0 65
197100 3 40
197100 12 46
197100 12 107
197100 18 104
197100 26 104
197100 26 82
197100 26 31
197100 40 115
197100 40 67
197100 56 115
197100 74 104
197100 77 113
197100 91 104
197100 113 122
197400 3 40
197400 10 28
197400 10 115
197400 11 26
197400 12 107
197400 12 46
197400 21 76
197400 26 82
197400 26 104
197400 27 117
197400 31 40
197400 35 46
197400 40 67
197400 40 115
197400 40 68
197400 56 115
197400 64 111
197400 64 80
197400 74 104
197400 91 104
197400 111 115
197700 3 40
197700 4 95
197700 10 92
197700 12 107
197700 12 55
197700 12 105
197700 21 76
197700 26 82
197700 27 117
197700 40 92
197700 56 115
197700 64 111
197700 74 104
197700 78 115
197700 91 104
197700 91 115
197700 91 92
197700 92 115
197700 111 115
198000 4 95
198000 10 92
198000 11 26
198000 12 107
198000 12 105
198000 14 39
198000 15 78
198000 21 76
198000 27 117
198000 38 113
198000 38 76
198000 38 115
198000 38 104
198000 40 92
198000 56 115
198000 64 80
198000 74 104
198000 91 115
198000 91 92
198000 92 115
198000 104 107
198000 104 118
198000 104 115
198300 1 12
198300 4 95
198300 8 117
198300 10 92
198300 10 11
198300 11 13
198300 12 105
198300 12 107
198300 12 38
198300 14 39
198300 15 78
198300 21 76
198300 27 80
198300 38 76
198300 38 113
198300 38 104
198300 40 92
198300 56 115
198300 74 104
198300 86 113
198300 104 115
198300 104 107
198300 104 112
198600 1 12
198600 4 95
198600 8 117
198600 14 39
198600 15 78
198600 18 105
198600 27 80
198600 64 80
198600 76 86
198600 91 92
198600 104 112
198900 1 12
198900 4 95
198900 8 117
198900 10 11
198900 18 105
198900 27 80
198900 64 80
198900 67 74
198900 74 91
198900 76 86
198900 104 112
198900 104 107
199200 1 12
199200 4 95
199200 6 80
199200 10 67
199200 15 78
199200 64 80
199200 67 74
199200 95 117
199200 104 107
199500 10 67
199500 18 105
199500 64 80
199500 67 74
199500 95 117
199500 104 107
199800 1 12
199800 1 89
199800 6 80
199800 18 105
199800 64 80
199800 104 107
200100 1 12
200100 4 37
200100 6 80
200100 10 67
200100 56 106
200100 67 74
200100 104 107
200100 106 120
200400 1 12
200400 10 67
200400 46 120
200400 56 106
200400 67 74
200400 104 107
200700 1 12
200700 2 67
200700 4 37
200700 6 80
200700 56 106
200700 67 74
200700 68 120
200700 104 107
201000 1 12
201000 6 80
201000 10 67
201000 56 106
201000 80 120
201000 104 107
201000 112 114
201300 2 114
201300 10 67
201300 56 106
201300 58 99
201300 104 107
201600 2 114
201600 10 67
201600 24 34
201600 58 99
201600 62 65
201600 99 102
201600 112 114
201900 0 30
201900 15 45
201900 24 34
201900 24 118
201900 45 52
201900 52 56
201900 54 56
201900 58 99
201900 62 65
201900 104 107
202200 10 67
202200 24 34
202200 24 118
202200 24 52
202200 40 65
202200 41 45
202200 41 52
202200 45 52
202200 45 62
202200 58 99
202200 62 65
202200 66 109
202500 24 118
202500 24 34
202500 40 65
202500 58 99
202500 62 65
202800 10 67
202800 24 118
202800 40 65
202800 45 62
202800 66 109
203100 3 40
203100 24 118
203100 45 62
203100 53 105
203100 62 65
203100 63 105
203100 65 84
203100 66 109
203400 39 116
203400 45 62
203400 45 116
203400 60 63
203400 62 65
203400 63 105
203400 65 84
203400 66 109
203400 105 116
203700 2 42
203700 29 57
203700 29 42
203700 42 89
203700 45 62
203700 45 116
203700 60 63
203700 66 109
203700 109 114
203700 110 114
204000 1 50
204000 2 114
204000 4 63
204000 16 62
204000 24 47
204000 29 42
204000 29 57
204000 42 47
204000 42 63
204000 43 62
204000 45 62
204000 47 63
204000 60 63
204000 62 65
204000 62 68
204000 66 109
204000 110 114
204300 2 114
204300 17 39
204300 19 100
204300 29 57
204300 43 62
204300 45 116
204300 60 63
204300 62 65
204300 74 100
204300 77 100
204300 77 120
204600 8 39
204600 19 100
204600 24 47
204600 29 57
204600 31 60
204600 43 62
204600 43 118
204600 43 65
204600 43 100
204600 45 116
204600 60 100
204600 74 100
204600 77 100
204900 2 114
204900 3 25
204900 3 6
204900 6 44
204900 8 39
204900 29 57
204900 40 44
204900 43 118
204900 44 66
204900 44 122
204900 45 116
204900 60 100
204900 74 100
204900 77 120
205200 6 44
205200 7 50
205200 7 40
205200 24 47
205200 29 57
205200 31 60
205200 34 113
205200 37 117
205200 39 117
205200 39 113
205200 40 44
205200 44 122
205200 44 66
205200 45 116
205200 50 117
205200 116 117
205500 4 57
205500 9 24
205500 9 86
205500 24 47
205500 28 105
205500 29 57
205500 37 117
205500 39 117
205500 40 86
205500 40 113
205500 44 66
205500 45 86
205500 50 117
205500 57 86
205500 77 120
205500 86 105
205500 116 117
205800 2 99
205800 2 34
205800 24 47
205800 28 105
205800 31 60
205800 37 117
206100 9 24
206100 9 86
206100 24 47
206400 2 99
206400 9 86
207000 2 9
207300 6 87
207300 92 114
207600 9 103
207900 63 89
208200 38 42
208200 39 89
208500 11 42
208500 38 42
208500 39 91
208800 28 106
209100 25 28
209100 28 106
209100 67 103
209400 60 65
209400 65 123
209400 67 103
209700 28 106
211500 63 67
252900 33 92
252900 33 115
253200 33 115
253200 33 123
253200 42 115
253500 3 68
253500 34 123
253500 34 68
253500 42 115
253500 43 115
253500 68 123
253500 68 93
254100 3 60
254100 21 114
254100 23 114
254100 43 115
254400 3 60
254400 23 114
254700 42 115
255000 3 105
255300 105 118
255300 105 123
255900 6 65
256500 104 105
256800 43 120
257100 31 88
257100 32 115
257100 36 115
257100 57 83
257100 64 115
257100 67 115
257400 31 88
257400 31 59
257400 36 115
257400 59 96
257400 64 115
257700 36 115
257700 57 83
257700 64 115
258000 64 115
258300 35 114
258300 59 120
258300 64 115
258600 32 120
258600 35 114
258600 59 120
258600 111 120
258600 114 120
258900 6 42
258900 35 114
258900 114 120
259200 2 6
259800 2 38
259800 40 55
259800 81 122
259800 98 114
260100 0 6
260100 2 38
260100 18 43
260100 34 78
260100 43 117
260100 78 98
260100 98 103
260400 0 6
260400 0 117
260400 0 115
260400 0 44
260400 2 38
260400 34 78
260400 37 103
260400 78 117
260400 81 103
260400 94 117
260400 98 103
260700 0 117
260700 2 38
260700 3 22
260700 9 103
260700 25 110
260700 37 103
260700 46 110
260700 58 110
260700 78 98
260700 78 117
260700 81 103
260700 81 110
260700 81 117
260700 103 110
260700 110 117
260700 110 119
261000 1 20
261000 2 38
261000 10 98
261000 25 58
261000 25 27
261000 27 66
261000 27 58
261000 27 46
261000 27 78
261000 34 78
261000 37 103
261000 46 110
261000 46 94
261000 58 110
261000 81 110
261000 84 98
261000 110 119
261300 1 30
261300 3 27
261300 4 40
261300 5 35
261300 8 98
261300 8 24
261300 9 103
261300 10 98
261300 22 27
261300 24 35
261300 25 58
261300 27 58
261300 27 46
261300 27 78
261300 37 103
261300 46 94
261300 46 110
261300 62 101
261300 87 98
261300 103 110
261600 4 40
261600 8 98
261600 8 24
261600 8 97
261600 9 58
261600 10 98
261600 25 58
261600 27 58
261600 27 46
261600 27 78
261600 37 103
261600 46 110
261600 46 58
261600 58 110
261600 60 81
261600 83 98
261600 83 93
261600 92 123
261600 92 98
261600 92 111
261600 103 110
261600 111 113
261900 4 40
261900 8 24
261900 8 98
261900 10 98
261900 22 27
261900 25 58
261900 27 78
261900 28 97
261900 28 52
261900 31 46
261900 31 52
261900 31 78
261900 31 111
261900 37 111
261900 46 52
261900 46 50
261900 46 95
261900 50 70
261900 50 92
261900 50 100
261900 52 106
261900 83 98
261900 87 98
261900 92 98
261900 92 123
261900 92 95
261900 111 113
262200 0 95
262200 8 98
262200 18 37
262200 18 28
262200 22 27
262200 28 52
262200 28 97
262200 28 33
262200 31 52
262200 31 78
262200 31 111
262200 31 66
262200 33 100
262200 37 111
262200 37 95
262200 44 122
262200 50 70
262200 50 95
262200 52 106
262200 56 111
262200 74 95
262200 87 98
262200 92 123
262200 111 113
262200 114 122
262500 0 95
262500 4 40
262500 8 98
262500 18 37
262500 22 27
262500 24 83
262500 25 31
262500 26 50
262500 27 78
262500 28 97
262500 31 52
262500 31 111
262500 31 78
262500 31 102
262500 32 66
262500 33 100
262500 44 122
262500 50 70
262500 50 92
262500 52 106
262500 52 104
262500 52 112
262500 56 111
262500 63 109
262500 66 98
262500 74 95
262500 87 98
262500 92 95
262500 97 104
262500 111 113
262500 114 122
262800 0 95
262800 4 40
262800 8 98
262800 10 83
262800 11 104
262800 13 102
262800 22 27
262800 24 83
262800 24 111
262800 28 83
262800 31 52
262800 31 78
262800 31 111
262800 44 122
262800 46 78
262800 50 70
262800 50 98
262800 50 111
262800 51 100
262800 51 104
262800 56 111
262800 58 102
262800 66 98
262800 74 95
262800 74 90
262800 78 102
262800 78 109
262800 78 113
262800 87 98
262800 111 113
263100 11 95
263100 13 102
263100 13 104
263100 22 27
263100 24 111
263100 32 103
263100 33 100
263100 44 122
263100 46 78
263100 50 70
263100 50 111
263100 50 59
263100 51 104
263100 52 95
263100 52 113
263100 56 111
263100 58 102
263100 62 66
263100 63 109
263100 66 98
263100 74 95
263100 76 111
263100 78 102
263100 78 109
263100 78 113
263100 88 95
263100 91 109
263100 92 95
263100 95 111
263100 100 111
263100 104 111
263100 111 113
263400 8 98
263400 8 68
263400 13 102
263400 13 104
263400 19 97
263400 22 27
263400 24 83
263400 28 83
263400 44 122
263400 46 78
263400 50 70
263400 50 98
263400 51 104
263400 56 111
263400 64 83
263400 66 98
263400 74 95
263400 78 109
263400 78 102
263400 78 113
263400 87 98
263400 88 95
263400 91 109
263400 92 95
263700 8 68
263700 13 104
263700 17 49
263700 19 97
263700 22 27
263700 24 83
263700 44 122
263700 46 78
263700 51 104
263700 66 98
263700 74 95
263700 78 109
263700 78 102
263700 92 95
264000 8 68
264000 13 102
264000 13 104
264000 20 111
264000 22 27
264000 24 83
264000 28 83
264000 41 58
264000 46 78
264000 50 98
264000 74 95
264000 78 102
264000 78 113
264000 87 98
264000 92 95
264300 8 68
264300 13 102
264300 13 104
264300 20 111
264300 22 27
264300 24 83
264300 46 78
264300 50 98
264300 68 76
264300 83 87
264600 8 68
264600 11 101
264600 13 102
264600 22 27
264600 28 83
264600 46 78
264600 50 98
264600 63 108
264600 68 76
264600 74 95
264600 83 87
264900 13 104
264900 13 102
264900 22 27
264900 28 83
264900 35 113
264900 50 98
264900 63 108
264900 68 76
264900 83 87
265200 4 65
265200 4 101
265200 8 68
265200 13 102
265200 35 113
265200 46 78
265200 50 98
265200 50 116
265200 63 108
265200 67 101
265200 68 76
265200 75 101
265200 83 87
265500 13 104
265500 13 102
265500 22 27
265500 50 98
265500 50 116
265500 63 108
265500 67 101
265800 4 65
265800 11 57
265800 13 102
265800 35 113
265800 50 98
265800 50 116
265800 63 108
265800 113 123
266100 13 104
266100 13 102
266100 22 27
266100 50 98
266100 55 119
266100 55 112
266100 62 119
266100 63 108
266400 13 102
266400 35 113
266400 40 59
266400 50 116
266400 55 119
266400 62 119
266400 63 108
266400 100 106
266700 7 70
266700 35 113
266700 55 112
266700 62 119
266700 63 108
266700 100 106
267000 7 70
267000 13 69
267000 14 88
267000 35 113
267000 45 121
267000 50 116
267000 62 119
267000 63 108
267000 69 122
267000 69 88
267000 85 122
267000 88 95
267000 95 121
267300 7 70
267300 8 122
267300 8 69
267300 13 69
267300 15 69
267300 18 40
267300 18 122
267300 24 55
267300 24 69
267300 24 97
267300 24 122
267300 33 97
267300 34 116
267300 35 113
267300 45 122
267300 53 73
267300 53 122
267300 53 69
267300 53 97
267300 59 97
267300 59 69
267300 59 122
267300 63 69
267300 63 112
267300 68 69
267300 69 88
267300 69 122
267300 88 95
267600 7 70
267600 8 122
267600 8 69
267600 9 73
267600 15 69
267600 15 121
267600 16 83
267600 18 40
267600 24 69
267600 24 122
267600 24 55
267600 24 109
267600 24 74
267600 33 97
267600 34 116
267600 52 122
267600 53 69
267600 53 73
267600 59 69
267600 59 74
267600 63 69
267600 63 122
267600 68 69
267600 69 122
267600 69 88
267600 69 109
267600 73 74
267600 74 122
267600 74 97
267600 85 122
267600 88 95
267600 88 109
267600 90 122
267600 90 109
267600 97 108
267600 98 122
267600 109 123
267900 7 70
267900 7 12
267900 7 53
267900 7 17
267900 7 43
267900 7 87
267900 8 69
267900 8 122
267900 8 88
267900 9 73
267900 15 121
267900 17 87
267900 17 54
267900 18 40
267900 24 74
267900 24 55
267900 33 97
267900 35 113
267900 44 109
267900 44 87
267900 45 122
267900 53 69
267900 53 73
267900 53 93
267900 54 59
267900 59 74
267900 59 77
267900 63 112
267900 69 88
267900 73 74
267900 74 97
267900 88 95
267900 88 97
267900 90 109
267900 90 122
267900 97 108
267900 97 120
267900 98 122
268200 5 51
268200 5 29
268200 5 93
268200 5 57
268200 5 28
268200 5 87
268200 7 70
268200 7 43
268200 7 12
268200 7 17
268200 7 87
268200 8 69
268200 9 73
268200 15 121
268200 17 87
268200 18 40
268200 20 48
268200 24 55
268200 24 74
268200 24 73
268200 28 120
268200 28 51
268200 28 87
268200 29 74
268200 33 97
268200 35 113
268200 35 120
268200 44 87
268200 45 122
268200 48 75
268200 48 67
268200 51 75
268200 51 73
268200 53 73
268200 54 59
268200 57 67
268200 59 77
268200 69 88
268200 73 74
268200 73 112
268200 73 120
268200 73 87
268200 74 97
268200 74 88
268200 87 96
268200 87 88
268200 87 120
268200 90 109
268200 98 122
268500 5 29
268500 5 51
268500 5 93
268500 5 87
268500 5 48
268500 5 27
268500 7 12
268500 7 43
268500 7 70
268500 8 69
268500 9 73
268500 14 88
268500 15 121
268500 20 48
268500 20 29
268500 20 79
268500 20 104
268500 20 122
268500 24 73
268500 24 74
268500 24 55
268500 24 35
268500 24 96
268500 26 48
268500 26 29
268500 26 88
268500 27 122
268500 28 51
268500 29 74
268500 29 102
268500 29 48
268500 33 97
268500 35 113
268500 35 51
268500 36 48
268500 44 87
268500 48 67
268500 48 57
268500 49 102
268500 51 73
268500 51 75
268500 53 73
268500 54 59
268500 56 96
268500 59 77
268500 69 88
268500 73 120
268500 73 74
268500 74 88
268500 74 97
268500 74 102
268500 80 102
268500 87 96
268500 87 120
268500 97 120
268500 102 122
268800 0 55
268800 5 29
268800 5 48
268800 5 27
268800 5 51
268800 5 87
268800 7 17
268800 7 70
268800 8 69
268800 9 73
268800 17 87
268800 20 29
268800 20 79
268800 20 122
268800 20 48
268800 20 70
268800 20 120
268800 24 55
268800 25 63
268800 26 48
268800 26 29
268800 26 102
268800 26 61
268800 27 122
268800 27 90
268800 27 113
268800 27 35
268800 27 61
268800 29 102
268800 30 35
268800 33 97
268800 35 113
268800 35 38
268800 44 102
268800 48 67
268800 48 57
268800 49 102
268800 51 102
268800 53 73
268800 55 70
268800 56 96
268800 57 67
268800 61 90
268800 69 88
268800 70 104
268800 73 120
268800 74 97
268800 74 88
268800 80 102
268800 87 96
268800 90 104
268800 102 122
268800 113 123
269100 0 55
269100 3 57
269100 7 17
269100 7 80
269100 7 65
269100 9 73
269100 12 61
269100 17 87
269100 24 55
269100 24 77
269100 26 29
269100 26 48
269100 26 61
269100 26 66
269100 27 113
269100 27 35
269100 27 61
269100 27 90
269100 30 35
269100 31 80
269100 33 97
269100 35 38
269100 35 113
269100 35 108
269100 35 61
269100 48 67
269100 49 61
269100 54 61
269100 57 67
269100 57 104
269100 61 108
269100 61 104
269100 61 77
269100 61 80
269100 63 88
269100 65 80
269100 66 108
269100 67 113
269100 69 88
269100 70 104
269100 70 88
269100 73 120
269100 80 107
269100 80 98
269100 88 118
269100 90 104
269100 90 107
269100 90 108
269100 104 108
269100 107 115
269400 0 55
269400 3 57
269400 7 17
269400 7 80
269400 7 43
269400 7 113
269400 7 37
269400 9 73
269400 17 77
269400 18 107
269400 18 45
269400 20 120
269400 20 48
269400 20 79
269400 20 122
269400 20 29
269400 20 88
269400 23 97
269400 24 55
269400 26 48
269400 26 66
269400 26 61
269400 26 29
269400 27 90
269400 27 113
269400 35 113
269400 35 38
269400 35 108
269400 37 87
269400 44 67
269400 44 80
269400 47 80
269400 47 97
269400 48 108
269400 54 61
269400 55 64
269400 56 96
269400 57 67
269400 57 104
269400 57 118
269400 61 108
269400 61 77
269400 63 88
269400 64 77
269400 64 88
269400 67 90
269400 73 120
269400 73 80
269400 74 88
269400 74 97
269400 77 82
269400 77 118
269400 80 118
269400 82 87
269400 87 105
269400 88 118
269400 88 113
269400 89 98
269400 90 107
269400 90 108
269400 98 113
269400 104 108
269400 107 115
269700 0 55
269700 2 65
269700 3 57
269700 7 80
269700 9 73
269700 18 45
269700 20 48
269700 20 120
269700 20 29
269700 21 26
269700 24 55
269700 26 61
269700 26 66
269700 26 47
269700 26 98
269700 26 29
269700 26 82
269700 27 113
269700 27 77
269700 27 56
269700 27 96
269700 33 118
269700 35 38
269700 35 113
269700 37 87
269700 45 47
269700 47 101
269700 47 120
269700 48 108
269700 55 64
269700 56 104
269700 56 57
269700 56 77
269700 56 107
269700 56 66
269700 57 67
269700 57 104
269700 57 118
269700 61 108
269700 64 88
269700 64 77
269700 67 90
269700 73 120
269700 80 118
269700 82 87
269700 89 98
269700 90 108
269700 90 107
269700 104 108
269700 107 115
270000 0 55
270000 1 9
270000 2 48
270000 2 87
270000 2 85
270000 2 45
270000 2 90
270000 2 21
270000 2 27
270000 7 17
270000 7 80
270000 9 47
270000 9 88
270000 17 77
270000 18 27
270000 18 25
270000 20 29
270000 20 120
270000 21 26
270000 24 55
270000 25 31
270000 25 101
270000 27 113
270000 27 56
270000 27 42
270000 31 42
270000 31 99
270000 35 38
270000 35 113
270000 37 87
270000 37 85
270000 42 90
270000 42 55
270000 42 48
270000 45 47
270000 46 108
270000 47 101
270000 47 56
270000 48 108
270000 55 64
270000 55 85
270000 55 56
270000 56 77
270000 56 96
270000 56 99
270000 56 109
270000 57 104
270000 57 118
270000 57 67
270000 57 80
270000 61 108
270000 64 88
270000 64 77
270000 67 90
270000 80 118
270000 89 98
270000 90 108
270000 96 108
270000 99 113
270000 104 108
270000 107 115
270300 0 55
270300 1 9
270300 2 48
270300 2 65
270300 2 45
270300 2 87
270300 2 85
270300 5 121
270300 5 51
270300 7 80
270300 7 17
270300 7 103
270300 9 47
270300 9 88
270300 24 55
270300 25 50
270300 25 89
270300 26 61
270300 26 98
270300 27 113
270300 27 42
270300 31 42
270300 31 48
270300 31 56
270300 31 109
270300 35 38
270300 35 113
270300 37 85
270300 39 103
270300 42 90
270300 42 55
270300 46 108
270300 47 101
270300 47 56
270300 50 103
270300 51 118
270300 55 85
270300 55 64
270300 55 56
270300 55 103
270300 56 77
270300 56 99
270300 56 109
270300 57 80
270300 57 118
270300 57 104
270300 57 100
270300 61 108
270300 65 89
270300 65 103
270300 65 104
270300 80 118
270300 80 95
270300 85 103
270300 89 98
270300 90 108
270300 104 108
270300 106 113
270600 0 55
270600 2 85
270600 5 51
270600 7 103
270600 7 50
270600 7 78
270600 9 47
270600 9 88
270600 20 29
270600 20 120
270600 25 101
270600 25 50
270600 26 98
270600 26 61
270600 27 42
270600 27 113
270600 27 89
270600 31 99
270600 35 113
270600 35 38
270600 37 87
270600 37 85
270600 37 117
270600 42 55
270600 42 48
270600 42 90
270600 46 108
270600 47 56
270600 47 101
270600 51 60
270600 55 64
270600 56 77
270600 57 80
270600 57 104
270600 57 118
270600 61 89
270600 65 104
270600 65 89
270600 67 90
270600 80 95
270600 80 118
270600 85 103
270600 89 98
270600 90 108
270600 99 113
270600 106 113
270600 107 115
270900 2 85
270900 5 35
270900 7 103
270900 7 78
270900 7 50
270900 8 35
270900 20 120
270900 24 55
270900 25 101
270900 26 98
270900 26 61
270900 26 90
270900 27 113
270900 27 89
270900 31 99
270900 35 113
270900 35 38
270900 37 85
270900 42 48
270900 46 108
270900 47 56
270900 47 101
270900 54 90
270900 55 64
270900 56 77
270900 61 89
270900 65 89
270900 65 103
270900 67 90
270900 80 95
270900 85 103
270900 90 108
270900 99 113
270900 106 113
270900 107 115
271200 5 35
271200 7 103
271200 7 78
271200 9 88
271200 16 74
271200 20 120
271200 20 41
271200 24 55
271200 25 101
271200 26 61
271200 26 98
271200 26 90
271200 31 99
271200 37 87
271200 37 85
271200 42 55
271200 47 56
271200 47 101
271200 55 64
271200 56 77
271200 57 80
271200 65 103
271200 80 118
271200 85 103
271200 90 108
271200 99 113
271200 107 115
271500 7 78
271500 7 103
271500 9 88
271500 16 74
271500 16 42
271500 16 64
271500 20 120
271500 20 25
271500 24 55
271500 25 101
271500 25 56
271500 26 90
271500 31 99
271500 46 108
271500 47 101
271500 47 56
271500 55 64
271500 55 74
271500 56 77
271500 65 103
271500 90 108
271500 99 113
271500 107 115
271800 7 78
271800 7 103
271800 9 88
271800 16 64
271800 16 42
271800 20 120
271800 20 25
271800 20 67
271800 24 55
271800 26 98
271800 47 101
271800 55 64
271800 55 74
271800 55 67
271800 65 74
271800 90 108
271800 99 113
271800 107 115
272100 7 78
272100 9 88
272100 16 42
272100 20 25
272100 20 67
272100 24 55
272100 25 56
272100 25 101
272100 47 101
272100 55 74
272100 55 67
272100 55 123
272100 56 77
272100 64 106
272100 90 108
272100 99 113
272100 107 115
272400 6 56
272400 7 78
272400 9 88
272400 16 64
272400 20 67
272400 23 115
272400 25 56
272400 55 67
272400 56 77
272400 56 64
272400 64 106
272400 99 113
272400 107 115
