0 23 24
0 23 46
0 23 56
0 24 56
0 25 65
0 25 56
0 32 65
0 32 99
0 32 36
0 36 99
0 36 56
0 36 65
0 56 65
0 65 99
300 6 99
300 6 56
300 6 24
300 6 69
300 10 115
300 23 24
300 24 56
300 24 32
300 25 65
300 25 56
300 32 65
300 32 115
300 36 65
300 96 99
300 98 99
600 6 99
600 6 24
600 6 56
600 6 69
600 6 32
600 6 23
600 23 24
600 23 56
600 23 60
600 24 32
600 25 65
600 36 65
600 98 99
900 6 23
900 6 56
900 23 97
900 24 32
900 24 56
900 32 65
1200 36 65
1500 1 49
1500 3 59
1500 3 103
1500 3 25
1500 3 55
1500 12 49
1500 23 25
1500 103 123
1800 3 103
1800 3 25
1800 3 26
1800 12 49
1800 19 30
1800 46 51
1800 51 104
1800 51 105
2100 3 55
2100 3 26
2100 10 95
2100 12 49
2100 14 95
2100 15 95
2100 26 55
2100 29 63
2100 51 105
2100 52 105
2100 52 86
2100 55 95
2100 63 95
2100 86 96
2100 86 94
2100 86 95
2400 1 100
2400 3 55
2400 12 49
2400 26 55
2400 26 82
2400 36 65
2400 36 90
2400 36 82
2400 39 105
2400 52 86
2400 52 105
2400 54 90
2400 55 95
2400 78 96
2400 82 120
2400 84 120
2400 86 96
2400 86 95
2400 86 94
2400 86 90
2400 95 120
2700 12 49
2700 16 18
2700 18 52
2700 18 107
2700 18 82
2700 18 42
2700 18 48
2700 18 21
2700 26 82
2700 26 86
2700 36 65
2700 36 82
2700 36 48
2700 39 105
2700 72 84
2700 81 82
2700 82 120
2700 84 120
2700 86 94
2700 86 96
2700 86 90
3000 12 49
3000 16 18
3000 16 67
3000 16 98
3000 16 31
3000 16 41
3000 18 21
3000 18 107
3000 18 42
3000 29 30
3000 29 81
3000 31 98
3000 81 82
3000 81 84
3000 84 120
3000 86 96
3300 2 31
3300 5 122
3300 5 72
3300 12 49
3300 18 42
3300 25 84
3300 29 30
3300 29 81
3300 31 98
3300 39 105
3300 43 81
3300 43 122
3300 44 122
3300 54 90
3300 55 78
3300 72 84
3300 81 82
3300 81 99
3600 1 19
3600 2 31
3600 5 72
3600 5 122
3600 12 49
3600 14 95
3600 19 110
3600 21 31
3600 29 30
3600 30 31
3600 31 104
3600 31 78
3600 31 110
3600 39 105
3600 39 88
3600 39 43
3600 39 122
3600 78 96
3600 81 82
3900 2 31
3900 3 24
3900 3 19
3900 3 96
3900 7 24
3900 8 110
3900 12 49
3900 19 110
3900 24 64
3900 24 31
3900 31 64
3900 39 88
3900 39 122
3900 39 43
3900 39 105
3900 78 96
4200 2 31
4200 3 24
4200 3 19
4200 3 96
4200 3 61
4200 3 20
4200 3 13
4200 3 124
4200 7 24
4200 11 28
4200 13 110
4200 23 61
4200 24 28
4200 25 124
4200 28 76
4200 28 83
4200 33 61
4200 39 122
4200 39 43
4200 61 124
4200 78 96
4200 83 96
4200 83 124
4500 1 25
4500 2 31
4500 3 61
4500 3 124
4500 7 24
4500 11 28
4500 24 28
4500 24 64
4500 24 31
4500 25 124
4500 25 122
4500 25 64
4500 28 83
4500 28 43
4500 28 124
4500 28 64
4500 29 30
4500 31 64
4500 33 61
4500 39 122
4500 39 105
4500 43 122
4500 61 124
4500 61 113
4500 67 113
4500 68 113
4500 83 124
4500 83 96
4500 83 86
4500 83 114
4500 83 113
4500 113 124
4800 1 25
4800 7 109
4800 12 49
4800 19 35
4800 23 61
4800 24 64
4800 25 64
4800 25 122
4800 25 52
4800 28 49
4800 28 99
4800 28 64
4800 28 52
4800 31 104
4800 35 49
4800 37 111
4800 68 113
5100 11 28
5100 23 61
5100 28 49
5100 33 61
5100 55 107
5100 63 107
5100 75 84
5100 108 116
5400 22 59
5400 23 61
5400 43 122
5400 75 84
5400 108 116
5700 14 98
5700 41 92
5700 55 107
5700 75 84
5700 108 116
6000 12 49
6000 12 90
6000 13 96
6000 43 122
6000 50 112
6000 55 107
6000 75 76
6000 108 116
6300 13 96
6300 14 105
6300 41 92
6300 50 112
6300 85 117
6300 88 105
6300 105 117
6600 9 120
6600 9 80
6600 9 93
6600 9 14
6600 15 120
6600 50 112
6600 55 107
6600 75 76
6900 9 80
6900 12 28
6900 43 122
6900 50 112
6900 75 76
7200 9 80
7200 13 96
7200 13 47
7200 14 98
7200 47 116
7200 50 112
7200 55 107
7500 3 18
7500 13 47
7500 14 98
7500 16 18
7500 47 116
7500 50 112
7500 53 54
7500 55 107
7500 58 98
7800 2 122
7800 9 62
7800 13 47
7800 13 96
7800 47 116
7800 50 112
7800 55 107
7800 71 104
7800 75 76
8100 3 18
8100 9 62
8100 13 47
8100 16 18
8100 24 111
8100 43 122
8100 48 52
8100 73 109
8400 9 62
8400 14 98
8400 24 111
8400 33 69
8400 45 85
8400 69 125
8400 85 113
8700 9 65
8700 24 111
8700 28 65
8700 28 68
8700 33 68
8700 35 98
8700 45 85
8700 47 116
8700 47 68
8700 65 68
8700 65 111
8700 65 106
8700 68 125
8700 68 120
8700 69 125
8700 69 85
8700 73 109
8700 85 113
8700 85 125
8700 87 125
8700 101 113
8700 108 125
9000 1 3
9000 2 122
9000 2 125
9000 2 101
9000 2 28
9000 2 81
9000 9 65
9000 24 111
9000 26 107
9000 26 125
9000 28 68
9000 28 88
9000 28 56
9000 28 125
9000 28 81
9000 28 124
9000 28 107
9000 28 69
9000 33 68
9000 33 113
9000 39 81
9000 43 112
9000 47 116
9000 47 68
9000 55 107
9000 65 111
9000 65 106
9000 65 85
9000 68 120
9000 68 125
9000 68 107
9000 68 101
9000 68 81
9000 69 125
9000 73 109
9000 81 99
9000 85 107
9000 88 107
9000 107 125
9000 107 124
9300 1 35
9300 2 101
9300 2 81
9300 2 28
9300 2 125
9300 2 124
9300 2 93
9300 6 52
9300 6 20
9300 6 51
9300 6 81
9300 8 107
9300 11 107
9300 11 81
9300 11 59
9300 15 71
9300 15 59
9300 24 111
9300 26 107
9300 28 88
9300 28 107
9300 28 81
9300 28 124
9300 28 125
9300 28 69
9300 28 66
9300 35 59
9300 39 81
9300 44 107
9300 51 107
9300 54 81
9300 59 107
9300 59 81
9300 68 120
9300 69 125
9300 70 107
9300 81 99
9300 81 107
9300 81 101
9300 85 107
9300 88 107
9300 90 107
9300 107 124
9600 1 15
9600 1 90
9600 1 41
9600 1 57
9600 1 59
9600 1 51
9600 1 34
9600 6 121
9600 6 51
9600 6 53
9600 8 51
9600 8 34
9600 8 22
9600 8 90
9600 11 59
9600 11 107
9600 11 54
9600 15 59
9600 15 41
9600 15 51
9600 28 66
9600 35 59
9600 39 81
9600 41 120
9600 54 81
9600 59 81
9600 68 120
9600 81 99
9900 1 15
9900 1 57
9900 6 51
9900 7 59
9900 7 113
9900 8 51
9900 8 106
9900 11 59
9900 11 34
9900 15 51
9900 15 59
9900 15 71
9900 15 34
9900 22 120
9900 28 66
9900 33 68
9900 34 38
9900 34 113
9900 34 51
9900 34 59
9900 34 106
9900 34 99
9900 38 45
9900 38 95
9900 38 114
9900 38 113
9900 38 59
9900 38 120
9900 51 107
9900 52 75
9900 54 81
9900 59 99
9900 65 111
9900 65 106
9900 74 106
9900 81 99
9900 99 106
9900 99 114
10200 0 74
10200 1 57
10200 7 113
10200 7 59
10200 8 51
10200 11 54
10200 12 76
10200 12 106
10200 12 73
10200 12 61
10200 12 55
10200 12 17
10200 12 52
10200 15 34
10200 15 71
10200 18 34
10200 22 120
10200 22 55
10200 28 66
10200 33 76
10200 34 38
10200 34 59
10200 34 99
10200 34 113
10200 34 106
10200 34 51
10200 34 65
10200 34 115
10200 35 120
10200 38 95
10200 38 113
10200 38 120
10200 38 59
10200 38 73
10200 38 75
10200 53 76
10200 53 61
10200 55 114
10200 55 115
10200 59 99
10200 61 90
10200 73 75
10200 74 106
10200 83 94
10200 99 106
10200 99 114
10200 115 121
10500 7 113
10500 12 76
10500 12 73
10500 12 55
10500 12 17
10500 12 52
10500 12 53
10500 12 123
10500 12 118
10500 12 94
10500 12 113
10500 12 75
10500 12 48
10500 12 103
10500 12 106
10500 22 55
10500 28 66
10500 33 76
10500 34 106
10500 34 65
10500 35 59
10500 35 48
10500 35 76
10500 48 53
10500 52 106
10500 55 115
10500 61 106
10500 73 75
10500 74 106
10500 99 106
10500 106 114
10500 115 121
10800 7 17
10800 12 17
10800 12 55
10800 17 43
10800 34 65
10800 35 48
10800 35 66
10800 43 76
10800 43 89
10800 43 73
10800 46 86
10800 55 115
10800 55 82
10800 66 86
10800 74 106
11100 0 111
11100 2 122
11100 13 48
11100 13 109
11100 37 119
11100 43 76
11100 43 89
11100 43 82
11100 46 86
11100 48 117
11100 48 82
11100 48 57
11100 48 111
11100 48 119
11100 61 89
11100 74 106
11100 89 100
11100 89 122
11100 100 119
11400 2 82
11400 13 109
11400 13 83
11400 13 115
11400 20 57
11400 20 82
11400 21 63
11400 33 76
11400 37 119
11400 39 63
11400 43 82
11400 48 117
11400 57 100
11400 57 63
11400 61 89
11400 68 83
11400 71 89
11400 74 106
11400 80 89
11400 82 89
11400 82 83
11400 83 100
11400 83 125
11400 89 100
11400 89 122
11400 89 101
11400 89 125
11400 89 119
11400 100 119
11400 115 121
11700 2 82
11700 2 63
11700 9 41
11700 13 83
11700 13 115
11700 13 63
11700 13 125
11700 13 119
11700 20 82
11700 20 57
11700 26 63
11700 27 125
11700 28 116
11700 28 63
11700 28 41
11700 37 119
11700 44 100
11700 46 86
11700 63 125
11700 63 83
11700 63 68
11700 74 106
11700 89 101
11700 89 100
11700 100 119
11700 115 121
12000 5 32
12000 5 27
12000 5 44
12000 8 44
12000 9 41
12000 13 83
12000 20 27
12000 20 44
12000 20 28
12000 20 41
12000 20 79
12000 27 85
12000 28 116
12000 28 66
12000 28 78
12000 28 44
12000 37 119
12000 41 79
12000 44 68
12000 44 91
12000 44 45
12000 44 57
12000 46 86
12000 49 124
12000 54 57
12000 85 124
12000 89 122
12000 100 119
12300 5 27
12300 5 32
12300 5 44
12300 5 7
12300 27 85
12300 30 91
12300 34 65
12300 44 91
12300 48 117
12300 54 57
12300 68 85
12300 85 124
12600 5 32
12600 19 109
12600 30 91
12600 32 54
12600 34 65
12600 41 78
12600 69 90
12600 78 85
12600 80 89
12600 85 124
12900 5 7
12900 21 49
12900 30 91
12900 32 54
12900 34 65
12900 40 49
12900 41 78
12900 44 91
12900 68 85
12900 68 90
12900 78 85
12900 85 124
13200 5 7
13200 30 91
13200 32 54
13200 34 65
13200 43 64
13200 78 121
13200 78 102
13500 5 7
13500 30 91
13500 34 65
13500 43 64
13500 69 90
13500 78 102
13500 100 119
13800 30 91
13800 30 69
13800 30 62
13800 31 100
13800 32 54
13800 32 109
13800 34 65
13800 37 102
13800 43 64
13800 48 117
13800 69 90
14100 8 62
14100 30 62
14100 30 91
14100 31 100
14100 32 54
14100 34 65
14100 43 64
14100 62 94
14100 85 124
14400 8 62
14400 21 49
14400 21 62
14400 21 102
14400 24 62
14400 30 62
14400 31 100
14400 34 65
14400 37 102
14400 43 64
14400 62 94
14400 91 95
14700 4 27
14700 8 62
14700 21 62
14700 21 54
14700 30 69
14700 30 62
14700 32 54
14700 34 65
14700 43 64
14700 62 94
14700 91 95
15000 5 7
15000 8 62
15000 21 54
15000 34 65
15000 41 70
15000 43 64
15000 62 94
15000 69 90
15000 82 96
15000 95 100
15300 8 62
15300 21 54
15300 31 100
15300 34 65
15300 43 64
15300 69 90
15300 71 111
15300 72 111
15600 21 54
15600 32 54
15600 41 70
15600 43 64
15600 71 111
15600 72 111
15600 82 90
15900 5 11
15900 5 44
15900 5 18
15900 7 18
15900 7 72
15900 7 43
15900 9 66
15900 18 86
15900 24 62
15900 27 44
15900 34 101
15900 41 70
15900 44 91
15900 44 90
15900 65 91
15900 69 90
15900 71 111
15900 72 111
15900 82 90
15900 91 95
16200 3 33
16200 5 11
16200 7 18
16200 18 86
16200 27 44
16200 31 100
16200 31 103
16200 33 55
16200 33 103
16200 43 64
16200 44 90
16200 44 89
16200 55 86
16200 66 89
16200 71 111
16200 71 86
16200 72 111
16200 82 95
16200 86 103
16200 89 101
16200 89 103
16500 7 72
16500 19 79
16500 28 76
16500 31 103
16500 32 82
16500 37 76
16500 43 64
16500 67 76
16500 67 79
16500 71 111
16500 89 101
16800 12 32
16800 31 45
16800 32 45
16800 43 64
16800 44 90
16800 56 72
16800 56 67
16800 67 79
16800 67 72
17100 3 31
17100 12 56
17100 34 101
17100 38 125
17100 56 72
17100 67 79
17100 76 102
17100 89 101
17400 3 31
17400 3 57
17400 3 118
17400 6 118
17400 9 66
17400 16 101
17400 37 76
17400 46 97
17400 55 86
17400 62 75
17400 64 75
17400 67 79
17400 79 118
17400 89 101
17400 97 118
17400 105 119
17700 3 118
17700 3 6
17700 3 68
17700 8 68
17700 9 66
17700 9 68
17700 30 68
17700 32 75
17700 46 97
17700 56 68
17700 62 75
17700 68 76
17700 68 74
18000 3 6
18000 3 68
18000 3 31
18000 4 106
18000 4 82
18000 8 68
18000 12 66
18000 12 25
18000 25 86
18000 31 45
18000 46 97
18000 57 109
18000 68 74
18000 68 76
18000 68 106
18000 102 106
18300 3 6
18300 4 66
18300 4 93
18300 12 66
18300 16 93
18300 25 86
18300 25 55
18300 26 45
18300 26 93
18300 31 45
18300 46 97
18300 57 109
18300 68 76
18300 75 102
18300 93 96
18300 93 102
18300 93 97
18600 12 111
18600 12 15
18600 16 93
18600 16 26
18600 16 31
18600 16 111
18600 26 93
18600 46 97
18600 55 86
18600 57 111
18600 71 93
18600 86 111
18600 93 102
18600 93 97
18600 93 96
18600 111 117
18900 6 71
18900 12 111
18900 12 15
18900 16 93
18900 31 78
18900 46 57
18900 46 50
18900 46 76
18900 57 111
18900 64 86
18900 68 74
18900 86 111
18900 105 119
18900 111 117
19200 26 109
19200 31 78
19200 46 50
19200 46 57
19200 54 109
19200 57 111
19200 64 109
19200 65 99
19200 68 74
19200 101 109
19500 6 71
19500 11 97
19500 50 78
19500 57 111
19500 64 109
19500 71 119
19500 76 78
19500 83 101
19500 93 102
19500 101 109
19500 116 119
19800 4 26
19800 11 72
19800 25 61
19800 61 83
19800 61 92
19800 61 113
19800 64 109
19800 71 119
19800 73 110
19800 83 101
19800 101 109
19800 109 121
20100 2 119
20100 11 72
20100 11 97
20100 54 119
20100 61 83
20100 61 113
20100 61 79
20100 65 73
20100 68 119
20100 72 103
20100 73 95
20100 83 101
20400 2 117
20400 2 110
20400 2 20
20400 4 51
20400 11 72
20400 11 125
20400 12 87
20400 30 92
20400 30 100
20400 51 125
20400 54 119
20400 61 83
20400 73 125
20400 79 101
20400 79 110
20400 83 101
20400 92 125
20400 92 98
20700 2 117
20700 2 110
20700 2 17
20700 2 30
20700 2 3
20700 2 120
20700 2 68
20700 2 114
20700 3 121
20700 11 125
20700 20 68
20700 51 125
20700 54 119
20700 68 78
20700 72 83
20700 73 125
20700 73 117
20700 74 114
20700 79 110
20700 83 101
20700 92 125
20700 103 106
21000 0 84
21000 2 17
21000 2 114
21000 11 72
21000 17 26
21000 17 57
21000 26 116
21000 42 75
21000 49 116
21000 57 84
21000 57 109
21000 74 114
21000 79 110
21000 83 101
21300 14 68
21300 14 46
21300 14 36
21300 17 26
21300 17 57
21300 17 36
21300 26 116
21300 26 48
21300 26 36
21300 49 116
21300 74 114
21300 79 110
21300 79 84
21300 91 121
21300 91 101
21300 101 109
21600 2 30
21600 14 68
21600 14 36
21600 14 46
21600 14 122
21600 20 68
21600 26 36
21600 26 116
21600 30 84
21600 48 84
21600 48 108
21600 48 122
21600 57 84
21600 68 117
21600 74 114
21600 75 84
21600 84 120
21600 91 121
21600 101 109
21900 10 37
21900 14 46
21900 16 33
21900 17 57
21900 26 116
21900 26 48
21900 26 36
21900 26 67
21900 36 104
21900 46 48
21900 48 108
21900 48 122
21900 48 57
21900 48 63
21900 48 116
21900 57 117
21900 62 67
21900 75 104
21900 101 109
21900 103 108
22200 3 16
22200 10 37
22200 10 118
22200 10 74
22200 16 59
22200 26 67
22200 26 59
22200 37 115
22200 62 67
22200 74 86
22200 91 101
22500 4 118
22500 10 37
22500 16 59
22500 20 111
22500 22 59
22500 26 59
22500 26 67
22500 30 111
22500 30 124
22500 32 121
22500 36 121
22500 59 118
22500 59 68
22500 59 69
22500 59 121
22500 62 67
22500 86 115
22500 92 118
22500 96 118
22800 8 35
22800 8 79
22800 9 86
22800 10 30
22800 14 32
22800 15 30
22800 20 111
22800 22 40
22800 22 30
22800 24 40
22800 27 121
22800 27 37
22800 30 111
22800 36 121
22800 40 69
22800 59 118
22800 69 124
22800 74 86
22800 92 118
22800 104 117
23100 3 115
23100 8 35
23100 8 49
23100 8 47
23100 10 30
23100 27 37
23100 27 121
23100 27 118
23100 27 56
23100 92 118
23100 104 117
23400 3 66
23400 8 49
23400 8 47
23400 10 37
23400 10 72
23400 26 116
23400 27 49
23400 27 32
23400 91 101
23700 3 66
23700 5 115
23700 5 49
23700 5 87
23700 5 11
23700 5 121
23700 24 40
23700 27 32
23700 32 124
23700 40 69
23700 49 112
23700 91 101
23700 96 118
24000 5 115
24000 5 87
24000 5 11
24000 21 107
24000 24 40
24000 32 124
24000 42 98
24000 49 112
24000 91 101
24000 98 107
24300 5 87
24300 5 11
24300 8 47
24300 10 12
24300 10 98
24300 12 112
24300 12 106
24300 21 107
24300 42 98
24300 98 107
24300 106 115
24600 5 11
24600 10 72
24600 12 106
24600 12 98
24600 12 54
24600 15 85
24600 21 107
24600 24 66
24600 42 98
24600 54 66
24600 96 98
24600 98 107
24900 10 37
24900 12 54
24900 15 85
24900 21 85
24900 24 66
24900 35 85
24900 43 73
24900 43 53
24900 46 85
24900 54 78
24900 70 119
25200 16 66
25200 21 85
25200 24 66
25200 26 70
25200 54 78
25200 66 92
25200 70 121
25500 9 56
25500 15 46
25500 16 121
25500 21 85
25500 30 56
25500 32 124
25500 54 78
25500 56 121
25500 66 92
25800 4 46
25800 8 47
25800 9 56
25800 9 53
25800 15 46
25800 16 121
25800 21 56
25800 46 68
25800 48 68
25800 54 78
25800 68 73
26100 8 47
26100 8 21
26100 8 46
26100 16 121
26100 21 107
26100 21 43
26100 46 72
26100 48 73
26100 48 100
26100 48 74
26100 98 107
26400 6 75
26400 8 75
26400 8 9
26400 9 41
26400 16 121
26400 21 107
26400 41 116
26400 41 48
26400 41 47
26400 46 72
26400 48 73
26400 48 77
26700 8 9
26700 16 121
26700 21 107
26700 36 118
26700 41 116
26700 46 72
27000 21 107
27000 24 25
27000 48 74
27000 54 78
27300 8 75
27300 21 107
27300 48 74
27300 63 100
27600 16 121
27600 36 118
27600 54 78
27600 79 100
27900 54 78
27900 63 100
27900 71 110
27900 99 121
28200 63 100
28200 84 97
28500 18 84
28500 63 100
28500 75 97
28800 18 84
28800 76 114
29100 18 84
29100 63 100
29100 63 116
29400 18 84
29400 49 95
29400 63 100
29400 75 114
29400 75 90
29700 12 95
29700 18 84
29700 49 95
29700 50 114
30000 18 84
30000 49 95
30000 49 98
30300 2 123
30300 18 90
30300 35 123
30300 118 123
30600 0 119
30600 2 123
30600 14 119
30600 22 123
30600 22 112
30600 22 120
30600 22 119
30600 58 100
30600 118 123
30600 119 123
30900 2 123
30900 22 38
30900 22 112
30900 22 118
30900 58 100
30900 58 118
30900 61 112
30900 61 122
30900 112 122
31200 2 123
31200 26 58
31200 58 76
31200 64 84
31200 94 122
31500 2 123
31500 15 48
31500 15 22
31500 26 114
31500 58 76
31800 9 88
31800 9 44
31800 9 114
31800 15 48
31800 15 88
31800 15 91
31800 88 114
31800 88 89
31800 89 114
32100 2 123
32100 2 108
32100 9 88
32100 9 15
32100 15 88
32100 15 91
32100 15 48
32100 27 108
32100 46 77
32100 48 85
32100 79 88
32100 88 114
32100 88 108
32400 2 79
32400 11 13
32400 13 79
32400 46 77
32400 79 123
32700 2 79
32700 35 55
32700 35 47
32700 47 55
32700 47 70
32700 47 78
33000 5 90
33000 35 55
33000 35 47
33000 63 78
33000 78 90
33300 9 46
33300 11 46
33300 35 47
33300 35 55
33300 37 40
33300 37 46
33300 46 78
33300 63 78
33600 17 49
33600 35 55
33600 63 78
33600 111 119
33900 14 105
33900 33 111
33900 40 111
34200 6 121
34200 33 106
34200 35 47
34200 35 70
34500 6 121
34500 52 55
34800 11 50
34800 50 70
35400 28 95
35400 95 112
35700 2 80
36300 35 114
37200 77 116
38100 61 68
39300 44 107
39600 9 50
80700 16 31
80700 31 92
81000 80 92
81300 45 106
81900 40 59
82800 8 96
82800 36 100
82800 61 117
83100 32 36
83400 32 106
83700 32 106
84000 24 60
84000 24 48
84000 32 106
84000 36 63
84000 48 60
84300 32 106
84300 38 71
84300 48 60
84300 61 117
84600 32 106
84600 38 71
84600 48 60
84600 61 117
84600 61 70
84900 32 106
84900 38 71
84900 44 81
84900 61 117
84900 71 117
84900 88 116
85200 38 71
85200 44 81
85200 61 117
85200 88 116
85500 24 26
85500 38 71
85500 44 81
85500 61 117
85800 7 92
85800 7 17
85800 38 71
85800 44 81
85800 61 117
86100 7 92
86100 7 17
86100 7 30
86100 7 65
86100 7 40
86100 38 71
86100 44 81
86100 61 117
86400 7 17
86400 32 73
86400 38 71
86400 44 81
86400 61 117
86700 32 73
86700 38 71
86700 44 81
86700 88 116
87000 7 17
87000 32 73
87000 44 81
87000 80 119
87000 88 116
87300 32 73
87300 44 81
87300 80 115
87600 7 92
87600 23 82
87600 32 73
87600 44 81
87900 7 17
87900 7 99
87900 7 98
87900 17 98
87900 17 42
87900 19 99
87900 36 121
87900 43 99
87900 44 81
88200 1 7
88200 3 68
88200 3 7
88200 3 104
88200 17 98
88200 17 42
88200 17 104
88200 17 54
88200 36 121
88200 37 99
88200 43 99
88200 44 81
88200 54 99
88200 68 98
88200 76 107
88200 99 104
88500 1 7
88500 13 111
88500 17 54
88500 21 111
88500 21 95
88500 37 99
88500 40 111
88500 43 99
88500 43 77
88500 44 81
88500 44 111
88500 54 99
88500 56 111
88500 56 124
88500 65 111
88500 77 112
88500 79 104
88500 99 104
88800 1 7
88800 21 95
88800 21 111
88800 40 109
88800 43 53
88800 46 78
88800 53 56
88800 54 99
88800 54 92
88800 56 111
88800 56 124
88800 65 111
88800 65 103
88800 65 123
89100 0 123
89100 1 90
89100 21 95
89100 21 111
89100 21 122
89100 26 117
89100 43 53
89100 46 78
89100 46 105
89100 46 114
89100 51 122
89100 51 90
89100 53 112
89100 56 124
89100 65 103
89100 76 107
89100 101 114
89100 105 114
89100 114 122
89100 114 123
89400 0 123
89400 2 59
89400 21 95
89400 25 38
89400 25 90
89400 38 90
89400 43 53
89400 46 105
89400 46 51
89400 50 51
89400 51 90
89400 51 108
89400 56 124
89400 65 103
89400 68 90
89400 74 114
89400 77 122
89400 90 117
89400 90 113
89400 101 114
89400 104 124
89400 105 114
89400 114 123
89700 0 123
89700 2 59
89700 2 27
89700 2 105
89700 2 38
89700 19 112
89700 19 106
89700 19 64
89700 21 95
89700 32 113
89700 37 38
89700 38 90
89700 38 113
89700 38 123
89700 51 108
89700 56 124
89700 65 103
89700 74 114
89700 101 105
89700 104 124
89700 105 106
89700 106 123
89700 106 118
89700 106 113
89700 113 123
90000 2 27
90000 2 38
90000 19 106
90000 19 64
90000 19 112
90000 21 122
90000 27 62
90000 27 105
90000 32 113
90000 34 105
90000 38 113
90000 46 105
90000 52 70
90000 56 124
90000 65 103
90000 68 90
90000 71 106
90000 92 105
90000 101 105
90000 104 124
90000 105 106
90000 106 113
90000 113 123
90300 0 123
90300 12 38
90300 21 122
90300 27 105
90300 27 77
90300 27 120
90300 32 113
90300 34 106
90300 34 125
90300 34 38
90300 34 68
90300 34 122
90300 34 76
90300 37 38
90300 46 105
90300 51 108
90300 56 124
90300 65 103
90300 68 90
90300 68 77
90300 68 121
90300 104 124
90300 105 106
90300 106 125
90600 12 38
90600 13 106
90600 13 73
90600 13 34
90600 13 68
90600 27 77
90600 34 68
90600 34 122
90600 34 38
90600 34 50
90600 34 73
90600 37 38
90600 37 106
90600 42 72
90600 46 73
90600 50 73
90600 51 108
90600 64 73
90600 65 103
90600 68 77
90600 68 90
90600 68 121
90600 68 117
90600 73 89
90600 73 111
90600 76 107
90600 92 105
90600 104 124
90600 105 106
90900 0 123
90900 0 26
90900 13 73
90900 13 108
90900 13 64
90900 19 112
90900 19 116
90900 21 122
90900 34 73
90900 46 73
90900 47 77
90900 50 73
90900 51 108
90900 56 124
90900 64 73
90900 64 85
90900 65 103
90900 68 121
90900 73 111
90900 78 101
90900 93 116
91200 0 84
91200 4 6
91200 4 108
91200 4 93
91200 6 64
91200 13 108
91200 19 64
91200 19 112
91200 51 108
91200 64 85
91200 65 103
91200 68 121
91200 73 111
91200 79 109
91500 12 38
91500 19 112
91500 22 99
91500 41 88
91500 73 111
91500 78 119
91500 79 109
91800 16 60
91800 19 112
91800 24 111
91800 68 90
91800 73 111
91800 76 107
91800 79 109
91800 90 91
91800 92 117
92100 0 123
92100 16 60
92100 16 53
92100 21 30
92100 34 38
92100 37 38
92100 79 109
92400 18 32
92400 19 112
92400 37 38
92400 54 65
92400 65 103
92400 73 111
92400 79 109
92700 18 32
92700 19 112
92700 37 38
92700 53 94
92700 54 65
92700 73 111
92700 76 107
92700 79 109
93000 14 77
93000 14 78
93000 18 32
93000 24 53
93000 37 38
93000 37 77
93000 45 72
93000 46 112
93000 50 88
93000 79 109
93300 14 78
93300 18 32
93300 19 112
93300 37 38
93300 46 69
93300 50 88
93300 79 109
93600 0 123
93600 4 78
93600 4 68
93600 14 78
93600 18 32
93600 37 38
93600 50 88
93600 63 68
93600 79 109
93900 16 58
93900 18 32
93900 21 63
93900 21 30
93900 37 38
93900 46 112
93900 50 88
93900 60 117
93900 76 107
93900 79 109
93900 108 117
94200 6 62
94200 30 62
94200 37 38
94200 46 69
94200 46 112
94200 50 88
94200 79 109
94500 4 120
94500 14 78
94500 18 32
94500 24 53
94500 35 45
94500 37 38
94500 46 69
94500 50 88
94500 79 109
94500 118 120
94800 4 120
94800 14 78
94800 24 53
94800 37 38
94800 46 69
94800 50 88
95100 18 32
95100 23 60
95100 23 88
95100 24 53
95100 37 38
95100 41 53
95100 46 69
95100 53 83
95100 53 74
95100 56 60
95100 60 74
95100 84 97
95100 84 88
95400 2 49
95400 23 60
95400 37 38
95400 46 69
95400 49 103
95400 49 53
95400 49 83
95400 53 74
95400 53 83
95400 53 64
95400 53 77
95400 53 67
95400 56 60
95400 63 64
95400 67 80
95400 67 87
95400 84 97
95400 94 103
95400 116 123
95700 1 80
95700 1 22
95700 1 53
95700 1 116
95700 2 49
95700 2 77
95700 2 3
95700 2 4
95700 2 116
95700 2 22
95700 2 53
95700 2 93
95700 2 80
95700 2 29
95700 3 15
95700 4 15
95700 4 36
95700 4 116
95700 9 36
95700 36 80
95700 37 38
95700 41 53
95700 41 49
95700 41 93
95700 43 68
95700 46 69
95700 49 103
95700 49 53
95700 49 117
95700 53 67
95700 53 77
95700 53 64
95700 56 60
95700 60 74
95700 67 87
95700 77 120
95700 77 116
95700 87 102
95700 87 92
95700 87 93
96000 1 22
96000 1 45
96000 1 98
96000 1 77
96000 1 41
96000 2 93
96000 2 22
96000 2 77
96000 2 29
96000 3 15
96000 3 77
96000 3 27
96000 3 14
96000 3 102
96000 4 15
96000 4 36
96000 4 116
96000 4 22
96000 4 77
96000 4 87
96000 9 36
96000 14 78
96000 14 15
96000 14 22
96000 15 22
96000 15 56
96000 15 78
96000 15 42
96000 22 77
96000 22 87
96000 22 85
96000 36 102
96000 37 38
96000 41 87
96000 41 78
96000 43 68
96000 45 77
96000 46 69
96000 49 103
96000 50 88
96000 56 60
96000 78 102
96000 78 87
96000 87 92
96000 87 93
96000 87 102
96000 87 116
96300 1 45
96300 1 41
96300 1 79
96300 1 15
96300 1 27
96300 3 102
96300 3 14
96300 3 56
96300 4 36
96300 4 22
96300 4 87
96300 4 24
96300 6 68
96300 6 11
96300 9 36
96300 14 15
96300 15 56
96300 15 42
96300 15 78
96300 15 22
96300 15 125
96300 23 70
96300 24 79
96300 24 56
96300 24 70
96300 24 125
96300 24 27
96300 24 102
96300 24 61
96300 27 78
96300 36 102
96300 37 38
96300 41 78
96300 43 68
96300 45 77
96300 46 69
96300 50 88
96300 65 102
96300 70 80
96300 78 102
96300 78 87
96300 79 116
96300 82 93
96300 82 103
96300 102 116
96600 2 116
96600 2 29
96600 2 49
96600 4 24
96600 6 11
96600 24 70
96600 24 125
96600 24 102
96600 24 61
96600 24 27
96600 24 79
96600 24 78
96600 24 40
96600 24 99
96600 31 55
96600 37 38
96600 38 40
96600 40 59
96600 40 44
96600 41 78
96600 45 77
96600 46 69
96600 49 53
96600 50 88
96600 53 64
96600 59 78
96600 59 99
96600 59 68
96600 59 70
96600 64 76
96600 68 124
96600 70 80
96600 70 79
96600 77 116
96600 78 87
96600 78 102
96600 79 106
96600 102 116
96900 11 96
96900 11 34
96900 11 124
96900 11 86
96900 14 78
96900 14 22
96900 24 61
96900 27 44
96900 35 120
96900 38 40
96900 39 40
96900 40 59
96900 40 79
96900 40 120
96900 45 124
96900 59 68
96900 59 78
96900 59 70
96900 68 124
96900 70 80
96900 71 82
96900 79 124
96900 96 120
97200 10 76
97200 10 124
97200 10 59
97200 11 124
97200 24 61
97200 40 120
97200 44 120
97200 45 124
97200 50 88
97200 70 80
97200 71 82
97200 79 124
97200 96 120
97200 120 124
97500 4 87
97500 6 53
97500 9 86
97500 10 76
97500 10 124
97500 10 59
97500 10 42
97500 10 33
97500 15 42
97500 16 91
97500 16 86
97500 21 113
97500 24 61
97500 42 113
97500 42 91
97500 50 88
97500 91 105
97800 4 87
97800 5 46
97800 5 27
97800 5 91
97800 5 108
97800 5 7
97800 5 83
97800 10 33
97800 15 125
97800 15 46
97800 16 91
97800 16 108
97800 20 91
97800 20 113
97800 20 108
97800 42 91
97800 42 119
97800 46 69
97800 47 91
97800 91 108
97800 91 93
97800 91 113
98100 5 108
98100 5 7
98100 5 46
98100 5 83
98100 5 90
98100 5 71
98100 5 21
98100 15 33
98100 15 108
98100 15 93
98100 15 21
98100 16 91
98100 16 108
98100 20 108
98100 20 113
98100 20 46
98100 21 113
98100 21 77
98100 21 39
98100 21 33
98100 26 71
98100 27 33
98100 31 34
98100 33 34
98100 34 71
98100 39 40
98100 39 106
98100 39 114
98100 39 46
98100 42 119
98100 42 113
98100 46 69
98100 46 71
98100 46 108
98100 91 108
98100 108 113
98400 3 45
98400 5 90
98400 5 21
98400 5 7
98400 5 71
98400 5 108
98400 5 46
98400 5 83
98400 5 45
98400 5 37
98400 10 59
98400 14 110
98400 15 21
98400 15 34
98400 17 45
98400 17 32
98400 20 85
98400 21 77
98400 21 39
98400 21 89
98400 21 45
98400 26 71
98400 27 114
98400 31 34
98400 32 37
98400 33 37
98400 34 71
98400 34 85
98400 37 83
98400 39 106
98400 39 114
98400 39 46
98400 39 40
98400 45 71
98400 45 85
98400 45 101
98400 46 71
98400 71 83
98400 75 104
98700 4 87
98700 5 90
98700 7 40
98700 7 34
98700 10 59
98700 16 32
98700 20 85
98700 21 77
98700 27 40
98700 31 90
98700 34 85
98700 39 106
98700 67 85
98700 75 104
98700 91 93
99000 4 87
99000 6 20
99000 7 40
99000 14 110
99000 16 32
99000 20 85
99000 40 60
99000 47 91
99000 67 85
99000 75 104
99000 91 93
99300 7 40
99300 14 110
99300 17 45
99300 17 32
99300 27 121
99300 31 90
99300 31 76
99300 75 104
99300 106 116
99600 7 40
99600 7 34
99600 17 32
99600 17 24
99600 24 32
99600 31 76
99600 42 119
99600 47 91
99600 61 100
99600 75 104
99600 109 119
99900 7 40
99900 7 34
99900 14 110
99900 20 85
99900 24 32
99900 25 109
99900 31 76
99900 39 106
99900 42 119
99900 59 110
99900 75 104
99900 91 93
99900 109 119
100200 7 40
100200 17 32
100200 27 40
100200 31 76
100200 39 106
100200 42 119
100200 75 104
100200 94 119
100200 109 119
100500 2 44
100500 7 40
100500 7 34
100500 17 24
100500 20 90
100500 26 122
100500 39 106
100500 42 119
100500 61 100
100500 72 107
100500 75 104
100500 109 119
100800 7 40
100800 15 72
100800 17 24
100800 17 72
100800 25 27
100800 27 40
100800 39 106
100800 59 110
100800 72 107
100800 75 104
100800 109 119
101100 2 61
101100 2 72
101100 7 34
101100 7 40
101100 15 72
101100 27 40
101100 39 106
101100 46 72
101100 51 83
101100 72 107
101100 75 104
101100 109 119
101400 2 61
101400 7 34
101400 39 106
101400 44 57
101400 44 110
101400 51 57
101400 59 110
101400 72 107
101400 75 104
101400 109 119
101700 2 16
101700 26 122
101700 27 40
101700 32 51
101700 51 57
101700 59 110
101700 75 104
101700 85 86
101700 109 119
102000 2 61
102000 7 34
102000 16 93
102000 16 34
102000 26 122
102000 32 51
102000 32 42
102000 42 112
102000 75 104
102300 0 121
102300 4 27
102300 7 34
102300 16 34
102300 16 42
102300 25 27
102300 27 52
102300 34 40
102300 42 52
102300 44 52
102300 46 72
102300 75 104
102600 0 121
102600 0 83
102600 4 27
102600 25 27
102600 27 104
102600 27 83
102600 32 51
102600 34 96
102600 46 72
102600 75 104
102600 83 100
102600 95 112
102600 100 104
102900 0 121
102900 3 40
102900 27 104
102900 32 51
102900 32 38
102900 32 77
102900 38 40
102900 46 72
102900 77 94
102900 100 104
103200 0 121
103200 0 98
103200 0 16
103200 16 34
103200 32 38
103200 36 90
103200 46 72
103200 46 57
103200 47 117
103200 90 98
103200 100 104
103500 0 121
103500 0 16
103500 4 27
103500 25 90
103500 25 98
103500 25 32
103500 32 38
103500 36 102
103500 44 90
103500 46 72
103500 58 102
103500 75 102
103800 4 27
103800 25 90
103800 25 27
103800 25 82
103800 25 100
103800 38 67
103800 44 90
103800 46 72
103800 57 100
103800 83 100
103800 89 100
103800 100 104
104100 4 47
104100 4 96
104100 20 47
104100 20 102
104100 20 38
104100 34 96
104100 38 96
104100 42 100
104100 44 90
104100 46 72
104100 47 107
104100 57 100
104100 89 100
104100 91 96
104100 95 112
104400 9 40
104400 9 119
104400 19 54
104400 27 104
104400 30 46
104400 34 42
104400 34 46
104400 36 49
104400 40 75
104400 42 100
104400 44 90
104400 46 72
104400 46 112
104400 46 91
104400 57 78
104400 75 102
104400 89 100
104400 91 96
104700 7 102
104700 9 42
104700 30 46
104700 32 38
104700 34 42
104700 36 49
104700 36 123
104700 40 75
104700 40 57
104700 42 100
104700 46 112
104700 57 78
104700 61 98
104700 61 123
104700 103 123
104700 104 118
105000 1 97
105000 32 82
105000 36 49
105000 36 123
105000 57 78
105000 58 99
105000 61 123
105000 70 97
105000 75 82
105000 89 115
105000 97 99
105000 97 115
105000 103 123
105300 1 97
105300 7 102
105300 15 57
105300 23 78
105300 23 84
105300 23 35
105300 28 97
105300 32 82
105300 35 116
105300 35 54
105300 35 53
105300 36 123
105300 36 49
105300 46 112
105300 53 75
105300 61 123
105300 70 97
105300 75 82
105600 1 11
105600 7 102
105600 11 98
105600 28 104
105600 32 82
105600 35 53
105600 36 123
105600 54 61
105600 54 84
105600 61 123
105600 78 104
105600 91 96
105900 1 11
105900 11 98
105900 22 53
105900 32 82
105900 32 85
105900 35 104
105900 42 79
105900 45 53
105900 54 61
105900 75 82
105900 82 85
105900 85 96
106200 1 11
106200 1 116
106200 6 99
106200 6 78
106200 6 28
106200 7 102
106200 10 64
106200 11 98
106200 22 98
106200 28 53
106200 28 61
106200 32 82
106200 32 85
106200 35 116
106200 38 100
106200 78 84
106200 78 100
106200 82 85
106200 84 116
106200 109 124
106500 1 11
106500 6 28
106500 7 102
106500 9 96
106500 11 98
106500 22 98
106500 32 96
106500 32 45
106500 38 100
106500 45 53
106500 45 96
106500 45 85
106500 78 100
106500 89 115
106800 6 99
106800 7 102
106800 9 96
106800 9 71
106800 40 79
106800 40 45
106800 45 96
106800 62 102
106800 73 89
106800 78 100
106800 89 115
107100 1 11
107100 6 37
107100 6 120
107100 8 100
107100 29 102
107100 38 100
107100 57 124
107100 85 120
107100 89 115
107400 6 37
107400 8 51
107400 14 21
107400 22 53
107400 37 79
107400 40 79
107400 46 66
107400 52 53
107400 52 66
107400 53 98
107400 53 73
107400 73 122
107400 89 115
107700 8 51
107700 8 52
107700 9 52
107700 22 53
107700 22 117
107700 22 124
107700 41 103
107700 41 44
107700 44 53
107700 44 85
107700 44 82
107700 46 66
107700 52 53
107700 52 66
107700 52 103
108000 8 72
108000 8 9
108000 20 52
108000 20 53
108000 22 53
108000 28 72
108000 28 53
108000 28 41
108000 44 53
108000 44 82
108000 46 66
108000 52 66
108000 52 53
108000 72 117
108000 74 79
108000 89 115
108300 8 72
108300 14 108
108300 20 52
108300 20 53
108300 20 74
108300 20 103
108300 20 36
108300 20 115
108300 20 82
108300 22 75
108300 28 72
108300 28 103
108300 36 75
108300 44 53
108300 44 108
108300 46 75
108300 61 118
108300 74 103
108300 89 115
108300 103 108
108300 117 125
108600 14 108
108600 16 34
108600 20 74
108600 22 53
108600 32 108
108600 36 75
108600 41 44
108600 42 102
108600 44 108
108600 44 82
108600 66 98
108600 74 103
108600 85 98
108600 93 100
108900 9 93
108900 14 98
108900 20 74
108900 32 98
108900 32 84
108900 36 72
108900 47 99
108900 66 98
108900 68 93
108900 74 103
108900 84 121
108900 93 100
108900 93 95
108900 95 110
109200 8 72
109200 15 98
109200 25 89
109200 32 84
109200 44 108
109200 45 89
109200 45 95
109200 47 71
109200 72 93
109200 85 89
109200 115 119
109500 11 45
109500 25 89
109500 25 45
109500 25 123
109500 32 84
109500 36 85
109500 45 89
109500 45 95
109500 45 67
109500 47 71
109500 89 115
109500 89 104
109800 11 45
109800 25 104
109800 25 124
109800 41 81
109800 45 67
109800 47 71
109800 50 124
109800 50 81
109800 50 104
109800 63 106
109800 63 124
109800 73 104
109800 89 104
110100 22 124
110100 22 65
110100 25 104
110100 25 124
110100 25 123
110100 32 84
110100 36 75
110100 36 53
110100 41 89
110100 41 65
110100 50 124
110100 50 81
110100 50 125
110100 63 124
110100 65 73
110100 65 89
110100 89 95
110400 22 65
110400 22 124
110400 36 85
110400 36 75
110400 36 53
110400 41 89
110400 50 81
110400 63 106
110400 65 73
110400 65 89
110400 66 75
110400 75 88
110400 81 88
110400 89 115
110700 16 90
110700 21 78
110700 36 75
110700 50 81
110700 63 106
110700 66 104
110700 74 123
110700 75 88
110700 78 81
110700 81 88
110700 89 115
110700 112 123
111000 16 90
111000 21 78
111000 26 37
111000 26 99
111000 26 123
111000 26 78
111000 63 106
111000 78 81
111000 81 88
111000 99 110
111300 22 124
111300 22 65
111300 26 123
111300 29 98
111300 31 99
111300 71 98
111300 71 99
111300 74 123
111600 26 123
111600 26 112
111600 28 44
111600 28 90
111600 28 71
111600 29 98
111600 71 99
111600 74 123
111900 2 27
111900 7 77
111900 26 123
111900 27 61
111900 27 77
111900 27 62
111900 27 28
111900 28 90
111900 28 37
111900 31 62
111900 59 62
111900 61 62
112200 2 27
112200 2 71
112200 2 37
112200 7 77
112200 26 123
112200 27 77
112200 27 61
112200 27 62
112200 27 102
112200 27 55
112200 31 62
112200 34 39
112200 59 62
112200 62 71
112200 99 110
112500 1 34
112500 1 113
112500 8 28
112500 23 55
112500 23 34
112500 27 77
112500 27 102
112500 31 62
112500 31 51
112500 49 86
112500 57 86
112500 74 123
112800 1 113
112800 8 28
112800 77 111
113100 2 71
113100 2 37
113100 42 88
113400 7 77
113400 49 86
113400 57 86
113400 75 111
113700 20 74
113700 27 61
113700 49 86
113700 57 86
113700 96 99
114000 1 113
114000 2 71
114000 2 37
114000 27 77
114000 32 119
114000 58 96
114000 69 78
114300 2 37
114300 68 92
114300 69 78
114300 75 111
114600 37 110
114600 68 92
114900 68 92
115200 68 92
115200 71 113
115500 15 95
115500 68 92
115500 98 113
115800 34 120
115800 37 100
115800 68 92
115800 110 122
116100 34 120
116100 37 110
116100 41 47
116100 68 92
116400 34 120
116400 41 47
116400 68 92
116400 68 106
116400 71 105
116700 27 92
116700 41 47
116700 56 123
116700 62 123
116700 68 92
116700 76 108
116700 108 123
117000 1 102
117000 35 102
117000 41 47
117000 47 92
117000 56 123
117000 92 123
117000 108 119
117300 28 81
117300 28 46
117300 28 47
117300 41 47
117300 47 81
117300 81 116
117300 81 82
117300 108 119
117600 20 41
117600 20 88
117600 20 101
117600 28 46
117600 28 52
117600 53 88
117600 81 82
117600 81 116
117600 88 122
117900 25 122
117900 25 73
117900 49 88
117900 76 102
117900 76 122
117900 81 116
118200 9 29
118200 9 119
118200 9 76
118200 23 123
118200 23 119
118200 25 119
118500 52 57
118500 52 119
118800 27 52
118800 28 125
118800 43 52
118800 43 125
118800 52 119
118800 52 116
118800 92 125
119100 8 125
119100 43 77
119100 99 106
119100 106 125
119400 2 118
119400 2 114
119400 47 118
119400 51 118
119400 61 83
119400 118 120
119700 2 124
119700 21 26
119700 21 75
119700 21 120
119700 24 103
119700 46 63
119700 49 120
119700 51 75
119700 58 120
119700 61 83
119700 61 120
119700 63 120
119700 75 110
119700 92 125
119700 116 120
119700 124 125
120000 21 79
120000 21 63
120000 24 103
120000 34 74
120000 44 115
120000 46 63
120000 58 120
120000 59 61
120000 59 74
120000 61 63
120000 75 109
120000 80 86
120000 92 125
120300 24 103
120300 26 49
120300 34 74
120300 46 63
120300 83 110
120600 48 115
120600 58 74
120900 23 34
120900 24 103
120900 26 49
121200 14 92
121200 14 23
121200 23 34
121200 37 115
121800 23 34
122400 52 93
122700 35 73
123300 34 67
123300 67 73
123300 95 103
125100 18 52
125100 18 94
167100 51 95
167700 17 121
167700 47 121
167700 69 121
168000 0 22
168000 22 121
168000 47 121
168000 69 121
168300 0 84
168300 12 84
168300 47 121
168300 69 121
168600 0 84
168600 12 84
168600 12 105
168600 12 43
168600 30 84
168600 43 105
168600 84 105
168900 0 84
168900 23 60
168900 23 112
168900 30 84
168900 43 105
168900 60 105
168900 60 84
168900 84 105
169200 38 60
169200 60 84
169200 60 105
169200 84 105
169500 46 116
169500 60 105
170400 37 54
170700 37 54
170700 60 84
171000 37 54
171000 60 84
171300 20 37
171300 22 57
171300 37 54
171300 57 69
171600 13 106
171600 37 54
171900 60 84
171900 64 93
171900 77 93
171900 93 109
172200 60 84
172200 102 119
172500 33 54
172800 33 54
172800 57 67
173100 33 54
173100 60 84
173400 33 54
173400 60 84
173700 3 86
173700 21 41
173700 33 54
174000 33 54
174300 19 104
174300 26 62
174300 33 54
174300 37 39
174300 37 104
174300 53 104
174300 59 104
174600 0 100
174600 0 31
174600 0 28
174600 3 31
174600 19 104
174600 19 100
174600 19 31
174600 27 100
174600 31 100
174600 31 122
174600 31 105
174600 37 104
174600 37 39
174600 53 104
174600 100 104
174600 100 125
174600 100 118
174600 100 111
174600 100 122
174900 3 31
174900 14 42
174900 19 31
174900 19 100
174900 26 62
174900 31 100
174900 31 122
174900 31 105
174900 31 64
174900 31 37
174900 37 105
174900 37 118
174900 43 125
174900 43 118
174900 47 48
174900 73 118
174900 74 118
174900 100 118
174900 100 122
174900 105 118
175200 5 99
175200 19 100
175200 29 75
175200 37 118
175200 37 111
175200 37 43
175200 37 66
175200 43 56
175200 43 94
175200 56 77
175200 63 94
175200 63 99
175200 73 118
175200 96 116
175200 100 111
175200 100 125
175500 2 99
175500 2 64
175500 14 46
175500 31 64
175500 37 66
175500 43 56
175500 43 94
175500 46 89
175500 51 67
175500 51 94
175500 56 77
175500 57 99
175500 63 94
175500 63 121
175500 94 99
175800 2 99
175800 2 64
175800 2 103
175800 26 62
175800 26 103
175800 26 56
175800 26 72
175800 37 66
175800 41 58
175800 43 56
175800 56 103
175800 57 99
175800 58 103
175800 63 121
175800 63 103
175800 73 118
175800 94 99
175800 103 117
176100 2 103
176100 2 47
176100 26 103
176100 26 72
176100 26 56
176100 30 58
176100 37 66
176100 41 103
176100 48 103
176100 58 103
176100 63 103
176100 63 102
176100 73 118
176100 78 95
176100 103 117
176400 2 47
176400 17 58
176400 17 119
176400 26 62
176400 27 33
176400 27 119
176400 30 58
176400 33 119
176400 47 66
176400 47 89
176400 48 103
176400 58 119
176400 78 95
176700 3 61
176700 17 119
176700 33 119
176700 33 105
176700 47 66
176700 51 67
176700 51 94
176700 63 102
176700 89 91
176700 89 123
176700 90 93
176700 105 119
177000 3 61
177000 27 119
177000 31 64
177000 33 119
177000 33 105
177000 33 45
177000 39 45
177000 39 62
177000 39 42
177000 42 45
177000 51 67
177000 51 94
177000 96 111
177300 3 61
177300 9 120
177300 11 51
177300 17 72
177300 19 72
177300 19 71
177300 19 84
177300 19 67
177300 19 62
177300 26 72
177300 33 87
177300 39 62
177300 42 45
177300 45 71
177300 45 102
177300 47 66
177300 51 67
177300 51 120
177300 51 71
177300 60 91
177300 62 84
177300 62 71
177300 71 102
177300 71 72
177300 71 91
177300 89 123
177600 3 61
177600 3 72
177600 3 102
177600 4 72
177600 11 51
177600 11 87
177600 18 40
177600 19 71
177600 19 84
177600 29 97
177600 33 45
177600 33 62
177600 39 45
177600 42 45
177600 45 71
177600 45 102
177600 53 117
177600 59 111
177600 62 84
177600 62 71
177600 67 102
177600 71 102
177600 71 72
177600 72 117
177600 72 91
177600 78 95
177600 82 96
177600 84 120
177600 89 123
177600 96 111
177600 105 111
177900 3 61
177900 11 51
177900 47 66
177900 48 50
177900 59 111
177900 78 95
177900 82 96
177900 89 123
177900 105 119
178200 3 88
178200 27 119
178200 47 66
178200 48 50
178200 53 117
178200 60 88
178200 64 88
178200 78 95
178200 81 116
178200 82 96
178200 85 88
178200 89 123
178500 1 68
178500 15 112
178500 47 66
178500 48 50
178500 53 117
178500 78 95
178500 81 116
178500 82 96
178500 89 123
178800 3 72
178800 3 102
178800 15 112
178800 18 91
178800 39 45
178800 48 50
178800 78 95
178800 89 123
179100 15 112
179100 18 91
179100 30 68
179100 48 50
179100 53 117
179100 70 104
179100 78 95
179100 79 106
179100 89 123
179100 105 119
179400 11 95
179400 11 81
179400 11 26
179400 11 34
179400 15 112
179400 18 91
179400 48 50
179400 53 117
179400 78 95
179400 89 123
179700 1 68
179700 7 24
179700 18 91
179700 18 101
179700 24 25
179700 25 102
179700 48 50
179700 78 95
179700 89 123
180000 15 112
180000 18 91
180000 25 102
180000 39 121
180000 48 50
180000 48 115
180000 53 117
180000 78 95
180300 11 95
180300 18 91
180300 25 102
180300 73 92
180300 78 95
180300 89 123
180600 17 117
180600 18 91
180600 25 102
180600 48 50
180600 78 95
180600 89 123
180900 14 34
180900 18 91
180900 24 95
180900 25 102
180900 39 121
180900 48 50
180900 78 95
181200 14 34
181200 15 112
181200 18 91
181200 25 102
181200 46 111
181200 89 123
181500 0 102
181500 14 34
181500 15 112
181500 24 63
181500 24 68
181500 25 102
181500 45 63
181500 46 111
181500 46 102
181500 46 63
181500 48 50
181500 49 109
181500 55 63
181500 63 102
181500 86 98
181800 4 63
181800 10 119
181800 14 34
181800 15 68
181800 15 63
181800 15 16
181800 15 40
181800 15 48
181800 16 63
181800 19 63
181800 24 72
181800 24 106
181800 46 111
181800 46 63
181800 48 50
181800 57 63
181800 63 102
181800 63 119
181800 86 98
182100 0 102
182100 0 86
182100 1 40
182100 1 90
182100 1 68
182100 4 18
182100 7 102
182100 14 34
182100 15 63
182100 15 47
182100 15 35
182100 16 53
182100 16 125
182100 18 40
182100 18 102
182100 19 63
182100 24 95
182100 24 106
182100 40 119
182100 41 102
182100 41 45
182100 45 53
182100 45 90
182100 46 111
182100 47 79
182100 52 77
182100 52 102
182100 53 102
182100 73 86
182100 79 102
182100 95 125
182100 99 125
182100 119 125
182400 1 90
182400 1 68
182400 1 40
182400 1 119
182400 1 104
182400 1 25
182400 7 102
182400 15 35
182400 16 125
182400 16 112
182400 16 104
182400 25 52
182400 25 90
182400 31 90
182400 40 104
182400 40 53
182400 41 45
182400 41 102
182400 41 125
182400 45 90
182400 46 111
182400 47 112
182400 47 119
182400 47 104
182400 47 68
182400 52 77
182400 52 104
182400 63 119
182400 68 104
182400 86 104
182400 90 112
182400 90 104
182400 90 125
182400 95 125
182400 99 125
182400 104 112
182400 104 105
182400 104 114
182400 119 125
182700 2 25
182700 25 90
182700 39 105
182700 41 45
182700 41 102
182700 41 90
182700 46 63
182700 46 117
182700 47 112
182700 47 99
182700 51 105
182700 90 112
182700 90 104
182700 90 125
182700 105 112
182700 112 117
183000 3 62
183000 3 53
183000 5 62
183000 25 62
183000 32 54
183000 47 112
183000 48 50
183000 54 75
183000 54 74
183000 54 62
183000 56 62
183000 56 75
183000 62 75
183000 75 117
183000 103 117
183000 104 112
183000 112 117
183300 3 38
183300 3 56
183300 5 62
183300 7 56
183300 12 75
183300 12 56
183300 12 17
183300 17 54
183300 25 62
183300 32 54
183300 48 50
183300 49 75
183300 54 62
183300 54 75
183300 54 74
183300 54 56
183300 54 81
183300 56 62
183300 56 75
183300 56 81
183300 56 64
183300 56 117
183300 62 75
183300 62 81
183300 62 117
183300 67 74
183300 75 117
183300 75 96
183300 81 117
183300 95 117
183300 100 117
183600 3 7
183600 3 81
183600 4 27
183600 5 62
183600 7 26
183600 7 111
183600 7 97
183600 26 35
183600 26 91
183600 26 97
183600 26 110
183600 26 111
183600 26 66
183600 27 97
183600 27 111
183600 32 54
183600 35 110
183600 35 97
183600 35 111
183600 48 81
183600 56 81
183600 56 117
183600 62 81
183600 62 117
183600 66 73
183600 66 97
183600 81 117
183600 95 117
183600 97 101
183600 97 111
183600 97 117
183900 3 56
183900 3 38
183900 4 27
183900 5 111
183900 5 97
183900 7 97
183900 7 69
183900 12 57
183900 12 66
183900 25 62
183900 26 35
183900 26 97
183900 26 111
183900 26 66
183900 26 122
183900 26 32
183900 27 97
183900 27 111
183900 32 97
183900 35 97
183900 35 111
183900 35 110
183900 48 50
183900 66 73
183900 66 97
183900 97 111
183900 97 101
183900 97 117
183900 97 122
184200 5 7
184200 7 52
184200 13 27
184200 15 60
184200 15 111
184200 15 52
184200 26 66
184200 26 111
184200 35 111
184200 52 106
184200 52 78
184200 53 94
184200 53 124
184200 53 60
184200 54 74
184200 60 111
184200 66 73
184200 66 97
184200 66 111
184200 94 106
184200 97 111
184200 106 107
184200 111 114
184500 5 7
184500 5 61
184500 7 111
184500 13 27
184500 15 60
184500 15 52
184500 29 60
184500 37 89
184500 45 52
184500 48 50
184500 52 107
184500 52 53
184500 53 60
184500 53 124
184500 53 61
184500 60 111
184500 60 99
184500 60 122
184500 60 116
184500 60 84
184500 61 100
184500 61 93
184500 62 81
184500 74 99
184500 81 117
184500 93 100
184500 97 101
184800 0 74
184800 0 10
184800 0 19
184800 0 22
184800 5 61
184800 5 19
184800 5 93
184800 9 93
184800 9 10
184800 10 99
184800 10 19
184800 10 93
184800 16 29
184800 16 19
184800 19 89
184800 19 93
184800 34 41
184800 53 124
184800 61 93
184800 61 100
184800 81 93
184800 89 93
184800 97 101
185100 4 27
185100 9 10
185100 9 105
185100 12 57
185100 16 74
185100 27 97
185100 27 111
185100 52 106
185100 53 124
185100 106 107
185400 9 117
185400 13 27
185400 16 74
185400 37 89
185400 52 107
185400 74 99
185400 89 100
185400 100 101
185400 106 107
185700 3 107
185700 9 105
185700 16 74
185700 81 93
185700 81 117
186000 3 20
186000 32 117
186000 37 89
186000 81 117
186000 81 93
186000 81 115
186300 3 20
186300 69 81
186300 70 81
186300 81 115
186600 0 5
186600 10 104
186600 17 102
186600 81 115
186900 3 124
186900 10 104
186900 81 115
186900 100 101
187200 3 124
187200 10 104
187200 39 48
187200 72 93
187200 81 117
187200 100 124
187500 3 124
187500 10 104
187500 14 49
187500 100 101
187800 3 124
187800 14 49
187800 14 52
187800 17 102
187800 29 61
187800 81 115
188100 3 124
188100 14 49
188100 17 102
188100 19 64
188100 31 48
188400 14 49
188400 17 48
188400 19 64
188400 22 47
188400 100 101
188700 0 116
188700 17 48
188700 17 111
188700 29 116
188700 39 65
188700 39 116
188700 44 116
188700 49 116
188700 65 116
189000 0 116
189000 2 29
189000 7 29
189000 7 32
189000 29 65
189000 30 65
189000 44 116
189000 65 116
189300 22 47
189300 44 116
189300 45 72
189300 45 47
189300 45 52
189300 61 72
189300 72 86
189600 6 18
189600 16 113
189600 17 48
189600 18 79
189600 38 89
189600 44 116
189600 52 58
189600 81 113
189900 0 38
189900 0 94
189900 0 91
189900 2 29
189900 6 18
189900 7 29
189900 18 79
189900 29 47
189900 30 113
189900 45 47
189900 51 91
189900 81 113
189900 89 91
189900 91 113
189900 91 94
190200 0 38
190200 0 91
190200 0 4
190200 6 18
190200 13 80
190200 18 22
190200 21 80
190200 44 80
190200 45 80
190200 48 83
190200 89 91
190200 91 94
190200 91 113
190500 13 22
190500 16 21
190500 18 22
190500 18 120
190500 21 80
190500 22 46
190500 22 103
190500 45 80
190500 48 83
190500 54 93
190500 103 120
190800 6 53
190800 7 16
190800 15 66
190800 16 21
190800 16 46
190800 16 48
190800 17 48
190800 18 22
190800 22 46
190800 27 103
190800 38 89
190800 48 83
190800 72 86
190800 103 118
191100 0 38
191100 1 89
191100 1 7
191100 1 34
191100 2 29
191100 7 27
191100 12 105
191100 15 89
191100 17 48
191100 18 22
191100 18 89
191100 26 89
191100 30 105
191100 52 58
191400 1 34
191400 2 29
191400 3 49
191400 12 105
191400 15 89
191400 17 48
191400 39 68
191400 39 44
191400 49 105
191400 49 57
191400 68 98
191400 83 105
191700 2 29
191700 3 49
191700 12 105
191700 16 21
191700 17 48
191700 30 31
191700 30 57
191700 30 68
191700 37 40
191700 40 72
191700 72 91
192000 0 116
192000 0 21
192000 2 29
192000 3 49
192000 16 21
192000 16 116
192000 37 40
192000 40 72
192300 0 116
192300 3 49
192300 16 116
192300 30 32
192300 32 112
192300 32 33
192300 37 40
192300 37 77
192300 40 72
192600 0 116
192600 2 29
192600 2 32
192600 2 112
192600 13 112
192600 13 68
192600 14 112
192600 16 116
192600 30 32
192600 30 68
192600 30 57
192600 32 33
192600 37 40
192600 39 68
192600 57 112
192600 63 105
192600 77 112
192900 0 116
192900 2 63
192900 3 49
192900 13 112
192900 16 116
192900 16 45
192900 33 110
192900 37 113
192900 37 63
192900 40 72
192900 77 112
193200 3 49
193200 3 45
193200 37 63
193200 37 113
193200 40 72
193200 43 76
193200 43 94
193200 43 106
193200 49 109
193200 60 106
193200 84 96
193500 3 45
193500 3 106
193500 11 83
193500 14 47
193500 24 30
193500 33 110
193500 37 113
193500 37 63
193500 40 72
193500 42 57
193500 45 76
193500 57 106
193800 8 57
193800 8 84
193800 11 47
193800 11 57
193800 14 47
193800 15 57
193800 37 113
193800 43 76
193800 45 93
193800 45 95
193800 49 109
193800 76 95
193800 82 84
193800 93 106
194100 11 47
194100 24 30
194100 34 124
194100 37 63
194100 76 95
194100 82 95
194100 82 124
194100 88 125
194400 11 47
194400 11 57
194400 28 88
194400 28 37
194400 28 106
194400 37 63
194400 73 88
194400 82 124
194400 82 95
194400 88 124
194400 88 89
194400 88 113
194400 113 124
194700 2 52
194700 11 47
194700 11 57
194700 15 57
194700 35 88
194700 47 88
194700 56 88
194700 63 76
194700 74 76
194700 82 124
194700 85 88
194700 88 125
195000 2 85
195000 2 76
195000 2 16
195000 2 54
195000 2 19
195000 11 47
195000 43 85
195000 43 89
195000 63 76
195000 74 76
195000 76 106
195300 2 85
195300 2 16
195300 2 4
195300 4 16
195300 4 43
195300 11 57
195300 14 47
195300 16 47
195300 16 66
195300 18 113
195300 18 66
195300 18 101
195300 43 85
195300 43 89
195300 47 88
195300 66 91
195300 66 73
195300 66 101
195600 2 85
195600 4 34
195600 11 57
195600 14 35
195600 16 101
195600 18 66
195600 18 101
195600 18 91
195600 43 85
195600 43 89
195600 57 121
195600 66 73
195600 66 79
195600 66 119
195600 66 91
195600 72 91
195600 91 96
195600 91 124
195900 4 99
195900 14 35
195900 18 66
195900 28 37
195900 43 89
195900 52 66
195900 57 121
195900 66 79
195900 66 99
195900 72 91
195900 76 106
195900 91 124
196200 9 18
196200 14 35
196200 18 113
196200 18 28
196200 28 37
196200 43 89
196200 66 79
196200 72 91
196200 91 104
196200 99 116
196200 99 104
196500 9 18
196500 18 113
196500 28 37
196500 91 104
196500 99 116
196500 99 104
196500 104 116
196800 18 113
196800 24 27
196800 24 77
196800 24 83
196800 36 77
196800 37 77
197100 18 28
197100 24 27
197100 24 30
197100 30 64
197100 30 104
197100 30 82
197100 36 77
197100 37 77
197100 77 104
197100 82 83
197400 16 69
197400 17 69
197400 18 28
197400 36 77
197400 37 77
197400 82 104
197400 99 116
197700 16 69
197700 16 76
197700 17 69
197700 17 36
197700 37 79
197700 66 69
197700 69 99
197700 69 97
197700 76 119
197700 82 104
198000 0 31
198000 12 83
198000 31 101
198000 31 96
198000 31 85
198000 37 60
198000 37 85
198000 66 69
198000 69 99
198000 69 97
198300 0 31
198300 12 83
198300 17 101
198300 17 82
198300 28 104
198300 28 96
198300 31 101
198300 31 85
198300 31 96
198300 43 96
198300 52 101
198300 66 69
198300 66 96
198300 69 97
198600 0 31
198600 17 102
198600 52 101
198600 52 63
198600 52 85
198600 63 102
198600 69 97
198600 76 119
198900 14 85
198900 18 90
198900 43 96
198900 52 63
198900 52 101
198900 63 102
198900 63 97
198900 63 85
198900 63 90
198900 69 97
198900 90 101
199200 17 102
199200 28 104
199200 43 96
199200 90 101
199200 90 121
199500 67 82
199500 69 97
199500 82 112
199800 0 31
199800 18 90
199800 51 125
199800 67 82
199800 69 97
199800 82 112
200100 0 31
200100 46 60
200100 69 97
200100 82 112
200400 0 31
200400 43 96
200400 82 112
200400 89 107
200700 0 31
200700 9 56
200700 23 112
200700 29 56
200700 43 96
200700 82 112
201000 0 31
201000 43 96
201000 46 60
201000 56 93
201000 93 111
201000 98 119
201300 0 31
201300 2 93
201300 56 93
201300 71 104
201300 93 111
201300 93 121
201600 0 31
201600 43 96
201600 71 104
201600 96 118
201900 0 31
201900 43 96
201900 71 104
202200 0 31
202200 28 109
202200 43 96
202200 71 104
202500 0 31
202500 43 96
202500 71 104
202500 98 113
202800 43 96
202800 71 104
202800 98 113
203100 31 43
203100 36 71
203100 43 96
203100 43 104
203100 46 49
203100 48 125
203100 62 115
203100 98 113
203400 43 50
203400 49 96
203400 49 80
203400 62 115
203400 67 110
203400 70 92
203400 96 110
203400 98 113
203700 23 43
203700 43 50
203700 50 92
203700 50 70
203700 62 67
203700 67 110
203700 70 92
204000 22 98
204000 24 47
204000 25 47
204000 27 113
204000 47 89
204000 70 92
204000 105 119
204300 59 123
204300 59 105
204300 59 118
204300 65 81
204300 87 105
204600 52 123
204600 52 57
204600 65 81
204600 78 105
204900 24 102
204900 24 101
204900 27 117
204900 65 81
204900 81 123
204900 101 117
204900 102 117
205200 24 101
205200 24 102
205200 24 37
205200 24 109
205200 37 117
205200 101 117
205200 104 123
205500 11 123
205500 24 101
205500 34 75
205500 41 93
205500 53 122
205500 81 123
205800 11 123
205800 24 101
205800 53 111
205800 53 122
205800 53 86
205800 81 123
205800 111 114
206100 11 86
206100 25 86
206100 25 113
206100 53 122
206100 53 86
206100 74 86
206100 78 108
206100 86 122
206100 108 111
206400 24 101
206400 25 78
206400 34 78
206400 34 66
206400 34 81
206400 53 86
206400 66 78
206400 74 86
206400 75 78
206400 78 108
206400 78 117
206400 108 111
206700 34 78
206700 66 78
206700 75 78
206700 78 117
206700 101 113
207000 66 74
207000 74 86
207300 75 78
207300 75 117
208200 51 124
208500 48 124
208800 70 103
209100 48 119
209400 58 121
210300 25 45
213300 16 66
253500 27 79
253800 22 122
254400 31 67
255000 62 70
255300 7 57
255300 61 115
255600 6 7
255600 6 115
255600 6 108
255600 61 115
255900 61 115
256200 39 47
256200 39 102
256200 47 102
256200 57 102
256200 61 115
256500 39 102
256500 39 47
256500 57 102
256800 16 61
257100 39 102
257100 39 47
257700 47 78
258000 4 15
258000 47 78
258300 47 78
258600 27 75
258600 39 102
258600 39 75
258600 47 78
258600 78 108
258900 27 84
258900 27 50
258900 27 75
258900 39 102
258900 47 78
258900 74 75
259200 5 123
259200 27 50
259200 27 75
259200 39 102
259200 47 78
259500 27 50
259500 27 84
259500 47 78
259500 62 75
259800 27 84
259800 29 62
259800 39 102
259800 47 78
259800 62 75
260100 27 50
260100 27 84
260100 47 78
260100 49 69
260400 13 83
260400 27 84
260400 47 78
260400 49 69
260700 13 46
260700 13 68
260700 13 39
260700 13 102
260700 18 39
260700 18 84
260700 27 84
260700 33 46
260700 39 102
260700 39 50
260700 46 50
260700 46 102
260700 47 78
260700 49 69
260700 52 102
260700 68 96
260700 75 99
260700 76 107
260700 84 116
260700 107 113
261000 3 49
261000 5 84
261000 13 46
261000 13 39
261000 13 102
261000 13 68
261000 39 50
261000 42 50
261000 45 50
261000 46 50
261000 46 102
261000 47 78
261000 49 69
261000 52 102
261000 84 107
261300 3 49
261300 5 84
261300 18 67
261300 23 97
261300 23 42
261300 33 46
261300 49 69
261300 52 102
261300 67 86
261300 86 88
261300 86 124
261300 86 105
261300 105 120
261300 107 113
261600 3 49
261600 13 68
261600 33 46
261600 42 50
261600 45 86
261600 49 69
261600 62 113
261600 62 97
261600 67 86
261600 69 86
261600 86 105
261600 86 124
261600 86 88
261600 86 99
261600 86 106
261900 6 33
261900 18 84
261900 25 84
261900 33 46
261900 35 78
261900 49 69
261900 62 97
261900 78 80
261900 78 109
261900 80 108
261900 84 116
261900 84 110
261900 86 105
261900 86 99
261900 108 112
262200 3 49
262200 6 33
262200 18 25
262200 21 33
262200 25 98
262200 35 78
262200 41 110
262200 42 50
262200 49 69
262200 62 97
262200 63 119
262200 63 116
262200 63 110
262200 78 80
262200 80 108
262200 81 87
262200 86 124
262200 86 105
262200 97 120
262200 108 112
262500 6 33
262500 7 120
262500 18 84
262500 21 33
262500 22 124
262500 25 49
262500 26 59
262500 33 90
262500 49 119
262500 49 90
262500 49 87
262500 63 119
262500 63 110
262500 63 83
262500 81 87
262500 86 99
262500 87 120
262500 87 90
262500 87 117
262500 89 90
262500 90 96
262500 90 110
262500 90 119
262500 108 112
262500 108 119
262500 117 124
262800 3 110
262800 3 22
262800 4 9
262800 5 43
262800 9 22
262800 9 100
262800 9 98
262800 9 38
262800 22 124
262800 22 100
262800 22 92
262800 22 38
262800 22 82
262800 25 98
262800 38 100
262800 49 119
262800 53 122
262800 53 119
262800 62 97
262800 63 110
262800 63 113
262800 72 117
262800 81 87
262800 83 110
262800 86 99
262800 89 90
262800 90 110
262800 90 119
262800 108 112
262800 108 119
263100 3 22
263100 3 5
263100 3 87
263100 4 9
263100 5 16
263100 5 59
263100 5 39
263100 9 22
263100 9 38
263100 9 100
263100 9 83
263100 16 72
263100 16 73
263100 16 119
263100 22 100
263100 22 38
263100 22 82
263100 22 92
263100 22 124
263100 22 115
263100 25 98
263100 26 59
263100 26 83
263100 35 72
263100 38 100
263100 38 94
263100 39 50
263100 39 109
263100 48 50
263100 49 119
263100 50 115
263100 50 119
263100 62 97
263100 81 87
263100 83 115
263100 85 115
263100 87 117
263100 90 96
263100 90 119
263100 92 115
263100 92 111
263100 108 119
263100 117 124
263400 3 5
263400 3 40
263400 3 115
263400 5 16
263400 5 59
263400 5 39
263400 16 72
263400 16 60
263400 16 115
263400 17 38
263400 22 115
263400 22 38
263400 25 98
263400 26 59
263400 26 83
263400 28 97
263400 28 60
263400 28 50
263400 28 40
263400 28 115
263400 35 72
263400 38 94
263400 38 60
263400 39 50
263400 40 60
263400 40 111
263400 50 115
263400 50 119
263400 50 111
263400 60 92
263400 63 113
263400 83 115
263400 85 115
263400 87 117
263700 1 16
263700 15 69
263700 15 118
263700 16 73
263700 16 60
263700 16 111
263700 17 38
263700 17 31
263700 24 40
263700 25 98
263700 25 112
263700 28 37
263700 31 112
263700 31 118
263700 37 123
263700 38 60
263700 39 50
263700 39 109
263700 40 60
263700 40 111
263700 40 112
263700 41 112
263700 41 60
263700 50 119
263700 60 92
263700 65 89
263700 86 99
264000 11 66
264000 11 46
264000 11 92
264000 11 121
264000 14 19
264000 15 65
264000 16 111
264000 17 38
264000 17 31
264000 19 112
264000 19 113
264000 19 65
264000 19 41
264000 25 98
264000 28 37
264000 31 112
264000 32 41
264000 34 66
264000 35 72
264000 37 123
264000 37 41
264000 39 109
264000 40 112
264000 40 60
264000 40 111
264000 40 121
264000 41 112
264000 46 69
264000 62 97
264000 65 121
264000 65 109
264000 66 100
264000 66 121
264000 92 111
264300 17 38
264300 19 113
264300 28 37
264300 29 61
264300 31 112
264300 35 61
264300 37 41
264300 49 84
264300 62 97
264300 65 109
264300 87 117
264600 17 38
264600 29 61
264600 39 109
264600 46 69
264600 87 117
264600 97 103
264900 11 46
264900 27 67
264900 29 61
264900 30 88
264900 37 123
264900 46 69
264900 65 109
264900 67 88
264900 87 117
265200 4 11
265200 11 46
265200 19 113
265200 27 67
265200 87 117
265500 11 46
265500 27 67
265500 91 95
265500 91 116
265800 11 46
265800 12 15
265800 17 38
265800 17 74
265800 19 113
265800 20 102
265800 27 67
265800 39 74
265800 46 69
265800 91 95
266100 4 11
266100 11 46
266100 12 15
266100 12 115
266100 20 102
266100 27 67
266100 39 74
266100 40 61
266100 91 95
266400 2 107
266400 4 11
266400 11 46
266400 12 15
266400 20 102
266400 38 46
266400 44 55
266400 55 104
266400 64 93
266400 91 95
266400 95 104
266700 4 11
266700 11 46
266700 14 15
266700 17 74
266700 27 67
266700 79 87
266700 91 95
267000 4 11
267000 11 46
267000 20 102
267000 27 67
267000 37 67
267000 39 74
267000 78 121
267000 91 95
267300 3 72
267300 4 11
267300 11 46
267300 17 74
267300 19 53
267300 20 102
267300 35 72
267300 39 74
267300 52 116
267300 91 95
267300 95 104
267600 17 74
267600 18 63
267600 18 70
267600 19 53
267600 27 67
267600 39 74
267600 52 116
267600 63 70
267600 64 93
267900 10 69
267900 10 110
267900 18 63
267900 18 70
267900 20 102
267900 20 63
267900 26 110
267900 27 67
267900 33 63
267900 39 69
267900 39 105
267900 52 116
267900 64 93
267900 69 105
267900 69 70
267900 72 119
267900 95 106
268200 2 119
268200 10 69
268200 14 15
268200 18 70
268200 18 63
268200 18 97
268200 20 102
268200 20 38
268200 20 22
268200 22 58
268200 22 54
268200 25 36
268200 25 113
268200 25 69
268200 25 114
268200 26 110
268200 33 63
268200 33 105
268200 33 36
268200 39 105
268200 39 69
268200 54 114
268200 54 116
268200 58 119
268200 58 107
268200 58 70
268200 58 68
268200 62 113
268200 69 105
268200 69 70
268200 69 80
268200 72 119
268200 72 114
268200 102 113
268200 107 119
268500 2 26
268500 4 11
268500 4 86
268500 4 122
268500 4 113
268500 6 113
268500 14 86
268500 19 113
268500 20 38
268500 20 102
268500 20 22
268500 22 54
268500 25 113
268500 25 36
268500 25 54
268500 26 39
268500 26 113
268500 27 67
268500 32 58
268500 39 113
268500 39 58
268500 39 122
268500 39 119
268500 54 99
268500 54 58
268500 58 107
268500 58 119
268500 58 68
268500 58 99
268500 62 113
268500 63 91
268500 74 97
268500 83 122
268500 86 122
268500 86 119
268500 86 113
268500 91 95
268500 91 113
268500 92 113
268500 96 99
268500 107 119
268500 113 119
268800 4 86
268800 4 11
268800 4 113
268800 6 113
268800 9 86
268800 15 26
268800 16 86
268800 16 107
268800 16 19
268800 16 75
268800 17 74
268800 19 62
268800 19 91
268800 20 102
268800 22 80
268800 27 67
268800 39 113
268800 43 114
268800 53 91
268800 54 99
268800 58 68
268800 58 99
268800 62 83
268800 62 86
268800 63 86
268800 74 97
268800 74 91
268800 75 111
268800 83 122
268800 83 113
268800 83 86
268800 86 122
268800 86 113
268800 86 96
268800 91 113
268800 96 99
268800 96 122
268800 107 121
269100 4 11
269100 4 86
269100 4 113
269100 4 83
269100 9 86
269100 9 93
269100 16 75
269100 16 107
269100 16 19
269100 16 67
269100 19 53
269100 34 93
269100 35 50
269100 50 62
269100 50 52
269100 50 96
269100 51 56
269100 51 77
269100 52 116
269100 52 77
269100 52 56
269100 52 83
269100 52 61
269100 52 93
269100 52 67
269100 56 83
269100 58 68
269100 62 83
269100 67 83
269100 67 98
269100 67 77
269100 69 70
269100 74 97
269100 75 111
269100 83 93
269100 93 96
269400 9 93
269400 16 19
269400 16 67
269400 16 52
269400 16 56
269400 19 52
269400 19 62
269400 25 113
269400 27 67
269400 29 121
269400 34 93
269400 34 50
269400 35 50
269400 35 51
269400 35 62
269400 50 52
269400 51 56
269400 51 77
269400 51 62
269400 51 61
269400 51 52
269400 51 93
269400 51 96
269400 52 77
269400 52 93
269400 52 56
269400 52 67
269400 52 83
269400 52 78
269400 52 62
269400 52 75
269400 52 53
269400 52 89
269400 53 61
269400 56 83
269400 56 121
269400 56 61
269400 67 77
269400 67 98
269400 75 111
269400 93 96
269700 5 97
269700 5 94
269700 9 93
269700 12 93
269700 18 97
269700 23 41
269700 25 97
269700 29 93
269700 30 50
269700 30 77
269700 34 93
269700 35 51
269700 35 89
269700 35 94
269700 38 53
269700 38 89
269700 38 97
269700 38 81
269700 38 42
269700 42 53
269700 50 53
269700 50 121
269700 52 53
269700 52 93
269700 53 61
269700 53 94
269700 53 121
269700 75 111
269700 83 122
269700 89 94
269700 89 93
269700 89 97
269700 93 96
270000 5 97
270000 9 93
270000 11 123
270000 11 30
270000 11 38
270000 11 42
270000 11 100
270000 12 100
270000 12 47
270000 18 97
270000 18 94
270000 21 94
270000 21 23
270000 23 41
270000 23 94
270000 25 97
270000 30 89
270000 35 51
270000 38 97
270000 38 42
270000 38 89
270000 38 81
270000 38 61
270000 42 53
270000 42 123
270000 52 78
270000 53 94
270000 58 68
270000 75 111
270000 87 123
270000 88 97
270000 88 100
270000 88 89
270000 89 94
270000 89 97
270000 94 123
270000 97 100
270000 100 123
270000 122 125
270300 9 93
270300 11 123
270300 14 21
270300 18 94
270300 18 55
270300 18 118
270300 18 29
270300 21 23
270300 21 119
270300 23 94
270300 23 41
270300 23 42
270300 23 89
270300 38 89
270300 42 55
270300 44 68
270300 58 68
270300 68 111
270300 88 89
270300 88 97
270300 88 100
270300 89 94
270300 89 97
270300 122 125
270600 9 93
270600 12 44
270600 18 29
270600 18 21
270600 18 40
270600 18 87
270600 18 44
270600 21 119
270600 21 23
270600 21 54
270600 21 40
270600 21 78
270600 23 41
270600 23 44
270600 23 109
270600 23 55
270600 40 44
270600 41 91
270600 41 55
270600 44 55
270600 44 91
270600 44 81
270600 44 78
270600 54 63
270600 55 112
270600 66 110
270600 68 111
270600 88 109
270600 122 125
270900 9 93
270900 11 100
270900 11 42
270900 11 123
270900 12 100
270900 12 44
270900 15 45
270900 21 54
270900 21 23
270900 23 109
270900 23 44
270900 23 41
270900 23 45
270900 23 40
270900 40 44
270900 40 109
270900 40 119
270900 40 45
270900 40 91
270900 41 100
270900 44 81
270900 44 78
270900 44 91
270900 44 66
270900 44 45
270900 45 55
270900 45 119
270900 45 66
270900 51 96
270900 54 66
270900 55 112
270900 87 123
270900 88 109
270900 91 109
270900 100 123
271200 13 60
271200 13 45
271200 15 45
271200 18 40
271200 23 45
271200 23 41
271200 35 51
271200 40 119
271200 40 60
271200 40 86
271200 40 75
271200 41 45
271200 44 45
271200 45 119
271200 45 66
271200 45 54
271200 45 91
271200 51 109
271200 55 112
271200 60 75
271200 65 75
271200 75 104
271200 91 95
271200 95 109
271500 9 15
271500 13 60
271500 13 45
271500 35 51
271500 40 60
271500 45 54
271500 51 96
271500 60 75
271500 60 119
271500 65 75
271500 95 109
271500 95 119
271800 8 121
271800 11 48
271800 13 45
271800 13 121
271800 35 51
271800 60 119
271800 65 75
271800 95 109
271800 95 119
271800 119 121
272100 8 121
272100 11 48
272100 13 121
272100 15 121
272100 24 47
272100 35 51
272100 51 109
272100 60 119
272100 75 104
272100 95 119
272400 8 121
272400 9 24
272400 24 78
272400 35 51
272400 44 78
272400 60 78
272700 8 121
272700 13 45
272700 13 121
272700 16 78
272700 36 78
272700 44 78
273000 24 94
273000 44 78
273000 65 75
273300 9 71
273300 13 98
273300 35 51
273300 44 78
273300 84 108
