0 10 43
0 13 21
0 13 18
0 16 45
0 18 21
0 20 22
0 54 58
300 6 34
300 10 43
300 12 13
300 13 18
300 13 21
300 13 41
300 15 18
300 15 28
300 16 18
300 16 34
300 18 21
300 18 41
300 18 27
300 18 34
300 22 43
300 23 49
300 27 28
300 28 41
300 55 59
600 2 22
600 2 56
600 4 48
600 6 39
600 6 34
600 12 41
600 13 41
600 13 14
600 13 31
600 15 28
600 15 41
600 17 35
600 17 39
600 21 24
600 22 56
600 22 36
600 28 52
600 33 44
600 34 39
600 36 60
600 45 47
600 49 51
900 3 8
900 5 34
900 6 40
900 6 57
900 17 35
900 18 39
900 21 24
900 32 38
900 36 60
900 36 37
1200 3 8
1200 3 60
1200 5 34
1200 11 44
1200 17 35
1200 21 24
1200 32 38
1200 33 44
1200 36 60
1200 36 37
1200 49 51
1500 3 8
1500 17 35
1500 24 49
1500 36 37
1800 3 8
1800 18 39
1800 21 24
1800 32 51
1800 36 60
1800 49 51
2100 24 51
2100 27 45
2100 36 60
2100 49 51
2400 24 49
2400 36 60
2400 36 37
2400 49 51
2700 24 51
2700 36 60
3000 17 35
3000 24 51
3000 27 45
3000 36 60
3000 49 51
3300 24 38
3300 27 45
3300 36 60
3300 36 59
3300 49 51
3600 21 38
3600 24 49
3600 36 60
3600 36 37
3600 49 51
3900 3 8
3900 24 38
3900 24 49
3900 36 60
3900 49 51
4200 27 45
4200 36 60
4200 49 51
4500 3 8
4500 24 51
4500 36 37
4500 49 51
4800 3 8
4800 36 37
4800 36 60
5100 27 45
5100 36 60
5100 36 37
5100 49 51
5400 24 49
5400 27 45
5400 36 60
5400 36 37
5400 49 51
5700 36 37
6000 27 45
6300 3 8
6300 21 24
6300 21 51
6300 27 45
6300 36 37
6300 49 51
6600 3 8
6600 27 45
6600 36 60
6600 36 37
6600 49 51
6900 21 24
6900 24 49
6900 27 45
6900 36 60
6900 49 51
7200 3 8
7200 21 51
7200 24 46
7200 24 49
7200 27 45
7200 36 60
7200 36 37
7200 46 51
7200 49 51
7500 2 55
7500 2 37
7500 3 8
7500 3 60
7500 8 22
7500 19 37
7500 21 24
7500 21 51
7500 24 38
7500 30 55
7500 36 37
7800 0 58
7800 0 50
7800 0 40
7800 3 21
7800 11 37
7800 21 51
7800 32 51
8100 0 17
8100 2 26
8100 5 16
8100 6 13
8100 6 41
8100 8 41
8100 12 29
8100 12 14
8100 13 58
8100 13 41
8100 16 18
8100 16 34
8100 16 17
8100 16 35
8100 17 18
8100 17 45
8100 17 39
8100 18 34
8100 21 51
8100 28 51
8100 36 60
8100 39 45
8100 54 58
8400 0 27
8400 0 39
8400 5 35
8400 6 13
8400 6 41
8400 13 41
8400 14 31
8400 16 35
8400 16 45
8400 16 57
8400 17 39
8400 17 35
8400 21 51
8400 27 45
8400 27 34
8400 28 51
8400 29 52
8400 29 49
8700 5 34
8700 6 34
8700 12 28
8700 16 35
8700 17 57
8700 18 27
8700 21 51
8700 24 49
8700 27 35
8700 27 45
8700 29 31
8700 32 51
8700 38 51
8700 40 54
9000 12 15
9000 12 28
9000 15 38
9000 27 45
9000 28 38
9000 29 31
9600 12 28
9600 12 13
9600 13 41
9600 15 38
9600 29 31
9600 38 41
9900 12 28
9900 12 13
9900 29 31
10200 12 13
10200 13 41
10200 27 45
10200 29 31
10500 15 41
10500 27 45
10500 31 38
10800 12 41
10800 13 41
10800 31 38
11100 12 13
11100 13 41
11400 12 13
11700 12 13
11700 13 38
11700 14 15
12000 13 41
12000 14 15
12000 29 31
12300 12 41
12300 14 38
12600 12 13
12600 14 38
12900 12 13
12900 13 41
12900 15 38
13200 12 28
13200 12 41
13200 13 41
13200 13 38
13500 12 15
13500 14 15
13500 38 41
13800 12 28
13800 12 15
13800 14 15
13800 29 31
14100 12 15
14100 13 41
14100 14 15
14400 13 41
14400 14 15
14700 12 14
14700 12 15
14700 13 41
14700 14 15
15000 12 14
15000 13 41
15000 14 15
15000 15 41
15000 38 41
15300 13 15
15300 14 15
15600 0 58
15600 12 28
15600 14 15
15600 42 54
15600 50 58
15900 5 13
15900 13 41
15900 16 27
15900 50 58
16200 12 29
16200 12 31
16200 29 31
16500 29 31
16500 50 58
16800 15 42
16800 29 31
16800 42 58
17100 31 38
17100 51 54
17400 15 42
17400 29 31
17700 0 13
17700 13 41
18000 29 31
18000 31 38
18300 14 41
18300 29 31
18300 29 38
18300 32 51
18600 6 17
18600 13 41
18600 13 14
18600 14 41
18600 17 39
18600 29 38
18600 31 38
18900 0 45
18900 0 40
18900 5 6
18900 5 39
18900 6 39
18900 6 35
18900 13 41
18900 14 41
18900 18 35
18900 18 34
18900 29 31
18900 29 38
18900 31 38
18900 34 35
18900 34 39
18900 35 39
18900 40 52
19200 5 40
19200 6 17
19200 6 16
19200 6 18
19200 13 41
19200 14 41
19200 16 18
19200 18 35
19200 18 34
19200 29 31
19200 31 38
19200 34 35
19200 34 39
19200 40 52
19200 42 54
19500 0 40
19500 0 50
19500 5 39
19500 5 35
19500 5 16
19500 6 16
19500 6 34
19500 8 11
19500 14 41
19500 15 32
19500 16 57
19500 16 39
19500 16 35
19500 16 34
19500 16 18
19500 18 34
19500 31 38
19500 34 39
19500 34 35
19500 34 40
19500 35 39
19500 40 52
19800 0 40
19800 0 50
19800 5 39
19800 6 45
19800 6 27
19800 8 11
19800 13 41
19800 16 40
19800 18 34
19800 27 45
19800 34 35
20100 5 39
20100 5 17
20100 6 27
20100 6 45
20100 17 34
20100 17 39
20100 27 45
20100 45 47
20400 6 27
20400 6 45
20400 17 39
20400 17 18
20400 17 35
20400 17 34
20400 18 57
20400 18 34
20700 3 48
20700 5 40
20700 17 57
20700 17 18
20700 18 34
20700 24 49
20700 29 37
20700 40 47
21000 5 39
21000 5 27
21000 16 17
21000 16 27
21000 17 34
21000 17 39
21000 18 27
21000 24 49
21000 39 57
21300 5 50
21300 5 17
21300 6 39
21300 16 39
21300 16 17
21300 17 39
21300 27 39
21600 3 48
21600 5 39
21600 5 18
21600 6 17
21600 16 39
21600 17 39
21600 29 37
21900 5 17
21900 6 39
21900 6 18
21900 9 55
21900 16 18
21900 17 39
21900 17 18
21900 17 36
21900 18 21
21900 18 39
21900 24 32
21900 30 55
22200 5 16
22200 5 42
22200 6 39
22200 8 19
22200 9 55
22200 9 36
22200 15 32
22200 16 34
22200 16 26
22200 24 32
22200 29 46
22200 40 50
22500 6 50
22500 8 16
22500 10 43
22500 24 32
22500 49 60
22800 0 6
22800 2 43
22800 3 27
22800 4 14
22800 4 26
22800 4 33
22800 4 55
22800 4 16
22800 5 16
22800 9 16
22800 11 36
22800 16 27
22800 18 34
22800 18 21
22800 25 51
22800 25 31
22800 26 47
22800 28 51
22800 31 51
22800 32 51
22800 49 60
23100 3 22
23100 3 8
23100 5 6
23100 6 50
23100 6 39
23100 13 15
23100 14 29
23100 18 21
23100 18 29
23100 21 29
23100 25 31
23100 33 44
23100 49 60
23400 3 8
23400 10 22
23400 13 15
23400 14 25
23400 16 21
23400 16 26
23400 18 29
23400 25 31
23400 33 44
23400 41 52
23700 3 8
23700 13 15
23700 25 31
24000 3 8
24000 13 15
24000 25 31
24000 36 37
24300 3 8
24300 25 31
24300 36 37
24600 3 8
24600 13 15
24600 25 31
24600 36 60
24900 13 15
24900 21 46
24900 25 31
24900 36 60
25200 13 15
25200 21 46
25200 36 60
25500 3 8
25500 13 15
25500 21 46
25500 36 37
25800 3 4
25800 13 15
25800 21 46
25800 25 31
25800 36 37
26100 3 8
26100 13 15
26100 21 46
26100 25 31
26400 13 15
26400 14 31
26400 21 46
26400 25 31
26400 36 60
26700 3 8
26700 12 41
26700 13 15
26700 14 24
26700 21 46
26700 25 31
26700 36 60
27000 21 46
27000 23 24
27000 25 31
27000 36 60
27300 3 8
27300 3 4
27300 12 41
27300 21 46
27300 36 60
27600 21 46
27600 36 60
27600 36 37
27900 36 60
28200 3 4
28200 12 41
28200 13 51
28200 36 60
29100 3 8
29100 12 52
29400 3 8
29700 2 56
29700 3 8
29700 3 4
29700 13 51
29700 36 60
30000 2 56
30000 3 8
30000 3 60
30000 3 30
30000 4 60
30000 12 41
30000 12 49
30000 12 13
30000 13 51
30000 13 52
30000 15 51
30000 21 52
30000 25 31
30000 26 36
30000 28 31
30000 31 49
30000 31 52
30000 33 44
30000 36 60
30000 36 37
30000 40 58
30000 49 60
30000 52 55
30300 1 19
30300 2 11
30300 5 19
30300 24 49
30300 36 37
30300 49 60
30300 51 58
30600 14 34
30600 24 49
31200 15 59
31500 15 59
31800 15 59
32100 15 59
32400 15 59
33000 15 59
33600 38 59
33900 35 45
33900 38 51
33900 51 59
34200 6 17
34200 16 59
34200 16 27
34200 27 59
34200 28 51
34500 16 59
36000 14 46
36600 16 59
36900 16 59
37800 4 22
37800 16 27
86100 61 61
86100 53 53
86100 7 7
