0 1 57
0 1 63
0 2 108
0 4 21
0 4 57
0 5 97
0 5 109
0 9 22
0 11 92
0 14 74
0 16 60
0 17 81
0 18 33
0 20 79
0 21 49
0 21 101
0 24 111
0 25 97
0 33 88
0 35 59
0 36 58
0 37 66
0 39 59
0 39 61
0 39 91
0 43 68
0 43 58
0 44 87
0 49 117
0 51 77
0 51 88
0 59 92
0 59 110
0 76 104
0 78 110
0 85 111
0 95 102
0 104 116
300 1 57
300 1 63
300 1 79
300 1 91
300 2 108
300 4 21
300 4 57
300 11 92
300 14 74
300 14 111
300 17 49
300 21 49
300 24 111
300 25 97
300 36 58
300 39 61
300 39 109
300 39 102
300 40 43
300 43 58
300 44 87
300 49 117
300 51 77
300 85 111
600 1 63
600 1 57
600 2 108
600 4 57
600 14 74
600 17 49
600 21 49
600 24 111
600 25 97
600 39 61
600 39 102
600 39 109
600 40 43
600 43 58
600 43 79
600 44 87
600 51 77
600 104 116
900 1 57
900 1 63
900 1 79
900 2 108
900 4 57
900 11 21
900 14 74
900 17 49
900 25 97
900 28 101
900 39 102
900 43 79
900 43 58
900 51 77
900 51 116
900 104 116
1200 1 79
1200 1 57
1200 1 63
1200 2 108
1200 3 112
1200 4 57
1200 14 101
1200 17 49
1200 28 101
1200 32 74
1200 39 102
1200 48 72
1200 104 116
1500 1 57
1500 1 79
1500 3 112
1500 4 57
1500 14 101
1500 16 103
1500 17 49
1500 20 24
1500 22 37
1500 26 72
1500 28 101
1500 48 72
1500 62 72
1500 104 116
1800 1 79
1800 1 57
1800 9 20
1800 14 101
1800 16 103
1800 19 109
1800 20 24
1800 20 49
1800 26 72
1800 28 101
1800 48 72
1800 57 109
1800 62 72
1800 73 121
1800 79 81
1800 104 116
2100 1 79
2100 9 20
2100 14 101
2100 16 103
2100 19 109
2100 20 49
2100 28 101
2100 32 76
2100 44 66
2100 48 72
2100 69 109
2100 79 81
2100 91 109
2100 91 108
2400 14 101
2400 16 103
2400 19 109
2400 44 66
2400 44 92
2400 48 72
2400 69 109
2400 79 81
2400 91 108
2400 91 109
2400 107 111
2700 5 120
2700 10 93
2700 14 101
2700 44 66
2700 45 93
2700 48 72
2700 79 81
2700 91 108
2700 107 111
3000 5 120
3000 14 101
3000 18 65
3000 22 118
3000 23 93
3000 44 66
3000 49 90
3000 69 109
3000 77 111
3000 79 81
3000 87 118
3000 91 108
3300 8 121
3300 14 101
3300 16 20
3300 18 65
3300 22 118
3300 23 74
3300 33 93
3300 44 66
3300 46 85
3300 49 90
3300 65 79
3300 69 109
3300 91 108
3300 93 108
3600 8 121
3600 16 20
3600 25 96
3600 33 93
3600 44 66
3600 46 85
3600 49 90
3600 50 75
3600 69 109
3600 79 81
3600 87 118
3600 91 108
3600 93 108
3600 96 121
3900 8 121
3900 16 20
3900 25 96
3900 25 67
3900 46 85
3900 49 90
3900 50 75
3900 61 115
3900 70 76
3900 71 120
3900 85 94
3900 87 118
3900 91 108
3900 96 121
3900 97 120
4200 8 121
4200 33 93
4200 44 66
4200 46 85
4200 49 90
4200 50 75
4200 61 115
4200 69 109
4200 70 76
4200 71 120
4200 87 118
4200 91 108
4200 93 108
4500 8 121
4500 25 96
4500 44 66
4500 46 85
4500 49 90
4500 50 75
4500 61 115
4500 69 109
4500 70 76
4500 71 120
4500 85 94
4500 87 118
4500 96 121
4800 25 96
4800 33 93
4800 49 90
4800 61 115
4800 69 109
4800 71 120
4800 85 94
4800 87 118
4800 91 108
4800 93 108
4800 96 121
4800 108 111
5100 8 121
5100 9 20
5100 25 96
5100 33 93
5100 44 66
5100 48 115
5100 49 90
5100 61 115
5100 70 76
5100 71 120
5100 87 118
5100 91 108
5100 93 108
5100 96 121
5400 19 35
5400 25 96
5400 33 93
5400 44 66
5400 61 115
5400 70 76
5400 85 94
5400 87 118
5400 93 108
5400 96 121
5400 108 111
5700 19 35
5700 25 96
5700 44 66
5700 61 115
5700 71 120
5700 85 94
5700 87 118
5700 96 121
6000 15 93
6000 19 35
6000 33 93
6000 44 66
6000 57 103
6000 70 76
6000 71 120
6000 74 103
6000 85 94
6000 87 118
6000 96 121
6000 108 111
6300 9 57
6300 15 93
6300 19 35
6300 25 96
6300 33 93
6300 61 115
6300 70 76
6300 71 120
6300 74 103
6300 85 94
6300 108 111
6600 15 93
6600 19 35
6600 25 96
6600 44 66
6600 61 115
6600 71 120
6600 74 103
6600 87 118
6600 108 111
6900 1 52
6900 15 93
6900 19 35
6900 25 96
6900 33 93
6900 70 76
6900 71 120
6900 74 103
6900 85 94
6900 87 118
7200 12 86
7200 15 93
7200 15 95
7200 19 35
7200 25 96
7200 33 93
7200 44 66
7200 61 115
7200 70 76
7200 74 103
7200 80 119
7200 87 118
7500 12 86
7500 15 93
7500 19 35
7500 25 96
7500 33 93
7500 44 66
7500 61 115
7500 70 76
7500 76 87
7500 80 119
7500 85 94
7800 7 70
7800 12 86
7800 15 93
7800 34 119
7800 38 119
7800 38 65
7800 44 66
7800 61 115
7800 65 95
7800 70 76
7800 76 95
7800 76 85
7800 76 119
7800 80 119
7800 85 119
8100 7 65
8100 12 86
8100 12 65
8100 15 93
8100 15 38
8100 33 93
8100 33 98
8100 33 66
8100 33 65
8100 34 119
8100 34 44
8100 38 119
8100 38 114
8100 38 66
8100 44 79
8100 44 65
8100 51 94
8100 65 95
8100 76 119
8100 76 95
8100 80 119
8100 85 119
8400 12 86
8400 15 38
8400 29 51
8400 29 114
8400 29 60
8400 33 66
8400 33 98
8400 33 65
8400 33 93
8400 33 44
8400 34 44
8400 34 119
8400 38 119
8400 38 66
8400 38 114
8400 44 65
8400 51 94
8400 53 79
8400 53 86
8400 59 98
8400 60 93
8400 79 119
8400 80 119
8400 85 119
8400 93 119
8400 98 119
8700 5 21
8700 15 38
8700 16 38
8700 23 98
8700 29 114
8700 29 121
8700 33 66
8700 33 44
8700 33 65
8700 33 98
8700 33 93
8700 33 121
8700 38 66
8700 38 53
8700 38 58
8700 44 65
8700 44 60
8700 53 86
8700 53 79
8700 53 60
8700 59 98
8700 60 93
8700 79 119
8700 85 119
8700 98 119
9000 3 16
9000 5 21
9000 16 111
9000 19 30
9000 21 121
9000 21 48
9000 21 42
9000 23 98
9000 29 114
9000 29 121
9000 33 98
9000 33 121
9000 33 44
9000 41 94
9000 42 71
9000 44 65
9000 44 71
9000 48 53
9000 48 94
9000 53 86
9000 53 79
9000 59 98
9000 60 76
9000 85 119
9300 3 111
9300 3 119
9300 21 48
9300 21 42
9300 21 121
9300 21 87
9300 33 44
9300 42 71
9300 42 111
9300 44 71
9300 44 65
9300 44 104
9300 48 53
9300 48 94
9300 48 99
9300 53 86
9300 53 79
9300 53 60
9300 76 99
9600 1 99
9600 2 79
9600 3 111
9600 5 21
9600 5 52
9600 5 87
9600 5 111
9600 5 79
9600 31 44
9600 33 44
9600 37 99
9600 42 111
9600 44 71
9600 44 65
9600 44 104
9600 48 94
9600 48 53
9600 48 86
9600 53 86
9600 53 79
9600 57 79
9600 63 86
9600 65 114
9600 76 99
9600 79 114
9600 97 111
9900 1 99
9900 2 79
9900 5 79
9900 5 97
9900 5 65
9900 18 114
9900 21 48
9900 31 44
9900 31 69
9900 33 44
9900 36 111
9900 36 114
9900 36 86
9900 37 99
9900 44 65
9900 44 71
9900 44 76
9900 48 86
9900 57 79
9900 65 114
9900 65 97
9900 69 76
9900 70 97
9900 76 99
9900 76 86
9900 76 114
9900 99 111
10200 1 99
10200 5 65
10200 5 111
10200 5 97
10200 21 92
10200 33 64
10200 36 111
10200 36 114
10200 36 86
10200 36 57
10200 37 99
10200 42 111
10200 44 71
10200 44 76
10200 44 65
10200 48 94
10200 48 86
10200 57 79
10200 65 97
10200 66 82
10200 66 97
10200 69 76
10200 70 97
10200 76 99
10200 76 86
10200 84 99
10200 97 111
10200 99 111
10500 1 99
10500 5 97
10500 5 111
10500 5 110
10500 15 66
10500 18 114
10500 21 48
10500 21 111
10500 33 44
10500 33 117
10500 35 92
10500 36 86
10500 36 111
10500 36 114
10500 37 99
10500 37 120
10500 37 94
10500 37 66
10500 37 74
10500 66 82
10500 66 88
10500 66 79
10500 66 84
10500 70 97
10500 92 103
10500 97 111
10800 4 103
10800 5 110
10800 5 111
10800 5 71
10800 15 66
10800 17 35
10800 21 48
10800 21 111
10800 21 92
10800 36 111
10800 37 94
10800 37 74
10800 37 66
10800 62 120
10800 62 92
10800 66 97
10800 66 82
10800 66 84
10800 66 88
10800 70 97
10800 97 111
11100 4 103
11100 4 62
11100 5 110
11100 5 111
11100 15 66
11100 29 62
11100 33 117
11100 33 111
11100 36 111
11100 37 74
11100 37 94
11100 52 84
11100 62 120
11100 62 111
11100 62 84
11100 66 97
11100 70 97
11100 84 115
11100 84 97
11100 111 115
11400 6 52
11400 6 81
11400 52 84
11400 84 115
11400 111 115
11700 6 52
12600 30 112
12900 30 104
13500 72 115
15000 3 105
15000 9 20
15000 51 90
15300 5 28
15300 9 116
15300 9 118
15300 17 118
15300 42 94
15600 6 89
15600 83 89
15600 103 118
15900 4 24
15900 24 33
15900 33 88
16200 0 109
16200 63 77
16200 77 119
16500 17 37
16500 25 104
16500 30 111
16500 37 104
16800 6 87
16800 15 33
16800 25 104
16800 87 100
17100 8 10
17100 21 53
17100 31 87
17100 51 87
17100 87 96
17400 8 10
17400 12 20
17400 12 44
17400 14 42
17400 20 49
17400 21 53
17400 23 112
17400 23 44
17400 51 87
17700 1 49
17700 3 54
17700 14 42
17700 42 49
17700 42 118
17700 42 94
17700 42 65
17700 80 107
17700 114 118
18000 1 49
18000 1 118
18000 1 117
18000 1 85
18000 13 118
18000 16 54
18000 54 118
18300 1 118
18300 1 117
18300 5 72
18300 7 27
18300 13 118
18300 47 117
18300 68 117
18300 72 117
18600 1 118
18600 1 49
18600 1 85
18600 1 52
18600 3 70
18600 3 68
18600 3 72
18600 5 72
18600 5 118
18600 7 118
18600 12 31
18600 13 118
18600 15 102
18600 26 63
18600 26 49
18600 26 103
18600 51 72
18600 52 118
18600 72 117
18600 103 118
18900 1 117
18900 1 85
18900 3 68
18900 3 72
18900 3 70
18900 3 49
18900 3 90
18900 3 35
18900 3 27
18900 5 72
18900 7 118
18900 7 68
18900 7 70
18900 12 31
18900 12 15
18900 13 118
18900 15 102
18900 15 103
18900 26 103
18900 26 49
18900 26 63
18900 28 49
18900 51 72
18900 51 52
18900 52 118
18900 52 107
18900 72 117
18900 76 118
18900 83 93
18900 103 118
18900 103 107
19200 1 85
19200 1 52
19200 1 118
19200 1 36
19200 3 27
19200 3 90
19200 3 35
19200 3 21
19200 3 9
19200 7 68
19200 12 31
19200 12 15
19200 15 103
19200 15 107
19200 15 28
19200 52 107
19200 76 118
19200 83 110
19200 87 107
19200 99 116
19200 103 118
19200 103 107
19200 107 117
19500 1 52
19500 1 117
19500 1 118
19500 1 36
19500 3 9
19500 3 21
19500 3 27
19500 7 28
19500 7 18
19500 9 43
19500 9 15
19500 12 31
19500 12 59
19500 13 118
19500 15 107
19500 15 103
19500 15 28
19500 17 59
19500 17 36
19500 28 49
19500 28 55
19500 40 77
19500 47 59
19500 52 118
19500 63 118
19500 76 118
19500 77 93
19500 83 93
19500 87 107
19500 103 107
19500 103 118
19800 1 118
19800 1 52
19800 1 116
19800 3 35
19800 3 21
19800 7 68
19800 7 59
19800 9 43
19800 9 15
19800 12 31
19800 12 59
19800 12 93
19800 13 87
19800 13 15
19800 13 76
19800 13 59
19800 13 25
19800 15 107
19800 15 28
19800 15 103
19800 17 59
19800 21 49
19800 28 55
19800 40 77
19800 47 59
19800 52 93
19800 59 93
19800 77 93
19800 83 110
19800 83 93
19800 93 105
20100 1 118
20100 1 116
20100 1 52
20100 1 68
20100 1 28
20100 3 21
20100 7 28
20100 9 15
20100 9 43
20100 9 107
20100 9 93
20100 9 90
20100 9 18
20100 12 93
20100 17 59
20100 18 116
20100 21 49
20100 23 105
20100 28 105
20100 40 77
20100 52 93
20100 52 85
20100 63 110
20100 63 104
20100 68 104
20100 68 105
20100 68 76
20100 68 107
20100 68 98
20100 76 105
20100 76 103
20100 77 93
20100 83 110
20100 83 93
20100 85 105
20100 103 110
20100 104 116
20100 105 113
20400 1 118
20400 1 52
20400 1 68
20400 3 21
20400 7 28
20400 9 18
20400 9 43
20400 9 107
20400 9 93
20400 9 101
20400 9 72
20400 12 113
20400 13 76
20400 15 28
20400 15 107
20400 17 59
20400 18 116
20400 18 63
20400 18 81
20400 23 105
20400 28 105
20400 36 92
20400 40 77
20400 52 85
20400 55 85
20400 63 104
20400 63 110
20400 63 107
20400 63 118
20400 65 85
20400 68 98
20400 68 105
20400 68 104
20400 68 107
20400 68 76
20400 76 103
20400 83 110
20400 85 105
20400 104 118
20400 105 113
20700 1 116
20700 3 21
20700 9 107
20700 9 18
20700 9 43
20700 9 90
20700 12 113
20700 12 48
20700 12 101
20700 12 37
20700 15 107
20700 15 116
20700 18 116
20700 18 63
20700 23 105
20700 23 110
20700 23 52
20700 36 92
20700 40 77
20700 46 110
20700 50 110
20700 50 52
20700 52 110
20700 52 116
20700 55 85
20700 63 107
20700 63 110
20700 65 85
20700 66 92
20700 77 93
20700 83 110
20700 85 105
20700 104 116
20700 104 118
21000 1 52
21000 1 116
21000 1 68
21000 1 118
21000 3 21
21000 6 74
21000 7 66
21000 9 18
21000 9 101
21000 9 93
21000 12 101
21000 12 37
21000 12 48
21000 12 113
21000 12 17
21000 12 98
21000 15 107
21000 15 112
21000 18 63
21000 18 81
21000 18 116
21000 23 110
21000 23 52
21000 28 66
21000 36 92
21000 50 52
21000 52 116
21000 55 85
21000 55 93
21000 55 69
21000 56 101
21000 56 66
21000 60 121
21000 63 118
21000 65 85
21000 66 101
21000 66 118
21000 66 112
21000 74 110
21000 77 93
21000 85 105
21000 93 118
21000 93 110
21000 101 112
21000 104 118
21000 104 116
21000 105 113
21300 0 74
21300 1 68
21300 1 118
21300 3 21
21300 6 74
21300 9 101
21300 9 93
21300 9 15
21300 12 98
21300 12 48
21300 12 37
21300 15 116
21300 18 63
21300 23 52
21300 23 43
21300 23 105
21300 23 37
21300 23 107
21300 28 66
21300 28 48
21300 36 92
21300 36 37
21300 36 38
21300 36 116
21300 37 107
21300 40 77
21300 50 52
21300 52 116
21300 52 74
21300 55 69
21300 56 101
21300 56 66
21300 63 118
21300 66 101
21300 66 118
21300 93 110
21300 93 118
21600 1 68
21600 1 105
21600 5 116
21600 6 74
21600 6 105
21600 6 81
21600 9 18
21600 12 98
21600 12 37
21600 15 116
21600 15 17
21600 18 81
21600 18 63
21600 23 52
21600 23 43
21600 23 105
21600 28 48
21600 36 116
21600 36 38
21600 38 113
21600 38 105
21600 42 105
21600 50 52
21600 52 116
21600 52 121
21600 55 85
21600 55 69
21600 55 93
21600 55 68
21600 55 96
21600 60 68
21600 61 110
21600 63 118
21600 70 105
21600 85 105
21600 94 105
21600 104 118
21600 104 105
21600 105 113
21600 110 118
21900 0 107
21900 1 113
21900 3 104
21900 5 116
21900 6 105
21900 7 88
21900 8 71
21900 9 15
21900 9 93
21900 10 85
21900 12 37
21900 12 98
21900 12 113
21900 12 121
21900 12 66
21900 12 36
21900 15 81
21900 17 57
21900 18 63
21900 21 107
21900 23 52
21900 23 43
21900 23 37
21900 36 37
21900 36 74
21900 37 107
21900 38 113
21900 38 105
21900 40 77
21900 41 42
21900 42 50
21900 50 52
21900 50 70
21900 50 74
21900 52 121
21900 55 96
21900 55 85
21900 60 68
21900 61 110
21900 70 105
21900 70 94
21900 78 104
21900 81 102
21900 81 113
21900 81 92
21900 85 90
21900 93 110
21900 93 118
21900 104 105
21900 105 113
21900 110 118
21900 113 118
22200 0 107
22200 5 116
22200 6 77
22200 7 118
22200 7 90
22200 9 15
22200 9 18
22200 12 98
22200 17 57
22200 18 63
22200 18 81
22200 18 121
22200 21 107
22200 26 67
22200 37 107
22200 38 66
22200 40 70
22200 42 50
22200 47 107
22200 50 70
22200 55 85
22200 55 68
22200 55 96
22200 61 110
22200 64 107
22200 68 107
22200 70 110
22200 78 110
22200 78 90
22200 85 105
22200 93 118
22200 104 118
22200 107 118
22200 110 118
22200 113 118
22500 0 107
22500 1 113
22500 1 45
22500 1 120
22500 5 116
22500 6 77
22500 9 93
22500 9 15
22500 9 18
22500 12 98
22500 17 60
22500 17 102
22500 22 45
22500 26 67
22500 28 87
22500 37 107
22500 38 107
22500 38 90
22500 40 70
22500 42 50
22500 45 102
22500 47 107
22500 50 70
22500 51 81
22500 55 96
22500 55 93
22500 56 78
22500 60 68
22500 63 67
22500 64 107
22500 68 107
22500 70 110
22500 81 102
22500 85 105
22500 88 104
22500 93 110
22500 97 120
22500 107 118
22800 0 4
22800 0 120
22800 4 11
22800 5 116
22800 9 93
22800 9 18
22800 9 95
22800 12 98
22800 17 102
22800 25 60
22800 25 102
22800 26 67
22800 39 60
22800 39 104
22800 40 70
22800 42 67
22800 42 110
22800 45 102
22800 47 107
22800 55 93
22800 56 102
22800 60 68
22800 61 110
22800 61 82
22800 63 67
22800 64 107
22800 68 102
22800 79 89
22800 81 102
22800 88 104
22800 88 95
22800 89 110
22800 93 110
22800 95 102
22800 97 120
23100 1 45
23100 4 39
23100 4 22
23100 9 93
23100 9 18
23100 17 102
23100 17 58
23100 18 37
23100 18 116
23100 19 92
23100 22 45
23100 25 102
23100 25 67
23100 26 67
23100 31 50
23100 32 102
23100 37 107
23100 43 71
23100 43 45
23100 45 102
23100 47 107
23100 50 70
23100 55 93
23100 55 104
23100 56 102
23100 60 68
23100 61 82
23100 61 110
23100 61 70
23100 63 67
23100 67 96
23100 68 102
23100 68 107
23100 79 89
23100 81 102
23100 88 96
23100 89 110
23100 89 116
23100 97 120
23400 1 45
23400 1 55
23400 3 60
23400 4 22
23400 4 39
23400 9 18
23400 12 98
23400 17 80
23400 19 92
23400 22 45
23400 22 50
23400 39 60
23400 42 67
23400 43 45
23400 43 119
23400 50 70
23400 55 104
23400 61 82
23400 61 110
23400 61 112
23400 63 67
23400 64 107
23400 68 107
23400 85 93
23400 89 110
23400 95 112
23400 97 120
23400 98 113
23700 3 60
23700 4 22
23700 9 18
23700 11 15
23700 14 68
23700 17 67
23700 18 37
23700 18 116
23700 18 89
23700 21 38
23700 22 45
23700 22 26
23700 25 102
23700 26 27
23700 27 82
23700 27 96
23700 27 38
23700 27 29
23700 27 70
23700 27 74
23700 29 60
23700 32 102
23700 32 95
23700 42 67
23700 43 104
23700 43 65
23700 45 102
23700 55 104
23700 56 102
23700 60 68
23700 61 70
23700 64 107
23700 65 67
23700 68 102
23700 74 95
23700 79 89
23700 81 102
23700 87 112
23700 88 96
23700 89 116
23700 97 120
24000 1 55
24000 4 22
24000 9 18
24000 12 98
24000 17 67
24000 18 116
24000 18 89
24000 18 37
24000 18 61
24000 18 52
24000 21 38
24000 22 26
24000 22 113
24000 27 74
24000 27 38
24000 29 89
24000 29 114
24000 39 60
24000 42 67
24000 43 65
24000 45 102
24000 55 89
24000 64 107
24000 64 104
24000 64 89
24000 65 67
24000 65 89
24000 74 95
24000 81 102
24000 87 112
24000 88 96
24000 97 120
24300 1 55
24300 1 10
24300 3 106
24300 10 74
24300 18 37
24300 18 89
24300 19 22
24300 22 45
24300 22 113
24300 22 26
24300 29 114
24300 29 89
24300 29 55
24300 29 73
24300 33 60
24300 33 52
24300 33 69
24300 37 107
24300 39 60
24300 42 67
24300 43 65
24300 45 102
24300 45 68
24300 46 52
24300 60 116
24300 65 107
24300 74 95
24300 88 96
24600 1 55
24600 1 39
24600 3 45
24600 10 41
24600 10 86
24600 18 89
24600 21 38
24600 27 38
24600 29 89
24600 29 114
24600 29 55
24600 29 45
24600 29 96
24600 33 52
24600 36 39
24600 37 107
24600 41 102
24600 46 52
24600 55 64
24600 65 67
24600 67 79
24600 74 95
24600 86 96
24600 88 96
24900 1 39
24900 1 37
24900 3 45
24900 3 86
24900 4 67
24900 4 69
24900 6 15
24900 6 57
24900 9 17
24900 10 86
24900 18 89
24900 18 33
24900 24 115
24900 27 38
24900 27 79
24900 29 89
24900 29 55
24900 33 69
24900 33 60
24900 36 39
24900 37 107
24900 41 102
24900 55 89
24900 55 65
24900 65 115
24900 69 113
24900 74 95
25200 1 37
25200 1 91
25200 1 27
25200 3 89
25200 3 16
25200 6 30
25200 10 86
25200 15 92
25200 15 90
25200 16 89
25200 17 37
25200 18 89
25200 18 33
25200 18 38
25200 19 110
25200 27 79
25200 27 38
25200 27 45
25200 29 45
25200 29 89
25200 29 55
25200 33 60
25200 33 69
25200 36 39
25200 39 115
25200 55 89
25200 74 95
25200 90 113
25500 1 37
25500 1 39
25500 3 16
25500 3 89
25500 3 57
25500 3 19
25500 4 69
25500 7 94
25500 10 86
25500 16 38
25500 17 64
25500 18 52
25500 19 110
25500 19 81
25500 24 65
25500 28 115
25500 29 89
25500 29 45
25500 36 39
25500 37 107
25500 41 102
25500 52 90
25500 55 89
25500 64 90
25500 65 115
25500 69 113
25500 69 81
25500 74 95
25500 76 112
25800 3 19
25800 3 57
25800 4 69
25800 7 94
25800 10 86
25800 15 90
25800 15 92
25800 18 52
25800 24 65
25800 29 45
25800 30 103
25800 36 39
25800 37 107
25800 41 102
25800 52 90
25800 64 90
25800 65 115
25800 69 113
25800 69 91
25800 74 95
25800 76 112
26100 4 69
26100 10 86
26100 15 92
26100 15 90
26100 17 64
26100 19 81
26100 24 65
26100 27 103
26100 29 45
26100 37 77
26100 38 64
26100 39 77
26100 64 90
26100 65 115
26100 69 91
26100 69 113
26100 73 77
26100 74 95
26100 76 112
26400 4 69
26400 15 90
26400 15 77
26400 17 64
26400 17 43
26400 22 79
26400 24 65
26400 27 103
26400 30 103
26400 36 39
26400 37 77
26400 39 77
26400 47 63
26400 64 90
26400 65 115
26400 73 77
26400 74 95
26400 76 112
26700 15 92
26700 15 90
26700 16 43
26700 17 64
26700 18 43
26700 22 79
26700 24 65
26700 30 103
26700 33 46
26700 36 39
26700 38 64
26700 44 92
26700 47 63
26700 47 111
26700 65 115
26700 73 77
26700 76 112
26700 99 111
27000 4 40
27000 4 37
27000 12 54
27000 15 92
27000 16 43
27000 17 64
27000 17 110
27000 22 79
27000 24 65
27000 30 103
27000 33 46
27000 36 39
27000 44 92
27000 47 111
27000 65 115
27000 73 77
27000 74 95
27000 76 112
27300 2 116
27300 4 40
27300 10 115
27300 12 54
27300 16 43
27300 17 64
27300 24 65
27300 30 103
27300 36 39
27300 44 92
27300 47 111
27300 65 115
27300 73 77
27300 76 112
27300 99 111
27600 12 54
27600 15 92
27600 16 43
27600 16 79
27600 17 64
27600 24 65
27600 47 111
27600 50 79
27600 62 118
27600 73 77
27600 74 95
27600 76 112
27600 80 116
27600 99 111
27900 2 116
27900 12 59
27900 16 43
27900 16 79
27900 17 64
27900 24 65
27900 36 39
27900 38 118
27900 39 70
27900 40 42
27900 47 111
27900 62 118
27900 65 74
27900 67 104
27900 74 95
27900 76 112
28200 2 116
28200 15 92
28200 16 43
28200 17 64
28200 25 115
28200 38 118
28200 39 70
28200 47 111
28200 62 118
28200 65 74
28200 67 104
28200 76 112
28500 9 98
28500 15 92
28500 16 79
28500 17 64
28500 40 42
28500 42 98
28500 52 59
28500 65 74
28500 65 95
28500 67 104
28500 76 112
28800 2 116
28800 2 45
28800 9 98
28800 15 92
28800 25 115
28800 39 70
28800 42 98
28800 45 93
28800 52 59
28800 65 95
28800 67 104
29100 2 116
29100 2 45
29100 9 98
29100 15 92
29100 16 79
29100 30 79
29100 39 70
29100 52 59
29100 65 95
29100 65 72
29100 76 112
29400 2 45
29400 3 16
29400 5 16
29400 7 39
29400 11 39
29400 15 92
29400 30 79
29400 39 70
29400 39 97
29400 52 59
29400 65 95
29400 65 72
29400 76 112
29400 106 109
29700 2 45
29700 2 94
29700 5 16
29700 5 23
29700 7 39
29700 9 98
29700 10 56
29700 15 92
29700 23 94
29700 30 79
29700 39 97
29700 39 70
29700 47 52
29700 59 79
29700 65 72
29700 76 112
30000 7 39
30000 9 98
30000 30 79
30000 48 56
30000 56 108
30000 65 72
30000 65 95
30000 65 113
30000 76 112
30000 76 118
30000 103 113
30300 7 39
30300 7 116
30300 9 98
30300 40 53
30300 48 56
30300 53 116
30300 53 84
30300 56 108
30300 65 72
30300 76 116
30300 103 113
30600 7 39
30600 27 111
30600 27 82
30600 27 69
30600 48 56
30600 56 108
30600 57 82
30600 65 72
30900 7 39
30900 20 115
30900 20 50
30900 27 69
30900 48 56
30900 53 84
30900 56 108
30900 61 115
30900 62 72
30900 65 72
30900 65 115
31200 7 39
31200 33 100
31200 37 97
31200 37 40
31200 48 56
31200 56 108
31200 61 115
31500 6 58
31500 16 58
31500 16 40
31500 37 40
31500 56 108
31500 58 82
31500 61 115
31500 83 117
31500 83 108
31800 6 58
31800 43 77
31800 47 108
31800 58 82
31800 61 117
31800 64 73
31800 77 82
31800 83 117
32100 6 58
32100 35 99
32100 35 95
32100 58 82
32100 58 113
32400 3 119
32400 23 65
32400 35 95
32400 35 99
32400 58 82
32400 65 116
32700 1 106
32700 3 119
32700 5 77
32700 13 69
32700 23 65
32700 35 99
32700 35 95
32700 61 82
32700 69 119
32700 82 106
32700 103 106
33000 1 106
33000 5 77
33000 13 69
33000 35 99
33000 35 95
33000 65 116
33300 1 61
33300 13 69
33300 35 95
33300 35 99
33600 35 95
33600 35 99
33600 69 105
33900 4 120
33900 35 95
33900 100 105
34200 12 77
34200 100 105
34500 12 77
34500 90 110
34500 105 110
34800 12 77
34800 37 66
35100 12 36
35100 37 66
35100 83 105
35400 12 36
35400 31 66
35400 83 105
35700 37 106
35700 58 105
35700 58 106
35700 83 105
36000 36 66
36000 58 83
36300 58 83
36300 72 87
39300 1 91
39600 46 108
39900 70 89
87000 60 80
87000 68 110
87000 73 112
87300 4 84
87300 6 104
87300 29 102
87300 35 70
87300 50 74
87300 60 80
87300 73 112
87300 80 95
87300 82 83
87600 4 84
87600 6 104
87600 35 70
87600 60 80
87600 73 112
87600 80 95
87600 97 104
87600 104 114
87900 6 104
87900 18 19
87900 18 51
87900 21 105
87900 35 70
87900 60 80
87900 73 112
87900 97 104
87900 97 98
88200 2 88
88200 4 84
88200 18 61
88200 21 105
88200 27 113
88200 33 38
88200 35 70
88200 50 60
88200 73 112
88500 2 88
88500 3 42
88500 4 84
88500 21 105
88500 38 59
88500 42 113
88500 50 60
88500 50 53
88500 67 83
88500 73 112
88800 2 88
88800 2 64
88800 3 42
88800 3 57
88800 4 84
88800 21 105
88800 47 102
88800 50 53
88800 73 112
88800 85 109
89100 0 120
89100 2 88
89100 4 84
89100 10 75
89100 21 105
89100 42 93
89100 47 102
89100 50 53
89100 56 120
89400 0 120
89400 2 88
89400 2 6
89400 10 75
89400 22 51
89400 22 38
89400 42 93
89400 56 120
89400 84 110
89400 93 118
89700 0 120
89700 2 6
89700 3 32
89700 4 84
89700 22 50
89700 38 103
89700 42 93
89700 56 120
89700 62 89
89700 93 118
90000 0 120
90000 2 6
90000 4 84
90000 5 19
90000 18 115
90000 22 50
90000 32 97
90000 50 71
90000 68 70
90000 84 110
90000 93 118
90300 5 19
90300 9 18
90300 18 115
90300 50 71
90300 51 111
90300 56 106
90300 68 70
90300 93 118
90600 2 6
90600 4 84
90600 9 18
90600 20 76
90600 20 118
90600 22 50
90600 32 97
90600 50 71
90600 56 106
90600 68 70
90600 82 94
90600 93 118
90900 5 19
90900 9 18
90900 18 115
90900 20 76
90900 32 97
90900 56 106
90900 68 70
90900 82 94
90900 93 118
91200 5 19
91200 9 18
91200 18 115
91200 22 50
91200 32 97
91200 50 71
91200 63 121
91200 66 88
91200 68 70
91200 82 94
91200 93 118
91500 9 18
91500 18 115
91500 20 76
91500 22 50
91500 32 97
91500 50 71
91500 63 121
91500 82 94
91500 93 118
91800 9 18
91800 18 115
91800 22 50
91800 24 40
91800 28 29
91800 32 97
91800 63 121
91800 93 118
92100 9 18
92100 20 76
92100 28 29
92100 63 121
92100 82 94
92100 93 118
92400 9 18
92400 18 115
92400 20 76
92400 32 97
92400 63 121
92400 71 99
92400 93 118
92700 9 18
92700 10 32
92700 18 115
92700 20 76
92700 32 97
92700 82 94
92700 93 118
93000 10 32
93000 18 115
93000 20 76
93000 63 121
93000 71 99
93000 82 94
93000 104 109
93300 9 18
93300 18 115
93300 29 94
93300 32 97
93300 63 121
93300 71 99
93300 82 94
93600 10 32
93600 18 115
93600 20 76
93600 63 121
93600 82 94
93600 104 109
93900 9 18
93900 18 115
93900 20 76
93900 32 97
93900 71 99
93900 82 94
94200 9 18
94200 10 32
94200 16 111
94200 32 63
94200 40 77
94200 57 102
94200 57 63
94200 63 121
94200 63 115
94200 63 120
94200 82 94
94200 91 102
94500 6 16
94500 10 97
94500 10 57
94500 16 57
94500 17 97
94500 33 57
94500 40 77
94500 57 102
94500 57 63
94500 63 111
94500 91 102
94500 97 102
94800 4 24
94800 4 16
94800 5 89
94800 6 90
94800 6 16
94800 10 97
94800 10 57
94800 16 57
94800 16 111
94800 17 97
94800 24 57
94800 33 57
94800 57 63
94800 57 102
94800 63 120
94800 65 96
94800 68 96
94800 82 94
94800 91 102
94800 97 100
95100 4 16
95100 4 24
95100 6 16
95100 10 97
95100 16 111
95100 16 96
95100 17 97
95100 24 57
95100 24 82
95100 24 40
95100 24 94
95100 24 100
95100 24 77
95100 30 89
95100 30 105
95100 30 97
95100 40 77
95100 40 95
95100 46 86
95100 46 89
95100 63 111
95100 65 96
95100 68 100
95100 77 96
95100 77 95
95100 77 105
95100 79 100
95100 82 105
95100 96 111
95100 96 100
95100 97 102
95100 97 100
95100 100 120
95400 14 100
95400 17 97
95400 19 24
95400 24 94
95400 24 40
95400 24 30
95400 25 77
95400 28 88
95400 28 100
95400 30 97
95400 30 105
95400 31 111
95400 40 77
95400 40 95
95400 60 110
95400 63 111
95400 65 96
95400 71 110
95400 77 84
95400 82 105
95400 86 105
95400 86 101
95400 95 110
95400 97 102
95400 110 111
95700 1 68
95700 9 57
95700 14 100
95700 17 97
95700 17 79
95700 17 71
95700 17 25
95700 19 24
95700 19 101
95700 24 94
95700 24 57
95700 25 77
95700 25 102
95700 25 65
95700 25 57
95700 28 88
95700 28 100
95700 28 46
95700 30 105
95700 30 97
95700 30 84
95700 31 117
95700 57 71
95700 60 71
95700 63 111
95700 65 96
95700 65 68
95700 68 100
95700 68 84
95700 71 79
95700 77 96
95700 79 100
95700 79 108
95700 79 102
95700 82 105
95700 86 105
95700 86 101
95700 95 110
95700 97 102
95700 102 108
95700 102 105
95700 110 111
96000 1 68
96000 1 24
96000 1 4
96000 4 72
96000 4 19
96000 4 108
96000 7 108
96000 9 57
96000 9 65
96000 17 79
96000 17 25
96000 17 71
96000 19 24
96000 19 101
96000 19 108
96000 19 59
96000 24 57
96000 25 65
96000 25 57
96000 25 77
96000 28 100
96000 30 84
96000 30 97
96000 30 105
96000 30 117
96000 31 117
96000 46 71
96000 60 71
96000 65 96
96000 65 68
96000 68 100
96000 71 79
96000 79 100
96000 79 108
96000 79 102
96000 79 89
96000 82 105
96000 95 110
96000 100 108
96300 1 9
96300 1 38
96300 4 19
96300 4 72
96300 4 108
96300 9 57
96300 9 65
96300 9 24
96300 9 78
96300 17 71
96300 19 24
96300 19 59
96300 19 32
96300 24 57
96300 25 65
96300 30 105
96300 30 97
96300 30 84
96300 30 117
96300 34 90
96300 34 78
96300 34 99
96300 46 71
96300 58 59
96300 59 99
96300 59 78
96300 60 71
96300 60 72
96300 60 116
96300 63 111
96300 65 68
96300 65 96
96300 66 71
96300 71 79
96300 97 102
96300 102 105
96300 102 108
96600 1 68
96600 1 9
96600 2 9
96600 4 19
96600 4 108
96600 4 72
96600 4 17
96600 4 95
96600 9 78
96600 9 24
96600 17 71
96600 19 59
96600 24 57
96600 24 84
96600 25 65
96600 30 84
96600 30 117
96600 30 97
96600 30 63
96600 30 76
96600 30 112
96600 31 117
96600 34 90
96600 34 99
96600 34 78
96600 34 63
96600 46 71
96600 58 59
96600 58 65
96600 59 78
96600 59 99
96600 59 96
96600 60 71
96600 60 95
96600 60 84
96600 65 68
96600 65 96
96600 65 78
96600 66 71
96600 66 96
96600 71 79
96600 79 102
96600 84 111
96600 84 96
96600 95 110
96600 95 102
96600 95 101
96600 102 105
96600 102 108
96900 2 9
96900 2 102
96900 2 16
96900 9 78
96900 9 24
96900 24 57
96900 24 84
96900 24 90
96900 25 65
96900 25 101
96900 26 95
96900 30 63
96900 30 97
96900 31 117
96900 31 71
96900 31 69
96900 31 47
96900 34 63
96900 34 90
96900 34 99
96900 34 78
96900 46 71
96900 47 110
96900 51 96
96900 59 96
96900 60 71
96900 60 84
96900 65 78
96900 66 96
96900 66 71
96900 71 109
96900 79 102
96900 95 102
96900 95 113
96900 102 105
97200 2 102
97200 2 16
97200 2 80
97200 9 78
97200 21 78
97200 21 34
97200 21 31
97200 26 47
97200 26 34
97200 30 84
97200 30 97
97200 30 117
97200 30 112
97200 31 69
97200 31 47
97200 31 71
97200 34 63
97200 34 99
97200 34 78
97200 37 80
97200 46 71
97200 47 110
97200 47 97
97200 51 96
97200 58 59
97200 59 96
97200 59 99
97200 65 96
97200 65 78
97200 66 96
97500 2 80
97500 9 78
97500 21 78
97500 21 31
97500 21 117
97500 26 34
97500 30 112
97500 30 117
97500 31 71
97500 31 47
97500 31 69
97500 31 46
97500 34 78
97500 34 63
97500 37 80
97500 46 71
97500 46 96
97500 46 70
97500 46 112
97500 47 59
97500 59 96
97500 59 69
97500 65 96
97500 65 78
97500 66 96
97500 70 80
97500 77 94
97500 78 112
97500 102 105
97800 46 112
97800 68 105
97800 68 94
97800 70 80
97800 78 112
98100 68 105
98700 52 77
100800 21 67
101100 21 67
101400 15 23
101400 26 99
101400 60 68
101400 80 112
101400 91 99
101700 12 104
101700 15 23
101700 26 99
101700 43 70
101700 80 112
102000 6 12
102000 6 71
102000 12 98
102300 6 72
102300 9 49
102300 9 92
102300 54 61
102600 9 80
102600 26 86
102600 70 86
102900 11 98
102900 26 86
102900 27 107
102900 31 77
102900 31 98
102900 86 98
103200 8 42
103200 22 42
103200 22 107
103200 31 98
103200 31 77
103200 44 107
103200 49 107
103200 86 98
103200 107 121
103200 107 120
103500 9 60
103500 60 112
103800 9 12
103800 9 60
103800 18 43
103800 20 60
103800 32 117
103800 60 115
103800 88 115
104100 18 43
104100 18 37
104100 18 32
104100 32 117
104100 32 37
104100 37 107
104100 68 107
104400 0 119
104400 3 52
104400 32 37
104400 37 107
104700 0 13
104700 0 26
104700 1 26
104700 13 66
105000 0 13
105000 0 26
105000 0 88
105000 3 26
105000 13 66
105000 13 26
105000 13 120
105000 13 37
105000 13 72
105000 26 55
105000 26 66
105000 33 55
105000 35 55
105000 37 107
105000 71 88
105300 0 88
105300 1 65
105300 3 26
105300 5 13
105300 13 37
105300 13 120
105300 13 55
105300 23 55
105300 26 55
105300 26 66
105300 26 46
105300 33 56
105300 37 107
105300 50 71
105300 55 107
105300 71 88
105600 0 120
105600 0 10
105600 3 26
105600 5 13
105600 8 120
105600 8 37
105600 10 56
105600 10 120
105600 13 55
105600 13 120
105600 13 26
105600 13 66
105600 13 72
105600 13 37
105600 13 89
105600 26 46
105600 26 55
105600 26 33
105600 33 55
105600 33 49
105600 33 92
105600 37 107
105600 37 81
105600 49 64
105600 49 102
105600 50 89
105600 55 107
105600 60 99
105900 0 120
105900 3 26
105900 5 13
105900 5 94
105900 5 55
105900 5 56
105900 6 46
105900 8 102
105900 8 50
105900 10 120
105900 10 56
105900 13 66
105900 13 55
105900 15 38
105900 26 46
105900 26 55
105900 26 94
105900 26 51
105900 33 49
105900 37 81
105900 37 107
105900 46 65
105900 49 102
105900 49 71
105900 49 89
105900 49 50
105900 50 71
105900 50 89
105900 55 107
105900 71 121
105900 93 113
105900 94 99
105900 99 109
106200 0 10
106200 5 55
106200 5 56
106200 8 102
106200 8 50
106200 8 71
106200 10 120
106200 10 56
106200 10 27
106200 10 93
106200 10 95
106200 12 64
106200 12 37
106200 13 66
106200 15 93
106200 15 46
106200 21 114
106200 23 93
106200 26 55
106200 26 33
106200 26 94
106200 31 38
106200 33 55
106200 37 46
106200 46 65
106200 46 71
106200 49 71
106200 49 50
106200 50 71
106200 55 107
106200 55 93
106200 65 120
106200 66 120
106200 71 121
106200 71 93
106200 71 95
106200 89 93
106200 99 109
106500 0 10
106500 0 81
106500 0 46
106500 0 71
106500 3 26
106500 5 94
106500 5 13
106500 5 10
106500 5 89
106500 8 71
106500 10 95
106500 10 89
106500 12 64
106500 12 89
106500 12 51
106500 13 89
106500 13 64
106500 15 38
106500 15 46
106500 15 93
106500 15 89
106500 23 93
106500 23 89
106500 26 55
106500 26 46
106500 26 94
106500 26 68
106500 33 49
106500 33 89
106500 37 46
106500 46 71
106500 49 89
106500 49 71
106500 50 89
106500 51 71
106500 55 107
106500 55 94
106500 66 120
106500 71 95
106500 71 121
106500 89 93
106500 89 121
106500 89 104
106500 89 94
106500 99 109
106800 0 46
106800 0 81
106800 0 71
106800 3 55
106800 3 81
106800 3 11
106800 3 99
106800 3 8
106800 3 51
106800 5 10
106800 5 94
106800 5 55
106800 5 13
106800 8 80
106800 10 95
106800 10 81
106800 13 89
106800 13 64
106800 13 66
106800 15 89
106800 15 93
106800 15 46
106800 21 46
106800 23 93
106800 33 55
106800 33 49
106800 33 80
106800 46 64
106800 51 95
106800 55 107
106800 55 94
106800 55 93
106800 56 95
106800 56 121
106800 59 120
106800 66 120
106800 71 95
106800 80 120
106800 89 94
106800 89 93
106800 95 97
106800 99 109
107100 0 71
107100 0 46
107100 0 10
107100 2 52
107100 2 103
107100 3 8
107100 3 99
107100 3 51
107100 3 81
107100 3 11
107100 5 94
107100 5 55
107100 5 13
107100 5 52
107100 8 71
107100 8 80
107100 10 81
107100 10 49
107100 10 120
107100 11 29
107100 15 89
107100 15 46
107100 16 55
107100 26 94
107100 29 58
107100 29 31
107100 33 55
107100 46 81
107100 49 66
107100 51 95
107100 52 120
107100 55 93
107100 56 95
107100 56 120
107100 56 59
107100 59 120
107100 59 81
107100 63 80
107100 64 86
107100 75 81
107100 80 92
107100 89 94
107100 95 97
107400 0 10
107400 2 103
107400 2 52
107400 3 99
107400 3 51
107400 5 55
107400 5 94
107400 5 15
107400 8 71
107400 10 49
107400 10 120
107400 10 33
107400 11 29
107400 13 64
107400 15 46
107400 15 89
107400 15 93
107400 15 43
107400 16 55
107400 23 93
107400 23 52
107400 26 66
107400 29 66
107400 29 70
107400 33 49
107400 33 80
107400 33 66
107400 46 66
107400 49 66
107400 51 95
107400 52 89
107400 52 106
107400 56 59
107400 56 120
107400 58 66
107400 59 81
107400 66 120
107400 66 70
107400 66 106
107400 70 121
107400 71 89
107400 75 81
107400 89 93
107400 95 97
107400 106 109
107700 0 10
107700 0 70
107700 0 92
107700 2 103
107700 3 51
107700 3 11
107700 3 99
107700 5 55
107700 5 94
107700 5 15
107700 5 78
107700 5 71
107700 8 80
107700 8 70
107700 8 41
107700 10 49
107700 10 56
107700 13 64
107700 13 23
107700 13 38
107700 13 120
107700 15 43
107700 15 93
107700 15 95
107700 15 56
107700 16 55
107700 16 95
107700 16 106
107700 16 59
107700 23 52
107700 23 93
107700 51 95
107700 52 89
107700 52 106
107700 52 118
107700 55 59
107700 55 106
107700 56 59
107700 56 70
107700 56 120
107700 59 81
107700 59 94
107700 59 109
107700 63 80
107700 64 86
107700 66 106
107700 71 89
107700 80 92
107700 84 121
107700 89 94
107700 92 95
107700 94 106
107700 95 97
107700 95 106
108000 0 70
108000 0 92
108000 0 10
108000 2 52
108000 2 103
108000 3 11
108000 3 13
108000 5 55
108000 5 78
108000 5 94
108000 8 80
108000 8 41
108000 8 71
108000 10 49
108000 10 95
108000 13 120
108000 13 38
108000 13 23
108000 13 20
108000 14 106
108000 15 56
108000 15 93
108000 16 106
108000 16 55
108000 16 59
108000 23 52
108000 23 93
108000 33 93
108000 49 56
108000 49 70
108000 52 89
108000 52 106
108000 52 109
108000 55 59
108000 56 120
108000 56 70
108000 56 94
108000 59 109
108000 59 81
108000 59 94
108000 59 119
108000 59 89
108000 63 80
108000 64 86
108000 70 92
108000 71 117
108000 75 81
108000 86 109
108000 89 94
108000 92 95
108000 92 93
108000 93 109
108000 93 118
108000 94 106
108300 3 11
108300 5 78
108300 8 80
108300 8 41
108300 8 71
108300 13 71
108300 13 80
108300 15 56
108300 16 95
108300 16 78
108300 33 93
108300 43 55
108300 49 70
108300 52 109
108300 52 80
108300 52 70
108300 56 120
108300 59 119
108300 70 78
108300 71 117
108300 72 80
108300 78 80
108300 86 109
108300 92 93
108300 93 109
108600 5 55
108600 5 94
108600 5 47
108600 10 49
108600 15 56
108600 21 118
108600 24 54
108600 27 44
108600 33 93
108600 40 105
108600 43 55
108600 44 68
108600 49 110
108600 55 101
108600 56 120
108600 59 119
108600 71 117
108600 92 93
108600 101 120
108900 3 11
108900 8 71
108900 10 49
108900 13 71
108900 15 56
108900 28 55
108900 31 55
108900 35 58
108900 38 51
108900 44 93
108900 49 110
108900 51 91
108900 52 68
108900 54 58
108900 55 101
108900 56 120
108900 59 119
108900 59 65
108900 68 71
108900 70 120
108900 71 117
108900 92 93
108900 97 120
109200 11 69
109200 11 121
109200 15 56
109200 16 24
109200 21 118
109200 21 69
109200 21 121
109200 24 54
109200 28 55
109200 33 93
109200 35 58
109200 38 82
109200 39 69
109200 43 55
109200 43 85
109200 43 121
109200 44 93
109200 47 48
109200 49 110
109200 54 58
109200 55 121
109200 55 69
109200 56 105
109200 58 69
109200 59 119
109200 59 121
109200 69 98
109200 69 101
109200 78 121
109200 92 93
109200 98 114
109200 101 120
109200 114 121
109500 13 71
109500 13 120
109500 15 56
109500 16 24
109500 21 118
109500 21 69
109500 21 93
109500 21 64
109500 21 33
109500 24 54
109500 35 58
109500 38 51
109500 43 85
109500 43 55
109500 44 93
109500 47 78
109500 49 110
109500 51 93
109500 52 68
109500 54 118
109500 59 119
109500 68 71
109500 69 98
109500 69 101
109500 72 91
109500 78 121
109500 92 93
109500 98 114
109800 6 56
109800 12 51
109800 13 23
109800 21 33
109800 22 23
109800 23 71
109800 23 101
109800 23 91
109800 23 44
109800 23 110
109800 29 38
109800 38 51
109800 43 121
109800 43 85
109800 43 55
109800 43 110
109800 44 51
109800 47 78
109800 49 110
109800 52 68
109800 54 58
109800 58 69
109800 58 91
109800 59 119
109800 64 78
109800 68 71
109800 98 114
110100 7 19
110100 14 87
110100 19 120
110100 22 23
110100 22 33
110100 23 44
110100 28 97
110100 29 38
110100 33 87
110100 38 51
110100 43 110
110100 43 55
110100 44 51
110100 47 78
110100 49 110
110100 51 93
110100 52 68
110100 58 91
110100 58 69
110100 64 78
110100 69 110
110100 78 121
110100 93 110
110100 98 114
110400 5 85
110400 6 13
110400 6 38
110400 8 19
110400 8 44
110400 8 113
110400 8 58
110400 8 11
110400 11 117
110400 14 87
110400 15 51
110400 21 33
110400 21 25
110400 21 112
110400 22 33
110400 23 44
110400 23 110
110400 25 120
110400 29 38
110400 33 87
110400 36 69
110400 43 55
110400 43 110
110400 44 51
110400 47 78
110400 51 93
110400 51 69
110400 58 69
110400 64 78
110400 78 121
110400 80 104
110400 93 104
110400 98 114
110700 6 17
110700 6 72
110700 7 50
110700 7 33
110700 8 19
110700 8 44
110700 8 11
110700 8 58
110700 8 24
110700 8 66
110700 11 45
110700 14 87
110700 21 112
110700 21 25
110700 22 23
110700 23 44
110700 25 120
110700 36 44
110700 47 110
110700 47 65
110700 49 110
110700 51 93
110700 78 121
110700 98 114
111000 6 72
111000 6 44
111000 6 16
111000 7 33
111000 7 50
111000 8 58
111000 8 66
111000 8 19
111000 8 11
111000 11 117
111000 16 76
111000 21 25
111000 22 23
111000 29 58
111000 33 72
111000 36 44
111000 43 55
111000 44 76
111000 47 110
111000 47 65
111000 49 110
111000 51 93
111000 62 90
111000 64 78
111000 76 119
111000 76 78
111000 76 90
111000 85 111
111300 2 33
111300 2 3
111300 2 100
111300 2 85
111300 2 24
111300 2 47
111300 3 110
111300 6 44
111300 7 33
111300 8 11
111300 16 76
111300 16 67
111300 21 25
111300 22 23
111300 29 58
111300 36 103
111300 36 72
111300 44 111
111300 44 78
111300 47 110
111300 47 65
111300 51 93
111300 72 100
111300 76 119
111300 76 90
111300 76 78
111300 83 120
111300 90 111
111300 103 117
111600 2 3
111600 2 47
111600 3 110
111600 6 72
111600 7 33
111600 8 19
111600 8 11
111600 14 100
111600 19 100
111600 19 115
111600 21 25
111600 22 23
111600 26 44
111600 26 34
111600 26 79
111600 29 58
111600 36 72
111600 43 55
111600 44 111
111600 44 77
111600 47 65
111600 49 77
111600 62 90
111600 62 72
111600 64 78
111600 72 100
111600 76 90
111600 90 111
111900 2 100
111900 2 47
111900 7 33
111900 8 19
111900 8 11
111900 8 21
111900 8 24
111900 16 44
111900 19 100
111900 19 115
111900 19 21
111900 19 64
111900 19 68
111900 19 49
111900 22 23
111900 23 44
111900 23 49
111900 26 44
111900 29 58
111900 36 103
111900 36 72
111900 40 89
111900 44 111
111900 44 77
111900 47 65
111900 62 90
111900 62 72
111900 64 78
111900 64 96
111900 67 90
111900 72 111
111900 72 90
111900 83 101
111900 103 117
112200 2 47
112200 8 11
112200 8 24
112200 8 21
112200 14 100
112200 19 115
112200 19 49
112200 19 64
112200 19 21
112200 19 68
112200 22 23
112200 23 49
112200 23 44
112200 26 34
112200 35 54
112200 36 103
112200 40 89
112200 47 65
112200 55 108
112200 62 90
112200 63 108
112200 64 78
112200 90 111
112500 5 54
112500 8 21
112500 8 24
112500 19 115
112500 19 49
112500 19 68
112500 19 64
112500 23 49
112500 35 54
112500 36 103
112500 54 66
112500 55 108
112500 63 108
112500 64 78
112500 83 101
112800 1 47
112800 5 54
112800 8 24
112800 19 49
112800 23 49
112800 26 44
112800 35 54
112800 36 103
112800 36 81
112800 55 108
112800 64 78
112800 83 101
113100 5 54
113100 8 24
113100 13 64
113100 19 49
113100 26 44
113100 27 91
113100 28 88
113100 35 54
113100 36 103
113100 64 78
113100 71 112
113400 5 54
113400 8 24
113400 13 64
113400 23 49
113400 26 44
113400 27 91
113400 34 36
113400 36 103
113400 45 121
113400 64 78
113400 66 68
113400 67 96
113400 71 112
113700 8 24
113700 13 64
113700 14 21
113700 26 44
113700 34 36
113700 45 121
113700 54 71
113700 61 99
113700 64 78
113700 66 68
113700 67 96
113700 71 112
114000 8 24
114000 14 21
114000 14 119
114000 26 44
114000 27 91
114000 35 120
114000 35 85
114000 35 36
114000 61 99
114000 64 78
114000 66 68
114000 67 96
114000 71 112
114300 8 24
114300 13 69
114300 13 83
114300 14 21
114300 26 44
114300 27 91
114300 34 36
114300 34 35
114300 35 120
114300 35 36
114300 35 85
114300 39 45
114300 42 71
114300 61 99
114300 64 78
114300 64 114
114300 66 68
114300 91 118
114600 8 24
114600 13 69
114600 14 21
114600 26 44
114600 27 91
114600 34 36
114600 34 35
114600 35 85
114600 42 71
114600 46 121
114600 61 99
114600 78 119
114600 119 120
114900 3 32
114900 13 83
114900 14 21
114900 26 44
114900 27 91
114900 34 35
114900 34 36
114900 35 85
114900 42 71
114900 61 99
114900 91 118
115200 8 24
115200 8 89
115200 14 21
115200 16 95
115200 27 91
115200 35 85
115200 42 71
115200 49 82
115200 52 71
115200 61 99
115200 91 118
115200 107 109
115500 3 32
115500 8 89
115500 16 95
115500 26 44
115500 27 91
115500 35 85
115500 38 61
115500 52 71
115500 89 121
115500 91 118
115500 98 114
115500 98 108
115500 98 101
115500 107 109
115800 1 104
115800 1 8
115800 3 32
115800 26 35
115800 26 53
115800 27 91
115800 35 85
115800 35 55
115800 38 61
115800 52 71
115800 91 118
115800 98 114
116100 0 63
116100 1 104
116100 1 8
116100 3 32
116100 26 35
116100 35 55
116100 38 61
116100 52 71
116100 63 96
116100 72 120
116100 72 73
116100 73 120
116100 73 96
116100 80 120
116100 89 121
116100 98 114
116400 1 8
116400 1 104
116400 3 32
116400 18 95
116400 32 88
116400 35 55
116400 38 61
116400 72 73
116400 73 96
116400 73 120
116400 89 121
116400 103 108
116700 1 104
116700 3 32
116700 32 88
116700 35 55
116700 35 36
116700 72 73
116700 72 74
116700 73 96
117000 1 104
117000 3 32
117000 7 53
117000 7 111
117000 7 104
117000 35 36
117000 42 58
117000 53 104
117000 72 73
117000 73 96
117300 0 117
117300 1 82
117300 2 86
117300 3 32
117300 19 85
117300 32 88
117300 34 43
117300 34 82
117300 35 36
117300 42 58
117300 43 86
117300 49 111
117300 72 73
117300 107 117
117300 111 115
117300 113 117
117600 0 12
117600 2 86
117600 3 32
117600 11 39
117600 11 58
117600 12 112
117600 12 58
117600 21 119
117600 21 112
117600 32 88
117600 32 39
117600 35 36
117600 42 58
117600 49 111
117600 67 72
117600 111 115
117600 113 117
117900 0 12
117900 3 32
117900 3 113
117900 19 85
117900 35 36
117900 42 58
117900 46 59
117900 49 111
117900 67 72
117900 111 115
117900 113 117
118200 0 12
118200 19 85
118200 22 49
118200 35 36
118200 36 80
118200 42 58
118200 49 111
118200 49 60
118200 49 52
118200 80 92
118200 111 115
118500 0 116
118500 19 94
118500 19 28
118500 22 49
118500 33 106
118500 35 99
118500 42 58
118500 49 52
118500 49 111
118500 49 60
118500 111 115
118800 5 9
118800 9 73
118800 11 65
118800 16 74
118800 16 56
118800 19 28
118800 19 85
118800 19 94
118800 22 49
118800 22 111
118800 28 90
118800 42 58
118800 49 60
119100 3 61
119100 19 94
119100 19 28
119100 28 102
119100 42 58
119100 48 85
119100 66 85
119400 11 65
119400 19 28
119400 28 102
119400 48 96
119700 6 58
119700 11 65
119700 19 28
119700 28 102
119700 54 120
120000 19 28
120000 28 102
120000 94 120
120300 6 49
120300 11 65
120300 28 102
120300 49 87
120300 87 104
120300 94 120
120600 28 102
120600 42 46
120600 94 120
120900 28 102
120900 42 46
120900 46 60
121200 11 28
121200 42 46
121500 11 54
121800 7 39
122400 58 85
122700 85 103
123900 11 55
124500 11 12
124800 8 80
125400 8 80
126300 44 79
173400 48 67
173400 113 114
173700 3 114
173700 24 100
173700 48 67
173700 65 97
173700 97 99
174000 17 65
174000 24 100
174000 47 62
174000 48 67
174000 65 97
174000 65 110
174000 71 114
174300 3 114
174300 17 65
174300 24 100
174300 44 67
174300 47 62
174300 48 67
174300 59 80
174300 77 121
174300 109 110
174600 3 114
174600 9 17
174600 12 21
174600 47 62
174600 48 67
174600 59 80
174600 77 121
174600 109 110
174900 3 114
174900 12 21
174900 35 89
174900 43 56
174900 48 67
174900 59 80
174900 68 75
174900 89 98
174900 109 110
175200 3 114
175200 11 22
175200 12 21
175200 27 42
175200 35 89
175200 38 68
175200 48 67
175200 62 71
175200 68 75
175200 103 110
175200 109 110
175500 9 21
175500 11 22
175500 35 89
175500 48 67
175500 56 100
175500 62 71
175500 64 78
175500 103 110
175500 109 110
175800 9 76
175800 9 67
175800 9 72
175800 11 22
175800 27 42
175800 35 89
175800 48 67
175800 56 100
175800 62 71
175800 64 104
175800 109 110
176100 4 11
176100 7 89
176100 9 67
176100 9 72
176100 11 22
176100 15 108
176100 27 42
176100 35 89
176100 56 100
176100 57 96
176100 109 110
176400 7 89
176400 7 19
176400 7 103
176400 7 79
176400 9 72
176400 10 96
176400 10 32
176400 27 42
176400 35 89
176400 56 100
176400 57 96
176400 73 106
176400 109 110
176700 7 89
176700 7 103
176700 7 79
176700 7 51
176700 7 48
176700 10 96
176700 10 32
176700 15 108
176700 16 52
176700 17 32
176700 35 89
176700 56 100
176700 57 96
176700 77 103
176700 109 110
177000 7 79
177000 7 103
177000 7 48
177000 9 72
177000 10 32
177000 10 96
177000 16 52
177000 17 32
177000 27 42
177000 35 89
177000 57 96
177000 73 106
177000 90 111
177300 7 48
177300 10 32
177300 15 108
177300 16 52
177300 17 32
177300 27 42
177300 35 89
177300 56 100
177300 73 106
177300 77 103
177300 90 111
177300 109 110
177600 7 103
177600 7 48
177600 10 32
177600 15 108
177600 16 52
177600 17 32
177600 27 42
177600 56 100
177600 57 96
177600 73 106
177600 77 103
177600 90 111
177900 10 32
177900 15 108
177900 16 52
177900 17 32
177900 17 49
177900 27 42
177900 35 89
177900 57 96
177900 73 106
177900 90 111
178200 7 48
178200 15 108
178200 16 52
178200 17 32
178200 17 49
178200 35 89
178200 35 98
178200 73 106
178200 77 103
178500 7 48
178500 16 52
178500 17 49
178500 17 101
178500 19 84
178500 27 42
178500 35 89
178500 45 114
178500 57 96
178500 77 103
178500 90 111
178800 15 108
178800 16 52
178800 17 32
178800 27 42
178800 35 89
178800 45 114
178800 57 96
178800 68 80
178800 68 89
178800 73 106
178800 90 111
179100 0 16
179100 15 108
179100 16 52
179100 17 49
179100 19 84
179100 22 56
179100 35 89
179100 38 87
179100 57 96
179100 68 80
179100 68 89
179100 73 106
179400 0 16
179400 16 52
179400 17 49
179400 17 32
179400 19 84
179400 45 114
179400 57 96
179400 68 80
179400 68 89
179400 73 106
179700 15 108
179700 16 52
179700 17 49
179700 19 84
179700 22 56
179700 45 114
179700 68 89
179700 73 106
179700 73 97
180000 0 16
180000 15 108
180000 16 52
180000 17 49
180000 22 56
180000 57 96
180000 73 97
180300 0 16
180300 15 108
180300 16 52
180300 17 49
180300 29 96
180300 45 114
180300 68 89
180300 70 113
180300 73 106
180600 17 49
180600 17 91
180600 17 99
180600 17 70
180600 17 50
180600 19 89
180600 29 91
180600 29 114
180600 31 40
180600 40 52
180600 41 89
180600 68 89
180600 71 114
180600 73 106
180600 89 91
180900 0 16
180900 0 29
180900 0 73
180900 0 113
180900 0 50
180900 2 91
180900 2 40
180900 17 70
180900 17 50
180900 17 49
180900 17 91
180900 19 89
180900 24 73
180900 29 91
180900 29 114
180900 31 40
180900 31 50
180900 40 102
180900 45 114
180900 71 114
180900 73 106
180900 89 91
180900 89 114
181200 0 73
181200 0 50
181200 0 102
181200 0 114
181200 2 40
181200 10 91
181200 10 113
181200 17 49
181200 19 89
181200 24 73
181200 27 92
181200 29 114
181200 29 91
181200 40 102
181200 40 71
181200 45 114
181200 49 54
181200 50 71
181200 68 89
181200 71 114
181200 73 106
181200 73 121
181200 89 91
181200 89 114
181200 113 115
181500 0 50
181500 2 40
181500 11 68
181500 19 89
181500 24 73
181500 27 115
181500 27 38
181500 27 71
181500 29 91
181500 40 115
181500 54 89
181500 54 115
181500 55 106
181500 68 89
181500 71 92
181500 73 106
181500 73 121
181500 89 114
181500 91 115
181500 92 106
181500 113 115
181800 0 114
181800 2 40
181800 2 6
181800 11 68
181800 17 49
181800 17 89
181800 17 54
181800 19 89
181800 19 27
181800 27 92
181800 27 71
181800 27 115
181800 27 38
181800 29 114
181800 40 71
181800 50 71
181800 54 89
181800 54 115
181800 54 94
181800 55 106
181800 71 114
181800 80 106
181800 89 114
181800 91 115
181800 92 106
181800 113 115
182100 16 19
182100 17 89
182100 17 29
182100 19 27
182100 19 89
182100 19 80
182100 29 114
182100 29 91
182100 40 71
182100 50 71
182100 54 94
182100 54 89
182100 54 80
182100 71 114
182100 80 106
182100 80 114
182100 91 115
182100 113 115
182400 0 114
182400 0 46
182400 0 16
182400 16 19
182400 17 89
182400 17 54
182400 19 80
182400 19 52
182400 20 59
182400 24 60
182400 27 115
182400 27 92
182400 27 71
182400 27 38
182400 29 114
182400 29 60
182400 50 71
182400 54 80
182400 54 94
182400 54 115
182400 71 114
182400 80 114
182400 80 98
182400 83 114
182700 0 114
182700 0 16
182700 0 24
182700 13 38
182700 16 19
182700 16 80
182700 16 85
182700 16 115
182700 19 89
182700 19 52
182700 20 59
182700 23 69
182700 27 71
182700 27 115
182700 27 38
182700 29 60
182700 29 114
182700 38 55
182700 38 60
182700 38 92
182700 40 55
182700 54 94
182700 54 80
182700 54 115
182700 54 69
182700 60 115
182700 60 92
182700 71 114
182700 71 92
182700 80 114
182700 80 98
182700 91 115
182700 113 115
183000 0 114
183000 0 16
183000 0 90
183000 13 38
183000 16 19
183000 16 115
183000 16 54
183000 19 52
183000 20 59
183000 21 106
183000 27 92
183000 27 71
183000 38 92
183000 38 60
183000 46 55
183000 49 98
183000 50 62
183000 50 113
183000 52 98
183000 52 106
183000 54 115
183000 54 69
183000 54 80
183000 54 94
183000 55 98
183000 60 115
183000 60 92
183000 61 113
183000 71 114
183000 71 92
183000 80 98
183000 91 115
183300 0 16
183300 0 90
183300 0 92
183300 11 50
183300 16 115
183300 16 19
183300 19 52
183300 20 59
183300 21 106
183300 21 26
183300 21 50
183300 21 91
183300 24 60
183300 27 71
183300 27 92
183300 29 39
183300 34 98
183300 38 92
183300 38 55
183300 39 55
183300 39 52
183300 40 55
183300 40 50
183300 46 55
183300 49 98
183300 49 57
183300 50 62
183300 50 59
183300 52 106
183300 52 98
183300 54 115
183300 54 80
183300 54 61
183300 55 98
183300 55 113
183300 57 91
183300 59 60
183300 60 92
183300 60 115
183300 61 113
183300 72 76
183300 91 115
183300 106 113
183300 113 115
183600 0 92
183600 0 90
183600 0 16
183600 0 59
183600 7 61
183600 7 62
183600 20 59
183600 21 50
183600 21 91
183600 21 56
183600 24 60
183600 24 72
183600 24 65
183600 24 59
183600 26 61
183600 29 39
183600 38 55
183600 38 92
183600 39 52
183600 39 87
183600 40 50
183600 40 55
183600 49 57
183600 49 98
183600 50 62
183600 54 61
183600 54 115
183600 55 113
183600 55 98
183600 56 87
183600 57 91
183600 59 60
183600 60 115
183600 61 91
183600 65 72
183600 72 76
183600 72 115
183600 72 98
183600 91 115
183600 113 115
183900 0 59
183900 0 90
183900 0 16
183900 7 62
183900 7 61
183900 7 56
183900 7 101
183900 8 56
183900 11 56
183900 13 15
183900 20 59
183900 21 56
183900 21 26
183900 21 106
183900 21 91
183900 24 72
183900 24 59
183900 24 56
183900 34 98
183900 39 87
183900 49 98
183900 55 98
183900 56 87
183900 56 71
183900 57 91
183900 59 60
183900 61 91
183900 69 91
183900 72 115
183900 72 98
183900 91 115
184200 11 14
184200 14 42
184200 69 101
184500 14 42
184500 42 82
185100 17 55
185400 8 17
185700 8 76
186000 26 55
186000 50 55
186300 4 38
186300 11 104
186300 50 55
187200 52 104
187800 33 35
187800 62 79
187800 77 111
188100 0 69
188100 69 78
188100 100 102
188400 48 91
188400 48 69
188400 69 73
188700 20 58
188700 33 115
188700 58 115
189000 58 112
189300 8 41
189300 12 95
189300 59 78
189300 60 78
189300 65 94
189600 12 95
189600 43 101
189600 45 106
189600 63 101
189600 84 106
189900 10 86
189900 27 101
189900 37 71
189900 90 119
190200 8 100
190200 18 90
190200 27 101
190200 83 90
190200 86 90
190500 8 100
190500 15 28
190500 15 17
190500 18 90
190500 55 70
190500 61 68
190500 83 90
190800 15 17
190800 17 47
190800 29 53
190800 40 76
190800 47 76
190800 55 70
190800 77 97
190800 94 97
191100 17 47
191100 17 101
191100 17 63
191100 17 118
191100 26 118
191400 5 118
191400 5 63
191400 11 51
191400 14 77
191400 15 17
191400 17 101
191400 17 118
191400 26 118
191400 29 53
191400 31 96
191700 5 118
191700 5 63
191700 6 17
191700 11 51
191700 12 51
191700 14 77
191700 17 118
191700 17 81
191700 25 81
191700 29 88
191700 30 56
191700 31 96
191700 31 87
191700 34 69
191700 35 89
191700 35 87
191700 56 81
192000 1 118
192000 5 118
192000 5 63
192000 6 17
192000 11 51
192000 11 103
192000 11 12
192000 11 87
192000 12 118
192000 14 77
192000 17 81
192000 17 109
192000 19 37
192000 26 118
192000 30 35
192000 30 63
192000 31 87
192000 34 69
192000 35 89
192000 37 121
192000 37 93
192000 41 87
192000 53 56
192000 56 81
192000 56 63
192000 56 118
192000 63 87
192000 64 88
192000 71 113
192000 77 81
192000 81 103
192000 81 87
192300 5 118
192300 5 63
192300 6 17
192300 6 12
192300 6 118
192300 6 71
192300 7 103
192300 11 87
192300 11 103
192300 11 12
192300 11 51
192300 26 118
192300 30 56
192300 30 63
192300 31 96
192300 35 89
192300 35 36
192300 36 89
192300 36 63
192300 37 93
192300 37 121
192300 37 82
192300 37 106
192300 37 63
192300 37 66
192300 41 87
192300 53 56
192300 56 63
192300 56 118
192300 63 87
192300 77 81
192300 81 103
192300 81 87
192300 87 102
192300 93 114
192600 4 96
192600 5 118
192600 6 71
192600 6 118
192600 7 103
192600 10 37
192600 12 36
192600 14 118
192600 17 87
192600 17 53
192600 30 64
192600 31 96
192600 34 82
192600 36 89
192600 36 120
192600 36 113
192600 37 63
192600 37 66
192600 37 82
192600 41 87
192600 49 69
192600 53 56
192600 53 120
192600 56 63
192600 56 118
192600 56 67
192600 63 87
192600 71 120
192600 81 87
192600 87 102
192600 109 118
192900 6 17
192900 6 114
192900 6 41
192900 7 103
192900 10 96
192900 11 51
192900 12 36
192900 17 41
192900 26 30
192900 30 63
192900 30 64
192900 30 56
192900 30 82
192900 30 99
192900 30 41
192900 30 87
192900 30 48
192900 30 103
192900 34 82
192900 36 120
192900 36 89
192900 36 113
192900 37 63
192900 37 121
192900 50 117
192900 53 120
192900 53 56
192900 56 67
192900 56 118
192900 56 63
192900 63 87
192900 71 120
192900 76 103
192900 81 118
192900 87 102
193200 4 76
193200 4 89
193200 6 114
193200 6 118
193200 6 17
193200 6 41
193200 10 37
193200 11 51
193200 17 41
193200 17 87
193200 17 60
193200 26 30
193200 30 64
193200 30 103
193200 30 99
193200 36 113
193200 37 66
193200 37 63
193200 37 76
193200 51 53
193200 53 56
193200 53 120
193200 53 118
193200 53 89
193200 63 87
193200 64 76
193200 71 120
193200 76 87
193200 76 82
193200 81 87
193200 87 102
193500 4 76
193500 4 89
193500 7 103
193500 7 53
193500 10 37
193500 12 36
193500 17 60
193500 17 41
193500 17 87
193500 20 66
193500 24 117
193500 24 120
193500 24 60
193500 27 104
193500 30 63
193500 36 120
193500 37 76
193500 37 66
193500 41 53
193500 41 103
193500 41 63
193500 41 120
193500 51 53
193500 53 120
193500 53 118
193500 56 63
193500 63 120
193500 64 76
193500 66 106
193500 71 120
193500 76 103
193500 103 120
193800 4 89
193800 4 76
193800 4 43
193800 7 24
193800 7 73
193800 10 56
193800 10 37
193800 10 24
193800 12 36
193800 17 73
193800 20 66
193800 24 73
193800 26 30
193800 27 104
193800 30 103
193800 30 99
193800 30 64
193800 32 43
193800 37 76
193800 41 53
193800 41 120
193800 41 103
193800 41 86
193800 53 89
193800 56 63
193800 64 76
193800 66 106
193800 76 101
193800 77 113
194100 4 43
194100 4 76
194100 7 73
194100 7 24
194100 7 118
194100 10 24
194100 10 37
194100 12 73
194100 12 77
194100 12 37
194100 13 66
194100 14 86
194100 17 87
194100 17 60
194100 17 41
194100 17 73
194100 24 73
194100 24 109
194100 24 53
194100 24 45
194100 26 30
194100 27 104
194100 30 64
194100 30 99
194100 30 63
194100 32 43
194100 36 120
194100 37 73
194100 37 77
194100 37 76
194100 41 120
194100 41 103
194100 41 63
194100 41 45
194100 41 73
194100 43 87
194100 45 66
194100 53 89
194100 63 120
194100 64 76
194100 66 99
194100 66 73
194100 77 113
194100 97 103
194100 103 120
194400 4 43
194400 4 14
194400 4 77
194400 4 41
194400 4 45
194400 7 118
194400 10 37
194400 10 24
194400 10 36
194400 10 113
194400 10 53
194400 10 105
194400 12 37
194400 12 36
194400 12 73
194400 14 86
194400 14 19
194400 15 54
194400 15 73
194400 15 87
194400 17 87
194400 19 113
194400 19 106
194400 22 97
194400 24 45
194400 26 30
194400 29 107
194400 30 99
194400 30 64
194400 30 63
194400 32 43
194400 36 120
194400 41 103
194400 41 53
194400 41 63
194400 41 86
194400 41 120
194400 41 45
194400 41 76
194400 42 45
194400 45 66
194400 45 73
194400 45 77
194400 59 62
194400 60 71
194400 63 120
194400 64 76
194400 66 99
194400 66 73
194400 77 113
194400 77 87
194400 97 103
194400 103 120
194700 4 14
194700 4 41
194700 4 43
194700 4 77
194700 7 118
194700 7 43
194700 7 113
194700 10 37
194700 10 36
194700 10 113
194700 10 105
194700 10 67
194700 10 44
194700 11 113
194700 12 36
194700 12 37
194700 13 66
194700 14 19
194700 15 73
194700 15 87
194700 15 54
194700 15 80
194700 15 19
194700 15 43
194700 15 44
194700 17 41
194700 17 73
194700 17 60
194700 19 106
194700 19 113
194700 19 45
194700 19 97
194700 19 43
194700 36 120
194700 41 53
194700 41 86
194700 43 45
194700 44 53
194700 45 77
194700 45 73
194700 66 104
194700 77 87
194700 80 113
195000 0 35
195000 4 14
195000 5 26
195000 7 118
195000 10 37
195000 13 30
195000 15 80
195000 15 73
195000 15 43
195000 15 44
195000 15 19
195000 17 73
195000 19 113
195000 19 97
195000 19 45
195000 19 106
195000 19 43
195000 25 103
195000 26 30
195000 36 120
195000 37 53
195000 41 112
195000 44 53
195000 53 62
195000 59 62
195000 77 87
195300 0 35
195300 0 58
195300 3 26
195300 4 14
195300 4 77
195300 7 43
195300 7 113
195300 7 55
195300 8 59
195300 10 36
195300 10 37
195300 12 36
195300 13 30
195300 15 43
195300 15 44
195300 17 41
195300 17 47
195300 19 45
195300 30 58
195300 36 62
195300 41 53
195300 41 73
195300 41 58
195300 44 53
195300 45 77
195300 77 87
195300 77 105
195600 0 74
195600 0 30
195600 2 44
195600 2 26
195600 5 26
195600 7 118
195600 7 55
195600 7 113
195600 7 43
195600 8 59
195600 8 37
195600 13 30
195600 15 44
195600 17 41
195600 19 97
195600 41 73
195600 41 53
195600 41 58
195600 44 53
195600 45 85
195600 89 108
195600 89 115
195900 0 30
195900 0 74
195900 2 26
195900 2 44
195900 2 87
195900 7 43
195900 8 59
195900 8 86
195900 13 30
195900 17 41
195900 30 58
195900 35 62
195900 36 62
195900 43 72
195900 58 86
195900 62 72
195900 66 94
195900 72 94
195900 72 106
195900 72 100
195900 72 73
195900 72 85
196200 0 74
196200 2 26
196200 2 44
196200 7 43
196200 7 113
196200 7 55
196200 8 86
196200 13 30
196200 17 41
196200 23 52
196200 30 54
196200 36 62
196200 37 107
196200 40 106
196200 40 43
196200 44 53
196200 44 52
196200 54 82
196200 58 86
196200 62 72
196200 66 94
196200 66 95
196200 72 73
196200 72 106
196200 73 82
196500 0 74
196500 0 51
196500 1 95
196500 2 26
196500 8 86
196500 13 30
196500 17 41
196500 29 106
196500 29 51
196500 29 83
196500 30 54
196500 36 62
196500 40 43
196500 40 98
196500 43 51
196500 44 52
196500 44 53
196500 51 83
196500 51 116
196500 51 96
196500 51 86
196500 52 54
196500 58 86
196500 62 72
196500 66 95
196500 70 73
196500 72 73
196800 0 24
196800 2 26
196800 7 55
196800 15 62
196800 17 121
196800 22 55
196800 22 54
196800 23 52
196800 24 98
196800 29 106
196800 29 83
196800 29 51
196800 31 121
196800 31 95
196800 36 62
196800 44 52
196800 44 114
196800 51 83
196800 52 54
196800 58 86
196800 62 72
196800 72 73
196800 73 83
196800 92 95
197100 2 26
197100 7 55
197100 8 86
197100 15 62
197100 15 22
197100 15 40
197100 17 121
197100 18 52
197100 22 55
197100 22 72
197100 23 35
197100 23 114
197100 24 98
197100 24 44
197100 29 106
197100 31 95
197100 31 121
197100 35 50
197100 35 52
197100 40 43
197100 44 114
197100 44 52
197100 51 86
197100 70 73
197100 70 86
197100 72 73
197100 83 84
197100 84 98
197400 7 36
197400 7 62
197400 15 40
197400 15 62
197400 15 108
197400 15 97
197400 17 52
197400 18 52
197400 22 55
197400 24 44
197400 24 98
197400 29 51
197400 29 106
197400 29 83
197400 31 95
197400 31 121
197400 31 53
197400 35 52
197400 36 98
197400 38 89
197400 40 53
197400 52 73
197400 58 83
197400 62 72
197400 70 86
197400 70 73
197400 72 73
197400 73 114
197400 79 121
197400 79 97
197400 83 84
197400 84 98
197700 8 86
197700 13 31
197700 15 97
197700 17 52
197700 22 55
197700 22 84
197700 23 35
197700 29 106
197700 29 83
197700 29 51
197700 29 76
197700 29 110
197700 30 101
197700 35 50
197700 35 53
197700 36 38
197700 38 100
197700 44 52
197700 44 114
197700 44 70
197700 52 73
197700 53 73
197700 59 76
197700 62 72
197700 70 86
197700 72 73
197700 72 98
197700 73 114
197700 73 79
197700 79 101
197700 83 84
197700 86 114
197700 110 114
198000 3 16
198000 15 97
198000 15 62
198000 16 72
198000 17 52
198000 21 81
198000 22 38
198000 23 113
198000 23 55
198000 29 83
198000 29 106
198000 29 76
198000 29 110
198000 31 44
198000 35 53
198000 36 98
198000 44 114
198000 44 115
198000 44 62
198000 44 81
198000 53 73
198000 53 77
198000 53 101
198000 55 115
198000 58 83
198000 59 76
198000 72 98
198000 73 79
198000 79 101
198000 83 84
198000 83 98
198000 84 98
198000 86 114
198300 8 86
198300 15 97
198300 15 62
198300 16 72
198300 16 113
198300 16 25
198300 22 38
198300 25 45
198300 25 86
198300 25 81
198300 25 27
198300 25 36
198300 25 52
198300 27 76
198300 29 110
198300 30 101
198300 31 100
198300 35 50
198300 35 81
198300 36 98
198300 42 45
198300 44 115
198300 44 114
198300 44 52
198300 52 73
198300 53 73
198300 55 79
198300 59 76
198300 70 86
198300 73 79
198300 86 114
198600 15 97
198600 15 62
198600 21 77
198600 21 52
198600 22 38
198600 23 55
198600 25 86
198600 25 36
198600 25 27
198600 25 45
198600 27 76
198600 29 110
198600 30 101
198600 35 50
198600 42 45
198600 44 52
198600 52 73
198600 53 77
198600 59 76
198600 70 86
198600 71 88
198600 83 84
198600 86 114
198600 86 90
198900 8 86
198900 13 20
198900 15 62
198900 15 97
198900 16 113
198900 21 77
198900 22 38
198900 23 55
198900 25 36
198900 25 27
198900 27 76
198900 35 50
198900 36 42
198900 39 56
198900 44 115
198900 45 80
198900 55 79
198900 70 86
198900 71 88
198900 83 84
198900 89 94
199200 1 8
199200 8 86
199200 8 84
199200 15 97
199200 21 77
199200 21 108
199200 22 38
199200 27 76
199200 35 50
199200 36 42
199200 39 56
199200 44 115
199200 59 76
199200 59 115
199200 71 88
199200 89 94
199500 1 8
199500 8 86
199500 15 97
199500 15 62
199500 15 86
199500 16 113
199500 18 23
199500 21 77
199500 22 38
199500 23 55
199500 27 76
199500 35 50
199500 36 42
199500 59 76
199500 71 88
199500 89 94
199800 1 8
199800 8 86
199800 15 86
199800 15 62
199800 18 23
199800 22 38
199800 23 55
199800 27 76
199800 35 50
199800 39 56
199800 59 76
199800 81 117
199800 89 94
199800 104 116
200100 1 8
200100 8 86
200100 15 86
200100 18 23
200100 21 77
200100 23 55
200100 27 76
200100 35 50
200100 71 88
200100 71 97
200100 89 94
200100 97 121
200400 0 61
200400 8 86
200400 15 62
200400 18 23
200400 21 77
200400 23 55
200400 25 106
200400 27 76
200400 35 50
200400 59 76
200400 70 75
200400 71 97
200400 75 76
200400 89 94
200400 97 121
200700 0 61
200700 8 86
200700 8 102
200700 15 62
200700 21 77
200700 22 97
200700 23 55
200700 25 106
200700 35 50
200700 59 76
200700 70 75
200700 89 94
201000 8 86
201000 15 62
201000 21 77
201000 23 55
201000 25 106
201000 35 50
201000 38 112
201000 38 102
201000 38 43
201000 59 76
201000 70 75
201000 101 102
201000 101 112
201300 0 61
201300 6 30
201300 8 86
201300 15 62
201300 15 64
201300 23 55
201300 25 106
201300 26 75
201300 38 112
201300 38 102
201300 38 73
201300 59 76
201300 70 75
201300 101 112
201300 101 102
201600 0 96
201600 6 30
201600 8 86
201600 15 62
201600 15 64
201600 23 55
201600 25 106
201600 35 50
201600 59 76
201600 68 85
201600 101 112
201600 101 102
201900 1 97
201900 6 30
201900 8 86
201900 15 102
201900 19 43
201900 23 55
201900 25 106
201900 34 78
201900 101 112
202200 6 56
202200 8 86
202200 11 74
202200 11 56
202200 19 43
202200 19 57
202200 23 55
202200 25 106
202200 43 106
202200 74 110
202200 101 112
202500 19 43
202500 19 69
202500 25 106
202500 25 113
202500 27 36
202500 31 36
202500 31 55
202500 34 78
202500 39 62
202500 101 112
202500 106 114
202800 6 56
202800 19 43
202800 21 43
202800 25 27
202800 27 78
202800 34 78
202800 39 62
203100 2 61
203100 19 69
203100 25 27
203100 27 78
203100 34 78
203100 39 61
203100 39 109
203100 43 88
203100 109 118
203400 6 56
203400 19 69
203400 25 27
203400 25 60
203400 26 34
203400 26 68
203400 39 61
203400 39 109
203400 43 88
203400 45 104
203700 17 36
203700 19 69
203700 22 43
203700 25 60
203700 31 111
203700 31 92
203700 31 36
203700 32 36
203700 38 108
203700 39 61
203700 45 104
203700 92 109
204000 1 118
204000 19 69
204000 22 43
204000 25 60
204000 25 27
204000 32 36
204000 57 118
204000 61 118
204000 92 109
204300 22 43
204300 25 60
204300 32 36
204300 47 88
204300 88 92
204300 92 109
204600 16 36
204600 18 82
204600 22 43
204600 25 60
204600 36 107
204600 36 43
204600 43 82
204600 92 109
204900 1 22
204900 22 43
204900 25 52
204900 28 76
204900 92 109
204900 92 115
205200 12 109
205200 24 50
205200 24 68
205200 59 61
205500 2 34
205500 12 109
205500 24 50
205500 50 107
205500 59 61
205800 12 109
205800 16 65
205800 24 50
205800 34 52
205800 50 107
206100 16 65
206100 33 71
206100 50 107
206400 12 109
206400 16 65
206400 40 107
206400 50 107
206400 65 71
206700 8 73
206700 16 65
206700 40 107
206700 50 107
207000 8 73
207000 40 107
207000 59 83
207000 65 71
207300 40 107
207300 64 83
207300 65 71
207600 17 115
207600 17 40
207600 65 71
207900 17 115
207900 23 107
207900 93 95
208200 17 40
208200 65 85
208200 85 113
208200 107 113
208500 48 113
208500 48 98
208800 48 98
209400 29 58
211200 15 67
259800 1 121
259800 9 41
259800 77 101
259800 95 114
260100 1 121
260100 9 41
260100 11 71
260100 14 16
260100 73 91
260100 77 101
260100 77 102
260100 82 121
260400 0 102
260400 1 121
260400 7 102
260400 9 41
260400 14 16
260400 33 67
260400 73 91
260400 77 102
260400 82 121
260400 96 102
260700 1 121
260700 7 102
260700 14 16
260700 29 92
260700 73 91
260700 82 121
260700 90 102
260700 92 102
260700 96 102
261000 1 121
261000 14 16
261000 23 49
261000 29 92
261000 29 85
261000 73 91
261000 82 121
261000 96 102
261300 0 45
261300 1 121
261300 4 49
261300 23 49
261300 29 92
261300 29 85
261300 40 45
261300 40 85
261300 73 91
261300 82 121
261600 0 45
261600 23 49
261600 29 85
261600 29 92
261600 70 108
261600 73 91
261600 82 121
261900 0 45
261900 12 36
261900 13 73
261900 23 49
261900 29 85
261900 36 82
261900 70 108
261900 82 121
262200 0 45
262200 13 73
262200 13 36
262200 23 49
262200 25 83
262200 29 85
262200 36 82
262200 57 72
262200 73 91
262200 104 111
262500 0 45
262500 7 91
262500 13 73
262500 25 80
262500 29 85
262500 41 91
262500 57 72
262500 57 100
262500 73 91
262800 0 45
262800 0 42
262800 2 25
262800 13 54
262800 23 49
262800 30 67
262800 41 91
262800 57 72
262800 73 91
263100 0 45
263100 2 25
263100 13 54
263100 23 49
263100 25 41
263100 30 67
263100 50 90
263100 95 96
263400 0 42
263400 0 45
263400 2 25
263400 11 81
263400 11 71
263400 25 41
263400 30 67
263400 41 91
263400 57 72
263700 2 25
263700 11 81
263700 11 71
263700 23 49
263700 25 41
263700 30 67
263700 30 105
263700 50 90
263700 52 102
263700 95 96
264000 0 42
264000 0 45
264000 2 25
264000 3 52
264000 4 64
264000 5 96
264000 11 81
264000 11 71
264000 23 49
264000 52 102
264000 57 72
264000 95 96
264300 0 45
264300 0 42
264300 2 25
264300 4 64
264300 11 71
264300 25 41
264300 30 105
264300 52 102
264300 95 96
264600 0 45
264600 0 42
264600 4 64
264600 5 96
264600 11 71
264600 23 49
264600 36 70
264600 57 72
264600 95 96
264900 0 42
264900 2 25
264900 4 64
264900 11 71
264900 30 105
264900 42 77
264900 52 102
264900 57 72
264900 95 96
265200 0 42
265200 0 45
265200 2 25
265200 4 64
265200 11 71
265200 23 49
265200 30 105
265200 36 70
265200 43 92
265200 52 102
265200 63 101
265500 0 42
265500 0 45
265500 4 64
265500 11 71
265500 30 105
265500 40 118
265500 43 92
265500 45 58
265500 63 101
265500 95 96
265800 0 45
265800 2 25
265800 4 64
265800 11 71
265800 23 49
265800 30 105
265800 38 46
265800 52 102
265800 95 96
266100 0 45
266100 2 25
266100 4 64
266100 23 49
266100 28 116
266100 30 105
266100 40 118
266100 43 92
266100 45 58
266100 52 102
266100 83 107
266100 83 105
266400 2 25
266400 4 64
266400 11 71
266400 23 49
266400 28 116
266400 38 46
266400 40 118
266400 43 92
266400 45 58
266400 47 100
266400 52 102
266400 83 107
266400 87 110
266700 2 25
266700 4 64
266700 11 71
266700 23 49
266700 28 116
266700 40 118
266700 43 92
266700 45 58
266700 47 100
266700 52 102
266700 53 110
266700 83 107
266700 99 102
266700 107 114
267000 2 25
267000 2 4
267000 2 99
267000 4 65
267000 11 71
267000 23 49
267000 31 99
267000 31 53
267000 40 118
267000 45 58
267000 53 99
267000 64 99
267000 99 102
267300 2 25
267300 2 49
267300 2 80
267300 11 71
267300 23 49
267300 31 53
267300 45 58
267300 45 78
267300 45 95
267300 49 67
267300 53 99
267300 64 99
267300 80 93
267600 2 80
267600 11 71
267600 20 106
267600 26 95
267600 45 58
267600 45 78
267600 45 95
267600 45 93
267600 49 79
267600 49 93
267600 52 95
267600 61 104
267600 79 95
267600 80 93
267600 95 104
267900 2 25
267900 6 71
267900 11 71
267900 20 106
267900 23 49
267900 26 95
267900 33 51
267900 35 52
267900 45 58
267900 49 93
267900 49 79
267900 49 67
267900 52 79
267900 52 102
267900 58 71
267900 60 81
267900 65 79
267900 79 95
267900 80 93
267900 93 102
268200 2 51
268200 9 77
268200 9 26
268200 9 35
268200 11 71
268200 15 58
268200 20 106
268200 23 49
268200 25 34
268200 26 95
268200 34 61
268200 35 52
268200 45 58
268200 48 51
268200 49 93
268200 49 79
268200 49 51
268200 49 85
268200 52 79
268200 52 95
268200 52 102
268200 52 83
268200 58 106
268200 58 60
268200 65 79
268200 71 79
268200 77 93
268200 80 93
268500 2 51
268500 9 26
268500 9 77
268500 11 71
268500 12 90
268500 33 51
268500 34 61
268500 34 82
268500 40 77
268500 42 107
268500 49 51
268500 49 93
268500 51 77
268500 52 83
268500 58 60
268500 58 106
268500 60 81
268500 77 93
268500 77 83
268500 77 121
268500 80 93
268500 82 121
268500 93 102
268500 107 109
268800 1 85
268800 2 51
268800 11 71
268800 12 83
268800 12 45
268800 12 107
268800 12 20
268800 20 106
268800 20 64
268800 20 107
268800 20 83
268800 32 82
268800 33 51
268800 34 61
268800 34 82
268800 40 93
268800 40 99
268800 42 107
268800 42 82
268800 49 51
268800 51 77
268800 52 102
268800 52 83
268800 52 95
268800 52 79
268800 64 85
268800 77 121
268800 77 93
268800 77 83
268800 82 121
268800 85 99
268800 93 102
268800 107 109
268800 109 116
269100 1 85
269100 11 71
269100 12 20
269100 12 83
269100 12 107
269100 20 64
269100 20 107
269100 20 71
269100 20 79
269100 29 60
269100 33 51
269100 33 75
269100 34 82
269100 40 77
269100 40 99
269100 40 93
269100 40 51
269100 40 116
269100 42 82
269100 42 107
269100 49 51
269100 51 77
269100 51 83
269100 52 102
269100 52 83
269100 60 81
269100 62 111
269100 62 71
269100 63 95
269100 64 85
269100 64 99
269100 71 95
269100 71 79
269100 77 93
269100 80 93
269100 82 121
269100 85 99
269100 85 107
269100 107 109
269400 1 85
269400 6 40
269400 6 75
269400 12 83
269400 12 107
269400 20 71
269400 20 79
269400 20 107
269400 29 60
269400 32 81
269400 40 93
269400 40 51
269400 40 77
269400 40 116
269400 51 77
269400 52 83
269400 63 95
269400 63 93
269400 71 79
269400 71 95
269400 75 83
269400 77 83
269400 77 93
269400 85 107
269400 107 109
269700 5 32
269700 6 75
269700 6 101
269700 12 83
269700 21 109
269700 29 60
269700 32 81
269700 32 93
269700 40 93
269700 40 51
269700 40 101
269700 51 77
269700 52 83
269700 75 83
269700 77 93
269700 77 83
269700 77 80
269700 80 93
269700 80 109
269700 107 109
270000 1 85
270000 1 116
270000 1 83
270000 1 77
270000 1 101
270000 12 83
270000 21 29
270000 23 116
270000 29 60
270000 32 81
270000 32 93
270000 32 112
270000 40 93
270000 40 101
270000 50 112
270000 52 83
270000 75 83
270000 77 93
270000 77 80
270000 77 83
270000 80 109
270000 80 93
270000 80 83
270000 83 112
270000 107 109
270000 109 116
270300 1 116
270300 1 83
270300 1 23
270300 1 38
270300 12 115
270300 19 23
270300 23 116
270300 23 93
270300 23 88
270300 23 107
270300 29 60
270300 32 93
270300 32 112
270300 32 81
270300 32 45
270300 35 112
270300 40 93
270300 44 115
270300 45 93
270300 48 109
270300 50 112
270300 75 83
270300 77 83
270300 77 93
270300 77 80
270300 77 115
270300 80 93
270300 80 109
270300 87 115
270300 93 116
270300 109 116
270600 32 45
270600 48 109
270600 48 88
