0 1 59
0 2 112
0 3 114
0 8 74
0 9 67
0 9 22
0 10 39
0 10 83
0 11 79
0 12 14
0 12 25
0 13 50
0 16 60
0 24 98
0 31 76
0 34 60
0 36 41
0 36 36
0 39 79
0 42 109
0 44 99
0 48 51
0 50 115
0 53 77
0 53 81
0 55 92
0 55 84
0 60 104
0 61 96
0 69 102
0 72 101
300 2 112
300 3 114
300 10 39
300 10 83
300 11 79
300 11 67
300 11 36
300 12 39
300 13 50
300 16 60
300 19 61
300 24 98
300 31 83
300 34 60
300 34 67
300 36 41
300 42 109
300 48 51
300 50 115
300 55 92
300 60 104
600 2 112
600 4 111
600 8 74
600 11 79
600 11 36
600 11 67
600 16 60
600 19 61
600 19 55
600 24 98
600 31 76
600 34 67
600 34 60
600 36 38
600 42 109
600 48 51
600 50 115
600 55 92
600 60 104
600 73 104
600 91 111
900 2 112
900 4 58
900 8 74
900 11 67
900 11 79
900 16 60
900 31 76
900 33 114
900 34 60
900 34 67
900 36 38
900 40 44
900 40 111
900 42 109
900 48 51
900 73 104
900 91 111
900 111 116
1200 2 112
1200 11 79
1200 12 33
1200 16 60
1200 31 76
1200 36 38
1200 40 44
1200 40 111
1200 42 109
1200 48 51
1200 62 79
1200 62 112
1200 73 104
1200 77 103
1200 91 111
1500 2 112
1500 16 60
1500 27 65
1500 31 76
1500 33 61
1500 36 38
1500 37 103
1500 38 117
1500 40 44
1500 48 51
1500 62 79
1500 62 112
1500 91 111
1500 102 103
1500 111 116
1800 2 112
1800 4 103
1800 4 89
1800 16 60
1800 17 34
1800 27 65
1800 30 61
1800 33 61
1800 37 103
1800 40 44
1800 48 51
1800 61 102
1800 91 111
1800 96 105
1800 102 103
2100 2 112
2100 4 103
2100 11 112
2100 16 60
2100 17 34
2100 27 65
2100 27 48
2100 40 44
2100 48 51
2100 61 102
2100 67 91
2100 73 89
2100 82 117
2100 91 111
2100 111 116
2400 2 112
2400 4 103
2400 10 11
2400 11 112
2400 11 60
2400 11 114
2400 16 60
2400 17 34
2400 22 76
2400 25 73
2400 27 48
2400 40 44
2400 48 51
2400 67 91
2400 73 89
2400 73 78
2400 73 81
2400 111 116
2700 2 112
2700 3 73
2700 4 103
2700 7 109
2700 10 11
2700 11 112
2700 11 114
2700 11 76
2700 11 84
2700 16 60
2700 22 76
2700 25 73
2700 48 51
2700 67 91
2700 73 78
2700 73 89
2700 73 83
2700 111 116
3000 2 112
3000 3 73
3000 4 103
3000 7 109
3000 10 11
3000 11 84
3000 16 60
3000 24 105
3000 25 73
3000 40 44
3000 48 51
3000 64 93
3000 67 91
3000 73 83
3000 74 117
3000 78 109
3000 111 116
3300 2 24
3300 3 73
3300 4 103
3300 7 109
3300 10 11
3300 11 84
3300 16 60
3300 24 105
3300 25 73
3300 40 44
3300 48 51
3300 67 91
3300 74 117
3300 111 116
3600 7 109
3600 11 84
3600 16 60
3600 25 73
3600 32 88
3600 39 83
3600 40 44
3600 40 49
3600 41 121
3600 48 51
3600 49 102
3600 67 91
3600 72 94
3600 74 117
3600 79 88
3600 111 116
3900 3 73
3900 7 109
3900 16 60
3900 32 88
3900 39 83
3900 40 44
3900 41 121
3900 49 112
3900 67 91
3900 72 94
3900 74 117
3900 79 88
3900 86 109
3900 88 95
3900 111 116
4200 3 73
4200 7 109
4200 16 60
4200 17 73
4200 25 73
4200 32 88
4200 37 50
4200 39 83
4200 40 44
4200 41 121
4200 49 112
4200 72 94
4200 86 109
4200 111 116
4500 3 73
4500 7 109
4500 27 51
4500 32 88
4500 39 83
4500 40 44
4500 41 121
4500 49 112
4500 67 91
4500 72 94
4500 74 117
4500 86 109
4500 88 95
4500 111 116
4800 3 73
4800 7 109
4800 16 60
4800 17 73
4800 25 73
4800 32 88
4800 39 83
4800 40 44
4800 47 83
4800 49 112
4800 72 94
4800 74 117
4800 107 112
4800 111 116
5100 16 44
5100 27 51
5100 32 88
5100 39 83
5100 40 44
5100 41 121
5100 47 83
5100 49 112
5100 67 91
5100 72 94
5100 86 109
5100 88 95
5100 111 116
5400 3 73
5400 10 86
5400 16 44
5400 16 60
5400 17 73
5400 27 51
5400 39 83
5400 47 83
5400 67 91
5400 72 94
5400 74 117
5400 86 109
5400 107 112
5400 111 116
5700 3 73
5700 32 88
5700 39 83
5700 41 121
5700 67 91
5700 72 94
5700 74 117
5700 86 109
5700 88 95
5700 88 98
5700 107 112
6000 3 73
6000 10 86
6000 16 44
6000 16 60
6000 27 51
6000 32 88
6000 39 83
6000 47 83
6000 67 91
6000 72 94
6000 86 109
6000 111 116
6300 3 73
6300 5 88
6300 16 44
6300 16 60
6300 27 51
6300 39 83
6300 41 121
6300 74 117
6300 88 95
6300 88 98
6300 111 116
6600 2 48
6600 10 86
6600 27 51
6600 39 83
6600 47 83
6600 67 91
6600 72 94
6600 74 117
6600 86 109
6600 111 116
6900 2 48
6900 7 59
6900 10 86
6900 16 44
6900 16 60
6900 21 81
6900 27 51
6900 39 83
6900 47 83
6900 67 91
6900 72 94
6900 74 117
6900 86 109
6900 88 98
7200 2 48
7200 7 59
7200 15 54
7200 16 44
7200 16 60
7200 21 81
7200 39 83
7200 47 83
7200 72 107
7200 74 117
7200 86 109
7200 88 98
7200 111 116
7500 2 48
7500 7 59
7500 10 86
7500 15 54
7500 16 60
7500 16 44
7500 21 81
7500 39 83
7500 44 88
7500 64 72
7500 72 107
7500 86 109
7500 88 98
7500 111 116
7800 2 48
7800 2 117
7800 4 86
7800 4 10
7800 7 59
7800 10 115
7800 10 13
7800 10 86
7800 10 84
7800 15 54
7800 15 117
7800 39 83
7800 40 59
7800 59 61
7800 59 60
7800 59 113
7800 72 107
7800 74 117
7800 80 84
7800 86 109
7800 86 117
7800 88 98
7800 111 116
8100 2 48
8100 2 117
8100 2 111
8100 2 61
8100 2 80
8100 4 86
8100 4 71
8100 4 14
8100 10 13
8100 10 84
8100 10 115
8100 10 86
8100 15 117
8100 40 59
8100 59 60
8100 59 113
8100 59 61
8100 61 63
8100 61 86
8100 61 74
8100 74 80
8100 80 111
8100 80 113
8100 86 109
8100 86 117
8100 88 98
8400 2 80
8400 2 61
8400 2 48
8400 2 59
8400 3 7
8400 3 111
8400 4 14
8400 4 86
8400 4 63
8400 5 121
8400 7 59
8400 7 10
8400 7 92
8400 7 86
8400 10 13
8400 10 115
8400 10 84
8400 10 40
8400 40 59
8400 59 113
8400 59 87
8400 61 74
8400 61 86
8400 63 111
8400 74 80
8400 80 113
8400 80 111
8400 86 117
8400 86 109
8400 88 98
8400 111 116
8700 2 59
8700 2 61
8700 3 7
8700 3 111
8700 3 80
8700 3 115
8700 3 66
8700 4 86
8700 4 14
8700 4 63
8700 4 98
8700 7 92
8700 7 63
8700 9 115
8700 10 115
8700 13 63
8700 59 60
8700 60 115
8700 60 98
8700 60 121
8700 61 63
8700 63 111
8700 66 115
8700 74 80
8700 80 113
8700 80 121
8700 86 109
8700 111 116
9000 2 48
9000 2 61
9000 3 66
9000 3 115
9000 3 7
9000 3 80
9000 3 116
9000 4 63
9000 7 63
9000 7 10
9000 9 115
9000 9 116
9000 10 13
9000 13 63
9000 18 116
9000 37 66
9000 59 60
9000 60 115
9000 60 121
9000 60 98
9000 60 75
9000 63 111
9000 63 116
9000 66 115
9000 80 121
9000 86 109
9000 118 121
9300 2 48
9300 3 80
9300 3 66
9300 3 7
9300 3 116
9300 3 115
9300 3 6
9300 6 66
9300 6 75
9300 6 18
9300 7 63
9300 9 115
9300 9 116
9300 9 75
9300 9 48
9300 9 60
9300 13 63
9300 18 118
9300 18 68
9300 22 48
9300 37 66
9300 37 118
9300 37 63
9300 60 115
9300 60 98
9300 63 111
9300 63 116
9300 66 115
9300 66 77
9300 66 103
9300 68 115
9300 115 118
9600 3 116
9600 3 6
9600 6 18
9600 6 75
9600 6 67
9600 6 98
9600 9 115
9600 9 48
9600 9 60
9600 9 75
9600 9 116
9600 9 27
9600 18 118
9600 18 116
9600 18 68
9600 18 75
9600 27 116
9600 34 98
9600 37 118
9600 37 63
9600 43 48
9600 43 57
9600 57 98
9600 63 116
9600 66 103
9600 66 77
9600 66 115
9600 66 98
9600 68 115
9600 68 116
9600 75 79
9600 77 79
9600 115 118
9600 118 121
9900 2 77
9900 3 7
9900 3 66
9900 3 116
9900 3 115
9900 6 75
9900 6 67
9900 6 98
9900 9 116
9900 9 48
9900 13 63
9900 18 116
9900 18 118
9900 18 68
9900 27 116
9900 30 103
9900 31 117
9900 34 98
9900 34 57
9900 37 118
9900 40 68
9900 43 57
9900 57 98
9900 57 68
9900 57 77
9900 66 98
9900 66 103
9900 68 116
9900 68 79
9900 69 103
9900 75 79
9900 75 116
9900 77 79
9900 77 121
9900 98 103
9900 103 119
9900 118 121
10200 2 98
10200 2 67
10200 3 7
10200 3 66
10200 3 115
10200 6 67
10200 6 98
10200 6 75
10200 9 60
10200 9 75
10200 9 27
10200 9 115
10200 13 63
10200 13 79
10200 13 51
10200 24 57
10200 27 116
10200 31 61
10200 31 67
10200 34 57
10200 43 57
10200 57 77
10200 66 103
10200 66 98
10200 66 92
10200 68 79
10200 69 103
10200 75 79
10200 77 121
10200 77 79
10200 79 92
10200 98 103
10200 103 119
10500 2 98
10500 2 67
10500 3 66
10500 3 7
10500 9 75
10500 13 51
10500 13 63
10500 13 79
10500 18 68
10500 24 92
10500 24 75
10500 24 66
10500 24 61
10500 24 31
10500 29 30
10500 30 103
10500 30 61
10500 30 71
10500 31 61
10500 31 67
10500 31 117
10500 31 92
10500 37 118
10500 38 67
10500 43 57
10500 51 92
10500 57 68
10500 57 77
10500 60 92
10500 66 103
10500 66 92
10500 66 98
10500 67 73
10500 68 116
10500 98 103
10500 103 119
10800 9 75
10800 13 63
10800 18 68
10800 18 71
10800 24 119
10800 24 63
10800 28 71
10800 29 30
10800 30 61
10800 31 61
10800 31 67
10800 31 117
10800 31 69
10800 38 67
10800 43 57
10800 53 63
10800 53 71
10800 53 70
10800 57 77
10800 57 61
10800 61 69
10800 63 119
10800 66 103
10800 67 73
10800 68 116
10800 68 79
10800 68 103
10800 71 78
10800 75 79
10800 77 79
10800 77 121
10800 78 114
10800 79 92
10800 98 103
10800 103 119
11100 3 67
11100 9 75
11100 18 71
11100 24 63
11100 24 31
11100 24 66
11100 24 61
11100 24 75
11100 24 53
11100 28 71
11100 28 60
11100 31 117
11100 31 61
11100 31 67
11100 31 69
11100 38 67
11100 43 57
11100 48 57
11100 53 63
11100 53 71
11100 57 61
11100 57 77
11100 61 69
11100 63 119
11100 63 67
11100 66 92
11100 66 98
11100 67 73
11100 68 79
11100 68 103
11100 69 70
11100 69 107
11100 69 119
11100 73 120
11100 75 79
11100 77 121
11100 77 79
11100 78 114
11100 78 79
11100 79 92
11100 105 106
11100 106 120
11100 114 119
11400 105 106
11400 106 120
12600 22 68
12600 22 47
12900 22 68
13800 14 86
14100 14 30
14400 33 65
15000 3 9
15000 9 115
15000 42 93
15000 58 63
15000 63 94
15300 3 9
15300 24 31
15300 31 58
15300 42 52
15300 42 94
15300 42 58
15600 15 108
15600 15 66
15600 16 98
15600 23 94
15600 42 58
15600 42 52
15600 94 98
15600 98 114
15900 15 80
15900 15 22
15900 15 99
15900 16 98
15900 22 27
15900 94 98
16200 4 30
16200 15 80
16200 15 22
16200 18 76
16500 7 106
16500 7 29
16500 29 46
16800 81 103
16800 84 111
17100 32 114
17100 32 103
17100 95 103
17100 96 114
17400 35 99
17400 107 110
17700 17 57
17700 44 120
17700 46 85
17700 63 85
17700 77 112
17700 112 120
18000 10 120
18000 12 85
18000 54 91
18000 61 91
18000 85 105
18000 85 92
18300 12 85
18300 28 48
18300 85 92
18300 85 105
18600 9 55
18600 9 67
18600 15 110
18600 39 94
18600 43 93
18600 48 110
18600 52 93
18600 54 115
18600 54 55
18600 55 115
18600 68 93
18600 76 94
18600 115 119
18900 9 74
18900 9 43
18900 22 68
18900 25 115
18900 30 68
18900 39 94
18900 43 93
18900 43 68
18900 48 110
18900 48 93
18900 48 53
18900 48 54
18900 52 93
18900 52 55
18900 52 54
18900 54 115
18900 54 55
18900 54 77
18900 54 68
18900 55 115
18900 55 93
18900 55 59
18900 67 93
18900 68 93
18900 68 92
18900 76 94
18900 85 110
18900 110 115
19200 2 115
19200 2 67
19200 9 74
19200 9 67
19200 9 43
19200 9 44
19200 25 115
19200 25 67
19200 30 68
19200 38 101
19200 40 76
19200 41 67
19200 43 93
19200 48 53
19200 48 54
19200 52 54
19200 52 59
19200 52 76
19200 53 62
19200 54 77
19200 54 68
19200 54 114
19200 54 63
19200 55 59
19200 62 92
19200 66 91
19200 67 93
19200 74 92
19200 76 94
19200 77 115
19500 2 115
19500 2 67
19500 2 43
19500 2 76
19500 9 67
19500 9 43
19500 9 44
19500 9 74
19500 29 85
19500 30 68
19500 33 40
19500 39 94
19500 39 115
19500 39 43
19500 40 76
19500 41 67
19500 41 66
19500 43 48
19500 48 110
19500 48 76
19500 52 76
19500 52 59
19500 52 66
19500 54 63
19500 62 117
19500 62 92
19500 66 91
19500 68 92
19500 73 87
19500 76 103
19800 2 43
19800 2 67
19800 2 76
19800 2 115
19800 7 16
19800 8 66
19800 9 44
19800 21 116
19800 25 66
19800 25 53
19800 29 85
19800 30 68
19800 30 62
19800 30 87
19800 30 92
19800 39 43
19800 39 94
19800 41 66
19800 43 48
19800 43 93
19800 48 110
19800 48 76
19800 52 66
19800 53 117
19800 55 59
19800 55 93
19800 66 93
19800 68 91
19800 85 117
20100 7 16
20100 9 43
20100 9 74
20100 9 44
20100 13 93
20100 16 21
20100 21 116
20100 21 53
20100 25 66
20100 25 53
20100 29 85
20100 30 62
20100 30 39
20100 30 106
20100 36 106
20100 39 94
20100 39 43
20100 39 117
20100 39 103
20100 39 67
20100 41 67
20100 43 48
20100 43 52
20100 48 76
20100 52 84
20100 53 106
20100 55 59
20100 55 93
20100 59 109
20100 62 117
20100 63 93
20100 67 93
20100 68 111
20100 71 83
20100 72 102
20100 73 87
20100 85 117
20400 2 67
20400 2 76
20400 7 16
20400 7 48
20400 7 68
20400 7 87
20400 8 39
20400 8 68
20400 9 43
20400 9 44
20400 9 74
20400 13 93
20400 13 115
20400 16 21
20400 16 68
20400 21 53
20400 25 53
20400 29 85
20400 29 68
20400 30 68
20400 30 39
20400 30 115
20400 36 106
20400 39 117
20400 39 67
20400 39 94
20400 39 48
20400 41 67
20400 43 48
20400 44 93
20400 44 68
20400 48 92
20400 48 68
20400 52 66
20400 52 106
20400 53 106
20400 63 93
20400 63 64
20400 67 93
20400 68 111
20400 68 91
20400 68 75
20400 68 106
20400 68 71
20400 71 83
20400 98 106
20700 2 76
20700 2 102
20700 2 116
20700 5 41
20700 7 68
20700 7 87
20700 7 48
20700 8 68
20700 8 39
20700 8 21
20700 13 93
20700 16 21
20700 21 53
20700 21 62
20700 21 93
20700 25 53
20700 25 66
20700 29 121
20700 30 115
20700 30 68
20700 30 43
20700 38 76
20700 41 43
20700 41 42
20700 44 93
20700 44 68
20700 48 68
20700 48 92
20700 48 117
20700 49 51
20700 51 59
20700 52 106
20700 52 102
20700 55 117
20700 59 72
20700 62 117
20700 62 116
20700 63 64
20700 67 93
20700 68 75
20700 71 83
20700 72 115
20700 85 117
21000 1 55
21000 2 102
21000 5 41
21000 7 16
21000 7 48
21000 7 68
21000 9 44
21000 13 115
21000 13 93
21000 16 72
21000 16 31
21000 21 62
21000 21 93
21000 21 53
21000 25 53
21000 25 59
21000 29 85
21000 29 121
21000 29 51
21000 29 116
21000 29 44
21000 29 48
21000 29 55
21000 29 62
21000 29 53
21000 29 87
21000 39 67
21000 41 43
21000 41 42
21000 42 55
21000 44 68
21000 44 93
21000 44 74
21000 48 92
21000 48 68
21000 48 51
21000 49 87
21000 51 59
21000 51 55
21000 51 56
21000 53 72
21000 53 55
21000 59 72
21000 62 94
21000 67 93
21000 68 75
21000 68 111
21000 72 115
21000 87 116
21000 102 115
21300 2 44
21300 2 62
21300 5 24
21300 5 49
21300 7 87
21300 7 16
21300 8 49
21300 9 44
21300 13 115
21300 23 28
21300 24 25
21300 25 59
21300 29 87
21300 29 62
21300 29 53
21300 29 44
21300 29 51
21300 33 74
21300 35 44
21300 42 55
21300 44 74
21300 48 92
21300 48 106
21300 48 105
21300 49 87
21300 49 96
21300 51 56
21300 51 52
21300 52 57
21300 53 72
21300 53 55
21300 59 72
21300 62 94
21300 68 75
21300 74 105
21300 87 116
21300 102 105
21600 2 102
21600 2 54
21600 5 41
21600 5 49
21600 5 75
21600 7 16
21600 8 49
21600 16 49
21600 16 54
21600 21 31
21600 24 25
21600 24 72
21600 25 59
21600 28 96
21600 29 51
21600 31 67
21600 33 74
21600 33 45
21600 40 96
21600 41 96
21600 44 74
21600 48 51
21600 49 96
21600 49 57
21600 51 52
21600 51 55
21600 51 115
21600 52 57
21600 53 55
21600 54 96
21600 59 93
21600 59 96
21600 59 105
21600 62 94
21600 67 105
21600 68 75
21600 72 115
21600 74 105
21600 96 105
21600 102 115
21900 2 102
21900 2 54
21900 2 67
21900 5 41
21900 5 75
21900 7 16
21900 7 87
21900 13 115
21900 13 94
21900 16 49
21900 16 54
21900 17 35
21900 17 31
21900 21 31
21900 23 62
21900 23 105
21900 24 94
21900 29 53
21900 31 67
21900 31 102
21900 40 94
21900 41 96
21900 43 88
21900 45 62
21900 47 114
21900 48 106
21900 49 53
21900 49 92
21900 51 115
21900 51 52
21900 53 55
21900 54 119
21900 54 88
21900 54 60
21900 54 92
21900 59 105
21900 59 96
21900 62 94
21900 67 105
21900 72 115
21900 96 105
21900 102 105
21900 102 115
22200 5 41
22200 5 75
22200 7 55
22200 11 91
22200 13 94
22200 17 31
22200 18 91
22200 18 100
22200 21 31
22200 28 106
22200 31 102
22200 31 53
22200 31 34
22200 40 94
22200 43 88
22200 48 106
22200 48 64
22200 49 57
22200 49 92
22200 51 115
22200 51 52
22200 53 55
22200 53 107
22200 54 88
22200 54 92
22200 57 106
22200 59 96
22200 59 105
22200 67 100
22200 100 112
22500 0 50
22500 0 55
22500 5 75
22500 5 41
22500 5 28
22500 13 94
22500 14 106
22500 14 65
22500 17 31
22500 18 91
22500 18 100
22500 22 97
22500 24 112
22500 26 97
22500 26 80
22500 28 106
22500 30 53
22500 31 53
22500 31 102
22500 31 34
22500 40 94
22500 41 96
22500 41 50
22500 43 88
22500 45 62
22500 45 92
22500 48 65
22500 48 75
22500 49 92
22500 49 57
22500 51 115
22500 53 55
22500 53 60
22500 54 92
22500 57 106
22500 59 96
22500 59 106
22500 60 117
22500 67 100
22500 67 117
22500 67 96
22500 80 117
22500 96 105
22800 5 41
22800 5 108
22800 11 50
22800 11 24
22800 13 41
22800 13 33
22800 14 48
22800 17 31
22800 18 100
22800 18 91
22800 18 41
22800 22 93
22800 22 24
22800 26 97
22800 26 80
22800 28 106
22800 28 45
22800 28 92
22800 31 53
22800 40 94
22800 41 96
22800 41 50
22800 43 88
22800 45 108
22800 48 75
22800 48 65
22800 48 80
22800 49 92
22800 51 115
22800 53 107
22800 53 55
22800 54 92
22800 60 117
22800 60 101
22800 67 100
22800 80 92
22800 86 89
22800 86 110
22800 89 110
22800 89 94
22800 96 105
23100 0 50
23100 3 48
23100 3 14
23100 3 87
23100 4 69
23100 5 28
23100 5 41
23100 11 50
23100 14 111
23100 18 110
23100 20 22
23100 26 97
23100 28 106
23100 28 45
23100 31 53
23100 35 48
23100 40 94
23100 41 96
23100 41 50
23100 43 88
23100 45 108
23100 45 92
23100 48 65
23100 48 80
23100 48 75
23100 49 92
23100 51 115
23100 51 87
23100 53 107
23100 55 87
23100 63 87
23100 67 117
23100 67 96
23100 67 87
23100 74 117
23100 76 87
23100 83 110
23100 87 108
23100 94 98
23100 96 105
23400 0 49
23400 3 14
23400 3 48
23400 4 69
23400 4 45
23400 4 110
23400 11 50
23400 14 92
23400 18 110
23400 18 49
23400 26 97
23400 26 80
23400 28 106
23400 28 45
23400 31 53
23400 41 96
23400 41 50
23400 45 108
23400 45 92
23400 45 98
23400 48 75
23400 50 69
23400 53 107
23400 67 117
23400 69 121
23400 74 117
23400 80 92
23400 80 95
23400 96 101
23400 110 121
23700 3 48
23700 3 87
23700 3 14
23700 3 82
23700 4 110
23700 4 45
23700 4 69
23700 4 30
23700 4 80
23700 5 41
23700 8 82
23700 8 49
23700 8 46
23700 14 92
23700 14 111
23700 14 22
23700 14 80
23700 18 110
23700 18 46
23700 20 22
23700 26 73
23700 28 106
23700 28 45
23700 30 67
23700 31 53
23700 32 82
23700 32 80
23700 36 46
23700 40 94
23700 40 46
23700 41 50
23700 41 96
23700 45 98
23700 45 108
23700 45 92
23700 46 114
23700 46 95
23700 46 121
23700 48 65
23700 55 87
23700 63 87
23700 65 80
23700 67 117
23700 73 95
23700 76 87
23700 80 95
23700 80 92
23700 83 110
23700 87 108
23700 96 101
23700 117 121
24000 3 87
24000 3 48
24000 3 50
24000 3 95
24000 4 45
24000 4 69
24000 4 110
24000 8 46
24000 8 49
24000 11 50
24000 18 110
24000 26 73
24000 28 106
24000 28 58
24000 30 41
24000 31 53
24000 40 46
24000 40 94
24000 42 54
24000 45 98
24000 48 65
24000 48 74
24000 50 69
24000 52 97
24000 54 69
24000 55 87
24000 58 107
24000 63 87
24000 67 117
24000 67 74
24000 69 121
24000 73 95
24000 74 117
24000 76 87
24000 79 114
24000 87 108
24000 96 101
24000 108 114
24000 117 121
24300 3 50
24300 3 95
24300 3 48
24300 4 45
24300 4 69
24300 4 110
24300 11 50
24300 14 22
24300 18 110
24300 20 22
24300 22 114
24300 26 73
24300 26 48
24300 26 121
24300 28 106
24300 30 41
24300 31 53
24300 36 82
24300 36 42
24300 41 92
24300 42 121
24300 45 98
24300 50 73
24300 50 67
24300 50 84
24300 54 84
24300 54 58
24300 55 87
24300 63 87
24300 67 74
24300 73 95
24300 87 108
24300 88 117
24300 96 101
24600 4 110
24600 4 69
24600 14 22
24600 18 110
24600 18 117
24600 20 22
24600 20 35
24600 22 114
24600 22 36
24600 22 73
24600 22 57
24600 26 121
24600 26 48
24600 26 110
24600 26 63
24600 28 106
24600 30 41
24600 30 55
24600 31 53
24600 32 52
24600 35 47
24600 42 121
24600 43 74
24600 47 55
24600 48 74
24600 54 84
24600 55 87
24600 58 107
24600 73 95
24600 74 117
24600 84 117
24600 94 112
24600 96 101
24600 107 112
24900 4 69
24900 4 110
24900 11 50
24900 11 84
24900 11 112
24900 18 117
24900 19 21
24900 21 87
24900 22 36
24900 22 73
24900 30 41
24900 35 84
24900 42 121
24900 43 74
24900 48 74
24900 48 79
24900 54 84
24900 58 107
24900 63 87
24900 68 96
24900 73 95
24900 84 117
24900 95 121
24900 96 101
25200 0 18
25200 1 35
25200 1 21
25200 1 102
25200 4 110
25200 4 69
25200 4 84
25200 11 84
25200 11 50
25200 12 96
25200 16 113
25200 17 113
25200 17 121
25200 18 117
25200 18 110
25200 21 87
25200 22 57
25200 22 73
25200 26 110
25200 30 48
25200 35 84
25200 35 74
25200 36 69
25200 48 79
25200 48 74
25200 48 63
25200 54 84
25200 57 73
25200 58 107
25200 62 113
25200 63 87
25200 69 113
25200 73 95
25200 74 117
25200 84 117
25200 84 96
25200 95 113
25200 99 121
25200 102 113
25200 110 113
25500 0 26
25500 3 69
25500 3 63
25500 3 68
25500 3 62
25500 3 96
25500 3 26
25500 3 48
25500 11 50
25500 11 84
25500 11 56
25500 12 96
25500 16 113
25500 17 121
25500 18 95
25500 18 35
25500 21 87
25500 33 63
25500 33 96
25500 35 48
25500 36 69
25500 54 84
25500 63 87
25500 68 121
25500 69 113
25500 69 102
25500 74 117
25500 84 96
25500 84 117
25500 95 98
25500 99 121
25500 102 121
25800 0 26
25800 3 26
25800 3 68
25800 3 96
25800 11 56
25800 12 96
25800 16 113
25800 17 121
25800 21 93
25800 22 73
25800 22 57
25800 23 50
25800 23 90
25800 33 96
25800 57 73
25800 58 107
25800 63 87
25800 84 117
25800 95 98
25800 99 121
25800 102 121
26100 3 68
26100 11 50
26100 11 56
26100 12 96
26100 15 79
26100 16 113
26100 18 35
26100 22 73
26100 22 57
26100 23 90
26100 23 50
26100 33 96
26100 35 48
26100 42 68
26100 57 73
26100 63 87
26100 66 79
26400 0 102
26400 11 56
26400 12 96
26400 15 79
26400 16 113
26400 22 73
26400 22 57
26400 23 90
26400 23 50
26400 33 96
26400 35 48
26400 38 70
26400 42 68
26400 66 79
26400 84 117
26400 89 107
26700 0 102
26700 6 96
26700 12 96
26700 22 57
26700 22 73
26700 23 90
26700 23 50
26700 33 96
26700 35 48
26700 42 68
26700 63 87
26700 73 81
26700 81 114
26700 84 117
26700 89 107
26700 90 103
27000 0 102
27000 12 96
27000 14 77
27000 15 35
27000 22 73
27000 23 50
27000 33 96
27000 38 105
27000 42 68
27000 65 98
27000 73 81
27000 81 114
27000 84 117
27000 89 107
27300 12 96
27300 22 57
27300 23 50
27300 33 96
27300 38 105
27300 42 68
27300 56 58
27300 63 87
27300 73 81
27300 81 114
27300 84 117
27300 89 107
27300 98 111
27600 9 72
27600 12 96
27600 23 50
27600 33 96
27600 42 68
27600 58 84
27600 63 87
27600 81 114
27600 84 117
27600 89 107
27600 98 111
27900 28 88
27900 30 81
27900 42 68
27900 63 87
27900 81 114
27900 84 117
27900 89 107
27900 98 111
27900 113 119
28200 9 72
28200 9 79
28200 12 96
28200 28 88
28200 30 81
28200 60 61
28200 63 87
28200 65 94
28200 72 98
28200 81 114
28200 89 107
28200 98 111
28200 113 119
28500 3 73
28500 8 95
28500 9 79
28500 18 93
28500 18 25
28500 28 88
28500 28 120
28500 34 93
28500 35 101
28500 42 68
28500 45 78
28500 60 61
28500 63 87
28500 65 94
28500 72 98
28500 81 114
28500 113 119
28500 115 120
28800 3 73
28800 6 60
28800 18 25
28800 18 93
28800 28 120
28800 34 93
28800 35 101
28800 63 87
28800 65 94
28800 72 98
28800 81 101
28800 89 107
28800 113 119
29100 3 73
29100 6 60
29100 18 93
29100 34 93
29100 35 101
29100 38 65
29100 42 70
29100 58 61
29100 62 85
29100 63 87
29100 72 98
29100 81 114
29100 81 101
29100 89 107
29100 113 119
29400 3 73
29400 18 113
29400 34 93
29400 35 101
29400 62 85
29400 63 87
29400 63 113
29400 63 70
29400 72 98
29400 81 101
29400 89 107
29400 113 119
29700 3 73
29700 5 73
29700 10 81
29700 10 26
29700 18 113
29700 32 73
29700 32 85
29700 34 93
29700 35 101
29700 37 79
29700 41 85
29700 62 85
29700 63 87
29700 72 98
29700 81 101
29700 85 86
30000 5 111
30000 34 93
30000 35 101
30000 41 85
30000 54 117
30000 54 62
30000 62 85
30000 62 111
30000 63 87
30000 72 98
30000 85 86
30000 87 101
30000 98 111
30300 0 46
30300 5 111
30300 13 98
30300 13 87
30300 13 39
30300 35 101
30300 39 57
30300 41 85
30300 45 46
30300 46 57
30300 57 72
30300 72 98
30300 85 86
30600 5 111
30600 16 41
30600 25 41
30600 31 101
30600 35 101
30600 41 85
30600 41 99
30600 72 98
30900 5 111
30900 5 118
30900 16 41
30900 31 101
30900 35 101
30900 41 99
30900 47 53
30900 47 81
30900 51 111
30900 53 118
30900 53 110
30900 72 98
31200 16 41
31200 16 48
31200 19 78
31200 31 101
31200 40 58
31200 41 99
31200 44 110
31200 48 58
31200 48 71
31200 51 111
31200 53 110
31200 72 98
31500 19 78
31500 30 72
31500 41 99
31500 48 71
31500 51 111
31500 51 73
31500 72 98
31500 73 98
31800 17 51
31800 19 78
31800 41 99
31800 51 73
31800 72 98
31800 73 98
32100 19 78
32100 41 99
32100 51 73
32100 55 100
32100 72 98
32400 19 78
32400 41 99
32400 44 120
32400 44 100
32400 44 96
32400 46 99
32400 55 100
32400 78 100
32400 96 99
32400 99 121
32400 108 120
32700 8 43
32700 18 90
32700 19 78
32700 21 121
32700 41 99
32700 43 121
32700 46 99
32700 90 118
32700 99 121
33000 8 43
33000 19 78
33000 46 99
33000 80 90
33000 108 121
33300 19 78
33300 19 108
33300 46 99
33300 80 90
33600 19 27
33600 46 99
33600 80 90
33900 19 27
33900 25 61
33900 46 68
33900 61 99
33900 80 90
34200 46 68
34500 8 105
34500 46 68
34500 68 105
34800 50 105
35100 20 30
35100 20 102
35100 30 102
35100 43 72
35400 20 109
35400 24 30
35400 24 58
35400 43 72
35400 56 58
35400 106 109
35700 20 109
35700 24 30
35700 43 72
35700 49 109
36000 20 109
36000 24 30
36000 43 72
36300 43 72
36300 49 109
36900 43 72
37800 75 95
39300 52 95
39900 52 73
87000 13 56
87000 20 117
87000 42 78
87300 7 82
87300 18 56
87300 20 117
87300 42 78
87300 49 60
87300 82 98
87300 84 94
87600 6 98
87600 6 49
87600 18 56
87600 18 82
87600 20 117
87600 42 78
87600 42 100
87600 43 96
87600 49 60
87600 69 109
87600 82 98
87600 98 100
87600 109 113
87900 6 49
87900 6 98
87900 14 82
87900 18 82
87900 20 117
87900 30 77
87900 36 113
87900 42 78
87900 42 100
87900 109 113
88200 6 49
88200 6 98
88200 20 117
88200 30 77
88200 30 82
88200 36 113
88200 42 78
88200 45 62
88200 78 84
88200 80 92
88200 109 113
88500 6 49
88500 6 98
88500 6 70
88500 14 42
88500 20 117
88500 30 77
88500 38 118
88500 45 84
88500 45 66
88500 48 66
88500 78 84
88500 80 117
88500 84 107
88500 109 113
88800 2 112
88800 6 49
88800 6 70
88800 14 42
88800 30 77
88800 31 80
88800 36 113
88800 38 118
88800 45 66
88800 45 52
88800 52 107
88800 78 84
88800 109 113
89100 5 31
89100 6 49
89100 22 89
89100 30 77
89100 38 118
89100 52 107
89100 78 84
89100 80 117
89100 84 107
89400 5 31
89400 6 49
89400 22 89
89400 31 80
89400 31 53
89400 38 118
89400 52 107
89700 5 31
89700 6 49
89700 12 20
89700 12 44
89700 16 35
89700 21 111
89700 22 89
89700 27 50
89700 31 80
89700 45 94
89700 50 55
90000 5 31
90000 12 20
90000 14 47
90000 15 87
90000 21 111
90000 27 50
90000 45 94
90000 50 55
90000 55 98
90000 55 60
90000 57 102
90300 5 31
90300 12 20
90300 13 22
90300 14 47
90300 15 87
90300 15 57
90300 21 111
90300 29 59
90300 31 80
90300 41 57
90300 45 94
90300 50 55
90300 57 102
90300 90 116
90600 12 20
90600 13 22
90600 15 57
90600 21 111
90600 29 59
90600 31 80
90600 41 57
90600 45 94
90600 48 55
90600 50 55
90600 54 78
90600 55 98
90600 55 60
90600 57 102
90900 12 20
90900 12 48
90900 13 22
90900 15 57
90900 29 59
90900 45 94
90900 48 55
90900 50 55
90900 54 78
90900 57 102
90900 90 116
91200 13 22
91200 15 57
91200 21 111
91200 29 59
91200 31 80
91200 54 78
91200 55 60
91200 58 116
91200 65 66
91200 90 116
91500 12 20
91500 12 48
91500 12 115
91500 13 22
91500 13 80
91500 15 57
91500 29 59
91500 31 80
91500 54 78
91500 55 60
91500 57 102
91500 58 116
91500 90 116
91800 12 48
91800 13 22
91800 21 111
91800 29 59
91800 55 60
91800 57 102
91800 58 116
91800 59 90
91800 87 105
91800 90 116
92100 12 115
92100 12 20
92100 13 80
92100 13 22
92100 21 111
92100 29 59
92100 55 60
92100 57 102
92100 58 116
92400 12 115
92400 12 20
92400 13 80
92400 14 78
92400 29 59
92400 55 60
92400 57 102
92400 58 116
92400 90 116
92700 12 20
92700 12 115
92700 14 78
92700 21 111
92700 28 112
92700 29 59
92700 57 102
93000 12 115
93000 13 80
93000 28 112
93000 29 59
93000 55 60
93000 57 102
93000 58 116
93000 90 116
93000 111 116
93300 12 20
93300 12 115
93300 13 80
93300 21 111
93300 28 112
93300 55 60
93300 58 116
93300 90 116
93300 111 116
93600 12 115
93600 13 80
93600 57 102
93600 58 116
93600 78 79
93600 79 98
93600 90 116
93600 111 116
93900 12 115
93900 12 20
93900 13 80
93900 21 111
93900 27 30
93900 27 67
93900 57 102
93900 58 116
93900 90 116
93900 111 116
94200 1 57
94200 6 57
94200 6 120
94200 6 11
94200 6 77
94200 12 115
94200 20 27
94200 22 57
94200 27 30
94200 27 67
94200 27 77
94200 55 57
94200 57 102
94200 71 77
94200 78 79
94200 90 116
94500 1 57
94500 6 120
94500 6 11
94500 6 57
94500 6 77
94500 12 20
94500 12 115
94500 18 75
94500 18 22
94500 18 71
94500 18 20
94500 20 27
94500 21 111
94500 21 58
94500 21 31
94500 21 75
94500 22 57
94500 22 34
94500 27 67
94500 27 58
94500 31 71
94500 32 77
94500 34 82
94500 55 57
94500 58 116
94500 58 71
94500 71 84
94800 1 57
94800 6 57
94800 6 11
94800 6 77
94800 6 65
94800 6 20
94800 6 22
94800 11 75
94800 11 34
94800 11 116
94800 11 21
94800 12 115
94800 18 20
94800 18 22
94800 18 71
94800 18 67
94800 18 115
94800 20 82
94800 21 31
94800 21 58
94800 21 75
94800 21 111
94800 21 34
94800 22 57
94800 22 34
94800 27 58
94800 27 77
94800 27 67
94800 31 71
94800 34 82
94800 34 67
94800 34 121
94800 42 70
94800 59 75
94800 90 116
95100 2 62
95100 2 53
95100 6 22
95100 18 67
95100 18 22
95100 20 82
95100 21 34
95100 22 57
95100 22 34
95100 22 55
95100 27 58
95100 27 67
95100 27 77
95100 27 55
95100 34 67
95100 34 82
95100 34 121
95100 35 42
95100 35 53
95100 35 44
95100 42 70
95100 55 57
95100 55 62
95100 59 75
95100 62 111
95100 62 82
95100 67 111
95100 82 111
95400 2 62
95400 6 22
95400 18 22
95400 20 82
95400 21 111
95400 22 55
95400 22 34
95400 22 35
95400 25 67
95400 27 58
95400 27 55
95400 34 82
95400 35 53
95400 35 42
95400 35 44
95400 42 70
95400 44 73
95400 55 62
95400 55 90
95400 55 70
95400 62 82
95400 62 111
95400 67 111
95400 70 111
95400 73 107
95400 82 111
95700 2 62
95700 5 46
95700 6 22
95700 14 90
95700 18 22
95700 22 35
95700 22 34
95700 22 91
95700 23 62
95700 27 58
95700 33 77
95700 34 82
95700 51 108
95700 59 75
95700 62 82
95700 62 111
95700 62 73
95700 70 115
95700 70 86
95700 73 107
95700 73 82
95700 82 111
95700 90 108
95700 115 118
96000 2 62
96000 2 115
96000 2 23
96000 5 46
96000 6 22
96000 14 46
96000 22 91
96000 22 34
96000 22 46
96000 23 62
96000 23 33
96000 27 58
96000 29 77
96000 33 77
96000 42 70
96000 43 90
96000 51 108
96000 51 105
96000 51 58
96000 55 70
96000 62 82
96000 70 111
96000 70 115
96000 73 82
96000 75 115
96000 82 111
96000 82 90
96300 2 115
96300 2 62
96300 2 23
96300 2 38
96300 5 46
96300 5 42
96300 5 86
96300 5 51
96300 6 22
96300 14 46
96300 20 29
96300 22 46
96300 22 34
96300 23 29
96300 23 59
96300 27 58
96300 29 55
96300 29 58
96300 37 42
96300 37 58
96300 42 70
96300 42 58
96300 51 105
96300 51 58
96300 51 108
96600 2 23
96600 2 38
96600 2 115
96600 2 62
96600 2 29
96600 5 42
96600 5 51
96600 5 65
96600 20 29
96600 22 34
96600 23 29
96600 27 58
96600 27 37
96600 27 51
96600 27 96
96600 29 58
96600 29 86
96600 37 58
96600 37 42
96600 37 96
96600 37 75
96600 37 74
96600 38 108
96600 39 86
96600 42 58
96600 51 108
96600 51 105
96600 58 112
96600 83 96
96900 1 5
96900 2 29
96900 2 38
96900 2 23
96900 2 115
96900 2 112
96900 5 51
96900 5 42
96900 27 37
96900 27 96
96900 27 51
96900 27 58
96900 27 39
96900 29 58
96900 37 74
96900 37 58
96900 37 75
96900 58 89
96900 83 96
96900 96 115
96900 112 115
97200 1 83
97200 1 112
97200 2 112
97200 22 34
97200 22 115
97200 22 83
97200 27 51
97200 27 58
97200 27 39
97200 27 96
97200 29 58
97200 37 58
97200 37 96
97200 40 83
97200 58 112
97200 64 89
97200 64 101
97200 69 95
97200 83 96
97200 83 112
97200 89 101
97200 96 117
97200 112 115
97500 1 83
97500 2 23
97500 2 115
97500 2 112
97500 2 29
97500 22 83
97500 22 115
97500 22 101
97500 34 112
97500 34 90
97500 34 101
97500 37 96
97500 40 83
97500 58 112
97500 64 101
97500 73 101
97500 83 112
97500 83 96
97500 89 101
97500 90 117
97500 92 101
97500 94 113
97500 96 117
97500 112 115
97800 23 73
97800 34 90
97800 73 101
97800 90 117
99000 31 101
99000 65 95
99300 40 95
99600 34 80
100800 16 106
101100 1 16
101400 0 97
101400 81 104
101400 97 104
101400 104 112
101700 26 91
101700 35 52
101700 97 104
101700 104 112
102000 24 61
102000 26 28
102000 26 34
102000 28 85
102000 34 71
102300 9 64
102300 64 89
102600 3 22
102600 22 77
102900 22 61
102900 30 96
103200 11 80
103200 53 57
103200 59 78
103500 14 57
103500 49 57
103500 57 106
103500 57 74
103500 59 78
103500 75 106
103500 75 82
103800 15 75
103800 44 104
103800 50 75
103800 70 75
104100 5 69
104100 15 75
104100 29 37
104100 37 80
104100 39 101
104100 48 101
104100 50 75
104100 70 75
104100 80 101
104400 6 79
104400 48 101
104400 57 81
104400 80 101
104700 11 108
104700 62 119
104700 73 119
105000 12 73
105000 16 73
105000 17 108
105000 17 81
105000 48 73
105000 58 105
105000 62 119
105000 66 73
105000 73 119
105000 73 118
105000 80 118
105300 8 48
105300 10 48
105300 11 108
105300 16 58
105300 16 37
105300 17 81
105300 17 108
105300 17 32
105300 17 99
105300 25 28
105300 32 118
105300 32 108
105300 48 105
105300 48 108
105300 48 118
105300 52 57
105300 73 118
105600 10 48
105600 11 108
105600 16 58
105600 17 108
105600 17 81
105600 17 32
105600 24 25
105600 25 32
105600 25 66
105600 25 93
105600 25 81
105600 25 102
105600 26 104
105600 26 80
105600 32 108
105600 32 118
105600 32 72
105600 32 63
105600 32 81
105600 52 57
105600 58 105
105600 65 104
105900 10 48
105900 11 108
105900 17 108
105900 17 81
105900 17 99
105900 24 25
105900 25 102
105900 25 32
105900 25 81
105900 25 66
105900 26 80
105900 26 104
105900 26 120
105900 28 63
105900 32 81
105900 32 72
105900 32 84
105900 32 105
105900 48 118
105900 48 108
105900 52 57
105900 52 80
105900 65 104
105900 66 121
105900 73 118
105900 99 109
105900 104 118
105900 113 118
106200 6 48
106200 11 108
106200 16 96
106200 17 99
106200 20 105
106200 26 99
106200 31 48
106200 32 108
106200 32 105
106200 32 118
106200 32 48
106200 32 99
106200 48 118
106200 51 105
106200 52 80
106200 52 57
106200 58 105
106200 65 104
106200 99 109
106200 104 118
106200 105 110
106200 113 118
106500 6 48
106500 11 108
106500 12 40
106500 17 108
106500 17 81
106500 17 98
106500 17 118
106500 20 105
106500 26 104
106500 26 120
106500 26 80
106500 28 104
106500 31 48
106500 32 99
106500 32 118
106500 32 102
106500 48 118
106500 51 105
106500 51 104
106500 52 80
106500 52 57
106500 58 105
106500 59 104
106500 65 104
106500 81 109
106500 91 109
106500 99 109
106500 102 104
106500 104 118
106500 109 116
106800 6 48
106800 11 108
106800 11 43
106800 11 81
106800 11 32
106800 12 40
106800 12 118
106800 17 98
106800 17 99
106800 26 80
106800 26 99
106800 26 104
106800 31 48
106800 31 57
106800 31 75
106800 31 91
106800 32 108
106800 32 102
106800 32 118
106800 32 105
106800 32 48
106800 48 120
106800 51 61
106800 53 57
106800 56 115
106800 59 104
106800 61 102
106800 73 81
106800 84 102
106800 91 109
106800 91 108
106800 98 110
106800 99 102
106800 102 104
106800 104 118
106800 109 116
107100 11 81
107100 11 32
107100 11 43
107100 11 91
107100 11 59
107100 12 118
107100 12 40
107100 17 81
107100 17 118
107100 17 99
107100 17 98
107100 17 59
107100 20 105
107100 28 120
107100 28 118
107100 31 91
107100 31 57
107100 32 48
107100 32 99
107100 32 105
107100 32 108
107100 48 120
107100 51 61
107100 53 57
107100 58 105
107100 59 104
107100 59 62
107100 61 102
107100 68 91
107100 75 91
107100 84 102
107100 98 110
107100 99 102
107100 99 109
107100 104 118
107100 109 114
107100 109 110
107100 118 120
107400 6 48
107400 11 91
107400 11 59
107400 11 104
107400 11 28
107400 12 118
107400 14 82
107400 17 81
107400 17 59
107400 17 118
107400 18 82
107400 20 105
107400 20 50
107400 24 60
107400 24 48
107400 24 39
107400 28 118
107400 28 108
107400 31 48
107400 31 75
107400 31 108
107400 31 99
107400 39 62
107400 39 104
107400 41 61
107400 48 96
107400 51 61
107400 58 105
107400 59 62
107400 61 102
107400 65 99
107400 68 91
107400 73 81
107400 75 91
107400 91 109
107400 91 115
107400 102 104
107400 109 114
107400 118 120
107700 3 23
107700 6 48
107700 11 59
107700 11 104
107700 11 52
107700 14 82
107700 17 59
107700 24 60
107700 24 48
107700 32 108
107700 34 39
107700 38 114
107700 38 65
107700 39 62
107700 39 67
107700 39 120
107700 39 50
107700 40 81
107700 41 61
107700 48 96
107700 54 84
107700 58 105
107700 59 62
107700 61 102
107700 62 74
107700 65 99
107700 73 118
107700 77 105
107700 82 108
107700 82 105
107700 91 120
107700 91 114
107700 104 118
107700 105 115
107700 105 110
107700 109 114
108000 2 96
108000 3 23
108000 6 48
108000 11 59
108000 11 52
108000 11 104
108000 11 61
108000 11 24
108000 17 61
108000 17 38
108000 24 39
108000 24 48
108000 24 32
108000 24 110
108000 29 30
108000 31 99
108000 38 65
108000 38 49
108000 38 64
108000 38 77
108000 39 104
108000 39 120
108000 39 50
108000 39 121
108000 40 81
108000 41 61
108000 48 96
108000 49 74
108000 54 84
108000 55 57
108000 61 102
108000 61 96
108000 61 69
108000 82 105
108000 91 120
108000 91 114
108000 105 115
108000 105 121
108000 109 114
108300 3 60
108300 3 59
108300 3 73
108300 6 48
108300 6 114
108300 6 71
108300 6 25
108300 11 104
108300 11 52
108300 11 24
108300 11 61
108300 17 61
108300 17 38
108300 24 110
108300 24 32
108300 24 39
108300 29 114
108300 38 77
108300 38 64
108300 38 49
108300 38 55
108300 39 120
108300 39 121
108300 41 61
108300 48 96
108300 49 105
108300 49 121
108300 54 84
108300 55 57
108300 58 105
108300 59 62
108300 60 82
108300 61 96
108300 61 69
108300 61 102
108300 61 86
108300 61 84
108300 74 114
108300 77 105
108300 79 81
108300 81 98
108300 82 95
108300 84 114
108300 91 120
108300 91 114
108300 104 120
108300 105 115
108300 105 121
108300 105 110
108600 3 60
108600 3 23
108600 3 73
108600 6 25
108600 6 71
108600 6 114
108600 11 52
108600 11 104
108600 17 61
108600 17 63
108600 21 26
108600 23 84
108600 24 32
108600 24 39
108600 25 84
108600 26 34
108600 29 114
108600 38 64
108600 39 121
108600 39 120
108600 48 96
108600 49 74
108600 57 120
108600 57 91
108600 60 63
108600 61 86
108600 61 102
108600 61 96
108600 71 98
108600 71 109
108600 77 105
108600 79 81
108600 81 98
108600 91 120
108600 98 120
108600 105 115
108600 109 114
108900 3 60
108900 3 73
108900 3 59
108900 11 104
108900 17 23
108900 17 25
108900 23 109
108900 24 39
108900 24 32
108900 26 58
108900 27 49
108900 29 114
108900 38 64
108900 48 96
108900 49 74
108900 54 84
108900 54 78
108900 58 105
108900 58 98
108900 60 63
108900 60 121
108900 66 95
108900 74 98
108900 79 81
108900 82 95
108900 96 109
108900 104 120
108900 105 121
109200 2 64
109200 10 60
109200 11 104
109200 15 23
109200 15 38
109200 17 25
109200 17 23
109200 18 61
109200 23 81
109200 24 32
109200 26 58
109200 38 49
109200 39 121
109200 39 120
109200 39 68
109200 54 78
109200 54 84
109200 54 71
109200 54 68
109200 58 98
109200 58 105
109200 60 63
109200 64 78
109200 69 104
109200 74 114
109200 75 99
109200 79 81
109200 82 95
109200 96 109
109200 105 121
109200 109 114
109200 111 120
109500 1 115
109500 3 68
109500 15 38
109500 15 23
109500 17 23
109500 17 54
109500 22 78
109500 24 32
109500 26 105
109500 26 66
109500 54 84
109500 54 71
109500 54 78
109500 54 92
109500 58 98
109500 58 105
109500 65 81
109500 74 114
109500 75 99
109500 79 81
109500 82 95
109500 96 109
109500 105 121
109500 109 114
109800 6 111
109800 6 15
109800 6 81
109800 11 63
109800 14 38
109800 15 38
109800 17 23
109800 17 54
109800 17 24
109800 22 81
109800 24 80
109800 54 71
109800 58 105
109800 58 98
109800 60 63
109800 65 81
109800 74 114
109800 80 105
109800 82 95
109800 105 121
109800 109 114
109800 111 120
109800 111 114
110100 3 17
110100 15 50
110100 17 54
110100 17 23
110100 24 80
110100 28 105
110100 28 38
110100 29 64
110100 44 114
110100 46 105
110100 53 79
110100 53 108
110100 54 92
110100 54 71
110100 58 105
110100 58 98
110100 58 60
110100 64 92
110100 65 81
110100 68 80
110100 80 105
110100 84 92
110100 109 114
110400 3 17
110400 6 81
110400 6 64
110400 14 17
110400 15 50
110400 17 58
110400 22 81
110400 24 80
110400 25 28
110400 25 81
110400 38 84
110400 44 114
110400 46 68
110400 54 92
110400 54 80
110400 56 76
110400 58 105
110400 58 60
110400 58 68
110400 65 81
110400 76 84
110400 79 116
110400 80 105
110400 105 121
110700 3 17
110700 6 23
110700 14 17
110700 15 50
110700 17 76
110700 24 80
110700 25 81
110700 25 28
110700 28 92
110700 28 114
110700 38 74
110700 44 114
110700 46 68
110700 58 98
110700 58 60
110700 64 92
110700 65 81
110700 66 82
110700 68 80
110700 71 75
110700 84 92
110700 105 121
110700 109 114
111000 3 17
111000 6 23
111000 14 17
111000 15 50
111000 15 66
111000 15 62
111000 22 70
111000 24 80
111000 25 81
111000 25 28
111000 28 114
111000 28 99
111000 36 68
111000 38 74
111000 38 92
111000 40 92
111000 40 91
111000 44 114
111000 45 58
111000 57 69
111000 57 105
111000 58 98
111000 58 105
111000 58 91
111000 65 81
111000 68 80
111000 69 91
111000 70 76
111000 72 91
111000 74 91
111000 79 92
111000 79 109
111000 84 92
111000 84 91
111000 91 98
111000 92 98
111000 109 114
111300 3 17
111300 6 23
111300 24 80
111300 26 38
111300 26 110
111300 28 40
111300 28 98
111300 36 109
111300 40 70
111300 44 114
111300 56 69
111300 56 75
111300 57 105
111300 57 69
111300 58 105
111300 58 98
111300 65 81
111300 68 80
111300 68 84
111300 70 76
111300 74 99
111300 79 109
111300 80 98
111300 92 98
111300 110 116
111600 0 81
111600 3 63
111600 3 22
111600 6 23
111600 9 68
111600 9 86
111600 26 110
111600 26 38
111600 28 114
111600 28 40
111600 31 45
111600 33 50
111600 38 88
111600 38 114
111600 40 70
111600 40 91
111600 40 57
111600 40 68
111600 44 114
111600 50 86
111600 57 69
111600 57 105
111600 58 105
111600 58 91
111600 69 91
111600 72 91
111600 74 99
111600 74 91
111600 79 109
111600 80 98
111600 84 91
111600 88 107
111600 91 98
111600 110 116
111900 0 120
111900 0 121
111900 6 23
111900 9 86
111900 9 68
111900 11 57
111900 11 121
111900 26 38
111900 26 63
111900 28 109
111900 38 114
111900 38 110
111900 38 98
111900 40 68
111900 40 70
111900 44 114
111900 49 120
111900 50 86
111900 55 98
111900 57 69
111900 57 105
111900 57 58
111900 58 105
111900 68 80
111900 74 99
111900 78 107
111900 80 112
111900 84 91
111900 88 107
111900 88 120
111900 91 98
111900 92 111
111900 105 114
111900 110 116
111900 114 121
112200 0 121
112200 3 63
112200 9 86
112200 9 68
112200 11 57
112200 11 121
112200 40 68
112200 44 114
112200 49 120
112200 50 86
112200 55 98
112200 56 120
112200 57 105
112200 57 69
112200 58 105
112200 69 81
112200 74 99
112200 75 121
112200 78 107
112200 84 91
112200 88 120
112200 110 116
112500 0 121
112500 0 32
112500 5 42
112500 5 13
112500 9 86
112500 19 52
112500 40 68
112500 50 86
112500 55 98
112500 56 120
112500 57 105
112500 58 105
112500 69 81
112500 74 99
112500 78 107
112500 84 91
112500 88 120
112500 110 116
112800 0 121
112800 3 63
112800 3 110
112800 5 13
112800 9 86
112800 19 52
112800 26 68
112800 50 86
112800 56 120
112800 57 105
112800 58 105
112800 69 81
112800 74 99
112800 88 120
112800 110 116
113100 0 121
113100 3 63
113100 5 13
113100 9 86
113100 9 109
113100 19 52
113100 26 68
113100 50 86
113100 55 98
113100 56 120
113100 57 105
113100 58 105
113100 110 116
113400 0 121
113400 3 63
113400 5 13
113400 8 40
113400 9 86
113400 17 33
113400 19 52
113400 33 81
113400 33 93
113400 50 110
113400 55 98
113400 55 119
113400 56 120
113400 57 105
113400 110 116
113700 0 121
113700 3 63
113700 5 13
113700 9 86
113700 9 107
113700 13 100
113700 27 49
113700 33 81
113700 33 93
113700 50 110
113700 55 119
113700 57 105
114000 0 121
114000 3 63
114000 5 13
114000 8 40
114000 9 86
114000 33 81
114000 33 93
114000 44 98
114000 55 119
114000 57 105
114300 0 121
114300 5 13
114300 8 40
114300 9 86
114300 9 112
114300 33 93
114300 55 119
114600 5 13
114600 25 60
114600 25 33
114600 32 121
114600 33 93
114600 41 51
114600 44 98
114600 48 102
114600 55 119
114600 57 105
114900 5 13
114900 5 98
114900 8 40
114900 25 60
114900 25 33
114900 32 60
114900 32 119
114900 33 93
114900 41 51
114900 55 76
114900 57 105
114900 60 116
115200 2 74
115200 5 13
115200 8 40
115200 32 60
115200 33 93
115200 41 51
115200 43 116
115200 55 76
115200 57 105
115200 60 116
115200 66 81
115200 84 107
115200 116 117
115500 2 74
115500 5 13
115500 5 98
115500 25 98
115500 32 60
115500 33 93
115500 41 51
115500 55 76
115500 57 105
115500 60 116
115800 5 13
115800 32 60
115800 41 51
115800 55 76
115800 57 105
115800 60 116
116100 23 36
116100 32 60
116100 36 47
116100 36 63
116100 41 51
116100 55 76
116100 60 116
116100 63 97
116400 23 36
116400 23 77
116400 32 60
116400 55 76
116400 60 116
116400 63 97
116400 93 114
116700 27 67
116700 27 116
116700 28 93
116700 30 114
116700 30 73
116700 32 60
116700 41 51
116700 45 87
116700 55 76
116700 63 97
116700 67 106
116700 73 77
116700 93 114
116700 93 116
117000 16 60
117000 16 31
117000 27 116
117000 28 111
117000 28 31
117000 32 60
117000 45 87
117000 48 114
117000 55 76
117000 58 74
117000 63 97
117000 70 74
117000 93 114
117000 93 116
117300 27 116
117300 27 108
117300 28 31
117300 32 60
117300 32 96
117300 32 70
117300 45 87
117300 50 96
117300 55 76
117300 55 115
117300 70 115
117300 93 116
117300 93 108
117300 96 108
117600 15 39
117600 27 116
117600 27 108
117600 28 31
117600 32 70
117600 43 116
117600 45 87
117600 55 76
117600 70 115
117600 93 116
117900 27 108
117900 27 51
117900 28 31
117900 28 112
117900 45 87
117900 55 76
117900 70 115
117900 93 116
117900 93 97
118200 21 34
118200 25 68
118200 27 108
118200 28 31
118200 28 51
118200 34 51
118200 34 108
118200 70 115
118200 93 116
118500 16 81
118500 16 65
118500 25 68
118500 27 108
118500 27 116
118500 28 51
118500 70 115
118800 16 81
118800 20 49
118800 20 115
118800 27 108
118800 29 96
118800 49 70
118800 49 69
118800 70 115
118800 96 115
118800 96 98
118800 98 108
119100 2 55
119100 15 24
119100 15 29
119100 15 101
119100 22 73
119100 27 108
119100 29 108
119100 49 70
119100 49 69
119100 52 113
119100 101 113
119400 15 45
119400 20 49
119400 22 73
119400 27 108
119400 29 108
119700 15 45
119700 20 49
119700 27 108
119700 29 108
119700 70 103
120000 13 70
120000 15 45
120000 20 49
120000 27 108
120300 6 109
120300 20 49
120300 27 108
120600 15 106
120600 41 70
120900 41 109
122100 47 103
122400 61 114
122400 93 114
122700 39 69
122700 62 68
173400 8 40
173400 10 103
173400 27 66
173400 66 111
173700 8 40
173700 10 103
173700 10 33
173700 10 75
173700 13 75
173700 33 63
173700 66 78
173700 71 96
174000 8 40
174000 13 78
174000 33 63
174000 33 78
174000 66 78
174000 66 111
174000 71 96
174000 75 105
174000 75 76
174000 78 96
174300 2 113
174300 9 76
174300 13 78
174300 13 18
174300 33 78
174300 40 78
174300 52 95
174300 66 78
174300 66 111
174300 71 96
174300 75 105
174300 78 93
174600 2 113
174600 9 87
174600 44 113
174600 51 113
174600 52 95
174600 66 78
174600 66 111
174600 71 96
174600 75 105
174600 87 113
174900 2 113
174900 2 11
174900 9 87
174900 20 48
174900 25 117
174900 25 48
174900 38 61
174900 44 113
174900 51 113
174900 52 95
174900 60 107
174900 66 107
174900 75 105
174900 96 113
175200 9 40
175200 15 66
175200 20 48
175200 22 77
175200 25 48
175200 44 113
175200 51 113
175200 60 107
175200 66 111
175200 66 107
175200 66 106
175200 71 96
175200 75 105
175200 85 94
175500 1 81
175500 1 109
175500 13 118
175500 15 66
175500 20 48
175500 22 77
175500 44 113
175500 51 113
175500 51 75
175500 66 107
175500 66 106
175500 66 111
175500 66 81
175500 85 94
175800 1 109
175800 1 55
175800 5 37
175800 14 53
175800 15 66
175800 20 61
175800 44 113
175800 48 81
175800 51 113
175800 66 106
175800 68 100
175800 71 96
175800 82 94
175800 85 94
176100 1 109
176100 1 74
176100 5 37
176100 5 53
176100 5 99
176100 5 87
176100 14 53
176100 15 66
176100 20 61
176100 37 68
176100 44 87
176100 48 81
176100 51 75
176100 51 110
176100 53 83
176100 68 100
176100 81 91
176100 81 82
176100 105 121
176400 1 109
176400 5 87
176400 5 53
176400 5 99
176400 5 37
176400 5 51
176400 14 53
176400 20 61
176400 25 87
176400 37 68
176400 48 81
176400 75 105
176400 82 94
176400 87 105
176400 105 121
176700 1 74
176700 5 51
176700 5 99
176700 5 53
176700 5 37
176700 10 51
176700 14 53
176700 20 61
176700 30 51
176700 37 68
176700 48 104
176700 51 110
176700 65 82
176700 70 83
176700 102 103
177000 1 74
177000 5 87
177000 5 99
177000 5 53
177000 5 37
177000 10 51
177000 25 87
177000 29 66
177000 35 37
177000 37 68
177000 48 81
177000 48 104
177000 51 110
177000 65 82
177000 66 117
177000 75 105
177000 82 94
177000 87 105
177300 5 87
177300 5 99
177300 5 37
177300 10 51
177300 20 61
177300 21 28
177300 21 59
177300 25 87
177300 35 37
177300 37 68
177300 48 81
177300 51 110
177300 65 82
177300 66 117
177300 74 104
177300 75 105
177300 87 105
177300 102 103
177600 1 74
177600 3 75
177600 3 15
177600 5 53
177600 7 55
177600 10 51
177600 21 28
177600 21 59
177600 29 66
177600 37 68
177600 48 81
177600 51 110
177600 60 65
177600 65 82
177600 66 117
177600 74 104
177600 75 105
177900 3 15
177900 5 99
177900 5 37
177900 7 55
177900 10 51
177900 20 61
177900 21 59
177900 21 28
177900 21 84
177900 25 87
177900 31 37
177900 35 37
177900 48 81
177900 60 65
177900 65 82
177900 66 117
177900 75 105
177900 102 103
178200 5 37
178200 5 99
178200 7 55
178200 10 51
178200 21 28
178200 21 84
178200 25 87
178200 48 81
178200 51 110
178200 60 65
178200 65 82
178200 66 117
178200 75 105
178200 90 115
178200 102 103
178500 2 72
178500 5 99
178500 5 37
178500 21 28
178500 21 84
178500 25 87
178500 31 37
178500 35 37
178500 48 81
178500 51 110
178500 65 82
178500 66 117
178500 90 115
178500 102 103
178800 5 99
178800 5 37
178800 21 84
178800 31 37
178800 35 37
178800 51 110
178800 65 82
178800 66 117
178800 75 105
178800 90 115
178800 102 103
179100 2 72
179100 5 37
179100 31 37
179100 35 37
179100 48 81
179100 51 110
179100 66 117
179100 90 115
179100 95 121
179100 102 103
179400 2 72
179400 5 37
179400 5 99
179400 21 84
179400 40 92
179400 48 81
179400 51 110
179400 75 105
179400 90 115
179400 92 121
179400 95 121
179700 2 72
179700 31 37
179700 35 37
179700 40 92
179700 48 81
179700 51 110
179700 62 93
179700 66 117
179700 92 121
179700 95 121
180000 2 72
180000 5 37
180000 5 99
180000 21 84
180000 26 118
180000 31 37
180000 35 37
180000 66 117
180000 75 105
180000 92 121
180000 95 121
180300 3 33
180300 5 37
180300 5 99
180300 21 84
180300 26 118
180300 31 37
180300 33 121
180300 51 110
180300 62 93
180300 75 105
180300 92 121
180600 21 84
180600 31 37
180600 31 95
180600 31 105
180600 51 110
180600 51 105
180600 62 93
180600 92 121
180600 95 105
180600 95 110
180900 25 28
180900 26 105
180900 28 31
180900 28 95
180900 28 96
180900 31 105
180900 31 37
180900 31 95
180900 32 96
180900 34 96
180900 62 93
180900 75 105
180900 95 105
181200 5 62
181200 25 28
181200 26 105
181200 26 95
181200 26 96
181200 26 32
181200 28 96
181200 28 95
181200 28 99
181200 28 62
181200 31 105
181200 31 95
181200 31 60
181200 32 58
181200 62 93
181200 70 76
181200 75 105
181200 92 121
181200 95 105
181200 95 110
181200 104 121
181500 5 62
181500 5 75
181500 6 121
181500 6 114
181500 25 28
181500 26 32
181500 26 105
181500 26 95
181500 26 114
181500 28 31
181500 28 62
181500 31 60
181500 31 37
181500 31 105
181500 32 58
181500 34 96
181500 34 121
181500 34 112
181500 34 58
181500 38 76
181500 42 58
181500 58 93
181500 58 121
181500 58 105
181500 59 101
181500 62 114
181500 67 105
181500 69 92
181500 75 105
181500 75 121
181500 75 92
181500 75 93
181500 76 105
181500 87 112
181500 92 121
181500 92 93
181500 92 110
181500 93 110
181500 95 105
181500 101 114
181800 3 98
181800 5 62
181800 6 121
181800 6 114
181800 9 76
181800 28 62
181800 28 31
181800 28 99
181800 31 60
181800 31 37
181800 31 105
181800 34 58
181800 34 96
181800 34 121
181800 38 76
181800 42 58
181800 42 59
181800 42 60
181800 44 99
181800 58 105
181800 58 93
181800 58 114
181800 59 99
181800 62 114
181800 62 76
181800 67 105
181800 67 112
181800 69 92
181800 70 76
181800 70 110
181800 75 105
181800 75 93
181800 76 105
181800 92 93
181800 93 110
181800 93 99
181800 95 110
181800 95 105
181800 98 114
181800 101 114
181800 110 112
182100 5 62
182100 8 59
182100 9 76
182100 9 98
182100 25 62
182100 25 76
182100 25 99
182100 28 62
182100 28 99
182100 28 31
182100 28 98
182100 31 37
182100 31 60
182100 31 70
182100 31 42
182100 31 98
182100 32 57
182100 33 98
182100 34 96
182100 34 58
182100 38 76
182100 39 60
182100 42 58
182100 42 59
182100 58 114
182100 58 105
182100 58 93
182100 59 101
182100 59 99
182100 60 98
182100 62 76
182100 62 114
182100 70 76
182100 75 93
182100 76 105
182100 92 93
182100 93 110
182100 93 99
182100 98 114
182100 110 112
182400 3 98
182400 5 62
182400 8 59
182400 9 98
182400 14 54
182400 15 113
182400 25 99
182400 25 76
182400 28 98
182400 28 62
182400 28 99
182400 30 39
182400 31 105
182400 31 98
182400 31 42
182400 32 57
182400 34 58
182400 34 96
182400 39 93
182400 39 58
182400 39 78
182400 42 58
182400 42 59
182400 42 99
182400 54 58
182400 54 59
182400 58 93
182400 58 60
182400 59 73
182400 60 98
182400 62 76
182400 62 114
182400 62 93
182400 75 105
182400 75 93
182400 87 111
182400 92 93
182400 93 110
182400 93 99
182400 93 111
182400 95 105
182700 9 76
182700 9 98
182700 14 54
182700 14 28
182700 14 52
182700 14 96
182700 14 63
182700 27 54
182700 28 98
182700 28 62
182700 28 75
182700 30 39
182700 31 105
182700 31 98
182700 31 37
182700 32 57
182700 32 75
182700 32 40
182700 34 96
182700 38 76
182700 39 93
182700 39 58
182700 40 105
182700 58 93
182700 62 93
182700 62 114
182700 62 109
182700 70 76
182700 75 105
182700 75 93
182700 75 89
182700 76 105
182700 87 111
182700 92 93
182700 93 110
182700 93 111
182700 93 99
182700 95 105
183000 2 3
183000 3 98
183000 3 75
183000 3 87
183000 8 59
183000 10 92
183000 14 96
183000 14 63
183000 14 28
183000 28 62
183000 30 39
183000 32 40
183000 32 57
183000 32 75
183000 32 37
183000 40 105
183000 40 52
183000 40 70
183000 42 58
183000 52 110
183000 54 58
183000 58 60
183000 62 114
183000 62 109
183000 66 89
183000 70 76
183000 72 92
183000 75 105
183000 75 89
183000 87 111
183000 87 92
183000 89 95
183000 92 93
183000 92 110
183000 93 110
183000 95 105
183300 2 3
183300 2 84
183300 2 32
183300 3 75
183300 3 98
183300 3 87
183300 3 108
183300 3 82
183300 8 59
183300 10 92
183300 14 96
183300 14 63
183300 21 29
183300 29 74
183300 30 39
183300 30 70
183300 32 40
183300 32 37
183300 33 74
183300 40 52
183300 40 70
183300 40 105
183300 42 58
183300 48 59
183300 48 85
183300 54 58
183300 58 60
183300 58 89
183300 66 89
183300 70 76
183300 70 87
183300 75 105
183300 82 109
183300 87 92
183300 89 95
183300 93 110
183300 108 110
183600 2 32
183600 2 84
183600 2 3
183600 2 19
183600 3 108
183600 3 82
183600 3 87
183600 3 98
183600 7 71
183600 7 87
183600 14 63
183600 23 29
183600 29 74
183600 30 39
183600 32 57
183600 32 37
183600 32 40
183600 33 40
183600 38 117
183600 39 82
183600 39 108
183600 39 66
183600 39 98
183600 40 52
183600 40 70
183600 40 105
183600 40 84
183600 40 68
183600 42 58
183600 48 85
183600 48 59
183600 48 63
183600 51 70
183600 54 89
183600 54 98
183600 58 89
183600 58 60
183600 66 89
183600 70 87
183600 70 82
183600 78 82
183600 82 109
183600 82 84
183600 82 108
183600 84 97
183600 84 108
183600 87 92
183600 98 108
183600 108 110
183900 2 19
183900 2 84
183900 3 87
183900 7 71
183900 14 63
183900 23 82
183900 32 37
183900 32 40
183900 33 40
183900 39 108
183900 39 66
183900 39 82
183900 39 98
183900 40 70
183900 40 52
183900 40 105
183900 42 63
183900 42 75
183900 42 51
183900 45 51
183900 48 63
183900 48 85
183900 54 89
183900 54 98
183900 56 82
183900 56 63
183900 57 98
183900 58 89
183900 70 87
183900 76 117
183900 82 109
183900 82 84
183900 82 108
183900 84 108
183900 85 117
183900 87 92
183900 89 91
183900 98 108
184200 16 76
184200 42 51
184200 56 82
184200 56 63
184200 76 117
184800 1 120
186600 23 107
187800 1 33
187800 50 78
188100 14 16
188100 14 100
188400 8 51
188400 28 109
188400 38 57
188400 53 74
188400 57 92
188400 60 65
188700 8 51
188700 13 28
188700 28 92
188700 38 57
188700 87 92
189000 15 106
189000 15 96
189000 18 101
189000 33 75
189000 79 84
189300 12 115
189300 83 108
189600 16 29
189600 29 44
189600 29 82
189600 40 44
189600 43 89
189900 1 43
189900 16 29
189900 16 43
189900 16 28
189900 29 44
189900 29 82
189900 43 87
189900 43 101
190200 8 100
190200 23 90
190500 8 100
190500 11 45
190500 45 48
190800 32 62
190800 57 62
191100 10 110
191100 26 32
191100 32 63
191100 32 61
191100 57 62
191100 61 71
191400 26 32
191400 32 62
191400 32 61
191400 32 63
191400 57 113
191400 57 118
191400 57 121
191400 60 121
191400 61 68
191400 61 118
191400 118 121
191700 7 87
191700 9 11
191700 34 60
191700 41 110
191700 46 47
191700 55 121
191700 57 62
191700 57 121
191700 57 118
191700 57 113
191700 59 99
191700 59 118
191700 59 70
191700 60 118
191700 61 118
191700 70 99
191700 90 121
191700 108 118
191700 110 115
191700 118 121
192000 7 87
192000 9 38
192000 9 121
192000 9 53
192000 9 55
192000 9 34
192000 32 43
192000 34 60
192000 36 53
192000 43 113
192000 43 59
192000 51 53
192000 55 59
192000 55 63
192000 55 76
192000 55 87
192000 56 61
192000 56 114
192000 57 113
192000 59 99
192000 59 70
192000 59 88
192000 60 118
192000 61 79
192000 62 76
192000 62 121
192000 62 113
192000 70 99
192000 83 88
192000 88 115
192000 90 121
192000 110 115
192300 5 76
192300 7 87
192300 7 76
192300 9 53
192300 25 43
192300 32 43
192300 38 81
192300 41 110
192300 43 59
192300 43 113
192300 43 76
192300 43 70
192300 43 60
192300 46 114
192300 51 53
192300 55 87
192300 55 76
192300 56 61
192300 57 118
192300 57 113
192300 57 62
192300 57 121
192300 59 70
192300 60 100
192300 61 79
192300 61 121
192300 62 76
192300 62 121
192300 70 99
192300 70 106
192300 83 88
192300 88 115
192300 90 121
192300 110 115
192600 5 76
192600 7 76
192600 7 88
192600 9 53
192600 11 43
192600 11 66
192600 28 53
192600 32 43
192600 32 53
192600 32 90
192600 34 38
192600 34 113
192600 38 81
192600 43 60
192600 43 113
192600 43 76
192600 43 70
192600 43 79
192600 51 53
192600 53 63
192600 53 121
192600 55 76
192600 55 87
192600 56 61
192600 57 62
192600 57 113
192600 57 121
192600 60 100
192600 60 118
192600 61 115
192600 63 121
192600 70 99
192600 70 106
192600 79 83
192600 83 88
192600 83 90
192600 88 115
192600 88 89
192600 90 121
192600 94 113
192600 113 115
192900 7 88
192900 7 63
192900 9 103
192900 9 113
192900 11 43
192900 11 66
192900 25 51
192900 28 66
192900 28 59
192900 32 53
192900 32 90
192900 34 38
192900 38 70
192900 51 62
192900 53 121
192900 53 63
192900 53 107
192900 53 95
192900 55 87
192900 56 61
192900 57 118
192900 57 113
192900 59 70
192900 59 60
192900 60 118
192900 62 76
192900 63 121
192900 63 113
192900 66 74
192900 70 106
192900 79 83
192900 83 88
192900 83 90
192900 88 115
192900 88 89
192900 90 121
192900 94 113
192900 113 115
193200 4 7
193200 5 76
193200 7 63
193200 7 76
193200 9 113
193200 9 103
193200 11 66
193200 11 43
193200 11 114
193200 12 107
193200 13 66
193200 25 114
193200 28 59
193200 28 66
193200 28 32
193200 32 53
193200 32 38
193200 32 73
193200 32 107
193200 38 70
193200 43 79
193200 43 76
193200 51 62
193200 51 121
193200 53 63
193200 55 87
193200 55 76
193200 56 61
193200 57 113
193200 59 70
193200 59 60
193200 60 118
193200 61 115
193200 62 76
193200 63 113
193200 64 107
193200 66 74
193200 66 115
193200 70 114
193200 79 83
193200 86 115
193200 87 107
193200 89 115
193200 89 107
193200 95 115
193200 113 115
193500 3 86
193500 5 76
193500 7 76
193500 9 113
193500 11 66
193500 12 55
193500 12 86
193500 13 66
193500 17 114
193500 23 32
193500 25 114
193500 25 83
193500 25 62
193500 25 51
193500 28 66
193500 28 32
193500 32 53
193500 32 73
193500 32 107
193500 35 86
193500 38 120
193500 40 114
193500 43 76
193500 43 79
193500 53 63
193500 53 95
193500 53 121
193500 55 76
193500 59 60
193500 60 118
193500 62 64
193500 63 113
193500 63 121
193500 63 86
193500 66 115
193500 66 74
193500 82 83
193500 86 106
193500 86 114
193500 88 89
193500 89 108
193500 90 121
193500 94 113
193800 2 51
193800 2 88
193800 3 86
193800 5 76
193800 7 63
193800 7 51
193800 7 28
193800 9 103
193800 9 113
193800 11 114
193800 11 43
193800 11 25
193800 11 29
193800 12 107
193800 12 86
193800 12 120
193800 25 62
193800 25 83
193800 25 51
193800 28 66
193800 28 59
193800 28 32
193800 28 51
193800 28 43
193800 29 43
193800 32 107
193800 32 73
193800 32 53
193800 32 51
193800 35 51
193800 43 76
193800 43 87
193800 43 120
193800 51 121
193800 51 62
193800 51 63
193800 51 120
193800 51 88
193800 51 113
193800 53 63
193800 55 76
193800 55 120
193800 59 99
193800 60 118
193800 62 76
193800 62 64
193800 63 86
193800 63 113
193800 63 121
193800 63 114
193800 74 120
193800 86 106
193800 86 114
193800 87 89
193800 88 89
193800 89 108
193800 90 121
193800 113 120
194100 2 88
194100 2 51
194100 5 76
194100 5 85
194100 5 73
194100 5 40
194100 7 51
194100 7 28
194100 9 103
194100 11 29
194100 12 120
194100 13 47
194100 16 76
194100 17 73
194100 17 74
194100 25 51
194100 25 83
194100 25 62
194100 25 29
194100 28 51
194100 28 89
194100 28 53
194100 32 107
194100 32 53
194100 32 73
194100 32 115
194100 38 108
194100 38 104
194100 40 47
194100 43 87
194100 45 104
194100 47 103
194100 51 62
194100 51 120
194100 51 88
194100 53 121
194100 53 95
194100 53 108
194100 55 76
194100 59 99
194100 60 118
194100 62 64
194100 62 76
194100 65 113
194100 73 114
194100 74 120
194100 74 113
194100 74 107
194100 82 99
194100 86 106
194100 87 89
194100 89 108
194100 90 121
194100 101 106
194100 104 108
194100 113 120
194400 2 88
194400 5 40
194400 5 76
194400 7 28
194400 7 88
194400 7 47
194400 7 50
194400 9 103
194400 11 114
194400 11 25
194400 12 50
194400 12 32
194400 16 104
194400 17 73
194400 19 28
194400 24 32
194400 25 62
194400 25 104
194400 28 89
194400 28 53
194400 28 51
194400 29 111
194400 32 53
194400 32 107
194400 32 73
194400 38 108
194400 38 88
194400 38 113
194400 40 47
194400 40 102
194400 40 74
194400 40 107
194400 40 83
194400 42 104
194400 45 104
194400 47 103
194400 47 91
194400 47 58
194400 50 104
194400 51 88
194400 53 95
194400 53 121
194400 53 83
194400 55 76
194400 55 120
194400 62 76
194400 63 114
194400 65 113
194400 73 114
194400 74 113
194400 74 107
194400 74 76
194400 83 95
194400 86 114
194400 88 106
194400 90 121
194400 104 108
194700 5 73
194700 5 85
194700 5 50
194700 5 65
194700 7 51
194700 7 88
194700 7 47
194700 7 50
194700 11 29
194700 11 114
194700 11 73
194700 12 50
194700 12 120
194700 16 104
194700 16 75
194700 16 50
194700 22 88
194700 25 104
194700 25 83
194700 25 86
194700 28 53
194700 32 76
194700 32 54
194700 38 88
194700 40 74
194700 40 107
194700 40 83
194700 40 110
194700 40 114
194700 42 104
194700 43 53
194700 50 62
194700 50 89
194700 51 120
194700 53 121
194700 53 95
194700 53 83
194700 55 76
194700 60 89
194700 62 86
194700 65 113
194700 65 86
194700 74 120
194700 75 108
194700 79 114
194700 83 95
194700 85 108
194700 86 106
194700 88 106
194700 88 110
194700 90 121
194700 90 110
194700 113 120
195000 0 74
195000 0 90
195000 2 88
195000 2 96
195000 8 107
195000 11 29
195000 11 25
195000 12 120
195000 12 61
195000 12 85
195000 16 104
195000 16 50
195000 16 94
195000 16 62
195000 25 83
195000 25 86
195000 32 76
195000 38 113
195000 38 108
195000 38 74
195000 42 104
195000 47 103
195000 50 62
195000 51 120
195000 53 121
195000 53 95
195000 55 76
195000 59 94
195000 62 86
195000 62 95
195000 65 86
195000 74 107
195000 74 120
195000 76 121
195000 84 94
195000 86 106
195000 90 121
195000 113 120
195300 0 74
195300 2 90
195300 5 65
195300 11 25
195300 16 62
195300 16 104
195300 18 89
195300 25 72
195300 32 76
195300 34 96
195300 38 108
195300 47 103
195300 50 62
195300 50 89
195300 51 120
195300 53 121
195300 53 95
195300 60 89
195300 60 72
195300 60 118
195300 62 86
195300 62 93
195300 65 113
195300 65 90
195300 104 118
195300 114 121
195600 1 113
195600 8 34
195600 11 29
195600 11 14
195600 16 104
195600 16 62
195600 18 89
195600 34 117
195600 38 113
195600 38 74
195600 38 93
195600 39 113
195600 39 97
195600 50 62
195600 51 120
195600 53 95
195600 55 76
195600 60 89
195600 62 86
195600 65 113
195600 65 90
195600 67 72
195600 76 121
195600 76 87
195600 114 121
195600 117 118
195900 1 113
195900 11 29
195900 11 25
195900 14 117
195900 14 103
195900 16 62
195900 16 45
195900 18 89
195900 25 72
195900 25 93
195900 33 50
195900 38 113
195900 38 74
195900 38 93
195900 38 55
195900 38 102
195900 38 87
195900 39 82
195900 40 66
195900 47 90
195900 50 62
195900 51 120
195900 53 95
195900 60 89
195900 60 118
195900 65 113
195900 65 90
195900 76 87
195900 76 121
195900 82 105
195900 87 121
195900 117 118
196200 1 113
196200 8 50
196200 16 62
196200 18 89
196200 25 72
196200 33 95
196200 33 39
196200 35 67
196200 40 66
196200 40 85
196200 40 62
196200 47 50
196200 47 70
196200 50 62
196200 51 120
196200 53 95
196200 60 65
196200 65 113
196200 72 87
196200 76 90
196200 87 116
196200 93 108
196200 95 118
196500 1 113
196500 5 80
196500 5 57
196500 11 25
196500 14 103
196500 16 62
196500 16 103
196500 18 88
196500 25 95
196500 33 95
196500 33 50
196500 33 39
196500 35 67
196500 39 95
196500 40 66
196500 40 85
196500 40 72
196500 40 45
196500 45 115
196500 53 95
196500 55 116
196500 58 64
196500 60 65
196500 65 113
196500 76 90
196500 87 116
196500 95 118
196500 97 102
196500 103 120
196800 1 113
196800 5 57
196800 5 33
196800 7 54
196800 11 25
196800 11 26
196800 16 103
196800 18 88
196800 25 95
196800 33 50
196800 33 95
196800 35 67
196800 36 102
196800 39 70
196800 40 72
196800 40 45
196800 40 66
196800 45 115
196800 48 68
196800 50 62
196800 50 113
196800 50 116
196800 53 95
196800 56 118
196800 60 65
196800 62 118
196800 65 101
196800 78 101
196800 87 116
196800 90 102
196800 95 118
197100 5 33
197100 11 26
197100 14 103
197100 16 103
197100 18 88
197100 33 83
197100 35 67
197100 36 102
197100 39 68
197100 39 118
197100 40 66
197100 45 115
197100 53 95
197100 53 83
197100 55 116
197100 56 90
197100 62 118
197100 65 101
197100 78 118
197100 87 116
197100 103 120
197400 3 20
197400 5 33
197400 11 26
197400 11 25
197400 11 67
197400 14 103
197400 16 103
197400 18 88
197400 20 103
197400 33 83
197400 39 118
197400 39 68
197400 40 66
197400 40 45
197400 40 118
197400 41 60
197400 41 115
197400 44 118
197400 44 115
197400 45 115
197400 52 60
197400 53 83
197400 56 90
197400 65 101
197400 78 118
197400 78 99
197400 87 116
197400 94 119
197400 96 103
197400 103 120
197700 3 20
197700 3 117
197700 3 83
197700 6 53
197700 11 26
197700 11 73
197700 11 41
197700 14 40
197700 16 103
197700 18 88
197700 20 67
197700 31 90
197700 33 83
197700 36 40
197700 40 66
197700 41 60
197700 44 115
197700 44 118
197700 52 60
197700 53 83
197700 55 116
197700 56 90
197700 62 118
197700 65 101
197700 78 118
197700 78 99
197700 90 117
197700 103 120
198000 3 46
198000 3 90
198000 6 53
198000 6 86
198000 11 73
198000 11 26
198000 11 41
198000 11 13
198000 11 83
198000 13 117
198000 14 40
198000 20 67
198000 20 103
198000 33 83
198000 36 40
198000 41 115
198000 44 118
198000 44 73
198000 45 115
198000 50 115
198000 53 83
198000 56 90
198000 78 99
198000 80 90
198000 83 97
198000 103 120
198300 3 83
198300 4 88
198300 6 86
198300 6 104
198300 11 41
198300 11 73
198300 11 13
198300 13 117
198300 19 118
198300 19 27
198300 20 67
198300 23 50
198300 31 50
198300 32 116
198300 33 83
198300 44 118
198300 62 80
198300 65 101
198300 73 80
198300 78 99
198300 78 118
198300 80 90
198300 103 120
198600 6 53
198600 11 41
198600 11 13
198600 19 27
198600 19 118
198600 23 50
198600 31 50
198600 32 116
198600 32 41
198600 58 86
198600 62 80
198600 65 101
198600 73 80
198600 83 97
198600 103 120
198900 11 13
198900 13 105
198900 19 27
198900 20 67
198900 23 50
198900 32 116
198900 32 41
198900 65 101
198900 73 80
198900 83 97
198900 90 95
198900 103 120
199200 19 27
199200 23 50
199200 32 41
199200 38 41
199200 54 62
199200 58 86
199200 62 105
199200 73 105
199200 83 97
199200 90 95
199200 100 101
199200 103 120
199500 3 60
199500 20 67
199500 23 50
199500 32 41
199500 62 105
199500 67 72
199500 72 111
199500 72 80
199500 73 105
199500 83 97
199500 90 95
199800 3 60
199800 5 72
199800 7 49
199800 20 67
199800 23 50
199800 29 86
199800 31 91
199800 54 62
199800 62 105
199800 62 116
199800 67 72
199800 72 111
199800 73 105
199800 83 97
199800 90 95
199800 103 120
200100 3 60
200100 14 43
200100 23 50
200100 31 91
200100 43 76
200100 43 46
200100 54 62
200100 54 102
200100 62 105
200100 67 72
200100 73 105
200100 83 97
200100 90 95
200100 103 120
200400 14 43
200400 23 50
200400 31 91
200400 43 46
200400 43 76
200400 43 111
200400 54 102
200400 58 110
200400 62 105
200400 62 116
200400 83 97
200700 10 33
200700 14 43
200700 23 50
200700 31 91
200700 33 116
200700 43 111
200700 43 46
200700 47 73
200700 58 110
200700 67 115
200700 103 120
201000 10 110
201000 14 43
201000 23 50
201000 31 91
201000 33 116
201000 43 76
201000 43 46
201000 43 111
201000 47 73
201000 62 116
201000 62 105
201000 63 118
201000 66 69
201000 83 97
201300 5 36
201300 14 43
201300 23 50
201300 31 91
201300 33 116
201300 43 46
201300 47 73
201300 63 118
201300 67 115
201600 14 43
201600 19 105
201600 23 50
201600 31 91
201600 33 116
201600 43 111
201600 44 105
201600 47 73
201600 50 59
201600 62 116
201600 62 105
201600 83 97
201900 1 9
201900 16 74
201900 23 50
201900 31 91
201900 33 116
201900 43 46
201900 44 105
201900 47 73
201900 62 116
201900 67 115
201900 83 97
201900 105 118
202200 1 9
202200 9 99
202200 26 80
202200 26 97
202200 31 91
202200 33 116
202200 47 73
202200 80 118
202200 105 118
202500 31 91
202500 33 116
202500 47 73
202500 48 64
202500 60 101
202500 61 65
202500 78 101
202800 12 61
202800 12 96
202800 30 45
202800 31 91
202800 37 58
202800 47 73
202800 61 116
202800 73 120
202800 73 96
203100 1 23
203100 12 61
203100 23 94
203100 23 81
203100 31 91
203100 37 58
203100 60 101
203100 61 116
203400 1 29
203400 12 32
203400 15 19
203400 29 110
203400 31 91
203400 37 58
203400 60 101
203400 61 116
203400 73 120
203700 3 120
203700 14 79
203700 29 110
203700 31 91
203700 37 58
203700 45 69
203700 60 101
203700 61 116
203700 73 120
203700 92 116
204000 15 19
204000 31 91
204000 60 101
204000 61 116
204000 68 78
204000 68 90
204000 73 120
204000 90 120
204000 92 116
204300 26 91
204300 60 101
204300 61 116
204300 68 78
204300 73 120
204300 92 116
204600 7 99
204600 38 63
204600 38 66
204600 60 101
204600 61 116
204600 63 92
204600 92 116
204900 17 83
204900 36 82
204900 60 101
204900 64 83
204900 92 116
205200 11 34
205200 19 104
205200 19 106
205200 19 119
205200 22 104
205200 36 82
205200 38 66
205200 60 101
205200 82 116
205500 9 120
205500 9 28
205500 9 38
205500 38 66
205500 41 69
205500 54 98
205500 60 101
205500 62 69
205800 9 28
205800 38 66
205800 38 69
205800 54 98
206100 4 103
206100 38 69
206100 41 69
206100 54 98
206400 4 114
206400 9 28
206400 38 66
206400 38 69
206400 41 114
206700 9 28
206700 38 66
206700 38 69
206700 38 116
207000 9 28
207000 38 66
207000 66 117
207300 9 28
207300 28 66
207300 36 117
207600 9 28
207600 28 98
207600 32 98
207600 36 117
207900 28 98
207900 32 98
207900 36 117
208200 28 98
208200 32 98
208500 32 98
208800 28 98
209400 28 98
210000 28 98
259800 7 23
259800 16 69
259800 35 49
259800 43 107
260100 3 91
260100 16 69
260100 21 29
260100 21 64
260100 34 55
260100 35 49
260100 37 91
260100 54 121
260400 3 91
260400 12 26
260400 16 69
260400 20 34
260400 21 64
260400 21 29
260400 34 55
260400 34 39
260400 34 93
260400 35 49
260400 37 91
260400 47 89
260400 55 119
260400 89 109
260700 3 89
260700 15 91
260700 20 34
260700 21 64
260700 21 29
260700 34 39
260700 34 93
260700 34 55
260700 34 52
260700 34 60
260700 35 49
260700 63 80
260700 79 109
260700 86 109
260700 89 109
261000 3 89
261000 15 91
261000 34 52
261000 34 93
261000 34 55
261000 35 49
261000 37 91
261000 46 89
261000 54 91
261000 63 80
261000 75 91
261000 86 109
261300 5 77
261300 15 41
261300 34 55
261300 34 93
261300 35 49
261300 37 91
261300 40 52
261300 40 91
261300 46 89
261300 75 91
261300 78 91
261300 78 120
261300 86 109
261600 15 41
261600 34 52
261600 35 49
261600 37 91
261600 40 91
261600 40 93
261600 46 89
261600 78 91
261600 79 109
261600 79 120
261600 82 118
261600 86 109
261900 18 28
261900 19 40
261900 19 105
261900 34 52
261900 34 83
261900 35 49
261900 40 93
261900 46 89
261900 78 91
261900 78 120
261900 79 82
262200 3 19
262200 7 27
262200 19 111
262200 35 49
262200 40 93
262200 46 89
262200 79 120
262500 3 19
262500 7 27
262500 7 66
262500 16 120
262500 16 80
262500 18 28
262500 34 52
262500 35 49
262500 38 49
262500 46 89
262500 66 117
262800 7 27
262800 16 80
262800 16 120
262800 19 111
262800 19 79
262800 34 52
262800 34 61
262800 35 49
262800 50 108
262800 58 110
262800 66 117
262800 67 80
263100 16 120
263100 16 80
263100 19 118
263100 35 49
263100 42 67
263100 48 117
263100 50 108
263100 58 110
263100 58 99
263100 67 80
263400 7 27
263400 16 80
263400 19 79
263400 19 111
263400 24 54
263400 34 52
263400 34 61
263400 48 117
263400 58 99
263400 58 110
263400 67 80
263700 16 80
263700 19 118
263700 19 111
263700 24 54
263700 34 61
263700 35 49
263700 41 121
263700 48 117
263700 50 108
263700 58 110
263700 58 99
263700 67 80
264000 16 80
264000 19 79
264000 24 54
264000 34 61
264000 48 117
264000 54 103
264000 58 110
264000 67 80
264300 16 80
264300 21 85
264300 24 54
264300 35 49
264300 48 117
264300 58 110
264300 58 99
264600 16 80
264600 19 79
264600 21 85
264600 22 112
264600 35 49
264600 43 112
264600 48 117
264600 54 103
264600 58 99
264600 58 110
264900 9 21
264900 22 112
264900 24 54
264900 43 112
264900 48 117
264900 73 104
265200 16 80
265200 22 112
265200 24 54
265200 30 58
265200 43 112
265200 54 103
265200 58 99
265200 58 110
265500 9 21
265500 22 112
265500 30 58
265500 43 112
265500 48 117
265500 73 104
265800 9 21
265800 16 80
265800 24 54
265800 30 58
265800 43 64
265800 48 117
265800 58 110
265800 58 99
265800 73 104
266100 12 88
266100 16 30
266100 21 114
266100 22 112
266100 24 54
266100 30 58
266100 43 64
266100 43 112
266100 48 117
266100 58 110
266100 73 104
266400 12 88
266400 16 80
266400 21 114
266400 22 112
266400 30 58
266400 42 61
266400 43 112
266400 48 117
266400 58 110
266400 73 104
266700 16 80
266700 22 112
266700 23 55
266700 24 54
266700 30 58
266700 43 112
266700 43 64
266700 48 117
266700 73 104
266700 85 117
267000 2 85
267000 2 22
267000 13 88
267000 16 80
267000 22 112
267000 22 61
267000 28 80
267000 35 61
267000 43 64
267000 48 117
267000 54 61
267000 54 117
267000 55 85
267000 85 117
267000 88 117
267300 2 88
267300 2 80
267300 2 22
267300 2 117
267300 2 13
267300 11 88
267300 16 80
267300 22 61
267300 24 54
267300 24 36
267300 28 80
267300 35 61
267300 36 97
267300 43 64
267300 54 61
267300 54 68
267300 54 88
267300 55 85
267300 58 88
267300 61 80
267300 77 80
267300 85 117
267300 85 88
267300 88 117
267600 2 88
267600 2 80
267600 11 88
267600 11 55
267600 11 112
267600 16 80
267600 16 55
267600 22 112
267600 22 61
267600 24 36
267600 24 54
267600 24 112
267600 28 80
267600 28 61
267600 28 91
267600 36 97
267600 39 91
267600 43 64
267600 48 117
267600 54 68
267600 54 117
267600 54 61
267600 55 85
267600 55 112
267600 77 80
267600 80 112
267600 85 88
267600 85 117
267600 88 117
267900 2 13
267900 11 55
267900 11 61
267900 14 39
267900 14 112
267900 14 55
267900 22 61
267900 24 54
267900 28 91
267900 28 86
267900 28 30
267900 36 97
267900 39 91
267900 39 59
267900 39 112
267900 39 84
267900 43 64
267900 43 54
267900 54 61
267900 54 68
267900 54 117
267900 85 117
267900 86 93
267900 88 117
268200 2 13
268200 11 112
268200 11 61
268200 14 55
268200 14 112
268200 14 39
268200 14 93
268200 17 25
268200 22 61
268200 22 112
268200 24 112
268200 28 86
268200 36 97
268200 39 84
268200 42 86
268200 42 49
268200 43 54
268200 49 54
268200 54 61
268200 54 68
268200 55 112
268200 61 86
268200 64 112
268200 80 112
268200 86 93
268500 2 13
268500 6 121
268500 9 33
268500 11 61
268500 15 88
268500 22 61
268500 25 91
268500 29 37
268500 37 49
268500 38 86
268500 42 49
268500 42 46
268500 43 54
268500 49 54
268500 49 109
268500 54 68
268500 54 61
268500 59 88
268500 61 86
268500 61 88
268500 86 93
268500 88 117
268800 4 38
268800 4 49
268800 6 37
268800 8 117
268800 9 33
268800 11 61
268800 15 88
268800 22 61
268800 25 91
268800 33 54
268800 33 38
268800 33 43
268800 38 86
268800 38 43
268800 38 84
268800 43 54
268800 49 54
268800 49 94
268800 54 121
268800 54 86
268800 59 88
268800 61 86
268800 61 88
268800 61 67
268800 67 91
268800 86 93
268800 88 117
268800 94 121
268800 109 114
269100 2 13
269100 4 114
269100 6 37
269100 11 61
269100 13 88
269100 13 67
269100 25 91
269100 26 94
269100 26 46
269100 26 33
269100 33 43
269100 33 38
269100 33 54
269100 37 49
269100 38 84
269100 38 43
269100 38 86
269100 42 49
269100 42 46
269100 43 54
269100 43 59
269100 46 86
269100 46 67
269100 46 84
269100 49 109
269100 49 94
269100 54 121
269100 54 86
269100 59 88
269100 59 67
269100 59 84
269100 61 67
269100 61 84
269100 67 91
269100 67 84
269100 84 88
269100 86 93
269100 94 121
269100 94 114
269400 2 13
269400 2 94
269400 2 9
269400 2 42
269400 6 37
269400 6 84
269400 13 88
269400 13 67
269400 13 114
269400 15 88
269400 26 33
269400 26 46
269400 26 94
269400 26 71
269400 38 43
269400 38 86
269400 42 46
269400 42 49
269400 43 59
269400 43 46
269400 46 86
269400 46 114
269400 49 109
269400 49 94
269400 54 86
269400 59 67
269400 59 84
269400 59 86
269400 61 88
269400 86 93
269400 88 117
269400 94 114
269700 2 13
269700 2 9
269700 2 94
269700 2 31
269700 6 84
269700 6 37
269700 6 87
269700 6 13
269700 6 69
269700 13 114
269700 13 67
269700 26 94
269700 26 46
269700 26 33
269700 31 114
269700 38 43
269700 43 46
269700 43 59
269700 46 67
269700 46 114
269700 49 109
269700 61 67
269700 61 88
269700 67 84
269700 67 91
269700 86 93
270000 2 13
270000 2 94
270000 2 9
270000 2 23
270000 6 37
270000 6 87
270000 6 69
270000 6 13
270000 13 114
270000 13 67
270000 19 87
270000 26 33
270000 31 114
270000 33 87
270000 36 62
270000 43 46
270000 46 67
270000 46 86
270000 46 114
270000 49 109
270000 59 86
270000 79 114
270300 2 94
270300 2 23
270300 2 13
270300 2 102
270300 6 37
270300 6 87
270300 6 13
270300 13 114
270300 13 36
270300 13 97
270300 13 48
270300 19 87
270300 31 114
270300 38 43
270300 40 112
270300 46 114
270300 46 86
270300 59 86
270300 79 114
270300 87 93
270300 102 114
270600 2 102
270600 35 40
270600 38 43
270600 38 48
271500 31 59
271800 31 79
