0 3 39
0 3 113
0 7 112
0 8 68
0 10 84
0 11 59
0 13 54
0 17 106
0 17 102
0 18 66
0 19 117
0 24 89
0 24 48
0 29 109
0 31 120
0 34 50
0 35 100
0 36 88
0 44 60
0 55 92
0 55 68
0 59 96
0 60 82
0 65 104
0 65 84
0 73 116
0 79 104
0 82 118
0 92 92
0 94 115
0 100 112
0 119 123
0 119 121
300 3 39
300 3 113
300 3 66
300 7 112
300 8 68
300 18 66
300 19 117
300 24 48
300 24 89
300 29 109
300 35 100
300 35 67
300 36 88
300 55 68
300 59 123
300 59 68
300 61 95
300 65 104
300 65 84
300 65 66
300 67 117
300 67 82
300 73 116
300 94 115
300 94 95
300 100 112
300 119 121
300 119 123
600 3 113
600 3 66
600 7 112
600 8 68
600 24 48
600 24 63
600 29 109
600 35 100
600 36 88
600 38 53
600 38 82
600 59 123
600 65 66
600 65 104
600 67 82
600 67 95
600 82 87
600 94 115
600 100 112
600 119 121
900 3 66
900 3 39
900 3 113
900 24 87
900 29 109
900 35 100
900 35 80
900 36 88
900 38 82
900 43 87
900 48 66
900 59 123
900 73 116
900 82 87
900 87 110
900 94 115
900 100 112
900 119 121
1200 7 112
1200 23 73
1200 24 87
1200 35 100
1200 35 80
1200 36 88
1200 38 53
1200 38 82
1200 48 66
1200 59 123
1200 66 73
1200 67 95
1200 73 116
1200 73 87
1200 82 87
1200 87 110
1200 94 115
1200 100 112
1200 119 121
1500 2 23
1500 7 112
1500 27 73
1500 35 80
1500 35 100
1500 36 88
1500 37 81
1500 38 82
1500 48 66
1500 59 123
1500 66 73
1500 73 116
1500 82 87
1500 87 110
1500 94 115
1500 100 112
1800 5 86
1800 6 120
1800 6 107
1800 7 112
1800 7 43
1800 12 35
1800 24 87
1800 27 104
1800 35 80
1800 36 88
1800 38 82
1800 54 88
1800 66 73
1800 73 116
1800 82 87
1800 87 110
1800 94 115
1800 100 112
1800 104 113
2100 6 91
2100 6 104
2100 7 43
2100 8 93
2100 12 35
2100 27 73
2100 35 80
2100 35 100
2100 36 82
2100 41 104
2100 54 88
2100 66 73
2100 73 116
2100 94 115
2100 98 121
2400 7 43
2400 12 35
2400 27 73
2400 35 80
2400 36 88
2400 41 104
2400 41 82
2400 41 58
2400 54 88
2400 66 73
2400 73 116
2400 76 80
2400 76 121
2400 94 115
2700 10 58
2700 12 35
2700 16 123
2700 16 58
2700 20 110
2700 26 45
2700 35 80
2700 36 82
2700 41 58
2700 49 74
2700 51 61
2700 54 88
2700 73 116
2700 76 121
2700 76 80
2700 94 115
3000 8 10
3000 12 35
3000 16 123
3000 20 110
3000 34 77
3000 36 43
3000 41 82
3000 51 61
3000 54 88
3000 55 113
3000 76 80
3000 76 121
3000 94 115
3300 12 35
3300 28 121
3300 34 77
3300 36 82
3300 51 61
3300 54 88
3300 55 113
3300 69 80
3300 76 80
3300 76 121
3300 85 110
3300 85 105
3300 89 120
3300 94 115
3600 10 22
3600 12 35
3600 19 44
3600 35 44
3600 36 82
3600 36 43
3600 51 61
3600 54 88
3600 59 92
3600 76 80
3600 76 121
3600 82 86
3600 89 120
3600 89 122
3600 94 115
3900 10 22
3900 12 35
3900 19 44
3900 19 43
3900 35 44
3900 44 86
3900 44 111
3900 51 61
3900 53 72
3900 54 88
3900 59 92
3900 59 65
3900 76 121
3900 85 110
3900 89 120
4200 12 35
4200 19 43
4200 36 82
4200 36 43
4200 36 62
4200 44 111
4200 51 61
4200 54 88
4200 59 92
4200 89 120
4200 94 115
4500 10 22
4500 12 35
4500 36 62
4500 36 82
4500 44 111
4500 44 86
4500 53 72
4500 54 88
4500 59 92
4500 85 110
4500 89 120
4800 12 35
4800 36 82
4800 36 43
4800 36 62
4800 43 74
4800 51 61
4800 54 88
4800 59 92
4800 64 82
4800 85 110
4800 94 115
5100 10 22
5100 36 62
5100 43 74
5100 44 111
5100 44 86
5100 44 121
5100 51 61
5100 53 72
5100 54 88
5100 64 82
5100 85 110
5100 89 120
5400 10 22
5400 10 75
5400 12 35
5400 36 62
5400 36 82
5400 36 56
5400 43 74
5400 44 111
5400 44 121
5400 44 86
5400 53 72
5400 53 56
5400 54 88
5400 59 92
5400 85 110
5400 94 115
5700 12 35
5700 34 121
5700 36 82
5700 36 56
5700 43 74
5700 44 121
5700 51 61
5700 53 56
5700 53 72
5700 54 88
5700 85 110
5700 89 120
6000 10 75
6000 36 82
6000 36 62
6000 36 56
6000 44 86
6000 44 111
6000 44 83
6000 53 56
6000 54 88
6000 59 92
6000 89 120
6000 94 115
6300 10 75
6300 12 35
6300 34 121
6300 36 56
6300 36 62
6300 43 74
6300 44 121
6300 44 83
6300 47 80
6300 53 56
6300 59 92
6300 85 110
6300 89 120
6600 10 75
6600 34 121
6600 36 82
6600 36 56
6600 43 74
6600 44 83
6600 44 121
6600 44 111
6600 44 86
6600 47 80
6600 53 56
6600 85 110
6600 89 120
6900 7 47
6900 9 40
6900 34 121
6900 43 74
6900 44 121
6900 44 83
6900 47 80
6900 53 56
6900 59 92
6900 89 120
7200 9 40
7200 34 121
7200 36 56
7200 43 74
7200 44 121
7200 47 80
7200 50 92
7200 53 56
7200 59 92
7200 85 110
7200 89 120
7200 97 115
7200 98 115
7500 9 40
7500 43 74
7500 47 80
7500 50 92
7500 53 56
7500 59 92
7500 85 110
7500 97 115
7500 98 115
7800 5 85
7800 24 112
7800 43 74
7800 44 121
7800 47 80
7800 55 102
7800 55 85
7800 72 97
7800 83 85
7800 85 110
7800 85 102
7800 97 115
7800 97 102
7800 99 113
8100 5 85
8100 5 51
8100 5 40
8100 9 40
8100 32 36
8100 40 105
8100 40 99
8100 43 74
8100 44 121
8100 52 56
8100 53 56
8100 55 102
8100 56 97
8100 56 105
8100 56 102
8100 83 85
8100 97 102
8100 97 121
8400 5 40
8400 5 36
8400 5 83
8400 9 40
8400 24 112
8400 28 83
8400 32 102
8400 36 56
8400 40 99
8400 40 105
8400 40 49
8400 43 74
8400 44 121
8400 55 102
8400 56 105
8400 56 80
8400 85 102
8400 98 105
8700 9 40
8700 15 49
8700 24 112
8700 26 39
8700 28 112
8700 32 102
8700 40 99
8700 40 49
8700 40 105
8700 40 80
8700 49 105
8700 53 112
8700 56 105
8700 80 105
8700 80 103
8700 85 102
9000 6 112
9000 26 39
9000 26 85
9000 31 112
9000 32 102
9000 32 49
9000 32 80
9000 33 40
9000 40 80
9000 40 99
9000 40 49
9000 49 105
9000 56 105
9000 71 85
9000 74 83
9000 74 85
9000 80 105
9000 80 103
9000 85 102
9300 6 112
9300 13 16
9300 13 68
9300 15 49
9300 16 105
9300 24 112
9300 24 85
9300 26 85
9300 28 112
9300 31 112
9300 32 80
9300 32 102
9300 32 49
9300 32 113
9300 40 49
9300 40 99
9300 49 105
9300 56 105
9300 74 85
9300 74 83
9600 6 112
9600 12 16
9600 12 113
9600 13 68
9600 13 16
9600 13 109
9600 13 45
9600 13 99
9600 13 62
9600 15 49
9600 16 105
9600 16 49
9600 16 78
9600 16 56
9600 22 56
9600 26 85
9600 28 112
9600 32 49
9600 33 99
9600 40 49
9600 40 99
9600 45 113
9600 45 120
9600 49 105
9600 56 59
9600 71 85
9600 74 85
9600 74 83
9600 78 109
9600 85 102
9600 97 109
9600 112 113
9900 6 112
9900 6 113
9900 12 113
9900 12 16
9900 12 45
9900 12 120
9900 12 82
9900 12 49
9900 13 45
9900 13 62
9900 15 49
9900 16 49
9900 16 78
9900 16 56
9900 26 85
9900 28 112
9900 31 120
9900 31 109
9900 32 49
9900 40 99
9900 40 49
9900 45 120
9900 45 113
9900 49 105
9900 56 105
9900 56 59
9900 74 85
9900 78 99
9900 78 97
9900 84 117
9900 85 102
9900 96 112
9900 97 109
9900 97 117
9900 112 113
10200 2 56
10200 2 20
10200 6 112
10200 12 120
10200 12 45
10200 12 82
10200 13 68
10200 13 99
10200 13 109
10200 13 16
10200 26 85
10200 26 31
10200 28 112
10200 28 85
10200 28 31
10200 28 95
10200 28 84
10200 31 120
10200 31 109
10200 31 82
10200 31 107
10200 31 85
10200 32 49
10200 56 59
10200 56 105
10200 74 83
10200 78 97
10200 82 84
10200 84 117
10200 84 97
10200 85 102
10200 97 117
10200 97 109
10200 107 120
10500 12 120
10500 12 82
10500 13 99
10500 20 26
10500 20 31
10500 26 31
10500 28 84
10500 28 31
10500 31 107
10500 31 82
10500 31 85
10500 31 83
10500 32 85
10500 46 96
10500 46 107
10500 56 105
10500 74 83
10500 78 97
10500 82 120
10500 83 123
10500 83 88
10500 83 96
10500 84 97
10500 84 100
10500 85 102
10500 97 117
10500 97 109
10500 107 120
10800 2 101
10800 6 112
10800 6 106
10800 6 32
10800 6 97
10800 12 82
10800 16 96
10800 28 84
10800 31 85
10800 31 82
10800 31 120
10800 32 49
10800 45 46
10800 45 110
10800 45 88
10800 46 96
10800 46 107
10800 46 99
10800 78 97
10800 82 84
10800 82 85
10800 83 123
10800 83 96
10800 84 97
10800 84 117
10800 85 102
10800 88 97
10800 91 102
10800 96 109
10800 96 104
10800 96 112
10800 97 117
10800 97 109
10800 97 101
10800 99 120
10800 100 104
10800 107 120
11100 2 101
11100 6 106
11100 6 97
11100 12 82
11100 14 46
11100 14 78
11100 16 96
11100 28 84
11100 31 82
11100 31 85
11100 34 109
11100 34 112
11100 45 88
11100 45 109
11100 46 107
11100 46 99
11100 49 123
11100 49 95
11100 78 97
11100 78 123
11100 78 122
11100 78 112
11100 82 84
11100 82 85
11100 83 123
11100 84 117
11100 84 97
11100 85 102
11100 85 109
11100 96 112
11100 96 104
11100 97 117
11100 97 109
11100 97 101
11100 100 104
11100 104 112
11100 110 112
11400 14 46
11400 14 78
11400 34 112
11400 34 109
11400 49 95
12600 59 99
13800 40 61
13800 40 94
14100 40 94
14700 112 116
15000 36 116
15000 43 91
15000 62 116
15000 91 116
15000 116 120
15300 19 39
15300 39 53
15300 43 91
15300 53 83
15600 0 69
15900 8 58
15900 21 22
15900 21 48
15900 21 58
15900 60 116
16200 10 66
16200 21 22
16200 21 48
16200 30 122
16200 36 55
16200 60 116
16500 26 66
16500 50 86
16500 66 123
16500 83 123
16800 5 51
16800 6 109
16800 6 104
16800 19 38
16800 24 38
16800 28 77
16800 33 51
16800 38 77
16800 83 123
17100 3 95
17100 6 104
17100 19 38
17100 24 38
17100 33 104
17100 35 95
17100 51 104
17100 96 104
17400 2 11
17400 2 78
17400 2 107
17400 10 97
17400 11 107
17400 11 81
17400 29 102
17400 33 104
17400 85 100
17400 96 104
17400 100 107
17700 2 11
17700 11 81
17700 11 107
17700 15 100
17700 44 100
17700 70 100
17700 100 107
18000 8 94
18000 19 49
18300 8 94
18300 25 78
18300 39 78
18300 101 104
18600 3 78
18600 3 71
18600 8 94
18600 16 94
18600 24 78
18600 24 45
18600 39 78
18600 44 78
18600 49 93
18600 56 94
18600 67 111
18600 78 82
18600 94 101
18900 3 78
18900 3 101
18900 3 16
18900 8 94
18900 8 95
18900 16 24
18900 16 31
18900 16 35
18900 16 104
18900 24 78
18900 24 45
18900 24 67
18900 24 101
18900 39 78
18900 44 78
18900 56 94
18900 78 82
18900 82 104
18900 93 101
19200 1 44
19200 3 101
19200 16 35
19200 16 24
19200 16 94
19200 18 32
19200 22 31
19200 24 101
19200 32 55
19200 35 73
19200 38 91
19200 43 91
19200 44 78
19200 44 94
19200 49 93
19200 82 104
19200 82 86
19200 91 104
19200 94 101
19500 1 104
19500 1 45
19500 3 78
19500 3 55
19500 3 82
19500 8 95
19500 8 94
19500 16 24
19500 16 31
19500 16 94
19500 16 35
19500 16 91
19500 18 32
19500 24 101
19500 32 55
19500 32 102
19500 32 67
19500 38 91
19500 44 94
19500 44 78
19500 49 91
19500 56 94
19500 77 91
19500 91 104
19500 91 98
19500 94 101
19800 1 44
19800 1 45
19800 3 101
19800 3 82
19800 3 78
19800 8 94
19800 8 118
19800 16 35
19800 16 24
19800 16 91
19800 18 32
19800 18 45
19800 22 31
19800 24 101
19800 28 43
19800 30 89
19800 32 55
19800 32 67
19800 32 102
19800 40 44
19800 44 94
19800 44 61
19800 44 104
19800 44 115
19800 49 93
19800 60 95
19800 73 101
19800 77 91
19800 89 101
19800 89 103
19800 91 98
19800 91 101
19800 94 101
19800 96 101
20100 1 82
20100 3 55
20100 5 118
20100 8 61
20100 22 31
20100 26 96
20100 27 67
20100 28 93
20100 28 43
20100 31 89
20100 31 86
20100 32 67
20100 33 89
20100 44 61
20100 45 73
20100 60 95
20100 61 67
20100 67 88
20100 89 96
20100 96 101
20100 100 115
20400 3 101
20400 3 78
20400 3 82
20400 5 118
20400 8 118
20400 8 61
20400 18 32
20400 18 93
20400 18 35
20400 21 89
20400 26 40
20400 27 33
20400 28 43
20400 31 89
20400 31 86
20400 31 67
20400 31 55
20400 32 55
20400 32 102
20400 33 89
20400 33 43
20400 33 105
20400 33 86
20400 33 118
20400 33 112
20400 40 86
20400 43 55
20400 44 115
20400 44 61
20400 49 118
20400 55 118
20400 57 89
20400 60 95
20400 61 67
20400 67 103
20400 89 96
20400 96 101
20700 1 82
20700 3 82
20700 3 55
20700 3 101
20700 3 78
20700 7 96
20700 8 118
20700 14 96
20700 18 35
20700 18 93
20700 18 59
20700 18 115
20700 18 48
20700 18 104
20700 26 40
20700 31 89
20700 31 86
20700 31 40
20700 31 96
20700 32 67
20700 32 55
20700 33 86
20700 33 89
20700 33 118
20700 33 43
20700 35 115
20700 40 86
20700 40 112
20700 40 57
20700 40 96
20700 44 115
20700 60 95
20700 67 95
20700 89 96
20700 96 101
20700 100 115
20700 115 117
21000 3 101
21000 7 96
21000 8 61
21000 15 43
21000 18 115
21000 18 48
21000 18 104
21000 18 59
21000 18 81
21000 26 40
21000 26 55
21000 26 30
21000 26 103
21000 28 42
21000 28 117
21000 31 96
21000 32 55
21000 33 112
21000 35 115
21000 40 112
21000 40 96
21000 40 105
21000 42 73
21000 42 43
21000 43 55
21000 44 61
21000 44 115
21000 55 118
21000 59 77
21000 60 95
21000 61 104
21000 67 95
21000 73 96
21000 96 101
21000 100 115
21000 101 112
21000 103 112
21000 105 112
21000 115 117
21300 3 78
21300 3 82
21300 8 61
21300 8 42
21300 8 105
21300 12 28
21300 14 114
21300 14 61
21300 26 30
21300 28 117
21300 28 42
21300 28 61
21300 28 105
21300 31 40
21300 31 86
21300 31 89
21300 33 43
21300 33 112
21300 33 86
21300 33 118
21300 42 73
21300 42 103
21300 43 55
21300 44 61
21300 55 118
21300 59 77
21300 60 95
21300 61 104
21300 61 86
21300 61 71
21300 67 95
21300 71 74
21300 73 105
21300 77 104
21300 89 114
21300 101 112
21300 103 112
21300 103 114
21300 105 112
21600 3 82
21600 8 105
21600 8 42
21600 12 28
21600 12 107
21600 14 114
21600 14 61
21600 14 112
21600 15 55
21600 24 32
21600 25 71
21600 26 40
21600 26 103
21600 28 105
21600 28 61
21600 31 86
21600 31 40
21600 33 118
21600 33 43
21600 33 86
21600 33 60
21600 33 42
21600 39 55
21600 40 96
21600 40 112
21600 42 61
21600 43 55
21600 44 61
21600 60 95
21600 60 82
21600 60 101
21600 61 86
21600 61 71
21600 61 82
21600 71 74
21600 71 73
21600 73 105
21600 89 114
21600 89 101
21600 96 101
21600 103 114
21600 115 117
21900 8 105
21900 8 42
21900 8 79
21900 8 107
21900 8 92
21900 13 79
21900 24 32
21900 24 90
21900 25 71
21900 26 40
21900 26 74
21900 31 43
21900 31 33
21900 31 73
21900 32 82
21900 33 43
21900 33 60
21900 33 82
21900 39 55
21900 40 112
21900 40 96
21900 40 90
21900 42 59
21900 43 55
21900 60 101
21900 60 82
21900 61 71
21900 61 82
21900 67 95
21900 67 89
21900 71 74
21900 79 82
21900 89 101
21900 90 92
21900 92 96
21900 96 101
21900 101 112
21900 105 112
22200 7 89
22200 8 79
22200 13 79
22200 14 46
22200 15 55
22200 15 36
22200 15 32
22200 24 32
22200 24 96
22200 24 67
22200 32 41
22200 36 59
22200 39 55
22200 40 112
22200 42 59
22200 43 55
22200 44 61
22200 44 46
22200 44 55
22200 67 89
22200 74 89
22200 79 82
22200 105 112
22500 10 21
22500 10 14
22500 14 46
22500 15 32
22500 21 41
22500 24 90
22500 24 96
22500 30 121
22500 30 39
22500 31 43
22500 31 51
22500 32 41
22500 33 43
22500 35 46
22500 39 55
22500 40 112
22500 41 43
22500 42 59
22500 44 46
22500 45 104
22500 59 87
22500 67 89
22500 89 101
22500 96 98
22500 105 112
22800 3 36
22800 7 89
22800 7 21
22800 7 26
22800 10 14
22800 10 21
22800 14 87
22800 14 115
22800 15 32
22800 15 36
22800 15 55
22800 24 90
22800 26 49
22800 30 41
22800 31 43
22800 32 41
22800 35 58
22800 36 59
22800 39 54
22800 40 112
22800 41 108
22800 44 55
22800 44 46
22800 54 59
22800 59 87
22800 59 117
22800 61 101
22800 67 89
22800 89 101
22800 95 121
22800 105 112
23100 7 89
23100 7 21
23100 7 26
23100 10 14
23100 10 21
23100 10 33
23100 14 46
23100 15 55
23100 15 32
23100 15 36
23100 15 25
23100 15 51
23100 16 39
23100 24 90
23100 25 72
23100 29 87
23100 29 72
23100 30 41
23100 31 44
23100 33 87
23100 35 46
23100 39 54
23100 39 72
23100 40 112
23100 43 106
23100 46 112
23100 58 72
23100 59 87
23100 61 101
23100 67 89
23100 67 72
23100 72 79
23100 79 115
23100 84 121
23100 95 121
23100 105 112
23400 7 89
23400 10 98
23400 14 46
23400 15 36
23400 15 25
23400 15 32
23400 15 55
23400 16 39
23400 24 90
23400 25 53
23400 29 87
23400 29 72
23400 32 41
23400 33 39
23400 35 46
23400 36 59
23400 36 112
23400 39 54
23400 39 69
23400 41 108
23400 41 101
23400 43 106
23400 44 67
23400 58 72
23400 58 119
23400 67 89
23400 69 98
23400 72 79
23400 84 121
23400 95 121
23700 4 63
23700 7 26
23700 7 89
23700 7 51
23700 10 98
23700 10 20
23700 14 46
23700 15 36
23700 15 25
23700 15 51
23700 16 39
23700 23 89
23700 23 36
23700 23 121
23700 24 90
23700 25 72
23700 29 87
23700 29 112
23700 30 41
23700 30 69
23700 32 63
23700 33 39
23700 33 87
23700 35 46
23700 36 59
23700 36 55
23700 39 72
23700 44 67
23700 55 83
23700 59 87
23700 61 83
23700 62 119
23700 62 76
23700 72 79
23700 87 93
23700 95 121
23700 112 119
24000 4 63
24000 7 26
24000 7 51
24000 7 59
24000 10 98
24000 10 20
24000 14 46
24000 15 51
24000 23 121
24000 23 89
24000 24 90
24000 25 72
24000 25 121
24000 29 112
24000 29 93
24000 29 83
24000 32 63
24000 33 87
24000 35 46
24000 39 72
24000 41 106
24000 43 106
24000 44 67
24000 46 76
24000 51 94
24000 55 83
24000 59 87
24000 67 89
24000 67 106
24000 69 87
24000 72 79
24000 87 93
24000 87 95
24000 94 109
24000 95 108
24000 109 121
24300 2 55
24300 7 89
24300 7 51
24300 7 59
24300 10 98
24300 10 20
24300 13 106
24300 15 36
24300 15 67
24300 16 39
24300 22 99
24300 23 121
24300 24 90
24300 25 121
24300 25 61
24300 25 110
24300 29 112
24300 29 93
24300 31 106
24300 31 42
24300 31 59
24300 31 110
24300 31 51
24300 31 46
24300 33 87
24300 33 39
24300 39 110
24300 41 106
24300 43 106
24300 44 67
24300 46 102
24300 55 83
24300 59 110
24300 67 89
24300 67 106
24300 68 77
24300 77 99
24300 94 109
24300 94 106
24300 109 121
24300 110 122
24300 110 120
24600 0 34
24600 0 55
24600 1 77
24600 1 34
24600 7 59
24600 7 26
24600 8 26
24600 10 98
24600 10 23
24600 13 78
24600 13 109
24600 16 39
24600 22 99
24600 22 83
24600 23 89
24600 23 121
24600 25 61
24600 29 93
24600 29 112
24600 31 51
24600 33 39
24600 41 106
24600 43 106
24600 55 83
24600 55 57
24600 57 72
24600 59 87
24600 77 99
24600 81 107
24600 94 109
24600 109 121
24900 0 34
24900 0 63
24900 0 78
24900 1 34
24900 1 77
24900 1 99
24900 7 26
24900 10 20
24900 15 36
24900 22 99
24900 22 116
24900 23 121
24900 24 90
24900 25 110
24900 25 89
24900 26 36
24900 31 51
24900 33 39
24900 43 106
24900 46 102
24900 55 57
24900 59 87
24900 67 113
24900 68 78
24900 77 99
24900 80 97
24900 83 102
24900 89 109
24900 94 109
24900 109 121
25200 0 34
25200 0 55
25200 1 99
25200 1 34
25200 2 99
25200 5 41
25200 7 26
25200 10 20
25200 10 23
25200 13 109
25200 15 34
25200 22 99
25200 22 116
25200 22 36
25200 23 89
25200 23 71
25200 25 61
25200 25 110
25200 43 106
25200 46 102
25200 49 98
25200 49 112
25200 50 110
25200 54 99
25200 55 83
25200 55 115
25200 61 86
25200 61 77
25200 71 116
25200 76 115
25200 89 109
25200 94 109
25200 109 121
25500 0 55
25500 0 34
25500 2 28
25500 7 26
25500 10 20
25500 10 44
25500 18 91
25500 22 57
25500 23 71
25500 23 89
25500 28 115
25500 33 117
25500 34 43
25500 35 80
25500 36 67
25500 36 43
25500 38 102
25500 42 118
25500 49 112
25500 49 98
25500 49 88
25500 50 110
25500 56 62
25500 57 89
25500 61 77
25500 62 68
25500 71 116
25500 77 99
25500 90 116
25500 109 121
25500 115 117
25800 0 34
25800 1 34
25800 1 99
25800 2 28
25800 8 24
25800 13 109
25800 13 82
25800 18 91
25800 23 89
25800 23 71
25800 28 115
25800 33 117
25800 34 43
25800 35 80
25800 36 67
25800 36 43
25800 43 106
25800 49 98
25800 49 112
25800 50 110
25800 54 76
25800 54 67
25800 56 62
25800 61 77
25800 62 68
25800 76 115
25800 79 81
25800 81 123
26100 0 34
26100 0 55
26100 1 99
26100 2 28
26100 8 24
26100 9 11
26100 10 44
26100 10 20
26100 10 102
26100 13 82
26100 13 109
26100 15 77
26100 18 91
26100 23 89
26100 28 115
26100 33 117
26100 34 43
26100 35 80
26100 36 43
26100 43 106
26100 45 47
26100 47 55
26100 49 98
26100 49 112
26100 54 76
26100 56 62
26100 61 77
26100 62 68
26100 71 116
26100 76 115
26100 81 123
26100 82 121
26400 0 55
26400 1 99
26400 1 102
26400 2 28
26400 10 20
26400 10 98
26400 11 51
26400 13 109
26400 13 82
26400 16 104
26400 18 91
26400 23 89
26400 23 71
26400 28 115
26400 33 117
26400 35 80
26400 36 43
26400 43 106
26400 45 47
26400 47 55
26400 49 112
26400 50 110
26400 50 85
26400 61 77
26400 76 115
26400 82 121
26700 1 99
26700 2 28
26700 8 24
26700 11 51
26700 13 82
26700 13 109
26700 16 104
26700 16 52
26700 18 91
26700 23 71
26700 28 115
26700 33 117
26700 34 43
26700 35 80
26700 43 106
26700 49 98
26700 50 110
26700 54 93
26700 56 62
26700 61 77
26700 62 68
26700 62 63
26700 82 121
27000 0 55
27000 2 28
27000 3 62
27000 8 24
27000 10 98
27000 11 51
27000 13 109
27000 13 82
27000 16 104
27000 16 52
27000 18 91
27000 23 73
27000 33 117
27000 35 80
27000 43 106
27000 49 112
27000 50 110
27000 56 62
27000 62 68
27000 62 63
27000 70 88
27000 82 121
27300 2 28
27300 3 62
27300 8 24
27300 11 51
27300 13 82
27300 13 109
27300 16 104
27300 16 52
27300 18 91
27300 26 102
27300 33 117
27300 49 98
27300 49 112
27300 50 110
27300 70 89
27600 0 55
27600 10 35
27600 10 36
27600 11 51
27600 13 109
27600 13 82
27600 16 104
27600 18 91
27600 23 112
27600 33 117
27600 35 105
27600 43 106
27600 49 98
27600 56 62
27600 82 121
27900 2 28
27900 3 109
27900 10 36
27900 11 51
27900 13 82
27900 13 109
27900 18 91
27900 23 112
27900 24 102
27900 33 117
27900 35 105
27900 36 92
27900 43 106
27900 56 62
28200 10 36
28200 10 102
28200 13 82
28200 18 91
28200 23 112
28200 28 55
28200 33 117
28200 33 67
28200 35 105
28200 36 92
28200 43 106
28200 56 62
28200 89 102
28500 2 28
28500 10 102
28500 10 36
28500 12 113
28500 13 82
28500 13 115
28500 18 91
28500 23 112
28500 29 109
28500 36 92
28500 41 109
28500 43 106
28500 89 102
28800 10 36
28800 23 112
28800 29 109
28800 33 117
28800 34 77
28800 41 109
28800 43 106
28800 86 112
28800 89 102
29100 5 56
29100 10 36
29100 10 102
29100 18 91
29100 33 117
29100 34 77
29100 41 109
29100 43 106
29100 77 122
29100 77 117
29100 86 112
29100 89 102
29400 5 56
29400 9 106
29400 9 14
29400 10 36
29400 10 109
29400 12 18
29400 33 114
29400 34 77
29400 41 109
29400 54 83
29400 54 106
29400 77 122
29400 86 112
29400 89 102
29700 0 109
29700 2 102
29700 2 67
29700 5 56
29700 8 114
29700 9 14
29700 12 18
29700 33 114
29700 34 77
29700 36 116
29700 41 109
29700 41 105
29700 54 106
29700 54 83
29700 77 122
29700 77 112
30000 0 5
30000 5 56
30000 9 14
30000 14 106
30000 34 77
30000 36 116
30000 41 109
30000 41 105
30000 54 106
30000 54 83
30000 77 122
30300 9 14
30300 9 36
30300 9 73
30300 9 17
30300 26 36
30300 27 92
30300 34 77
30300 36 116
30300 54 83
30300 54 106
30300 77 122
30300 83 109
30300 92 101
30300 101 105
30600 9 73
30600 9 17
30600 26 36
30600 34 77
30600 36 116
30600 54 83
30600 77 122
30600 82 107
30900 2 8
30900 8 95
30900 9 17
30900 28 74
30900 34 77
30900 36 116
31200 0 67
31200 0 34
31200 0 80
31200 2 65
31200 8 95
31200 9 17
31200 34 77
31200 36 116
31500 2 65
31500 8 95
31500 17 36
31500 30 58
31500 34 45
31500 36 116
31500 37 116
31500 37 93
31500 37 42
31800 2 65
31800 8 95
31800 8 104
31800 8 52
31800 18 95
31800 34 45
31800 52 60
31800 52 108
31800 60 108
31800 104 108
32100 2 65
32100 27 112
32100 30 58
32100 50 110
32100 69 112
32400 2 65
32400 27 112
32400 36 106
32400 67 75
32700 6 35
32700 6 21
32700 11 65
32700 21 116
32700 27 112
33000 21 116
33000 27 112
33000 41 67
33300 11 65
33300 21 116
33300 41 67
33600 11 65
33600 21 116
33600 21 87
33900 21 116
33900 21 59
33900 41 67
33900 59 112
34200 21 59
34200 65 121
34500 41 102
34800 65 121
35100 51 99
35700 29 61
35700 73 75
36000 16 118
36900 37 83
36900 58 83
37200 37 83
87000 5 117
87000 31 96
87000 35 64
87000 48 98
87000 64 84
87000 87 118
87300 14 98
87300 31 96
87300 31 48
87300 48 98
87300 48 116
87300 48 93
87300 64 84
87300 65 83
87300 87 118
87600 14 98
87600 31 96
87600 33 48
87600 48 116
87600 48 98
87600 48 61
87600 65 83
87600 77 116
87600 87 118
87600 87 113
87600 88 116
87600 108 121
87900 3 80
87900 14 98
87900 31 70
87900 34 121
87900 48 98
87900 48 116
87900 60 63
87900 65 83
87900 67 80
87900 70 97
87900 87 118
87900 108 121
88200 3 80
88200 10 63
88200 14 98
88200 23 118
88200 25 60
88200 28 110
88200 28 43
88200 31 70
88200 33 48
88200 48 98
88200 60 63
88200 65 83
88200 70 97
88200 108 121
88500 14 98
88500 25 60
88500 28 43
88500 28 110
88500 31 70
88500 33 48
88500 33 61
88500 48 122
88500 52 54
88500 60 63
88500 65 83
88500 77 108
88500 77 88
88500 108 121
88800 3 80
88800 25 60
88800 28 110
88800 31 70
88800 33 61
88800 39 115
88800 39 77
88800 48 77
88800 52 54
88800 58 63
88800 60 63
88800 77 88
88800 108 121
89100 28 110
89100 30 48
89100 31 70
89100 39 77
89100 39 115
89100 42 48
89100 52 54
89100 58 63
89100 60 63
89100 67 76
89100 70 89
89400 6 85
89400 28 110
89400 30 48
89400 31 70
89400 39 115
89400 42 48
89400 52 54
89400 58 63
89400 70 89
89400 75 117
89400 108 121
89700 6 85
89700 10 51
89700 15 110
89700 27 95
89700 28 110
89700 30 48
89700 31 70
89700 36 118
89700 39 102
89700 52 54
89700 65 94
89700 70 89
89700 75 117
89700 94 108
90000 4 68
90000 6 85
90000 10 51
90000 12 105
90000 17 94
90000 27 95
90000 30 48
90000 31 70
90000 36 118
90000 52 54
90000 61 81
90000 70 89
90000 75 117
90300 4 68
90300 6 85
90300 8 21
90300 8 94
90300 10 51
90300 17 94
90300 23 53
90300 27 95
90300 30 48
90300 31 70
90300 42 104
90300 57 61
90300 61 81
90300 69 80
90300 70 89
90300 73 120
90300 75 117
90300 94 109
90600 4 68
90600 6 123
90600 8 94
90600 8 21
90600 10 51
90600 10 123
90600 12 105
90600 30 48
90600 31 70
90600 36 118
90600 42 104
90600 52 54
90600 69 80
90600 70 89
90600 94 109
90900 4 68
90900 6 123
90900 8 21
90900 10 51
90900 23 53
90900 27 95
90900 30 48
90900 31 70
90900 42 104
90900 61 81
90900 68 100
90900 73 120
90900 75 117
90900 78 112
90900 94 109
91200 1 106
91200 1 35
91200 4 68
91200 6 123
91200 10 51
91200 12 105
91200 23 53
91200 27 95
91200 30 48
91200 42 104
91200 61 81
91200 69 80
91200 75 117
91200 78 112
91200 83 110
91200 94 109
91500 1 106
91500 4 68
91500 6 123
91500 10 51
91500 23 53
91500 27 95
91500 30 48
91500 31 70
91500 44 108
91500 73 120
91500 75 117
91500 78 112
91500 83 110
91500 94 109
91500 94 101
91800 1 35
91800 4 68
91800 6 123
91800 10 51
91800 12 105
91800 23 53
91800 27 95
91800 30 48
91800 31 70
91800 42 104
91800 44 108
91800 73 120
91800 78 112
91800 94 101
92100 1 35
92100 10 51
92100 12 105
92100 23 53
92100 27 95
92100 30 48
92100 31 70
92100 71 104
92100 73 120
92100 83 110
92100 94 101
92400 1 35
92400 4 68
92400 10 51
92400 12 105
92400 23 53
92400 25 36
92400 30 48
92400 30 104
92400 31 70
92400 42 104
92400 44 108
92400 71 104
92400 73 120
92700 4 68
92700 7 47
92700 16 44
92700 23 53
92700 25 36
92700 30 104
92700 30 48
92700 31 70
92700 42 104
92700 44 108
92700 71 104
92700 73 120
92700 83 110
93000 1 35
93000 7 47
93000 10 51
93000 15 116
93000 23 53
93000 31 70
93000 36 58
93000 42 104
93000 44 108
93000 73 120
93000 83 110
93300 1 35
93300 4 68
93300 7 47
93300 15 116
93300 16 44
93300 23 53
93300 25 36
93300 30 48
93300 31 70
93300 36 58
93300 42 104
93300 44 108
93300 83 110
93600 1 35
93600 4 68
93600 7 47
93600 10 51
93600 15 116
93600 25 36
93600 30 48
93600 34 118
93600 42 104
93600 83 110
93900 1 35
93900 4 68
93900 7 47
93900 15 116
93900 16 44
93900 23 53
93900 25 36
93900 30 48
93900 42 104
94200 1 119
94200 1 30
94200 4 80
94200 4 86
94200 7 47
94200 7 30
94200 7 56
94200 15 116
94200 23 53
94200 23 80
94200 25 36
94200 30 48
94200 36 69
94200 42 104
94200 56 69
94200 66 86
94500 1 119
94500 1 30
94500 4 80
94500 4 86
94500 4 69
94500 4 117
94500 7 56
94500 7 86
94500 7 73
94500 15 30
94500 15 86
94500 15 107
94500 23 53
94500 25 36
94500 25 86
94500 30 65
94500 36 69
94500 48 70
94500 56 69
94500 66 86
94500 69 88
94500 73 107
94500 86 112
94500 112 117
94800 1 119
94800 4 86
94800 4 69
94800 4 117
94800 7 73
94800 7 86
94800 13 119
94800 13 25
94800 15 30
94800 15 116
94800 15 107
94800 15 86
94800 15 112
94800 22 52
94800 23 53
94800 25 36
94800 25 42
94800 25 112
94800 42 104
94800 52 97
94800 52 112
94800 52 74
94800 56 69
94800 69 88
94800 73 107
94800 101 112
95100 4 117
95100 5 52
95100 19 95
95100 22 52
95100 25 42
95100 25 112
95100 37 104
95100 41 60
95100 47 123
95100 52 74
95100 52 112
95100 52 97
95100 52 60
95100 56 69
95100 69 88
95100 69 91
95100 74 123
95400 4 117
95400 19 95
95400 26 95
95400 32 56
95400 37 104
95400 39 95
95400 47 123
95400 50 95
95400 52 60
95400 52 97
95400 60 97
95400 74 123
95400 95 97
95400 95 123
95700 5 52
95700 9 39
95700 9 70
95700 19 95
95700 39 95
95700 47 123
95700 52 112
95700 52 97
95700 54 77
95700 56 69
95700 56 95
95700 60 97
95700 61 104
95700 61 113
95700 64 97
95700 90 104
95700 95 97
96000 1 9
96000 4 117
96000 9 39
96000 9 69
96000 9 106
96000 19 95
96000 35 56
96000 48 102
96000 52 97
96000 60 97
96000 61 104
96000 62 88
96000 62 97
96000 64 97
96000 77 112
96000 90 104
96000 95 97
96300 1 9
96300 1 28
96300 4 117
96300 9 106
96300 9 69
96300 19 95
96300 19 57
96300 19 43
96300 19 84
96300 19 113
96300 28 57
96300 35 56
96300 37 57
96300 52 112
96300 57 109
96300 60 97
96300 64 97
96300 65 109
96300 102 112
96600 1 28
96600 4 117
96600 9 106
96600 13 67
96600 19 113
96600 19 57
96600 20 63
96600 28 57
96600 28 109
96600 29 65
96600 37 57
96600 52 78
96600 57 109
96600 57 65
96600 60 78
96600 60 85
96600 61 104
96600 64 97
96600 65 109
96600 65 104
96600 65 85
96600 74 85
96900 4 117
96900 9 106
96900 13 63
96900 13 74
96900 20 63
96900 35 56
96900 35 42
96900 37 57
96900 40 104
96900 42 104
96900 42 78
96900 54 63
96900 57 65
96900 60 97
96900 60 85
96900 60 84
96900 60 91
96900 63 104
96900 63 78
96900 64 97
96900 64 74
96900 64 91
96900 65 85
96900 65 104
96900 74 85
96900 74 104
96900 74 82
96900 84 85
97200 4 117
97200 13 67
97200 13 63
97200 13 88
97200 13 107
97200 17 35
97200 17 91
97200 20 63
97200 35 42
97200 35 78
97200 35 70
97200 35 107
97200 42 104
97200 42 78
97200 52 78
97200 54 63
97200 54 70
97200 60 84
97200 60 85
97200 63 78
97200 64 91
97200 64 74
97200 64 97
97200 64 84
97200 65 85
97200 74 85
97200 74 104
97200 75 84
97200 78 91
97200 84 85
97500 2 67
97500 13 88
97500 13 107
97500 13 67
97500 35 107
97500 35 78
97500 37 85
97500 42 78
97500 52 85
97500 54 63
97500 54 70
97500 54 117
97500 54 88
97500 54 93
97500 60 84
97500 60 85
97500 64 84
97500 64 74
97500 64 91
97500 65 85
97500 67 107
97500 75 84
97500 78 91
97500 78 107
97500 82 88
97500 84 85
97500 84 91
97500 85 88
97500 88 107
97800 2 67
97800 2 37
97800 6 94
97800 37 85
98100 6 94
98700 48 81
101100 4 112
101400 18 116
101400 66 70
101700 66 70
101700 73 121
101700 100 121
102000 12 30
102000 12 93
102000 26 72
102300 9 35
102300 15 99
102300 23 72
102300 63 82
102300 72 95
102300 82 99
102600 15 99
102600 27 58
102600 58 101
102600 105 119
102900 25 43
102900 31 108
102900 83 109
103200 37 115
103200 79 106
103200 87 123
103200 97 106
103500 58 95
103500 87 123
103800 16 51
103800 51 64
104100 9 112
104100 9 51
104100 51 52
104400 8 86
104400 67 111
104400 86 109
104700 0 113
104700 0 73
104700 6 113
104700 34 86
104700 47 86
104700 73 86
104700 79 83
105000 0 73
105000 0 36
105000 0 90
105000 6 113
105000 12 69
105000 22 84
105000 31 113
105000 34 86
105000 34 47
105000 35 91
105000 36 113
105000 36 55
105000 37 113
105000 47 86
105000 49 116
105000 73 86
105000 73 113
105000 73 96
105000 86 109
105000 92 116
105300 0 90
105300 22 84
105300 31 113
105300 32 109
105300 34 47
105300 35 91
105300 36 91
105300 36 109
105300 46 116
105300 47 109
105300 49 116
105300 49 122
105300 55 92
105300 70 113
105300 70 92
105300 73 113
105300 73 86
105300 73 96
105300 84 109
105300 91 92
105300 92 116
105300 92 109
105600 0 90
105600 0 36
105600 0 73
105600 0 47
105600 0 112
105600 4 70
105600 4 75
105600 6 113
105600 31 113
105600 34 86
105600 35 91
105600 36 91
105600 37 113
105600 37 112
105600 47 86
105600 55 92
105600 70 92
105600 70 90
105600 73 96
105600 73 113
105600 84 90
105600 91 92
105600 92 109
105600 112 113
105900 0 47
105900 0 112
105900 0 36
105900 4 75
105900 6 113
105900 8 34
105900 23 84
105900 25 116
105900 34 86
105900 34 49
105900 34 90
105900 36 84
105900 37 113
105900 40 47
105900 40 90
105900 46 84
105900 47 86
105900 49 84
105900 50 84
105900 55 92
105900 59 84
105900 70 92
105900 84 109
105900 84 90
105900 84 96
105900 91 92
105900 92 109
105900 92 116
105900 112 113
106200 0 112
106200 4 75
106200 4 70
106200 6 113
106200 6 56
106200 6 91
106200 8 34
106200 8 11
106200 21 40
106200 23 84
106200 25 116
106200 26 70
106200 34 90
106200 36 40
106200 40 90
106200 40 47
106200 40 112
106200 46 84
106200 46 49
106200 46 116
106200 49 84
106200 49 112
106200 70 119
106200 73 104
106200 75 116
106200 75 112
106200 75 90
106200 84 109
106200 91 106
106500 0 47
106500 0 58
106500 0 18
106500 4 70
106500 6 56
106500 6 113
106500 6 91
106500 8 11
106500 11 37
106500 21 89
106500 22 113
106500 26 70
106500 28 47
106500 34 86
106500 34 49
106500 34 87
106500 34 37
106500 37 113
106500 46 116
106500 46 49
106500 47 75
106500 49 112
106500 62 75
106500 70 119
106500 73 104
106500 75 112
106500 75 90
106500 75 116
106500 84 96
106500 86 106
106500 86 113
106500 112 113
106800 0 18
106800 0 47
106800 0 58
106800 1 86
106800 4 75
106800 4 70
106800 6 91
106800 8 34
106800 10 90
106800 18 30
106800 22 113
106800 22 52
106800 23 84
106800 26 70
106800 28 47
106800 34 86
106800 37 113
106800 37 58
106800 37 112
106800 37 89
106800 39 46
106800 43 116
106800 46 49
106800 46 116
106800 46 75
106800 46 77
106800 46 58
106800 47 75
106800 48 86
106800 49 112
106800 49 84
106800 58 62
106800 58 66
106800 58 104
106800 58 116
106800 62 75
106800 66 116
106800 66 112
106800 73 104
106800 75 86
106800 84 109
106800 86 90
106800 89 123
106800 91 106
106800 109 116
106800 112 113
107100 6 52
107100 6 24
107100 10 90
107100 10 45
107100 11 115
107100 11 123
107100 18 30
107100 21 70
107100 22 52
107100 23 84
107100 24 70
107100 26 70
107100 28 47
107100 34 86
107100 34 49
107100 34 37
107100 34 70
107100 37 112
107100 37 89
107100 37 59
107100 39 46
107100 43 86
107100 46 77
107100 46 75
107100 46 58
107100 46 86
107100 49 84
107100 58 116
107100 58 66
107100 66 116
107100 66 112
107100 70 116
107100 84 109
107100 86 90
107100 86 113
107100 87 112
107100 89 109
107100 109 116
107100 109 112
107400 0 47
107400 1 91
107400 6 24
107400 8 34
107400 8 77
107400 10 91
107400 11 70
107400 11 77
107400 17 26
107400 21 70
107400 22 113
107400 23 84
107400 24 70
107400 24 55
107400 26 70
107400 34 49
107400 37 59
107400 37 113
107400 39 46
107400 39 116
107400 45 83
107400 47 75
107400 47 116
107400 52 55
107400 55 62
107400 58 116
107400 62 118
107400 64 89
107400 66 116
107400 70 116
107400 84 109
107400 87 112
107400 89 123
107400 89 109
107400 109 112
107400 109 116
107400 112 113
107700 0 47
107700 0 52
107700 6 52
107700 8 77
107700 8 52
107700 8 10
107700 10 91
107700 10 90
107700 10 45
107700 10 34
107700 10 52
107700 10 66
107700 10 121
107700 10 58
107700 10 62
107700 10 28
107700 11 77
107700 18 30
107700 21 70
107700 22 52
107700 22 113
107700 23 84
107700 24 55
107700 24 70
107700 26 70
107700 34 70
107700 37 112
107700 37 59
107700 37 89
107700 37 62
107700 39 116
107700 43 87
107700 45 83
107700 45 55
107700 45 52
107700 47 75
107700 49 84
107700 52 55
107700 52 66
107700 52 84
107700 52 91
107700 55 62
107700 55 58
107700 62 118
107700 62 84
107700 64 89
107700 70 112
107700 82 121
107700 84 109
107700 84 112
107700 87 112
107700 109 112
108000 0 47
108000 6 52
108000 8 77
108000 10 34
108000 10 45
108000 10 58
108000 10 62
108000 10 121
108000 22 52
108000 23 84
108000 24 34
108000 24 113
108000 24 71
108000 24 121
108000 26 70
108000 28 121
108000 34 70
108000 34 49
108000 37 59
108000 37 113
108000 37 62
108000 37 89
108000 39 46
108000 39 116
108000 43 119
108000 43 90
108000 45 55
108000 45 47
108000 45 78
108000 47 84
108000 47 66
108000 47 121
108000 49 84
108000 55 62
108000 55 58
108000 62 84
108000 64 89
108000 64 109
108000 66 116
108000 77 109
108000 77 119
108000 82 121
108000 82 84
108000 82 113
108000 84 112
108000 91 121
108000 115 119
108300 3 28
108300 6 52
108300 8 10
108300 8 52
108300 8 121
108300 8 37
108300 10 91
108300 10 28
108300 17 71
108300 22 113
108300 24 121
108300 24 34
108300 26 70
108300 26 104
108300 26 91
108300 28 121
108300 28 91
108300 30 91
108300 34 49
108300 36 79
108300 37 113
108300 37 89
108300 43 90
108300 43 119
108300 45 47
108300 47 66
108300 47 84
108300 47 108
108300 62 118
108300 62 108
108300 64 109
108300 64 108
108300 77 119
108300 77 109
108300 78 104
108300 79 116
108300 79 91
108300 82 113
108300 82 84
108300 82 121
108300 91 109
108300 91 105
108300 91 118
108300 91 104
108300 115 119
108300 118 121
108600 7 88
108600 8 37
108600 8 10
108600 8 52
108600 8 121
108600 10 28
108600 14 118
108600 17 71
108600 17 26
108600 23 84
108600 24 34
108600 26 104
108600 26 91
108600 26 108
108600 28 91
108600 28 88
108600 28 66
108600 28 108
108600 28 55
108600 34 49
108600 36 79
108600 43 119
108600 43 90
108600 43 118
108600 45 47
108600 46 76
108600 47 66
108600 47 84
108600 48 109
108600 62 118
108600 62 108
108600 64 108
108600 77 119
108600 78 104
108600 79 91
108600 79 116
108600 82 113
108600 91 105
108600 91 118
108600 93 118
108600 108 116
108600 108 118
108600 114 116
108600 115 119
108600 118 121
108900 7 88
108900 7 92
108900 8 121
108900 10 28
108900 10 91
108900 10 23
108900 14 118
108900 17 20
108900 20 65
108900 20 90
108900 22 113
108900 24 34
108900 26 70
108900 26 91
108900 26 104
108900 28 88
108900 34 49
108900 35 109
108900 36 79
108900 37 113
108900 37 89
108900 37 41
108900 43 90
108900 45 47
108900 48 109
108900 53 105
108900 62 118
108900 65 105
108900 82 84
108900 82 121
108900 91 118
108900 96 100
108900 104 113
108900 108 118
108900 109 118
108900 118 121
109200 7 92
109200 7 88
109200 7 79
109200 10 23
109200 14 118
109200 15 81
109200 15 121
109200 15 111
109200 15 47
109200 15 42
109200 15 103
109200 16 17
109200 16 103
109200 17 97
109200 20 65
109200 22 113
109200 24 34
109200 26 70
109200 32 109
109200 34 49
109200 35 116
109200 43 118
109200 43 119
109200 43 106
109200 45 47
109200 47 66
109200 47 84
109200 52 103
109200 62 103
109200 65 105
109200 78 104
109200 78 81
109200 79 116
109200 82 100
109200 88 103
109200 89 90
109200 89 92
109200 96 106
109200 103 109
109200 104 113
109500 7 88
109500 7 92
109500 7 33
109500 7 82
109500 10 91
109500 10 121
109500 13 56
109500 14 118
109500 15 121
109500 16 103
109500 17 20
109500 20 90
109500 20 65
109500 20 67
109500 22 113
109500 26 91
109500 26 104
109500 26 32
109500 33 45
109500 34 49
109500 35 116
109500 37 108
109500 41 92
109500 42 81
109500 42 82
109500 43 119
109500 43 118
109500 43 106
109500 45 119
109500 54 98
109500 62 103
109500 78 104
109500 78 81
109500 78 121
109500 79 116
109500 89 90
109500 89 108
109500 96 105
109500 108 118
109800 7 82
109800 7 92
109800 7 88
109800 7 79
109800 7 33
109800 10 91
109800 10 121
109800 15 121
109800 16 103
109800 22 113
109800 24 34
109800 24 109
109800 26 91
109800 34 49
109800 35 116
109800 37 108
109800 40 72
109800 42 82
109800 43 106
109800 47 70
109800 54 116
109800 54 89
109800 57 90
109800 57 85
109800 73 121
109800 73 119
109800 78 121
109800 79 116
109800 89 108
109800 89 121
109800 103 109
109800 104 113
109800 108 118
109800 113 119
110100 7 88
110100 7 92
110100 10 91
110100 12 73
110100 14 118
110100 14 43
110100 15 121
110100 20 67
110100 22 113
110100 24 91
110100 26 32
110100 26 91
110100 26 56
110100 33 50
110100 34 44
110100 36 67
110100 38 50
110100 40 116
110100 40 113
110100 42 82
110100 43 118
110100 43 119
110100 53 120
110100 57 85
110100 57 107
110100 73 119
110100 77 118
110100 78 81
110100 78 121
110100 78 104
110100 78 120
110100 89 108
110100 89 90
110100 104 113
110100 113 119
110400 4 14
110400 6 71
110400 6 26
110400 6 49
110400 7 92
110400 7 88
110400 7 79
110400 9 108
110400 10 91
110400 13 71
110400 14 43
110400 15 121
110400 16 103
110400 26 91
110400 26 56
110400 26 32
110400 26 53
110400 33 50
110400 37 108
110400 39 71
110400 42 82
110400 43 119
110400 50 99
110400 53 120
110400 53 71
110400 54 116
110400 54 89
110400 57 90
110400 70 120
110400 70 93
110400 71 110
110400 71 82
110400 73 119
110400 73 121
110400 77 118
110400 89 90
110400 93 104
110400 108 118
110400 113 119
110400 116 119
110700 4 14
110700 5 53
110700 7 92
110700 7 88
110700 7 108
110700 14 20
110700 15 121
110700 16 103
110700 24 38
110700 26 91
110700 33 50
110700 34 44
110700 37 108
110700 37 73
110700 38 50
110700 42 82
110700 43 119
110700 48 82
110700 48 108
110700 53 115
110700 54 89
110700 54 116
110700 54 123
110700 61 70
110700 70 93
110700 73 121
110700 77 118
110700 88 108
110700 89 90
110700 91 108
110700 108 118
110700 113 119
111000 2 82
111000 6 72
111000 7 88
111000 10 91
111000 10 88
111000 14 43
111000 15 121
111000 16 103
111000 24 38
111000 24 83
111000 34 80
111000 35 83
111000 35 54
111000 37 61
111000 43 119
111000 48 82
111000 48 108
111000 48 57
111000 54 89
111000 54 116
111000 54 93
111000 57 83
111000 61 70
111000 70 118
111000 77 118
111000 89 90
111000 108 118
111300 2 82
111300 5 53
111300 7 92
111300 7 108
111300 7 95
111300 9 24
111300 10 91
111300 10 57
111300 13 95
111300 13 64
111300 16 103
111300 24 38
111300 24 83
111300 35 83
111300 35 111
111300 37 61
111300 42 104
111300 48 82
111300 48 108
111300 48 64
111300 48 104
111300 54 123
111300 56 121
111300 57 97
111300 70 118
111300 81 123
111300 82 119
111300 113 119
111600 7 92
111600 7 108
111600 9 24
111600 10 57
111600 10 91
111600 10 64
111600 10 82
111600 13 64
111600 23 97
111600 24 83
111600 35 83
111600 37 61
111600 42 104
111600 42 119
111600 48 104
111600 54 123
111600 54 89
111600 54 83
111600 56 121
111600 56 89
111600 57 97
111600 57 83
111600 61 70
111600 61 98
111600 72 113
111600 73 98
111600 77 118
111600 81 123
111600 85 108
111600 89 90
111600 92 98
111600 108 118
111600 114 118
111900 7 92
111900 7 108
111900 7 95
111900 9 72
111900 9 35
111900 10 91
111900 10 64
111900 10 72
111900 13 95
111900 13 64
111900 16 103
111900 16 89
111900 21 67
111900 23 70
111900 24 83
111900 35 83
111900 42 104
111900 42 119
111900 42 82
111900 43 104
111900 43 85
111900 48 108
111900 48 104
111900 54 89
111900 56 121
111900 56 64
111900 61 98
111900 61 70
111900 82 95
111900 85 89
111900 89 90
111900 89 117
111900 89 97
111900 92 98
112200 7 92
112200 9 35
112200 10 72
112200 10 91
112200 13 95
112200 13 64
112200 16 89
112200 16 103
112200 24 83
112200 31 95
112200 37 61
112200 42 119
112200 42 104
112200 42 82
112200 43 85
112200 43 104
112200 56 89
112200 56 121
112200 61 98
112200 72 113
112200 82 95
112200 85 89
112500 7 92
112500 10 72
112500 10 91
112500 13 95
112500 16 89
112500 21 67
112500 24 83
112500 31 95
112500 32 83
112500 42 104
112500 42 119
112500 42 82
112500 43 85
112500 43 104
112500 61 98
112500 70 98
112800 7 92
112800 9 35
112800 9 30
112800 10 91
112800 10 72
112800 13 62
112800 21 67
112800 31 95
112800 42 82
112800 42 119
112800 42 104
112800 43 85
112800 56 121
112800 61 98
112800 62 87
112800 62 100
113100 7 92
113100 9 35
113100 10 91
113100 10 72
113100 13 62
113100 13 95
113100 29 88
113100 31 95
113100 42 82
113100 43 85
113100 43 66
113100 61 98
113100 62 100
113100 62 90
113100 73 90
113400 7 92
113400 9 35
113400 9 87
113400 10 91
113400 13 95
113400 42 82
113400 43 66
113400 43 85
113400 61 98
113400 62 100
113400 62 90
113400 66 120
113400 73 90
113700 5 45
113700 9 87
113700 9 35
113700 10 91
113700 31 95
113700 42 82
113700 43 85
113700 45 76
113700 62 90
113700 73 90
114000 5 45
114000 9 87
114000 9 35
114000 13 95
114000 19 109
114000 31 95
114000 42 82
114000 43 85
114000 61 98
114000 66 120
114000 73 90
114000 116 123
114300 5 45
114300 9 35
114300 9 87
114300 14 66
114300 42 82
114300 45 86
114300 58 123
114300 61 98
114300 67 97
114300 73 90
114300 77 123
114300 116 123
114600 5 45
114600 13 95
114600 14 66
114600 22 35
114600 31 95
114600 42 82
114600 43 85
114600 58 123
114600 73 90
114900 5 45
114900 21 29
114900 31 95
114900 31 91
114900 42 82
114900 43 85
114900 45 73
114900 61 98
114900 67 97
114900 72 115
114900 93 111
115200 5 45
115200 14 66
115200 14 94
115200 30 62
115200 31 95
115200 42 82
115200 43 85
115200 58 123
115200 61 98
115500 4 111
115500 5 45
115500 6 45
115500 14 94
115500 14 66
115500 31 95
115500 42 82
115500 43 85
115500 61 98
115500 63 109
115800 6 45
115800 13 66
115800 14 66
115800 17 93
115800 29 94
115800 29 47
115800 29 61
115800 31 95
115800 42 82
115800 45 94
115800 61 98
115800 63 109
116100 0 82
116100 14 66
116100 14 83
116100 18 66
116100 18 63
116100 18 78
116100 29 94
116100 31 95
116100 45 94
116100 58 110
116100 61 98
116100 63 109
116100 63 83
116400 0 31
116400 0 39
116400 14 66
116400 17 93
116400 29 94
116400 31 95
116400 39 58
116400 39 123
116400 50 67
116400 58 110
116400 61 98
116400 67 106
116400 67 80
116700 0 31
116700 14 61
116700 17 93
116700 29 94
116700 31 95
116700 50 67
116700 58 110
116700 58 81
116700 61 98
116700 61 86
116700 61 95
116700 63 109
116700 67 106
116700 79 95
116700 80 93
117000 0 31
117000 0 79
117000 9 29
117000 17 93
117000 19 67
117000 19 90
117000 29 94
117000 29 88
117000 31 95
117000 45 110
117000 50 67
117000 50 90
117000 61 95
117000 63 109
117000 67 106
117000 79 90
117000 80 93
117300 17 93
117300 29 94
117300 31 95
117300 41 73
117300 41 83
117300 41 70
117300 50 67
117300 63 109
117300 67 106
117300 70 73
117300 79 90
117300 80 93
117300 83 92
117300 92 109
117300 109 122
117600 17 93
117600 23 99
117600 23 68
117600 31 95
117600 31 68
117600 50 67
117600 63 109
117600 67 106
117600 68 79
117600 72 99
117600 72 95
117600 80 93
117900 33 47
117900 47 108
117900 63 109
117900 67 106
117900 74 93
117900 74 80
117900 80 93
117900 89 108
118200 9 85
118200 22 63
118200 36 53
118200 63 120
118200 63 80
118200 67 106
118200 80 93
118200 89 108
118500 6 100
118500 6 69
118500 22 63
118500 24 69
118500 24 117
118500 63 80
118500 66 117
118500 67 106
118500 69 116
118500 75 108
118500 89 108
118800 22 63
118800 23 31
118800 59 106
118800 75 108
118800 89 108
119100 5 22
119100 5 107
119100 10 73
119100 22 108
119100 22 107
119100 23 31
119100 75 108
119100 89 108
119100 107 108
119400 10 73
119400 23 31
119400 23 59
119400 89 108
119700 23 31
119700 23 96
119700 61 96
119700 89 108
120000 23 31
120000 61 96
120000 89 108
120300 23 96
120300 28 98
120300 89 108
120600 28 92
120900 62 110
121200 11 110
121200 55 107
122400 36 105
122700 35 57
122700 58 73
123000 18 112
123300 38 89
123300 89 123
123600 18 112
123600 89 123
123900 38 116
124800 53 97
173400 7 35
173400 30 77
173400 51 76
173400 73 108
173400 77 78
173700 28 112
173700 28 91
173700 30 77
173700 39 93
173700 48 85
173700 53 86
173700 73 108
173700 77 78
174000 28 112
174000 30 77
174000 39 93
174000 48 85
174000 52 70
174000 53 86
174000 66 108
174000 73 108
174000 80 117
174300 28 112
174300 30 77
174300 39 93
174300 48 85
174300 53 86
174300 54 69
174300 62 122
174300 77 78
174300 86 94
174600 2 119
174600 20 116
174600 20 107
174600 28 112
174600 30 77
174600 39 93
174600 43 89
174600 53 86
174600 54 69
174600 62 122
174600 74 123
174900 20 107
174900 20 67
174900 28 112
174900 30 77
174900 43 89
174900 48 85
174900 53 86
174900 62 122
174900 67 82
174900 70 122
174900 73 99
174900 77 78
174900 93 118
175200 20 107
175200 28 112
175200 30 77
175200 33 60
175200 38 116
175200 45 112
175200 45 50
175200 62 122
175200 67 97
175200 70 122
175200 74 123
175200 99 115
175500 3 25
175500 6 108
175500 20 107
175500 33 60
175500 38 116
175500 45 88
175500 62 122
175500 67 97
175500 67 104
175500 70 122
175500 77 78
175800 19 53
175800 20 107
175800 38 116
175800 45 88
175800 67 104
175800 67 97
175800 70 122
175800 75 116
175800 77 78
176100 19 53
176100 20 107
176100 45 88
176100 48 114
176100 55 75
176100 67 97
176100 70 122
176100 77 78
176400 3 35
176400 8 117
176400 8 62
176400 17 45
176400 19 53
176400 20 107
176400 26 54
176400 45 88
176400 55 75
176400 67 97
176400 70 122
176700 3 35
176700 8 117
176700 13 123
176700 16 99
176700 16 119
176700 17 45
176700 45 88
176700 48 114
176700 55 75
176700 67 97
176700 70 122
176700 77 78
176700 99 108
177000 3 35
177000 13 123
177000 16 99
177000 19 53
177000 20 107
177000 26 54
177000 45 88
177000 67 97
177000 70 122
177000 77 78
177000 99 108
177300 8 117
177300 16 99
177300 26 54
177300 45 88
177300 48 114
177300 54 78
177300 55 75
177300 67 97
177300 70 122
177300 99 108
177600 3 35
177600 8 117
177600 13 123
177600 16 99
177600 19 53
177600 26 54
177600 54 78
177600 55 75
177600 70 122
177600 93 117
177600 93 96
177900 3 35
177900 5 17
177900 8 117
177900 13 123
177900 19 53
177900 26 54
177900 54 78
177900 55 75
177900 58 66
177900 67 97
177900 70 122
177900 93 96
177900 99 108
178200 3 35
178200 5 17
178200 8 117
178200 13 123
178200 26 54
178200 35 61
178200 54 78
178200 61 102
178500 3 35
178500 5 17
178500 13 123
178500 22 117
178500 54 78
178500 55 75
178500 58 66
178500 61 102
178500 67 97
178500 70 122
178500 93 96
178500 99 108
178800 3 35
178800 3 97
178800 13 123
178800 33 87
178800 33 78
178800 54 78
178800 55 75
178800 58 66
178800 58 108
178800 61 102
178800 70 122
178800 93 96
178800 99 108
179100 3 35
179100 33 87
179100 33 78
179100 55 75
179100 58 66
179100 61 102
179100 70 122
179100 73 110
179100 93 96
179100 99 108
179400 13 123
179400 32 85
179400 32 48
179400 33 78
179400 33 119
179400 58 66
179400 61 102
179400 70 122
179400 73 110
179400 93 96
179400 99 108
179700 3 35
179700 22 80
179700 32 85
179700 32 48
179700 33 87
179700 55 75
179700 58 66
179700 73 110
179700 80 82
179700 93 96
179700 99 108
180000 3 35
180000 22 80
180000 26 37
180000 32 85
180000 70 122
180000 73 110
180000 80 82
180000 93 96
180000 99 108
180300 3 35
180300 22 80
180300 26 37
180300 32 85
180300 33 87
180300 44 92
180300 80 82
180300 93 96
180300 99 108
180600 3 35
180600 18 79
180600 22 80
180600 26 87
180600 32 85
180600 32 49
180600 33 44
180600 33 35
180600 33 82
180600 59 70
180600 67 115
180600 73 110
180600 80 82
180600 92 116
180600 93 96
180900 3 35
180900 7 116
180900 18 79
180900 33 35
180900 33 82
180900 33 66
180900 44 49
180900 49 73
180900 59 70
180900 67 115
180900 70 73
180900 73 110
180900 73 115
180900 73 114
180900 92 116
180900 93 96
180900 113 116
181200 3 35
181200 3 18
181200 3 121
181200 3 49
181200 7 116
181200 7 113
181200 18 79
181200 18 121
181200 24 49
181200 32 49
181200 33 44
181200 33 82
181200 33 79
181200 49 73
181200 66 115
181200 70 73
181200 73 114
181200 73 115
181200 92 116
181200 93 96
181200 113 116
181200 113 115
181200 115 116
181500 3 18
181500 3 49
181500 3 96
181500 7 113
181500 7 116
181500 18 79
181500 18 32
181500 24 49
181500 32 121
181500 33 82
181500 43 82
181500 57 67
181500 65 106
181500 66 115
181500 67 115
181500 67 98
181500 67 106
181500 67 121
181500 79 96
181500 79 121
181500 82 88
181500 92 116
181500 96 121
181500 106 113
181500 113 116
181500 113 115
181500 115 116
181800 3 35
181800 3 49
181800 3 96
181800 3 121
181800 3 18
181800 7 116
181800 18 32
181800 18 79
181800 18 44
181800 23 116
181800 35 115
181800 35 92
181800 35 87
181800 44 57
181800 44 92
181800 54 106
181800 62 67
181800 65 106
181800 66 115
181800 67 87
181800 78 117
181800 79 121
181800 79 96
181800 82 88
181800 82 92
181800 88 92
181800 92 116
181800 93 96
181800 96 121
181800 113 116
182100 3 35
182100 3 96
182100 7 116
182100 18 79
182100 18 32
182100 18 44
182100 18 24
182100 21 117
182100 21 35
182100 24 61
182100 25 75
182100 27 98
182100 32 121
182100 35 92
182100 35 87
182100 35 115
182100 35 70
182100 43 82
182100 44 57
182100 44 92
182100 44 54
182100 54 61
182100 54 67
182100 61 75
182100 62 67
182100 65 106
182100 66 115
182100 67 87
182100 67 121
182100 67 98
182100 67 115
182100 75 96
182100 78 117
182100 79 121
182100 79 96
182100 82 92
182100 88 92
182100 98 117
182400 1 24
182400 3 96
182400 3 49
182400 5 70
182400 7 116
182400 14 81
182400 18 32
182400 18 24
182400 18 44
182400 21 117
182400 21 35
182400 24 61
182400 24 54
182400 24 117
182400 24 46
182400 25 75
182400 27 98
182400 28 57
182400 32 65
182400 32 114
182400 32 98
182400 44 57
182400 44 54
182400 44 49
182400 49 70
182400 49 57
182400 49 61
182400 54 67
182400 54 106
182400 57 75
182400 57 70
182400 65 106
182400 67 98
182400 67 115
182400 75 96
182400 79 96
182400 93 96
182400 96 121
182400 98 117
182700 5 70
182700 5 83
182700 7 116
182700 14 81
182700 21 117
182700 24 117
182700 25 75
182700 27 98
182700 28 57
182700 28 75
182700 32 65
182700 32 114
182700 35 70
182700 44 54
182700 49 70
182700 49 78
182700 49 114
182700 52 81
182700 54 106
182700 54 81
182700 57 75
182700 57 70
182700 64 78
182700 67 98
182700 68 83
182700 70 78
182700 75 96
182700 78 117
182700 96 121
182700 98 117
182700 98 114
183000 5 70
183000 5 14
183000 5 54
183000 5 83
183000 7 116
183000 12 114
183000 12 83
183000 14 81
183000 14 74
183000 14 114
183000 25 75
183000 44 54
183000 54 106
183000 64 78
183000 67 98
183000 67 115
183000 68 83
183000 70 78
183000 75 96
183000 75 81
183000 78 117
183000 81 98
183000 96 121
183000 98 117
183000 98 114
183300 5 14
183300 5 83
183300 5 70
183300 5 54
183300 5 106
183300 6 115
183300 7 94
183300 7 35
183300 7 74
183300 7 25
183300 11 25
183300 12 83
183300 12 114
183300 14 114
183300 14 74
183300 14 25
183300 21 117
183300 24 117
183300 25 75
183300 25 115
183300 44 54
183300 54 106
183300 64 115
183300 75 81
183300 75 96
183300 96 121
183600 3 62
183600 4 82
183600 4 80
183600 4 44
183600 5 70
183600 5 14
183600 5 54
183600 5 51
183600 7 94
183600 7 25
183600 7 74
183600 7 35
183600 7 14
183600 7 47
183600 14 114
183600 14 74
183600 14 25
183600 21 117
183600 21 102
183600 44 54
183600 44 85
183600 44 59
183600 44 63
183600 51 106
183600 51 115
183600 54 106
183600 63 102
183600 64 115
183600 67 115
183600 68 83
183600 96 121
183600 102 106
183900 1 16
183900 1 67
183900 2 63
183900 3 24
183900 3 102
183900 3 67
183900 4 82
183900 4 44
183900 4 52
183900 5 54
183900 5 14
183900 5 70
183900 7 14
183900 7 35
183900 7 94
183900 14 74
183900 14 114
183900 14 25
183900 14 46
183900 20 30
183900 21 117
183900 26 67
183900 30 52
183900 44 63
183900 44 85
183900 50 63
183900 51 106
183900 51 108
183900 58 85
183900 62 110
183900 62 85
183900 63 102
183900 67 115
183900 67 82
183900 67 121
183900 68 83
183900 102 106
184200 1 67
184200 1 16
184200 2 16
184200 4 52
184200 20 30
184200 20 65
184200 30 52
184200 50 63
184200 50 70
184200 58 85
186300 51 64
186300 56 83
186600 64 65
187200 31 84
187200 72 84
187500 31 59
187500 72 84
187800 37 107
187800 43 120
187800 63 65
188100 0 58
188100 45 57
188100 54 106
188100 58 112
188400 1 58
188400 45 57
188400 58 99
188400 58 123
188400 94 99
188700 6 68
188700 24 95
188700 48 99
188700 52 113
188700 58 99
188700 58 123
188700 68 113
188700 91 99
188700 94 99
188700 99 117
188700 113 117
189000 24 95
189000 49 117
189000 49 118
189000 52 113
189000 62 73
189000 91 99
189000 113 117
189000 117 118
189300 31 49
189300 35 119
189300 44 65
189300 44 79
189300 54 119
189600 5 105
189600 28 100
189600 53 119
189600 78 119
189900 4 61
189900 9 36
189900 72 99
189900 72 76
189900 76 104
190200 20 55
190200 31 95
190200 36 39
190200 36 95
190200 37 101
190200 37 61
190200 61 95
190200 61 122
190200 120 122
190500 21 101
190500 29 101
190500 31 95
190500 37 101
190500 37 61
190500 61 122
190500 93 101
190500 101 102
190800 11 81
190800 11 103
190800 112 118
191100 11 81
191100 25 118
191100 51 90
191100 89 118
191100 90 113
191400 17 52
191400 25 90
191400 26 122
191400 42 118
191400 51 90
191400 52 105
191400 52 90
191400 66 90
191400 90 113
191400 90 121
191400 112 118
191700 0 90
191700 17 52
191700 24 52
191700 25 90
191700 42 118
191700 52 90
191700 52 66
191700 52 107
191700 57 92
191700 66 90
191700 73 90
191700 83 118
191700 90 121
191700 102 107
191700 112 118
191700 112 122
192000 24 118
192000 25 90
192000 26 122
192000 29 73
192000 29 64
192000 29 82
192000 74 107
192000 82 88
192000 90 121
192000 107 120
192300 17 83
192300 20 88
192300 23 112
192300 24 118
192300 24 38
192300 24 120
192300 24 66
192300 29 64
192300 29 82
192300 29 73
192300 33 92
192300 38 62
192300 38 82
192300 62 112
192300 66 121
192300 68 82
192300 72 121
192300 73 90
192300 74 107
192300 80 119
192300 90 121
192300 92 121
192300 112 118
192600 2 121
192600 9 66
192600 11 73
192600 17 27
192600 17 19
192600 17 90
192600 17 92
192600 17 23
192600 23 120
192600 24 38
192600 24 66
192600 25 38
192600 33 92
192600 38 82
192600 38 66
192600 38 120
192600 58 120
192600 62 112
192600 62 92
192600 66 121
192600 68 82
192600 72 121
192600 74 107
192600 82 88
192600 89 92
192600 92 121
192600 107 120
192600 112 118
192900 2 121
192900 2 90
192900 10 112
192900 11 73
192900 11 90
192900 12 88
192900 17 90
192900 17 23
192900 24 66
192900 24 120
192900 24 118
192900 24 90
192900 24 62
192900 27 88
192900 38 66
192900 62 92
192900 66 121
192900 71 112
192900 72 121
192900 73 90
192900 80 112
192900 80 90
192900 82 88
192900 83 90
192900 83 119
192900 88 90
192900 89 92
192900 89 90
192900 90 121
192900 90 103
192900 90 112
192900 92 121
193200 2 90
193200 5 82
193200 9 66
193200 11 90
193200 12 88
193200 23 120
193200 24 118
193200 24 120
193200 24 62
193200 27 88
193200 30 66
193200 37 71
193200 38 120
193200 58 120
193200 62 84
193200 71 118
193200 80 112
193200 80 90
193200 82 118
193200 83 90
193200 88 90
193200 107 120
193500 10 112
193500 10 82
193500 11 90
193500 17 23
193500 17 72
193500 17 69
193500 18 62
193500 23 120
193500 27 88
193500 37 71
193500 38 120
193500 58 119
193500 62 84
193500 69 72
193500 71 118
193500 82 88
193500 82 118
193500 83 90
193500 88 92
193500 107 120
193800 10 112
193800 10 82
193800 11 90
193800 17 23
193800 17 72
193800 17 62
193800 17 30
193800 17 118
193800 18 118
193800 30 118
193800 32 69
193800 38 120
193800 38 69
193800 58 120
193800 63 71
193800 63 92
193800 63 70
193800 67 92
193800 70 116
193800 70 118
193800 71 118
193800 71 86
193800 82 118
193800 107 120
194100 9 11
194100 10 82
194100 11 90
194100 11 73
194100 11 67
194100 17 72
194100 17 30
194100 18 118
194100 30 118
194100 32 69
194100 37 88
194100 38 69
194100 54 118
194100 54 82
194100 63 71
194100 65 83
194100 67 92
194100 69 84
194100 70 118
194100 70 108
194100 70 82
194100 71 86
194100 82 118
194100 82 94
194400 4 88
194400 9 120
194400 11 67
194400 11 73
194400 11 82
194400 11 98
194400 17 30
194400 17 72
194400 18 118
194400 19 96
194400 32 69
194400 37 88
194400 38 120
194400 38 69
194400 54 118
194400 54 82
194400 63 73
194400 63 109
194400 65 83
194400 69 84
194400 70 108
194400 70 82
194400 70 95
194400 71 86
194400 71 112
194400 71 73
194400 71 108
194400 71 110
194400 82 94
194700 9 11
194700 9 120
194700 11 98
194700 11 67
194700 15 113
194700 17 72
194700 30 118
194700 37 88
194700 38 120
194700 41 113
194700 44 72
194700 48 54
194700 48 95
194700 54 118
194700 62 108
194700 63 109
194700 63 73
194700 63 113
194700 65 83
194700 70 82
194700 70 95
194700 71 110
194700 71 108
194700 71 112
194700 71 86
194700 71 73
194700 71 95
194700 72 112
194700 90 120
194700 98 119
195000 9 11
195000 9 63
195000 11 98
195000 15 113
195000 17 72
195000 22 32
195000 32 92
195000 37 88
195000 37 63
195000 38 120
195000 41 113
195000 48 95
195000 48 123
195000 62 108
195000 63 73
195000 63 113
195000 65 83
195000 70 95
195000 70 82
195000 71 86
195000 71 73
195000 72 112
195000 72 90
195000 72 98
195000 90 120
195000 92 108
195000 96 123
195000 98 119
195000 98 114
195300 9 11
195300 10 54
195300 11 98
195300 17 88
195300 22 32
195300 30 118
195300 30 98
195300 32 92
195300 37 98
195300 38 120
195300 44 72
195300 48 95
195300 48 123
195300 48 54
195300 59 88
195300 63 109
195300 69 83
195300 69 80
195300 69 121
195300 70 82
195300 70 95
195300 72 98
195300 83 110
195300 94 95
195300 96 123
195300 98 119
195600 7 89
195600 9 11
195600 11 32
195600 16 75
195600 22 32
195600 27 72
195600 29 95
195600 30 87
195600 30 122
195600 32 92
195600 37 98
195600 38 120
195600 48 123
195600 48 95
195600 55 102
195600 60 63
195600 63 109
195600 65 83
195600 72 87
195600 75 89
195600 83 87
195600 96 123
195900 7 89
195900 7 111
195900 9 11
195900 11 32
195900 11 100
195900 11 53
195900 20 37
195900 20 118
195900 22 32
195900 22 83
195900 24 123
195900 24 25
195900 27 68
195900 29 95
195900 30 122
195900 38 120
195900 48 95
195900 48 123
195900 53 68
195900 63 109
195900 63 81
195900 63 65
195900 65 75
195900 72 87
195900 81 112
195900 81 89
195900 83 87
195900 83 119
195900 96 123
195900 112 117
196200 2 112
196200 2 100
196200 9 11
196200 11 53
196200 11 32
196200 11 123
196200 11 64
196200 20 118
196200 22 83
196200 22 32
196200 24 68
196200 25 52
196200 25 75
196200 27 68
196200 30 122
196200 37 40
196200 38 120
196200 40 64
196200 40 117
196200 48 123
196200 48 89
196200 53 68
196200 60 63
196200 63 109
196200 64 119
196200 81 89
196200 83 87
196200 87 102
196200 93 111
196200 93 95
196200 96 123
196200 112 117
196500 2 100
196500 2 112
196500 2 21
196500 9 11
196500 11 123
196500 11 32
196500 12 81
196500 12 93
196500 22 83
196500 25 52
196500 27 68
196500 29 95
196500 32 40
196500 37 40
196500 40 64
196500 40 117
196500 40 56
196500 40 123
196500 47 68
196500 48 89
196500 48 95
196500 55 56
196500 60 63
196500 63 81
196500 63 109
196500 64 119
196500 81 112
196500 83 87
196500 83 119
196500 83 117
196500 89 114
196500 93 95
196500 93 111
196800 2 112
196800 2 100
196800 2 34
196800 7 61
196800 7 92
196800 9 11
196800 11 32
196800 11 123
196800 12 83
196800 13 79
196800 20 83
196800 21 117
196800 22 32
196800 22 83
196800 25 52
196800 27 68
196800 34 117
196800 40 123
196800 40 64
196800 43 56
196800 43 63
196800 43 113
196800 47 68
196800 48 89
196800 48 123
196800 61 63
196800 83 117
196800 83 119
197100 2 34
197100 4 92
197100 7 61
197100 7 92
197100 10 100
197100 11 32
197100 12 83
197100 13 79
197100 21 117
197100 22 123
197100 25 52
197100 27 68
197100 34 117
197100 40 64
197100 46 116
197100 48 89
197100 80 107
197100 81 100
197100 83 119
197100 90 92
197400 2 100
197400 2 34
197400 2 95
197400 9 11
197400 10 100
197400 11 123
197400 13 79
197400 16 77
197400 16 116
197400 22 123
197400 22 32
197400 23 116
197400 25 52
197400 27 68
197400 32 78
197400 34 117
197400 34 97
197400 40 64
197400 46 106
197400 48 89
197400 49 93
197400 65 78
197400 69 102
197400 75 117
197400 78 106
197400 83 119
197400 90 123
197400 95 123
197400 102 112
197700 2 95
197700 2 34
197700 2 100
197700 2 13
197700 2 112
197700 9 11
197700 10 100
197700 11 123
197700 12 84
197700 12 107
197700 13 79
197700 13 100
197700 15 46
197700 15 49
197700 16 116
197700 22 123
197700 22 95
197700 22 41
197700 25 52
197700 27 68
197700 34 41
197700 46 106
197700 48 89
197700 60 92
197700 73 107
197700 73 100
197700 78 106
197700 83 119
197700 84 112
198000 2 34
198000 2 95
198000 2 100
198000 8 12
198000 10 100
198000 11 123
198000 12 113
198000 15 19
198000 16 116
198000 19 78
198000 22 32
198000 22 123
198000 32 78
198000 34 41
198000 37 94
198000 41 46
198000 46 106
198000 46 93
198000 49 93
198000 65 78
198000 73 107
198000 75 117
198000 83 119
198000 84 113
198300 2 100
198300 4 123
198300 6 70
198300 7 55
198300 10 100
198300 11 123
198300 11 37
198300 12 113
198300 12 50
198300 12 92
198300 15 46
198300 18 50
198300 19 78
198300 21 50
198300 22 123
198300 25 52
198300 32 78
198300 37 50
198300 46 93
198300 46 106
198300 49 93
198300 50 113
198300 50 114
198300 52 56
198300 65 78
198300 70 94
198300 73 107
198300 83 119
198300 84 113
198600 2 95
198600 2 100
198600 6 70
198600 7 55
198600 10 100
198600 11 37
198600 15 19
198600 16 22
198600 18 50
198600 22 123
198600 25 52
198600 27 82
198600 37 94
198600 37 50
198600 38 114
198600 49 93
198600 50 113
198600 50 114
198600 52 56
198600 83 119
198600 84 113
198600 107 117
198900 2 95
198900 6 70
198900 7 55
198900 10 100
198900 11 95
198900 16 22
198900 18 50
198900 37 50
198900 38 114
198900 38 90
198900 44 68
198900 46 106
198900 49 93
198900 50 113
198900 52 56
198900 83 119
198900 84 113
199200 10 100
199200 15 23
199200 16 22
199200 18 50
199200 22 55
199200 25 52
199200 38 114
199200 38 90
199200 44 68
199200 46 106
199200 49 93
199200 50 113
199200 52 56
199200 83 119
199500 2 95
199500 6 70
199500 7 55
199500 10 100
199500 11 95
199500 15 23
199500 16 22
199500 38 90
199500 38 114
199500 39 117
199500 40 68
199500 49 93
199500 52 56
199500 83 119
199500 95 122
199800 2 95
199800 6 70
199800 7 55
199800 10 100
199800 15 23
199800 36 69
199800 36 95
199800 38 114
199800 50 113
199800 83 119
199800 95 122
200100 2 95
200100 6 70
200100 36 95
200100 36 69
200100 38 64
200100 39 117
200100 40 57
200100 47 90
200100 50 113
200100 56 57
200100 83 119
200400 2 95
200400 6 70
200400 36 95
200400 36 69
200400 40 57
200400 47 90
200400 50 113
200400 75 87
200400 83 119
200400 90 98
200700 6 70
200700 36 95
200700 36 69
200700 37 55
200700 40 57
200700 47 90
200700 50 113
200700 57 70
200700 58 73
200700 75 87
200700 79 103
201000 24 72
201000 36 95
201000 36 69
201000 37 55
201000 40 57
201000 47 90
201000 57 70
201000 62 103
201000 79 103
201000 90 98
201300 5 49
201300 21 49
201300 37 55
201300 40 57
201300 49 60
201300 57 116
201300 58 107
201300 62 103
201300 90 98
201600 5 49
201600 35 72
201600 36 69
201600 36 95
201600 37 55
201600 40 57
201600 45 97
201600 57 70
201600 67 81
201900 1 84
201900 3 81
201900 33 117
201900 35 72
201900 36 69
201900 36 95
201900 45 97
201900 66 85
202200 3 81
202200 6 51
202200 6 95
202200 8 39
202200 8 48
202200 31 51
202200 31 95
202200 35 72
202200 36 95
202200 36 48
202200 45 97
202200 48 92
202500 17 92
202500 24 121
202500 35 72
202500 45 97
202500 48 92
202500 68 121
202800 1 64
202800 45 97
202800 73 116
203100 1 64
203100 10 90
203100 10 46
203100 10 16
203100 22 109
203100 46 91
203100 46 109
203100 90 109
203400 1 64
203400 7 63
203400 33 63
203400 46 109
203400 90 109
203700 1 64
203700 15 32
203700 15 75
203700 88 121
203700 90 109
203700 109 111
203700 111 113
204000 1 64
204000 15 32
204000 64 84
204000 68 84
204000 81 84
204000 88 121
204300 1 64
204300 1 32
204300 1 82
204300 32 39
204300 32 115
204300 46 88
204300 88 121
204300 111 113
204600 1 82
204600 1 64
204600 7 94
204600 12 97
204600 13 46
204600 38 92
204600 46 64
204600 89 97
204600 111 113
204900 1 64
204900 1 82
204900 1 26
204900 7 94
204900 13 46
204900 16 26
204900 30 118
204900 38 92
204900 43 109
204900 75 109
205200 1 64
205200 1 82
205200 10 47
205200 13 46
205200 16 26
205200 38 92
205200 47 64
205200 47 68
205200 111 113
205500 1 82
205500 1 64
205500 1 92
205500 26 92
205500 38 92
205500 44 83
205500 47 68
205500 92 113
205500 111 113
205800 1 64
205800 1 82
205800 1 42
205800 44 83
205800 47 68
205800 97 113
206100 1 42
206100 44 83
206100 47 68
206100 64 68
206100 97 113
206400 42 68
206400 44 83
206400 47 68
206400 97 113
206700 5 44
206700 5 92
206700 20 70
206700 42 68
206700 44 83
207000 14 42
207000 14 106
207000 42 68
207000 44 83
207000 44 52
207000 47 68
207000 54 72
207300 42 68
207300 47 68
207300 54 72
207300 64 68
207300 64 80
207600 11 68
207600 14 42
207600 42 68
207600 54 72
207600 54 80
207900 6 42
207900 11 68
207900 54 72
208200 4 14
208200 6 42
208200 11 68
208200 23 49
208200 54 80
208500 21 55
208500 23 49
208500 68 101
208800 27 64
208800 60 71
208800 68 101
209100 27 64
209100 68 101
210600 73 86
212100 42 78
259800 21 92
259800 22 106
259800 25 107
259800 45 78
259800 66 107
260100 17 104
260100 22 106
260100 25 57
260100 25 66
260100 45 78
260100 66 107
260100 86 104
260400 12 119
260400 17 104
260400 25 57
260400 25 95
260400 45 78
260400 57 108
260400 84 88
260400 86 104
260700 0 113
260700 4 120
260700 12 119
260700 22 106
260700 25 95
260700 25 57
260700 25 119
260700 30 104
260700 34 78
260700 45 78
260700 51 84
260700 75 84
261000 0 113
261000 5 32
261000 10 106
261000 12 119
261000 22 106
261000 25 95
261000 25 57
261000 30 104
261000 30 82
261000 34 58
261000 45 78
261000 75 84
261000 75 104
261000 95 104
261300 0 113
261300 9 84
261300 10 106
261300 12 119
261300 22 106
261300 30 82
261300 34 58
261300 44 116
261300 45 78
261300 75 84
261300 80 116
261300 95 104
261600 0 113
261600 9 65
261600 10 106
261600 30 121
261600 34 58
261600 34 116
261600 45 78
261600 75 84
261600 82 116
261600 95 104
261900 0 113
261900 10 106
261900 30 121
261900 40 92
261900 44 116
261900 45 78
261900 82 116
261900 88 104
261900 92 112
261900 95 104
262200 0 40
262200 9 65
262200 10 106
262200 20 38
262200 30 121
262200 34 58
262200 38 77
262200 45 78
262200 75 84
262200 76 116
262200 88 104
262200 92 112
262200 95 104
262200 98 110
262500 0 113
262500 10 106
262500 16 81
262500 25 53
262500 30 121
262500 38 77
262500 38 52
262500 66 79
262500 75 84
262500 76 116
262500 92 112
262500 95 104
262500 98 110
262800 0 113
262800 10 106
262800 12 66
262800 13 46
262800 16 81
262800 25 53
262800 34 58
262800 51 76
262800 66 79
262800 75 84
262800 76 116
262800 88 104
262800 95 104
262800 98 110
263100 0 113
263100 2 106
263100 10 106
263100 12 66
263100 16 81
263100 34 58
263100 43 95
263100 51 76
263100 64 88
263100 76 116
263100 84 105
263100 88 104
263100 98 110
263100 108 118
263400 0 113
263400 2 106
263400 12 66
263400 13 46
263400 25 53
263400 34 58
263400 51 76
263400 66 79
263400 76 116
263400 88 104
263400 98 110
263700 2 106
263700 7 41
263700 12 66
263700 51 76
263700 64 88
263700 66 79
263700 76 116
263700 84 105
263700 88 104
263700 108 118
264000 0 113
264000 7 41
264000 13 46
264000 25 53
264000 31 45
264000 64 88
264000 76 116
264000 88 104
264000 98 110
264000 108 118
264300 0 113
264300 3 70
264300 7 41
264300 12 66
264300 13 121
264300 25 53
264300 31 45
264300 55 70
264300 64 88
264300 66 79
264300 76 116
264300 84 105
264300 108 118
264300 108 117
264600 0 113
264600 12 66
264600 13 46
264600 13 121
264600 25 53
264600 55 70
264600 64 88
264600 66 79
264600 84 105
264600 88 104
264600 98 110
264600 108 118
264900 0 113
264900 3 70
264900 7 41
264900 8 113
264900 12 66
264900 13 121
264900 13 46
264900 25 53
264900 55 70
264900 66 79
264900 84 105
264900 88 104
264900 98 110
264900 108 117
265200 0 113
265200 7 41
265200 13 46
265200 13 121
265200 24 86
265200 25 53
265200 41 93
265200 48 89
265200 84 105
265200 88 104
265200 98 110
265200 108 118
265500 0 113
265500 1 108
265500 3 70
265500 7 41
265500 12 66
265500 13 46
265500 13 121
265500 21 39
265500 48 89
265500 55 70
265500 66 79
265500 70 122
265500 84 105
265500 88 104
265500 98 110
265500 108 117
265800 0 113
265800 1 108
265800 7 41
265800 13 46
265800 13 121
265800 24 86
265800 25 53
265800 48 89
265800 70 122
265800 88 104
265800 98 110
265800 106 120
265800 108 117
265800 108 118
265800 113 120
266100 0 113
266100 1 108
266100 3 70
266100 7 41
266100 12 66
266100 13 46
266100 13 121
266100 24 121
266100 25 53
266100 48 89
266100 66 79
266100 70 122
266100 70 77
266100 88 104
266100 98 110
266100 106 120
266100 108 118
266100 108 117
266400 3 70
266400 12 66
266400 13 46
266400 13 121
266400 24 121
266400 24 86
266400 25 53
266400 27 85
266400 66 79
266400 70 122
266400 70 77
266400 88 104
266400 106 120
266400 108 117
266700 1 108
266700 3 70
266700 13 46
266700 13 121
266700 20 81
266700 24 86
266700 24 121
266700 27 85
266700 48 89
266700 66 79
266700 70 122
266700 79 121
266700 98 110
266700 106 120
266700 108 118
267000 0 86
267000 0 3
267000 1 43
267000 1 69
267000 3 70
267000 3 16
267000 5 82
267000 11 80
267000 20 81
267000 28 86
267000 28 118
267000 28 69
267000 66 79
267000 67 118
267000 69 110
267000 69 86
267000 70 122
267000 81 86
267000 106 120
267000 110 118
267300 0 86
267300 0 3
267300 0 16
267300 0 120
267300 1 108
267300 1 69
267300 1 60
267300 1 28
267300 3 16
267300 7 120
267300 11 80
267300 16 46
267300 16 60
267300 16 120
267300 28 86
267300 28 118
267300 61 120
267300 66 79
267300 68 118
267300 69 86
267300 69 110
267300 70 122
267300 81 86
267300 108 118
267600 0 120
267600 0 86
267600 0 16
267600 0 7
267600 0 108
267600 7 120
267600 11 80
267600 16 60
267600 16 120
267600 16 46
267600 28 86
267600 44 108
267600 46 86
267600 61 120
267600 66 79
267600 69 86
267600 81 86
267900 0 120
267900 3 34
267900 5 120
267900 7 120
267900 11 80
267900 13 44
267900 16 120
267900 19 41
267900 28 86
267900 31 44
267900 44 108
267900 44 120
267900 61 120
267900 66 79
267900 81 86
268200 0 108
268200 0 86
268200 3 60
268200 11 80
268200 12 19
268200 13 44
268200 18 60
268200 19 55
268200 28 86
268200 31 44
268200 44 120
268200 44 55
268200 46 60
268200 55 121
268200 55 60
268200 57 87
268200 61 120
268200 81 86
268500 0 120
268500 0 86
268500 0 108
268500 0 59
268500 0 79
268500 3 60
268500 3 54
268500 5 120
268500 7 120
268500 12 19
268500 12 82
268500 12 57
268500 13 44
268500 13 55
268500 16 120
268500 18 60
268500 19 55
268500 21 34
268500 21 59
268500 31 44
268500 34 121
268500 46 60
268500 55 79
268500 60 79
268500 60 121
268500 61 120
268500 81 86
268800 0 108
268800 0 86
268800 0 54
268800 5 16
268800 12 82
268800 12 19
268800 12 57
268800 12 18
268800 16 120
268800 16 45
268800 16 34
268800 16 54
268800 18 60
268800 18 34
268800 21 34
268800 21 59
268800 21 45
268800 31 44
268800 31 79
268800 31 52
268800 34 121
268800 34 45
268800 44 55
268800 55 121
268800 55 60
268800 55 79
268800 60 79
269100 0 120
269100 3 54
269100 5 16
269100 7 120
269100 10 103
269100 12 57
269100 12 82
269100 12 34
269100 13 101
269100 16 45
269100 16 34
269100 16 54
269100 18 34
269100 18 47
269100 21 45
269100 21 34
269100 31 52
269100 31 44
269100 34 45
269100 34 121
269100 45 103
269100 52 101
269100 55 79
269100 55 121
269100 55 72
269100 60 79
269100 61 120
269100 79 88
269400 0 120
269400 3 45
269400 5 16
269400 5 61
269400 5 47
269400 7 120
269400 7 30
269400 10 103
269400 10 13
269400 12 57
269400 12 61
269400 16 45
269400 16 54
269400 16 34
269400 16 103
269400 16 90
269400 18 34
269400 21 45
269400 31 44
269400 34 45
269400 44 55
269400 45 103
269400 55 72
269400 55 121
269400 61 103
269400 79 88
269700 5 47
269700 5 16
269700 5 61
269700 7 120
269700 7 103
269700 7 107
269700 7 85
269700 10 13
269700 12 61
269700 12 57
269700 15 64
269700 16 103
269700 16 45
269700 16 90
269700 18 47
269700 21 45
269700 34 45
269700 42 116
269700 42 72
269700 44 55
269700 45 103
269700 45 47
269700 55 121
269700 55 87
269700 59 72
269700 61 120
269700 61 103
269700 61 64
269700 64 88
269700 98 116
270000 5 47
270000 7 107
270000 7 103
270000 8 29
270000 15 64
270000 15 42
270000 16 45
270000 16 54
270000 18 47
270000 21 45
270000 32 107
270000 34 45
270000 42 116
270000 42 107
270000 45 47
270000 45 98
270000 47 54
270000 54 107
270000 54 78
270000 55 87
270000 55 121
270000 59 72
270000 61 64
270000 64 88
270000 78 98
270000 85 111
270300 5 61
270300 5 47
270300 8 105
270300 16 54
270300 18 47
270300 21 45
270300 32 107
270300 32 105
270300 32 114
270300 37 105
270300 42 107
270300 47 54
270300 54 107
270300 54 78
270300 56 62
270300 61 120
270300 61 103
270300 64 88
270300 67 107
270300 67 70
270300 78 98
270300 78 114
270300 85 111
270300 105 111
270600 32 105
270600 32 114
270600 37 100
270600 61 120
270600 62 120
270600 67 70
270900 100 121
271800 35 123
