0 1 55
0 8 49
0 10 115
0 10 83
0 13 80
0 14 17
0 15 92
0 20 110
0 22 97
0 25 65
0 26 111
0 28 47
0 28 41
0 29 118
0 31 49
0 38 120
0 39 104
0 44 116
0 45 81
0 54 104
0 56 119
0 67 73
0 69 106
0 69 97
0 72 80
0 72 111
0 78 108
0 80 82
0 80 108
0 82 99
0 89 93
0 97 119
0 97 123
0 112 117
0 120 123
300 1 55
300 8 49
300 10 83
300 10 115
300 13 80
300 14 17
300 15 92
300 15 67
300 20 110
300 22 97
300 25 65
300 26 106
300 29 118
300 39 104
300 39 46
300 44 116
300 54 104
300 67 73
300 67 72
300 72 115
300 78 108
300 80 108
300 80 82
300 97 123
300 97 119
300 112 117
600 10 83
600 13 32
600 14 17
600 15 92
600 17 36
600 20 110
600 22 97
600 24 26
600 25 65
600 27 106
600 29 118
600 32 95
600 36 83
600 39 104
600 42 102
600 44 116
600 54 104
600 67 73
600 67 72
600 72 115
600 78 108
600 81 118
600 97 123
600 112 117
900 10 83
900 10 67
900 11 32
900 13 32
900 14 17
900 20 74
900 24 26
900 24 64
900 26 106
900 27 106
900 32 95
900 32 101
900 36 83
900 39 104
900 44 116
900 54 104
900 67 72
900 72 115
900 78 108
900 81 118
900 112 117
1200 10 83
1200 11 32
1200 20 74
1200 22 97
1200 27 106
1200 32 95
1200 32 101
1200 36 83
1200 39 104
1200 44 116
1200 51 110
1200 63 90
1200 67 72
1200 72 115
1200 74 104
1200 112 117
1500 10 83
1500 14 17
1500 20 74
1500 27 106
1500 32 95
1500 32 101
1500 36 83
1500 39 104
1500 44 116
1500 51 73
1500 56 97
1500 63 90
1500 72 115
1500 78 108
1800 14 17
1800 17 54
1800 20 74
1800 32 95
1800 36 83
1800 39 104
1800 44 116
1800 56 97
1800 63 90
1800 72 115
1800 78 108
1800 78 120
1800 112 117
2100 11 96
2100 14 17
2100 17 54
2100 20 74
2100 26 49
2100 28 121
2100 28 56
2100 32 95
2100 36 83
2100 44 116
2100 51 73
2100 63 90
2100 72 115
2400 10 85
2400 11 96
2400 14 17
2400 17 54
2400 24 73
2400 26 49
2400 28 121
2400 29 109
2400 32 95
2400 36 83
2400 44 116
2400 51 73
2400 52 73
2400 56 96
2400 63 90
2400 73 85
2700 2 73
2700 9 89
2700 10 85
2700 11 96
2700 14 17
2700 17 54
2700 22 88
2700 26 49
2700 28 121
2700 29 109
2700 32 95
2700 33 104
2700 36 83
2700 44 116
2700 52 73
2700 56 96
2700 63 90
2700 63 89
2700 71 73
3000 2 73
3000 10 85
3000 14 17
3000 14 89
3000 16 41
3000 17 54
3000 20 70
3000 26 49
3000 28 121
3000 28 89
3000 33 104
3000 36 83
3000 44 116
3000 48 106
3000 50 97
3000 52 73
3000 56 96
3000 63 89
3000 63 90
3000 102 107
3300 14 17
3300 15 125
3300 17 54
3300 20 70
3300 26 49
3300 28 121
3300 32 95
3300 33 104
3300 36 83
3300 44 116
3300 48 106
3300 56 96
3300 56 109
3300 63 94
3300 64 96
3300 102 107
3600 10 44
3600 14 17
3600 15 125
3600 15 65
3600 20 70
3600 25 32
3600 25 72
3600 26 49
3600 28 121
3600 32 95
3600 32 107
3600 36 83
3600 44 116
3600 48 106
3600 56 109
3600 59 63
3600 63 94
3600 63 113
3900 10 44
3900 13 62
3900 13 121
3900 17 54
3900 18 95
3900 20 70
3900 25 72
3900 25 29
3900 25 62
3900 26 49
3900 32 107
3900 36 83
3900 44 116
3900 48 106
3900 56 109
3900 63 113
3900 63 94
3900 72 91
3900 77 89
4200 3 33
4200 12 32
4200 13 62
4200 13 121
4200 15 65
4200 15 125
4200 15 48
4200 17 54
4200 20 70
4200 25 62
4200 25 29
4200 25 32
4200 28 121
4200 32 95
4200 48 106
4200 56 109
4200 59 63
4200 63 94
4200 72 91
4200 77 89
4200 88 93
4500 0 31
4500 1 89
4500 12 32
4500 13 121
4500 13 62
4500 15 125
4500 15 65
4500 17 54
4500 18 95
4500 20 70
4500 25 62
4500 26 49
4500 28 121
4500 36 83
4500 44 116
4500 48 106
4500 56 109
4500 77 89
4800 0 31
4800 13 121
4800 13 62
4800 15 125
4800 15 65
4800 17 54
4800 20 70
4800 25 29
4800 25 32
4800 25 62
4800 25 120
4800 28 121
4800 44 116
4800 48 106
4800 56 109
4800 59 63
4800 63 94
4800 63 108
4800 77 89
4800 88 93
5100 1 89
5100 13 62
5100 15 125
5100 20 70
5100 25 120
5100 25 62
5100 26 49
5100 27 66
5100 28 121
5100 36 83
5100 44 116
5100 48 106
5100 56 109
5100 59 63
5100 63 94
5100 63 108
5100 77 89
5100 77 86
5100 108 112
5400 0 31
5400 15 125
5400 16 33
5400 19 87
5400 20 70
5400 25 29
5400 26 49
5400 28 121
5400 44 116
5400 48 106
5400 56 109
5400 59 63
5400 63 108
5400 77 89
5400 77 86
5400 88 93
5400 108 112
5700 0 31
5700 1 89
5700 13 62
5700 15 125
5700 16 33
5700 19 87
5700 20 70
5700 23 48
5700 23 122
5700 25 62
5700 27 66
5700 36 83
5700 48 106
5700 56 109
5700 62 107
5700 63 94
5700 77 86
5700 88 93
5700 108 112
6000 0 31
6000 1 89
6000 15 125
6000 16 33
6000 16 19
6000 19 87
6000 20 70
6000 23 122
6000 25 29
6000 25 62
6000 36 83
6000 44 116
6000 56 109
6000 59 63
6000 62 107
6000 77 86
6000 108 112
6300 1 89
6300 12 18
6300 16 33
6300 19 87
6300 20 70
6300 23 48
6300 25 62
6300 27 66
6300 36 83
6300 48 106
6300 56 109
6300 59 63
6300 63 94
6300 77 86
6300 88 93
6300 108 112
6600 9 106
6600 12 18
6600 15 125
6600 16 33
6600 20 70
6600 23 122
6600 23 48
6600 23 120
6600 25 62
6600 36 83
6600 44 116
6600 46 114
6600 48 106
6600 56 109
6600 62 107
6600 108 112
6900 12 18
6900 13 109
6900 15 125
6900 16 33
6900 23 48
6900 23 122
6900 23 120
6900 25 62
6900 27 66
6900 56 109
6900 59 63
6900 62 107
6900 63 94
6900 77 86
6900 108 112
7200 9 106
7200 15 125
7200 16 33
7200 23 48
7200 23 122
7200 25 62
7200 27 66
7200 36 83
7200 42 124
7200 44 116
7200 46 114
7200 62 107
7200 63 94
7200 108 112
7500 7 104
7500 12 18
7500 16 33
7500 23 120
7500 23 122
7500 23 48
7500 25 62
7500 27 66
7500 36 83
7500 42 124
7500 53 65
7500 56 109
7500 62 107
7500 62 109
7500 77 86
7500 108 112
7800 9 106
7800 12 18
7800 12 63
7800 12 112
7800 16 33
7800 23 120
7800 26 106
7800 26 104
7800 26 56
7800 27 63
7800 33 46
7800 33 61
7800 36 83
7800 39 56
7800 42 124
7800 46 125
7800 53 65
7800 63 94
7800 68 106
7800 104 106
8100 7 33
8100 7 46
8100 8 98
8100 8 46
8100 9 106
8100 9 12
8100 12 18
8100 12 112
8100 18 46
8100 18 106
8100 18 26
8100 18 83
8100 23 120
8100 26 56
8100 26 104
8100 26 106
8100 33 46
8100 33 106
8100 36 83
8100 45 101
8100 46 125
8100 46 83
8100 46 63
8100 52 125
8100 63 94
8100 68 113
8100 76 113
8100 104 106
8400 3 65
8400 7 33
8400 7 110
8400 7 49
8400 8 98
8400 8 83
8400 8 46
8400 8 45
8400 18 83
8400 18 106
8400 18 46
8400 18 26
8400 26 104
8400 26 56
8400 26 61
8400 36 83
8400 39 101
8400 42 46
8400 63 94
8400 68 113
8400 76 113
8400 96 101
8400 98 121
8700 5 59
8700 6 85
8700 7 110
8700 7 49
8700 7 122
8700 8 98
8700 8 45
8700 8 39
8700 9 106
8700 26 106
8700 27 45
8700 32 81
8700 33 106
8700 36 83
8700 42 46
8700 42 59
8700 45 101
8700 46 83
8700 52 65
8700 59 93
8700 65 81
8700 76 113
8700 83 93
8700 90 93
8700 104 106
9000 3 65
9000 6 85
9000 6 109
9000 7 122
9000 7 49
9000 7 110
9000 8 98
9000 8 45
9000 8 122
9000 9 106
9000 9 42
9000 26 56
9000 26 106
9000 32 81
9000 32 34
9000 32 65
9000 33 106
9000 42 59
9000 42 122
9000 42 45
9000 52 94
9000 52 90
9000 56 118
9000 56 59
9000 56 77
9000 56 81
9000 59 93
9000 60 122
9000 65 89
9000 68 113
9000 71 81
9000 77 122
9000 77 97
9000 81 106
9000 81 93
9000 83 93
9000 96 101
9000 98 121
9000 104 106
9300 2 125
9300 3 65
9300 6 98
9300 6 70
9300 6 94
9300 7 110
9300 7 49
9300 8 45
9300 8 98
9300 8 94
9300 9 42
9300 10 36
9300 16 52
9300 16 96
9300 32 34
9300 32 81
9300 32 65
9300 32 68
9300 33 106
9300 36 70
9300 52 65
9300 52 94
9300 52 77
9300 56 77
9300 56 120
9300 56 113
9300 59 93
9300 65 89
9300 68 113
9300 68 93
9300 68 98
9300 68 109
9300 77 97
9300 77 122
9300 81 93
9300 83 93
9300 89 109
9300 89 96
9300 97 123
9300 98 121
9300 103 110
9300 104 106
9600 6 94
9600 6 70
9600 6 85
9600 6 98
9600 6 77
9600 7 122
9600 8 45
9600 8 98
9600 8 122
9600 8 85
9600 10 36
9600 10 123
9600 10 85
9600 12 98
9600 16 52
9600 32 68
9600 36 70
9600 50 94
9600 52 77
9600 52 65
9600 56 77
9600 60 122
9600 68 109
9600 68 98
9600 77 122
9600 77 97
9600 85 104
9600 85 97
9600 89 96
9600 89 109
9600 89 97
9600 94 123
9600 97 104
9600 98 121
9900 2 125
9900 2 34
9900 2 10
9900 6 77
9900 6 98
9900 7 122
9900 8 122
9900 8 85
9900 10 123
9900 12 98
9900 32 34
9900 34 123
9900 34 75
9900 49 85
9900 52 77
9900 56 77
9900 60 122
9900 68 98
9900 77 97
9900 77 122
9900 83 93
9900 85 89
9900 89 97
9900 94 123
9900 97 123
9900 103 123
10200 2 34
10200 2 125
10200 2 10
10200 2 15
10200 5 125
10200 5 122
10200 5 24
10200 6 77
10200 7 122
10200 8 122
10200 10 123
10200 12 34
10200 12 121
10200 24 121
10200 24 103
10200 34 123
10200 34 75
10200 34 122
10200 50 94
10200 52 77
10200 56 77
10200 56 103
10200 60 122
10200 77 97
10200 77 122
10200 77 123
10200 83 93
10200 83 121
10200 89 97
10200 98 121
10200 121 122
10500 5 24
10500 5 122
10500 5 125
10500 5 19
10500 7 122
10500 24 103
10500 24 121
10500 24 56
10500 32 69
10500 32 50
10500 34 122
10500 49 69
10500 50 103
10500 50 86
10500 50 96
10500 50 69
10500 56 103
10500 56 121
10500 56 69
10500 60 122
10500 77 122
10500 82 86
10500 82 121
10500 98 121
10500 100 103
10500 103 123
10500 121 122
10800 5 24
10800 12 34
10800 13 49
10800 24 56
10800 24 103
10800 30 40
10800 30 103
10800 32 50
10800 34 75
10800 34 123
10800 40 89
10800 50 69
10800 50 103
10800 50 86
10800 50 100
10800 56 121
10800 56 103
10800 60 122
10800 82 86
10800 98 121
10800 103 123
11100 5 125
11100 5 24
11100 12 34
11100 21 90
11100 24 56
11100 24 103
11100 24 75
11100 24 49
11100 26 34
11100 34 123
11100 34 122
11100 45 90
11100 49 69
11100 50 103
11100 56 103
11100 75 125
11100 75 90
11100 82 86
11100 89 125
11100 89 115
11100 90 125
11100 93 103
11100 98 121
11100 103 123
11400 21 26
11400 24 49
11400 49 69
11400 89 115
12600 61 91
12900 31 91
12900 31 61
13200 24 70
13200 31 91
13500 27 93
14400 52 81
14400 75 81
14700 52 81
14700 52 125
15000 11 115
15000 11 29
15000 36 115
15300 28 121
15300 37 44
15300 44 66
15600 7 68
15600 8 68
15600 8 122
15600 116 124
15900 10 72
15900 20 118
15900 34 75
15900 40 68
15900 75 100
16200 20 34
16200 20 75
16200 105 110
16500 4 109
16500 4 28
16500 41 46
16800 4 46
16800 19 46
16800 46 89
16800 46 77
16800 77 102
17100 6 15
17100 12 74
17400 5 105
17400 6 15
17400 54 91
17400 54 81
17400 78 92
17700 54 91
17700 78 92
17700 84 110
18000 29 32
18000 29 65
18000 40 111
18000 41 75
18000 53 65
18300 0 29
18300 29 32
18300 29 60
18300 29 62
18300 32 94
18300 32 122
18300 32 53
18300 53 118
18600 0 29
18600 8 14
18600 20 34
18600 26 75
18600 29 60
18600 29 62
18600 29 65
18600 32 53
18600 32 122
18600 32 101
18600 32 96
18600 41 75
18600 46 112
18600 81 94
18600 81 101
18900 0 29
18900 8 14
18900 20 34
18900 20 46
18900 23 89
18900 26 46
18900 26 29
18900 29 62
18900 41 75
18900 46 112
18900 59 104
18900 59 81
18900 60 96
18900 61 65
18900 64 101
18900 75 80
18900 78 101
18900 81 94
19200 0 29
19200 0 61
19200 11 60
19200 19 57
19200 20 60
19200 23 89
19200 26 46
19200 29 62
19200 29 45
19200 38 40
19200 40 61
19200 46 64
19200 46 61
19200 59 104
19200 59 81
19200 60 96
19200 60 62
19200 61 67
19200 61 104
19200 61 75
19200 62 81
19200 64 101
19500 0 61
19500 11 60
19500 19 40
19500 20 60
19500 21 75
19500 23 59
19500 23 75
19500 26 46
19500 28 75
19500 34 60
19500 38 40
19500 40 61
19500 40 75
19500 41 75
19500 46 61
19500 57 87
19500 59 104
19500 59 60
19500 59 98
19500 60 62
19500 61 75
19500 61 104
19500 61 67
19500 62 100
19500 62 75
19500 67 81
19500 67 111
19500 75 80
19500 75 113
19500 75 108
19500 113 114
19800 0 29
19800 2 35
19800 3 57
19800 6 46
19800 11 60
19800 11 62
19800 19 40
19800 20 60
19800 20 81
19800 23 59
19800 23 75
19800 26 46
19800 35 60
19800 35 81
19800 38 40
19800 40 61
19800 40 75
19800 46 61
19800 46 81
19800 46 82
19800 57 81
19800 59 98
19800 59 104
19800 60 81
19800 62 81
19800 62 75
19800 67 81
19800 75 113
19800 80 81
19800 81 113
19800 81 87
19800 101 111
19800 113 114
20100 6 46
20100 23 59
20100 28 75
20100 29 124
20100 29 46
20100 29 67
20100 29 35
20100 35 65
20100 46 81
20100 46 82
20100 46 102
20100 59 104
20100 59 98
20100 59 60
20100 60 74
20100 61 67
20100 62 100
20100 67 111
20100 67 115
20100 75 108
20100 75 80
20100 81 113
20100 101 111
20400 6 46
20400 6 87
20400 11 62
20400 23 59
20400 26 64
20400 28 104
20400 40 113
20400 59 104
20400 60 74
20400 62 81
20400 64 124
20400 67 115
20400 67 111
20400 71 74
20400 75 113
20400 75 104
20400 80 81
20400 94 108
20400 113 114
20700 6 87
20700 16 67
20700 16 57
20700 16 49
20700 18 114
20700 18 61
20700 23 59
20700 23 64
20700 26 64
20700 27 35
20700 27 103
20700 28 104
20700 29 67
20700 29 59
20700 35 108
20700 40 113
20700 49 59
20700 49 108
20700 57 98
20700 57 65
20700 61 67
20700 62 81
20700 62 108
20700 64 124
20700 64 101
20700 67 115
20700 67 124
20700 71 74
20700 75 104
20700 80 81
20700 81 113
20700 81 101
20700 94 108
20700 113 114
21000 7 61
21000 16 67
21000 16 49
21000 16 57
21000 16 98
21000 16 62
21000 16 18
21000 18 114
21000 18 57
21000 22 28
21000 23 64
21000 26 64
21000 26 49
21000 26 27
21000 27 71
21000 28 104
21000 28 125
21000 29 67
21000 29 59
21000 29 49
21000 29 93
21000 35 108
21000 35 125
21000 46 57
21000 46 49
21000 49 108
21000 49 93
21000 51 104
21000 57 65
21000 57 98
21000 57 104
21000 61 115
21000 62 108
21000 62 81
21000 64 124
21000 64 101
21000 67 124
21000 71 74
21000 81 101
21000 94 108
21000 98 125
21000 104 115
21300 7 61
21300 13 125
21300 16 98
21300 18 114
21300 21 71
21300 22 28
21300 23 64
21300 26 27
21300 26 64
21300 28 125
21300 28 98
21300 28 103
21300 28 46
21300 29 59
21300 29 67
21300 29 49
21300 35 125
21300 35 81
21300 38 49
21300 38 118
21300 41 98
21300 42 101
21300 46 49
21300 46 117
21300 49 93
21300 51 104
21300 59 125
21300 59 98
21300 61 115
21300 61 103
21300 64 101
21300 64 124
21300 67 115
21300 69 125
21300 73 93
21300 75 104
21300 81 101
21300 81 113
21300 93 101
21300 98 125
21300 101 115
21300 104 115
21300 123 125
21600 10 69
21600 13 125
21600 16 18
21600 18 57
21600 18 62
21600 18 65
21600 26 125
21600 26 101
21600 26 118
21600 26 66
21600 27 71
21600 28 103
21600 29 67
21600 29 125
21600 35 45
21600 38 49
21600 38 118
21600 41 98
21600 42 101
21600 45 101
21600 51 104
21600 59 125
21600 59 98
21600 61 103
21600 69 125
21600 75 104
21600 75 108
21600 75 97
21600 76 104
21600 81 113
21600 93 101
21600 104 115
21600 104 123
21600 123 125
21900 10 35
21900 16 18
21900 21 27
21900 21 38
21900 23 59
21900 26 66
21900 27 71
21900 27 35
21900 29 67
21900 29 49
21900 35 125
21900 35 81
21900 35 37
21900 35 114
21900 35 123
21900 35 59
21900 35 61
21900 35 103
21900 35 38
21900 38 49
21900 38 118
21900 38 59
21900 41 98
21900 45 101
21900 45 114
21900 46 49
21900 49 93
21900 50 65
21900 51 104
21900 57 101
21900 59 98
21900 59 125
21900 59 93
21900 61 103
21900 61 115
21900 61 81
21900 62 93
21900 67 115
21900 75 104
21900 80 108
21900 81 97
21900 101 115
21900 104 123
21900 104 115
22200 3 61
22200 3 115
22200 13 125
22200 16 18
22200 21 38
22200 21 27
22200 21 115
22200 26 66
22200 27 71
22200 27 118
22200 27 114
22200 29 125
22200 33 61
22200 35 61
22200 35 81
22200 49 93
22200 57 101
22200 61 81
22200 61 119
22200 61 75
22200 62 93
22200 63 115
22200 67 115
22200 80 108
22200 81 97
22200 101 115
22500 13 125
22500 16 18
22500 21 27
22500 21 54
22500 27 35
22500 27 71
22500 29 125
22500 49 93
22500 52 114
22500 52 63
22500 57 101
22500 61 115
22500 63 115
22500 65 78
22500 65 109
22500 67 115
22500 80 108
22500 101 115
22500 101 112
22500 104 125
22500 112 125
22800 3 61
22800 3 115
22800 21 54
22800 26 66
22800 26 125
22800 27 71
22800 29 125
22800 35 45
22800 35 58
22800 42 45
22800 45 82
22800 45 65
22800 45 59
22800 49 93
22800 52 114
22800 52 63
22800 67 115
22800 72 117
22800 88 125
22800 101 115
22800 101 112
22800 112 125
22800 117 120
23100 2 76
23100 3 115
23100 3 20
23100 8 81
23100 8 39
23100 18 76
23100 20 45
23100 21 54
23100 21 27
23100 22 123
23100 25 45
23100 27 35
23100 27 71
23100 27 69
23100 39 83
23100 42 45
23100 45 82
23100 45 65
23100 45 59
23100 45 123
23100 49 93
23100 50 89
23100 52 63
23100 52 112
23100 63 115
23100 63 89
23100 65 109
23100 66 78
23100 67 115
23100 101 112
23100 101 115
23400 3 20
23400 8 39
23400 8 81
23400 16 120
23400 16 114
23400 20 45
23400 21 63
23400 39 83
23400 45 59
23400 49 93
23400 52 63
23400 52 112
23400 63 89
23400 63 115
23400 65 112
23400 76 84
23400 120 123
23400 123 125
23700 1 65
23700 3 86
23700 8 81
23700 8 39
23700 16 114
23700 18 62
23700 36 120
23700 39 83
23700 39 123
23700 42 45
23700 45 59
23700 49 93
23700 52 112
23700 52 64
23700 63 115
23700 63 89
23700 86 120
23700 95 123
23700 123 125
24000 3 86
24000 4 21
24000 7 120
24000 7 13
24000 8 81
24000 8 39
24000 8 109
24000 16 114
24000 18 62
24000 36 120
24000 39 83
24000 39 108
24000 45 116
24000 49 93
24000 52 112
24000 63 89
24000 64 109
24000 86 120
24000 104 105
24000 104 112
24000 105 116
24000 123 125
24300 1 65
24300 1 111
24300 1 4
24300 3 86
24300 5 123
24300 7 120
24300 7 13
24300 8 109
24300 8 26
24300 21 40
24300 23 26
24300 26 39
24300 26 105
24300 26 28
24300 26 111
24300 26 112
24300 36 120
24300 39 108
24300 39 83
24300 39 123
24300 39 40
24300 52 112
24300 63 89
24300 64 109
24300 65 86
24300 83 87
24300 86 120
24600 1 65
24600 1 4
24600 5 123
24600 7 120
24600 7 13
24600 7 111
24600 8 26
24600 16 114
24600 21 40
24600 23 26
24600 26 105
24600 37 118
24600 37 108
24600 37 86
24600 39 123
24600 39 40
24600 47 87
24600 52 112
24600 58 86
24600 58 100
24600 63 89
24600 70 85
24600 70 80
24600 83 87
24600 87 108
24900 1 4
24900 1 65
24900 3 120
24900 5 123
24900 6 106
24900 7 16
24900 8 26
24900 13 87
24900 13 106
24900 16 114
24900 21 40
24900 23 26
24900 26 105
24900 29 114
24900 29 36
24900 31 52
24900 36 120
24900 39 123
24900 47 87
24900 52 112
24900 52 123
24900 65 87
24900 70 80
24900 70 85
24900 80 91
24900 83 87
24900 87 108
25200 5 123
25200 6 85
25200 6 100
25200 7 16
25200 7 85
25200 7 64
25200 8 26
25200 14 41
25200 14 80
25200 23 26
25200 29 36
25200 30 52
25200 34 114
25200 36 120
25200 37 56
25200 39 123
25200 50 64
25200 52 112
25200 65 87
25200 73 123
25200 73 77
25200 77 116
25200 83 87
25200 87 108
25500 3 120
25500 3 68
25500 6 21
25500 7 16
25500 7 85
25500 7 64
25500 7 95
25500 7 112
25500 8 26
25500 9 68
25500 15 91
25500 23 26
25500 29 77
25500 34 114
25500 36 120
25500 38 112
25500 39 123
25500 59 68
25500 64 105
25500 65 87
25500 73 123
25500 73 77
25500 73 81
25500 83 87
25500 87 108
25800 3 120
25800 5 100
25800 6 100
25800 6 85
25800 7 112
25800 7 16
25800 8 26
25800 9 68
25800 15 91
25800 18 35
25800 23 26
25800 30 52
25800 30 68
25800 36 120
25800 37 56
25800 38 112
25800 52 112
25800 59 68
25800 64 105
25800 73 123
25800 77 116
25800 87 108
25800 100 124
26100 3 120
26100 5 123
26100 6 100
26100 7 112
26100 15 91
26100 18 35
26100 23 26
26100 30 52
26100 30 68
26100 37 56
26100 38 112
26100 52 112
26100 64 105
26100 65 86
26100 73 81
26100 88 92
26100 100 124
26400 8 26
26400 15 91
26400 18 35
26400 23 26
26400 24 65
26400 30 68
26400 38 112
26400 44 95
26400 52 112
26400 64 105
26400 65 86
26400 67 87
26400 73 81
26400 87 108
26400 100 124
26700 15 91
26700 18 35
26700 23 26
26700 24 65
26700 34 83
26700 38 112
26700 44 95
26700 52 112
26700 52 115
26700 64 105
26700 67 87
26700 83 115
26700 108 115
27000 18 35
27000 24 65
27000 30 68
27000 34 83
27000 38 112
27000 44 95
27000 49 84
27000 52 112
27000 52 115
27000 64 105
27000 67 87
27000 87 108
27000 108 115
27000 115 125
27300 24 65
27300 44 95
27300 49 84
27300 52 115
27300 64 105
27300 67 87
27300 71 82
27300 87 108
27600 13 14
27600 21 75
27600 32 68
27600 33 44
27600 38 112
27600 44 95
27600 49 84
27600 52 112
27600 67 87
27600 71 82
27600 82 121
27900 13 14
27900 24 105
27900 32 68
27900 33 44
27900 38 112
27900 38 114
27900 42 105
27900 44 95
27900 52 115
27900 71 82
27900 82 121
28200 13 14
28200 21 75
28200 24 105
28200 33 44
28200 36 59
28200 42 105
28200 43 74
28200 44 95
28200 49 84
28200 52 112
28200 52 115
28200 82 121
28500 6 76
28500 13 14
28500 20 72
28500 24 105
28500 32 68
28500 42 105
28500 43 74
28500 44 95
28500 52 112
28500 82 121
28800 6 76
28800 12 80
28800 13 14
28800 23 92
28800 24 105
28800 30 80
28800 32 68
28800 43 74
28800 44 95
28800 52 115
28800 52 112
28800 65 72
28800 80 92
29100 6 76
29100 7 81
29100 12 80
29100 13 14
29100 23 92
29100 30 80
29100 36 80
29100 52 115
29100 52 112
29100 80 92
29100 82 121
29400 6 76
29400 7 81
29400 12 80
29400 14 29
29400 30 80
29400 52 115
29400 52 112
29400 59 100
29400 65 72
29400 80 92
29700 6 76
29700 7 81
29700 7 115
29700 12 80
29700 32 72
29700 32 76
29700 52 115
29700 52 112
29700 72 107
29700 73 115
29700 82 121
29700 92 115
30000 7 81
30000 32 72
30000 52 112
30000 52 115
30000 60 81
30000 72 107
30000 81 111
30000 92 115
30300 6 76
30300 7 81
30300 14 102
30300 32 72
30300 38 116
30300 52 115
30300 60 102
30300 72 107
30300 72 97
30300 92 115
30300 102 116
30600 6 76
30600 6 51
30600 6 105
30600 7 81
30600 38 116
30600 51 105
30600 51 98
30600 72 107
30600 92 115
30900 6 76
30900 7 33
30900 7 82
30900 7 92
30900 38 116
30900 42 116
30900 51 105
30900 72 107
30900 82 92
30900 82 115
30900 86 125
30900 92 115
31200 6 76
31200 7 81
31200 14 44
31200 14 43
31200 38 45
31200 38 42
31200 42 43
31200 43 44
31200 44 50
31200 51 105
31200 72 115
31200 86 125
31200 92 115
31500 6 76
31500 9 100
31500 17 51
31500 27 125
31500 32 91
31500 38 45
31500 38 42
31500 43 44
31500 44 50
31500 86 125
31800 6 76
31800 17 121
31800 17 118
31800 18 118
31800 34 39
31800 38 45
31800 38 42
31800 86 125
32100 6 76
32100 17 121
32100 17 118
32100 34 39
32100 38 45
32100 38 42
32100 45 75
32100 75 112
32400 6 93
32400 6 36
32400 6 105
32400 17 118
32400 34 39
32400 38 42
32400 45 75
32400 65 93
32400 75 112
32700 6 93
32700 6 105
32700 17 118
32700 25 45
32700 34 39
32700 36 53
32700 38 42
32700 53 103
32700 53 68
32700 65 93
33000 6 105
33000 6 36
33000 6 93
33000 8 102
33000 17 118
33000 34 39
33000 65 93
33300 6 93
33300 6 105
33300 25 103
33300 34 39
33300 56 118
33600 6 36
33600 6 105
33600 56 118
33900 6 105
33900 55 110
33900 56 118
34200 56 118
34200 82 88
34500 35 105
34500 82 88
34800 19 46
36000 89 101
36000 89 117
36000 101 117
36300 0 89
36300 0 24
36300 22 24
36300 22 123
36600 0 89
36600 0 24
36600 22 24
36900 84 123
37200 22 46
37200 46 49
37500 46 49
38100 46 49
87000 1 11
87000 11 115
87000 18 47
87000 18 116
87000 30 109
87000 30 95
87000 33 43
87000 47 109
87300 11 115
87300 11 21
87300 11 117
87300 18 116
87300 18 47
87300 19 87
87300 30 109
87300 32 109
87300 33 43
87300 33 91
87300 43 87
87300 43 61
87300 58 116
87600 6 28
87600 11 115
87600 18 47
87600 19 87
87600 28 108
87600 33 43
87600 43 87
87600 43 61
87600 58 74
87600 101 108
87900 18 47
87900 19 87
87900 28 108
87900 30 109
87900 43 61
87900 48 117
87900 50 67
87900 58 74
87900 64 78
87900 67 108
87900 69 108
88200 6 28
88200 18 47
88200 19 87
88200 25 97
88200 30 109
88200 40 67
88200 48 117
88200 58 74
88200 74 107
88200 97 99
88200 99 107
88500 14 97
88500 18 47
88500 19 87
88500 20 33
88500 24 107
88500 30 109
88500 48 117
88500 56 113
88500 58 74
88500 69 108
88500 107 110
88800 4 69
88800 14 97
88800 18 47
88800 19 87
88800 20 33
88800 21 96
88800 24 107
88800 24 108
88800 30 109
88800 42 50
88800 48 117
88800 56 113
88800 69 108
88800 83 116
89100 4 69
89100 14 97
89100 20 33
89100 24 108
89100 24 107
89100 42 50
89100 48 117
89100 56 113
89100 69 108
89100 81 112
89100 84 100
89100 112 116
89400 0 91
89400 4 69
89400 5 53
89400 11 98
89400 14 97
89400 20 33
89400 22 63
89400 24 108
89400 42 50
89400 48 117
89400 69 108
89400 71 91
89400 83 116
89400 84 100
89400 106 112
89700 1 60
89700 5 53
89700 11 98
89700 12 98
89700 12 69
89700 13 101
89700 14 112
89700 21 53
89700 22 63
89700 24 108
89700 42 50
89700 48 117
89700 53 57
89700 53 110
89700 55 59
89700 60 112
89700 65 91
89700 69 108
89700 106 112
89700 112 116
90000 1 60
90000 1 62
90000 1 53
90000 5 53
90000 11 98
90000 12 69
90000 12 98
90000 20 112
90000 22 63
90000 24 108
90000 26 57
90000 46 53
90000 48 117
90000 53 57
90000 53 110
90000 60 112
90000 61 110
90000 65 91
90000 69 108
90000 110 112
90000 112 116
90300 1 62
90300 1 60
90300 5 53
90300 11 98
90300 12 69
90300 12 98
90300 21 53
90300 22 63
90300 24 108
90300 26 57
90300 30 69
90300 45 82
90300 61 110
90300 65 91
90300 91 97
90300 110 112
90300 112 116
90600 5 53
90600 11 98
90600 12 98
90600 18 33
90600 21 53
90600 24 108
90600 26 57
90600 48 117
90600 61 110
90600 65 91
90600 91 97
90600 110 112
90900 1 62
90900 5 53
90900 8 66
90900 11 98
90900 12 98
90900 12 69
90900 22 63
90900 24 108
90900 26 57
90900 30 69
90900 45 82
90900 65 91
90900 91 97
90900 108 117
90900 110 112
91200 1 62
91200 5 53
91200 11 98
91200 12 69
91200 18 33
91200 24 108
91200 26 57
91200 48 117
91200 61 110
91200 65 91
91200 91 97
91200 108 117
91200 110 112
91500 1 62
91500 3 107
91500 5 53
91500 11 98
91500 12 69
91500 18 33
91500 22 63
91500 26 57
91500 30 69
91500 48 117
91500 91 97
91500 108 117
91500 110 112
91800 3 107
91800 5 53
91800 12 69
91800 18 33
91800 24 108
91800 26 57
91800 26 82
91800 30 69
91800 48 117
91800 91 97
91800 110 112
92100 1 62
92100 3 107
92100 5 53
92100 8 37
92100 11 98
92100 18 33
92100 26 57
92100 30 69
92100 48 117
92400 1 62
92400 3 107
92400 5 53
92400 11 98
92400 26 82
92400 26 57
92400 30 69
92400 32 74
92400 48 117
92400 49 53
92400 91 97
92700 1 62
92700 3 107
92700 5 53
92700 8 37
92700 11 98
92700 18 33
92700 26 57
92700 32 74
92700 49 53
92700 78 107
93000 1 62
93000 3 107
93000 18 33
93000 24 57
93000 26 57
93000 26 82
93000 30 69
93000 32 74
93000 48 117
93000 49 53
93300 3 107
93300 26 57
93300 26 82
93300 30 69
93300 32 74
93300 48 117
93300 78 107
93600 1 62
93600 3 107
93600 24 57
93600 26 57
93600 30 69
93600 32 74
93600 49 53
93600 87 119
93600 103 122
93900 1 62
93900 3 107
93900 26 82
93900 26 57
93900 30 69
93900 32 74
93900 38 41
93900 48 117
93900 69 121
93900 78 107
93900 87 119
94200 1 62
94200 1 53
94200 26 82
94200 30 69
94200 32 78
94200 39 67
94200 41 121
94200 80 121
94200 87 119
94500 0 37
94500 4 74
94500 8 41
94500 16 67
94500 32 37
94500 38 41
94500 38 67
94500 38 80
94500 38 116
94500 39 67
94500 67 119
94500 87 119
94800 0 37
94800 8 41
94800 8 89
94800 37 70
94800 37 38
94800 37 67
94800 37 87
94800 37 108
94800 38 67
94800 38 41
94800 38 116
94800 38 94
94800 39 67
94800 62 94
94800 66 98
94800 67 119
94800 70 108
94800 87 119
94800 87 89
94800 87 125
94800 87 91
95100 0 37
95100 0 39
95100 0 108
95100 10 98
95100 11 62
95100 11 89
95100 14 89
95100 26 85
95100 32 37
95100 37 38
95100 37 87
95100 37 67
95100 37 108
95100 38 67
95100 38 116
95100 38 94
95100 39 67
95100 39 85
95100 39 62
95100 39 94
95100 62 94
95100 67 98
95100 87 91
95100 87 89
95100 87 125
95100 89 94
95100 89 98
95100 98 108
95400 0 39
95400 0 85
95400 0 117
95400 10 98
95400 10 32
95400 10 94
95400 14 116
95400 21 98
95400 21 62
95400 26 85
95400 32 37
95400 37 67
95400 38 67
95400 38 94
95400 39 62
95400 39 94
95400 39 85
95400 62 94
95400 62 67
95400 67 98
95400 70 100
95400 89 98
95400 98 111
95400 111 116
95700 0 39
95700 10 98
95700 10 94
95700 10 46
95700 11 89
95700 14 89
95700 14 116
95700 22 84
95700 22 26
95700 22 48
95700 22 39
95700 26 85
95700 26 55
95700 30 39
95700 30 62
95700 30 64
95700 35 116
95700 37 87
95700 37 108
95700 38 116
95700 39 85
95700 39 62
95700 39 94
95700 48 116
95700 64 105
95700 70 100
95700 87 89
95700 89 94
96000 3 89
96000 10 98
96000 10 46
96000 10 64
96000 11 108
96000 11 14
96000 14 116
96000 14 22
96000 14 46
96000 21 108
96000 22 48
96000 22 39
96000 22 84
96000 22 26
96000 22 119
96000 26 119
96000 30 39
96000 30 62
96000 30 113
96000 35 116
96000 37 108
96000 37 87
96000 38 94
96000 38 116
96000 39 94
96000 48 116
96000 51 100
96000 55 64
96000 61 75
96000 62 94
96000 66 108
96000 67 98
96000 70 100
96000 87 89
96000 87 113
96000 89 94
96000 89 98
96000 89 108
96000 98 111
96300 10 46
96300 10 64
96300 10 66
96300 11 14
96300 11 108
96300 14 46
96300 14 22
96300 14 116
96300 21 108
96300 22 119
96300 35 116
96300 35 46
96300 38 94
96300 39 94
96300 46 116
96300 46 111
96300 48 116
96300 51 100
96300 51 111
96300 55 64
96300 61 75
96300 61 100
96300 61 67
96300 62 94
96300 66 108
96300 66 100
96300 66 116
96300 67 98
96300 67 100
96300 67 119
96300 74 116
96300 89 108
96300 89 94
96300 98 119
96600 3 89
96600 10 64
96600 10 66
96600 10 98
96600 10 61
96600 11 14
96600 11 108
96600 14 116
96600 14 46
96600 14 94
96600 14 32
96600 14 56
96600 21 108
96600 22 26
96600 22 39
96600 35 46
96600 38 94
96600 39 94
96600 46 116
96600 46 108
96600 55 64
96600 59 67
96600 61 66
96600 62 94
96600 66 116
96600 66 100
96600 66 108
96600 67 119
96600 67 100
96600 74 116
96600 74 115
96600 89 108
96600 94 108
96600 94 112
96900 10 64
96900 10 98
96900 10 66
96900 14 46
96900 22 26
96900 22 39
96900 32 62
96900 35 46
96900 38 94
96900 38 56
96900 46 116
96900 46 108
96900 49 62
96900 59 67
96900 61 75
96900 62 94
96900 62 74
96900 67 100
96900 74 116
96900 74 115
97200 2 46
97200 10 98
97200 11 106
97200 14 94
97200 22 39
97200 32 62
97200 34 46
97200 35 46
97200 39 94
97200 40 113
97200 46 108
97200 46 74
97200 49 62
97200 61 75
97200 61 66
97200 62 74
97200 62 106
97200 66 100
97200 66 108
97200 74 115
97200 74 107
97200 94 112
97200 94 108
97200 103 123
97500 2 108
97500 10 66
97500 10 113
97500 11 106
97500 32 62
97500 36 74
97500 36 98
97500 40 113
97500 40 116
97500 46 108
97500 46 74
97500 49 111
97500 61 66
97500 62 74
97500 65 112
97500 66 108
97500 66 100
97500 66 112
97500 74 115
97500 78 98
97500 94 108
97500 98 113
97500 98 111
97800 8 65
97800 10 66
97800 10 113
97800 36 98
97800 49 111
97800 66 112
97800 98 111
99000 28 101
99300 57 105
99300 84 118
99600 6 118
99600 57 94
99600 84 118
99600 84 105
101400 5 69
101400 15 48
101400 46 107
101400 48 52
101400 69 107
101700 26 86
101700 26 81
101700 26 118
101700 60 86
102000 13 19
102000 13 40
102000 16 38
102000 17 117
102000 17 81
102000 26 86
102000 26 81
102000 26 118
102000 71 81
102000 81 82
102300 6 49
102300 13 47
102300 13 23
102300 13 31
102300 16 38
102300 17 81
102300 19 46
102300 19 57
102300 23 39
102300 57 108
102300 81 82
102600 1 119
102600 1 78
102600 13 31
102600 13 23
102600 13 47
102600 23 39
102600 36 93
102900 51 120
102900 74 96
102900 74 120
103200 0 120
103200 15 43
103200 43 120
103200 73 120
103500 0 120
103500 7 97
103500 8 98
103500 15 43
103500 43 49
103500 43 124
103500 43 92
103500 46 53
103500 46 92
103500 73 120
103500 97 116
103500 98 119
103800 24 45
103800 33 75
103800 40 46
103800 41 109
103800 46 79
103800 46 70
103800 51 109
104100 6 64
104100 6 22
104100 40 46
104100 46 70
104100 51 109
104100 61 81
104400 17 38
104400 30 88
104400 108 113
104700 3 17
104700 3 107
104700 17 122
105000 3 107
105000 3 17
105000 3 95
105000 3 96
105000 3 109
105000 3 72
105000 17 122
105000 22 107
105000 22 124
105000 42 101
105000 52 122
105000 95 96
105000 96 122
105300 0 78
105300 0 87
105300 0 95
105300 1 96
105300 1 26
105300 3 96
105300 3 17
105300 3 95
105300 3 111
105300 21 122
105300 22 124
105300 22 107
105300 22 39
105300 26 96
105300 42 101
105300 52 122
105300 73 96
105300 95 96
105300 96 122
105600 0 87
105600 0 95
105600 0 78
105600 0 93
105600 0 97
105600 0 73
105600 0 103
105600 1 96
105600 21 26
105600 22 39
105600 26 96
105600 26 109
105600 26 61
105600 26 47
105600 41 61
105600 93 123
105900 0 93
105900 0 97
105900 0 95
105900 0 43
105900 3 95
105900 4 26
105900 9 95
105900 21 26
105900 22 39
105900 22 107
105900 22 97
105900 22 93
105900 26 47
105900 26 61
105900 26 109
105900 36 61
105900 39 87
105900 41 61
105900 41 101
105900 61 70
105900 68 93
105900 73 96
105900 90 100
105900 93 123
105900 95 96
105900 99 103
106200 0 93
106200 3 95
106200 16 26
106200 21 26
106200 22 107
106200 22 118
106200 22 47
106200 26 47
106200 26 61
106200 26 109
106200 36 61
106200 36 49
106200 41 61
106200 41 101
106200 43 107
106200 47 50
106200 61 70
106200 68 93
106200 70 96
106200 93 123
106200 95 96
106500 0 97
106500 0 95
106500 0 43
106500 16 26
106500 16 95
106500 21 26
106500 22 47
106500 22 93
106500 22 87
106500 26 47
106500 26 61
106500 26 113
106500 32 123
106500 36 49
106500 41 101
106500 41 61
106500 49 101
106500 52 93
106500 52 99
106500 64 66
106500 69 96
106500 70 96
106500 76 78
106500 78 94
106500 94 101
106500 95 123
106800 0 95
106800 0 97
106800 3 95
106800 12 78
106800 15 21
106800 16 26
106800 16 95
106800 22 47
106800 22 93
106800 22 87
106800 22 27
106800 26 113
106800 26 47
106800 27 47
106800 31 61
106800 32 123
106800 41 101
106800 47 91
106800 47 76
106800 49 101
106800 52 93
106800 61 91
106800 78 94
106800 91 103
106800 94 101
106800 94 96
106800 95 96
106800 95 123
107100 0 95
107100 0 47
107100 0 99
107100 0 8
107100 16 95
107100 27 47
107100 31 69
107100 32 123
107100 41 101
107100 41 61
107100 44 76
107100 47 91
107100 49 101
107100 52 93
107100 54 63
107100 55 85
107100 63 91
107100 63 64
107100 69 99
107100 77 117
107100 78 91
107100 85 91
107100 91 103
107100 94 96
107100 95 123
107100 95 96
107400 0 8
107400 0 97
107400 0 99
107400 3 95
107400 21 99
107400 22 47
107400 22 93
107400 26 85
107400 27 47
107400 31 61
107400 31 69
107400 32 123
107400 47 76
107400 47 91
107400 47 117
107400 49 52
107400 49 60
107400 52 60
107400 54 63
107400 55 85
107400 60 69
107400 63 91
107400 69 99
107400 69 101
107400 85 101
107400 91 103
107400 94 125
107400 94 101
107400 95 123
107400 95 103
107400 101 121
107700 0 97
107700 0 8
107700 0 22
107700 0 32
107700 10 60
107700 16 28
107700 21 99
107700 21 63
107700 21 44
107700 22 93
107700 22 54
107700 25 61
107700 31 69
107700 32 123
107700 32 93
107700 33 99
107700 34 111
107700 39 117
107700 39 41
107700 39 61
107700 41 61
107700 41 54
107700 49 101
107700 49 60
107700 49 55
107700 52 60
107700 52 93
107700 52 54
107700 55 85
107700 55 63
107700 60 63
107700 60 72
107700 60 111
107700 61 95
107700 63 91
107700 63 93
107700 64 117
107700 69 101
107700 69 99
107700 77 117
107700 88 117
107700 93 111
107700 94 125
107700 94 101
107700 95 103
108000 0 92
108000 0 33
108000 8 111
108000 10 60
108000 16 28
108000 21 63
108000 21 44
108000 22 54
108000 25 81
108000 25 39
108000 26 85
108000 27 57
108000 31 69
108000 32 93
108000 33 39
108000 33 91
108000 33 98
108000 33 38
108000 34 111
108000 39 61
108000 39 117
108000 39 120
108000 39 111
108000 41 61
108000 47 91
108000 49 55
108000 50 120
108000 52 54
108000 52 93
108000 55 63
108000 55 85
108000 60 63
108000 60 72
108000 60 69
108000 60 111
108000 63 93
108000 63 85
108000 64 117
108000 69 99
108000 77 91
108000 85 101
108000 88 117
108000 93 111
108000 94 101
108000 95 123
108000 95 103
108000 101 124
108300 0 22
108300 8 111
108300 8 78
108300 8 54
108300 8 28
108300 9 49
108300 14 21
108300 14 120
108300 14 28
108300 16 28
108300 16 54
108300 21 44
108300 21 63
108300 21 28
108300 21 41
108300 21 52
108300 22 93
108300 22 25
108300 22 90
108300 25 61
108300 25 81
108300 26 85
108300 26 32
108300 27 57
108300 32 93
108300 32 54
108300 33 91
108300 33 39
108300 34 111
108300 39 111
108300 39 117
108300 39 124
108300 41 57
108300 44 52
108300 44 99
108300 47 91
108300 49 85
108300 52 93
108300 52 54
108300 52 61
108300 54 99
108300 55 63
108300 57 81
108300 60 63
108300 60 111
108300 60 72
108300 63 93
108300 63 85
108300 63 91
108300 63 81
108300 77 117
108300 85 101
108300 85 104
108300 88 124
108300 95 123
108300 101 124
108600 0 92
108600 0 22
108600 7 55
108600 8 78
108600 8 28
108600 8 54
108600 9 49
108600 11 22
108600 11 100
108600 16 124
108600 16 72
108600 21 41
108600 22 90
108600 22 40
108600 25 61
108600 26 85
108600 26 95
108600 26 84
108600 33 91
108600 33 39
108600 41 57
108600 44 99
108600 44 100
108600 44 125
108600 47 91
108600 49 55
108600 52 61
108600 54 99
108600 60 63
108600 61 100
108600 72 100
108600 77 117
108600 85 101
108600 88 124
108600 92 100
108600 95 123
108600 100 124
108600 101 124
108600 119 125
108900 0 92
108900 0 13
108900 1 11
108900 7 55
108900 8 28
108900 8 78
108900 8 54
108900 14 120
108900 16 72
108900 16 124
108900 22 25
108900 25 81
108900 25 95
108900 26 85
108900 27 57
108900 33 39
108900 33 91
108900 33 120
108900 37 120
108900 37 98
108900 39 124
108900 41 57
108900 41 98
108900 44 100
108900 44 125
108900 44 60
108900 47 91
108900 49 55
108900 49 101
108900 54 99
108900 57 81
108900 57 125
108900 60 111
108900 61 100
108900 72 100
108900 92 100
108900 95 123
109200 0 27
109200 0 85
109200 2 26
109200 2 58
109200 7 55
109200 8 28
109200 14 120
109200 14 23
109200 16 72
109200 16 124
109200 16 91
109200 20 22
109200 25 95
109200 26 84
109200 27 76
109200 33 91
109200 33 120
109200 33 111
109200 37 120
109200 37 98
109200 39 124
109200 41 124
109200 44 60
109200 44 73
109200 47 91
109200 49 55
109200 52 61
109200 54 99
109200 57 81
109200 60 63
109200 61 124
109200 63 73
109200 90 113
109200 95 123
109200 111 113
109500 0 27
109500 0 85
109500 0 101
109500 0 100
109500 2 58
109500 8 54
109500 8 52
109500 14 120
109500 14 20
109500 16 91
109500 25 95
109500 25 81
109500 26 84
109500 28 68
109500 28 70
109500 33 39
109500 33 91
109500 37 98
109500 37 120
109500 37 70
109500 39 124
109500 39 54
109500 44 73
109500 45 60
109500 45 68
109500 49 55
109500 54 99
109500 60 63
109500 60 70
109500 62 72
109500 62 95
109500 63 73
109500 68 124
109500 70 119
109500 70 124
109500 70 76
109500 70 98
109500 73 87
109500 91 116
109500 111 113
109800 0 100
109800 0 54
109800 2 58
109800 2 26
109800 8 54
109800 9 99
109800 14 20
109800 14 120
109800 19 118
109800 25 81
109800 25 100
109800 26 84
109800 26 100
109800 28 68
109800 29 113
109800 29 66
109800 33 39
109800 37 98
109800 39 54
109800 44 73
109800 44 60
109800 45 68
109800 45 112
109800 49 55
109800 54 99
109800 55 118
109800 62 95
109800 62 72
109800 68 124
109800 73 87
109800 81 85
109800 85 89
109800 98 99
109800 111 113
110100 0 54
110100 0 48
110100 0 99
110100 8 54
110100 9 99
110100 9 123
110100 14 120
110100 14 100
110100 18 77
110100 18 60
110100 19 118
110100 19 99
110100 25 60
110100 26 84
110100 26 52
110100 26 117
110100 27 48
110100 28 70
110100 28 33
110100 29 113
110100 29 66
110100 33 39
110100 37 70
110100 37 120
110100 37 39
110100 39 54
110100 39 124
110100 40 122
110100 44 60
110100 44 73
110100 48 62
110100 54 99
110100 55 56
110100 60 70
110100 62 72
110100 62 95
110100 70 124
110100 70 76
110100 73 87
110100 81 117
110100 91 124
110100 98 99
110100 100 106
110100 111 113
110100 112 113
110400 1 9
110400 6 81
110400 8 54
110400 17 70
110400 18 60
110400 18 70
110400 19 118
110400 25 60
110400 26 52
110400 26 117
110400 26 33
110400 28 70
110400 30 69
110400 33 39
110400 37 70
110400 37 39
110400 37 120
110400 39 124
110400 39 54
110400 39 65
110400 39 81
110400 40 122
110400 44 73
110400 54 99
110400 56 120
110400 59 73
110400 60 70
110400 70 124
110400 70 76
110400 70 120
110400 76 110
110400 91 124
110400 113 123
110400 117 123
110700 0 44
110700 1 97
110700 6 32
110700 11 115
110700 11 97
110700 14 120
110700 26 117
110700 28 33
110700 28 70
110700 30 76
110700 31 97
110700 34 97
110700 39 65
110700 39 124
110700 39 54
110700 40 122
110700 44 73
110700 44 60
110700 56 120
110700 56 113
110700 59 73
110700 70 76
110700 81 117
110700 97 105
110700 97 113
110700 113 123
111000 1 97
111000 1 33
111000 2 66
111000 8 54
111000 11 115
111000 11 97
111000 14 120
111000 14 54
111000 14 60
111000 19 124
111000 25 60
111000 26 52
111000 26 100
111000 28 86
111000 30 69
111000 33 36
111000 44 60
111000 44 74
111000 44 100
111000 54 99
111000 56 64
111000 60 66
111000 91 124
111000 96 125
111000 113 123
111000 113 125
111000 113 119
111000 117 123
111300 0 44
111300 1 115
111300 2 66
111300 6 32
111300 11 97
111300 11 85
111300 14 120
111300 14 60
111300 23 88
111300 24 123
111300 24 88
111300 26 100
111300 28 86
111300 30 69
111300 30 88
111300 31 97
111300 32 113
111300 32 118
111300 40 122
111300 41 64
111300 41 88
111300 44 74
111300 44 100
111300 44 113
111300 44 88
111300 58 88
111300 60 66
111300 64 85
111300 88 122
111300 113 125
111300 115 125
111300 117 123
111600 1 97
111600 6 32
111600 11 85
111600 11 97
111600 14 119
111600 19 124
111600 23 88
111600 24 123
111600 24 88
111600 26 32
111600 28 86
111600 28 85
111600 30 69
111600 30 41
111600 32 113
111600 32 118
111600 32 115
111600 32 46
111600 32 86
111600 38 89
111600 41 62
111600 44 113
111600 46 118
111600 56 64
111600 56 120
111600 60 66
111600 88 122
111600 113 125
111900 1 97
111900 6 32
111900 11 85
111900 11 97
111900 11 104
111900 23 88
111900 24 123
111900 26 32
111900 28 86
111900 28 41
111900 28 40
111900 30 41
111900 30 69
111900 32 46
111900 32 113
111900 32 41
111900 46 87
111900 56 64
111900 56 120
111900 60 66
111900 60 104
111900 66 86
111900 88 122
112200 1 97
112200 1 4
112200 6 32
112200 11 104
112200 11 85
112200 19 124
112200 24 123
112200 24 42
112200 30 41
112200 30 69
112200 41 62
112200 46 118
112200 46 87
112200 56 120
112200 56 64
112200 60 104
112200 60 66
112200 64 85
112200 113 125
112500 1 4
112500 1 97
112500 6 32
112500 11 104
112500 19 124
112500 23 88
112500 23 86
112500 24 42
112500 27 118
112500 30 69
112500 32 46
112500 46 118
112500 56 120
112500 60 104
112500 60 66
112500 64 85
112500 88 122
112500 105 118
112500 107 125
112800 1 97
112800 1 4
112800 11 104
112800 11 21
112800 12 116
112800 19 124
112800 23 88
112800 23 86
112800 24 42
112800 27 118
112800 30 69
112800 60 104
112800 60 66
112800 72 73
112800 105 118
112800 113 125
112800 120 121
113100 1 97
113100 1 41
113100 10 121
113100 11 21
113100 12 116
113100 23 86
113100 23 88
113100 30 69
113100 32 46
113100 60 104
113100 60 66
113100 70 72
113100 72 73
113100 72 121
113100 88 122
113100 101 108
113100 105 118
113100 113 125
113400 1 97
113400 1 4
113400 10 121
113400 11 21
113400 23 86
113400 29 70
113400 30 69
113400 32 46
113400 32 106
113400 32 60
113400 60 66
113400 70 72
113400 72 121
113400 101 108
113700 1 4
113700 10 121
113700 12 116
113700 23 86
113700 23 38
113700 25 61
113700 29 70
113700 30 69
113700 32 46
113700 32 60
113700 34 113
113700 60 66
113700 101 108
114000 1 4
114000 11 21
114000 23 86
114000 25 61
114000 25 29
114000 29 70
114000 30 69
114000 32 60
114000 34 113
114000 60 66
114000 73 105
114300 9 119
114300 9 121
114300 23 86
114300 25 29
114300 29 70
114300 30 69
114300 32 60
114300 60 66
114300 73 105
114600 0 20
114600 9 119
114600 23 86
114600 29 70
114600 30 69
114600 31 94
114600 32 60
114600 60 66
114600 76 94
114600 88 94
114900 17 119
114900 21 94
114900 29 70
114900 30 69
114900 31 94
114900 57 89
114900 60 66
114900 76 94
114900 88 94
115200 8 35
115200 29 70
115200 31 94
115200 32 45
115200 57 89
115200 88 94
115500 8 35
115500 29 70
115500 30 69
115500 31 94
115500 39 74
115500 60 66
115500 88 94
115800 2 66
115800 31 94
115800 60 66
115800 88 94
116100 4 55
116100 39 74
116100 88 94
116400 18 46
116400 46 72
116400 80 117
116700 7 33
116700 7 108
116700 33 41
116700 33 108
116700 53 108
116700 80 117
116700 88 94
117000 7 33
117000 33 41
117000 37 71
117000 48 53
117000 48 115
117000 53 84
117000 84 103
117000 88 94
117000 117 119
117300 3 5
117300 3 121
117300 7 33
117300 11 56
117300 12 56
117300 27 92
117300 33 41
117300 33 90
117300 48 53
117300 53 84
117300 84 103
117600 3 5
117600 7 33
117600 7 26
117600 26 97
117600 33 41
117600 81 97
117600 84 103
117900 0 60
117900 3 5
117900 3 59
117900 7 26
117900 7 33
117900 7 18
117900 26 97
117900 29 87
117900 33 41
117900 33 68
117900 37 68
117900 52 81
117900 52 87
117900 59 87
118200 3 59
118200 3 5
118200 3 107
118200 7 26
118200 7 18
118200 7 33
118200 7 11
118200 26 28
118200 28 107
118200 28 32
118200 32 69
118200 52 81
118200 59 87
118500 3 107
118500 28 32
118500 32 69
118500 50 69
118500 52 81
118500 69 96
118500 72 96
118800 3 107
118800 9 72
118800 9 25
118800 28 32
118800 32 69
118800 38 108
118800 38 122
118800 43 72
118800 52 81
118800 52 108
118800 59 87
119100 3 107
119100 9 25
119100 28 32
119100 32 69
119100 32 51
119100 38 122
119100 51 85
119100 51 70
119100 52 81
119100 61 119
119400 28 32
119400 38 122
119400 38 108
119400 49 70
119400 52 108
119400 59 87
119400 61 119
119700 37 107
119700 38 49
119700 59 87
119700 61 119
119700 81 122
120000 38 49
120000 49 70
120000 59 87
120000 60 76
120300 8 20
120300 8 54
120300 38 49
120300 54 63
120300 59 87
120600 8 54
120600 12 48
120600 12 13
120900 8 54
120900 12 13
120900 87 118
121200 12 48
121200 54 122
121200 87 105
121200 104 122
121500 48 105
121800 47 56
121800 57 77
122100 57 77
122700 4 44
122700 17 53
122700 44 102
123000 44 102
123600 68 108
123600 102 108
123900 102 108
173400 0 67
173400 9 77
173400 17 23
173400 18 93
173400 57 90
173400 58 119
173400 77 125
173700 0 67
173700 1 68
173700 1 76
173700 8 27
173700 18 93
173700 27 60
173700 37 65
173700 38 68
173700 46 110
173700 77 125
174000 0 67
174000 1 68
174000 1 76
174000 4 55
174000 27 60
174000 38 68
174000 38 59
174000 70 106
174000 77 125
174300 0 67
174300 1 68
174300 1 76
174300 4 55
174300 18 93
174300 20 98
174300 27 60
174300 38 68
174300 40 85
174300 68 78
174300 70 106
174300 95 98
174600 0 67
174600 1 76
174600 1 68
174600 1 98
174600 4 55
174600 5 37
174600 17 47
174600 18 93
174600 38 68
174600 38 89
174600 40 85
174600 45 88
174600 53 87
174600 54 112
174900 0 67
174900 1 68
174900 4 55
174900 5 37
174900 5 111
174900 13 26
174900 38 68
174900 45 88
174900 53 87
174900 54 112
174900 56 87
174900 65 83
174900 68 78
174900 68 109
174900 83 122
175200 0 67
175200 0 58
175200 5 111
175200 17 93
175200 38 56
175200 53 87
175200 54 112
175200 65 83
175200 83 122
175500 1 56
175500 5 111
175500 6 80
175500 17 93
175500 53 87
175500 54 112
175500 65 83
175500 78 85
175500 103 122
175800 1 56
175800 5 111
175800 17 93
175800 17 19
175800 31 78
175800 53 87
175800 54 112
175800 65 83
175800 95 103
175800 102 122
175800 105 111
176100 1 56
176100 6 80
176100 9 125
176100 17 93
176100 19 43
176100 21 125
176100 28 38
176100 29 59
176100 31 78
176100 49 106
176100 50 123
176100 53 87
176100 57 77
176100 95 103
176100 102 106
176100 105 111
176400 0 71
176400 1 56
176400 5 111
176400 6 80
176400 9 125
176400 9 36
176400 21 125
176400 28 38
176400 29 59
176400 31 78
176400 43 45
176400 45 63
176400 49 106
176400 53 87
176400 57 77
176400 92 95
176400 95 103
176400 102 106
176700 1 56
176700 6 80
176700 9 125
176700 15 63
176700 15 118
176700 28 38
176700 29 59
176700 31 78
176700 43 45
176700 45 63
176700 49 106
176700 53 87
176700 57 77
176700 59 63
176700 63 104
176700 92 95
176700 102 106
176700 102 103
177000 1 56
177000 6 80
177000 6 54
177000 9 125
177000 15 63
177000 21 125
177000 28 38
177000 31 78
177000 43 45
177000 49 106
177000 63 104
177000 80 99
177000 92 95
177300 1 56
177300 6 80
177300 9 125
177300 15 63
177300 15 118
177300 28 38
177300 29 59
177300 43 45
177300 49 106
177300 49 59
177300 59 63
177300 92 95
177300 102 106
177600 1 56
177600 6 80
177600 9 125
177600 15 63
177600 19 95
177600 29 59
177600 31 78
177600 43 45
177600 49 106
177600 59 63
177600 80 99
177600 91 123
177600 91 92
177600 92 95
177900 1 56
177900 6 80
177900 9 125
177900 28 38
177900 31 78
177900 49 106
177900 59 63
177900 91 92
177900 102 106
178200 4 78
178200 6 80
178200 10 113
178200 19 95
178200 31 78
178200 43 45
178200 49 106
178200 59 63
178200 80 99
178200 91 92
178200 91 123
178200 102 106
178500 4 78
178500 6 80
178500 10 113
178500 19 95
178500 28 38
178500 43 45
178500 49 106
178500 91 123
178500 102 106
178800 6 80
178800 19 95
178800 28 38
178800 31 78
178800 49 106
178800 91 92
178800 102 106
179100 4 78
179100 10 113
179100 19 95
179100 28 38
179100 43 45
179100 49 106
179100 54 101
179400 13 44
179400 19 95
179400 28 38
179400 31 78
179400 43 45
179400 54 101
179700 13 44
179700 19 95
179700 28 38
179700 43 99
179700 49 106
179700 54 101
180000 13 44
180000 19 95
180000 28 38
180000 46 101
180000 49 106
180000 54 101
180300 28 38
180300 43 99
180300 46 101
180300 49 106
180300 59 116
180600 13 44
180600 16 67
180600 43 109
180600 49 106
180600 49 116
180600 59 116
180600 62 111
180600 106 116
180600 109 125
180600 111 116
180900 15 54
180900 43 109
180900 63 66
180900 106 116
180900 109 125
180900 111 116
180900 116 120
181200 9 63
181200 10 73
181200 15 73
181200 15 101
181200 53 84
181200 53 85
181200 54 66
181200 54 101
181200 63 66
181200 63 88
181200 63 76
181200 70 116
181200 106 116
181200 109 125
181200 111 116
181500 3 70
181500 9 101
181500 10 101
181500 10 116
181500 15 101
181500 15 73
181500 20 66
181500 33 113
181500 53 85
181500 63 66
181500 63 76
181500 63 88
181500 63 106
181500 66 111
181500 66 84
181500 70 116
181500 70 111
181500 72 101
181500 106 116
181500 109 125
181500 111 116
181800 3 70
181800 3 125
181800 3 72
181800 3 63
181800 3 48
181800 3 21
181800 10 73
181800 10 101
181800 10 20
181800 10 12
181800 20 66
181800 25 33
181800 25 111
181800 33 113
181800 33 90
181800 52 125
181800 63 76
181800 63 66
181800 63 88
181800 63 106
181800 66 111
181800 66 84
181800 70 72
181800 70 125
181800 109 115
181800 111 116
182100 3 63
182100 3 125
182100 3 72
182100 3 21
182100 3 93
182100 10 73
182100 10 12
182100 13 33
182100 20 66
182100 21 52
182100 21 82
182100 21 66
182100 24 52
182100 33 125
182100 37 66
182100 48 93
182100 52 125
182100 53 85
182100 63 88
182100 63 66
182100 63 106
182100 66 84
182100 66 111
182100 70 72
182100 70 125
182100 109 125
182100 111 116
182400 3 72
182400 3 125
182400 3 63
182400 3 21
182400 3 93
182400 7 58
182400 21 66
182400 21 52
182400 21 82
182400 24 52
182400 25 33
182400 33 90
182400 39 50
182400 52 116
182400 53 67
182400 53 58
182400 53 73
182400 53 113
182400 58 105
182400 73 80
182400 73 105
182400 73 113
182400 90 115
182400 109 125
182400 111 116
182700 3 63
182700 3 93
182700 3 125
182700 3 72
182700 3 21
182700 3 58
182700 3 67
182700 3 48
182700 7 58
182700 21 66
182700 21 82
182700 21 52
182700 21 109
182700 21 90
182700 21 122
182700 24 52
182700 39 50
182700 53 73
182700 53 113
182700 53 58
182700 58 105
182700 59 105
182700 67 122
182700 67 90
182700 67 106
182700 73 80
182700 73 113
182700 90 115
182700 90 106
182700 90 105
182700 105 113
182700 105 109
182700 106 113
183000 3 58
183000 3 93
183000 3 125
183000 3 72
183000 3 63
183000 3 48
183000 3 21
183000 17 80
183000 21 82
183000 21 52
183000 21 109
183000 21 122
183000 28 67
183000 28 80
183000 39 50
183000 39 80
183000 39 113
183000 39 97
183000 53 113
183000 53 58
183000 53 106
183000 53 67
183000 58 105
183000 58 80
183000 67 122
183000 67 106
183000 67 90
183000 73 80
183000 90 115
183000 105 113
183000 106 113
183300 1 100
183300 3 93
183300 3 63
183300 3 58
183300 4 58
183300 8 106
183300 17 80
183300 21 82
183300 28 80
183300 28 67
183300 28 100
183300 30 88
183300 30 39
183300 39 113
183300 39 97
183300 53 58
183300 53 113
183300 58 105
183300 88 123
183300 90 106
183300 97 123
183300 106 113
183600 1 100
183600 3 21
183600 3 63
183600 3 58
183600 4 58
183600 8 100
183600 11 82
183600 21 52
183600 21 109
183600 21 82
183600 28 100
183600 30 39
183600 30 88
183600 30 82
183600 30 62
183600 30 34
183600 30 36
183600 30 123
183600 34 62
183600 36 58
183600 36 100
183600 36 88
183600 39 113
183600 39 97
183600 39 50
183600 50 99
183600 53 67
183600 53 58
183600 62 78
183600 62 100
183600 65 73
183600 67 122
183600 78 93
183600 83 123
183600 88 123
183600 89 123
183600 97 123
183600 100 123
183900 3 21
183900 3 58
183900 3 63
183900 3 62
183900 4 58
183900 8 100
183900 8 93
183900 11 117
183900 11 105
183900 21 109
183900 21 73
183900 28 67
183900 30 62
183900 30 36
183900 30 78
183900 30 122
183900 34 62
183900 35 77
183900 36 100
183900 36 78
183900 43 109
183900 50 99
183900 50 67
183900 53 67
183900 53 58
183900 58 82
183900 62 100
183900 62 78
183900 66 109
183900 67 122
183900 67 82
183900 78 93
183900 83 123
183900 89 123
183900 100 123
184200 11 117
184200 11 105
184200 35 117
184200 43 109
184200 43 66
184800 19 116
187500 77 106
187800 0 118
187800 10 71
187800 12 71
187800 33 108
187800 58 118
187800 108 110
188100 0 118
188100 2 49
188100 3 124
188100 3 53
188100 7 8
188100 8 43
188100 14 104
188100 14 120
188100 22 120
188100 43 123
188100 102 104
188400 2 49
188400 3 53
188400 28 30
188400 31 37
188700 28 30
188700 29 116
188700 30 88
188700 30 108
188700 48 116
189000 4 116
189000 4 68
189000 4 43
189000 14 120
189000 30 68
189000 30 116
189000 30 32
189000 32 69
189000 44 116
189000 120 125
189300 4 68
189300 30 32
189300 30 68
189300 30 116
189300 42 82
189300 44 116
189300 72 120
189600 31 115
189600 38 82
189600 41 105
189600 46 82
189600 81 82
189600 82 105
189900 35 115
189900 38 82
189900 47 115
189900 73 115
189900 73 80
189900 101 115
190200 73 122
190200 73 85
190500 13 122
190500 48 122
190800 12 123
190800 28 103
190800 89 123
190800 90 98
191100 31 116
191100 43 76
191100 76 80
191100 76 108
191100 90 108
191100 90 104
191400 11 28
191400 23 116
191400 31 116
191400 31 62
191400 40 108
191400 43 76
191400 47 89
191400 58 76
191400 62 93
191400 62 76
191400 64 76
191400 76 108
191400 76 80
191400 80 116
191400 90 104
191400 90 116
191400 91 116
191400 104 116
191400 108 116
191400 108 110
191700 9 78
191700 11 106
191700 11 93
191700 12 47
191700 12 58
191700 12 106
191700 31 62
191700 40 108
191700 47 89
191700 58 76
191700 62 93
191700 62 76
191700 93 106
191700 108 116
191700 108 110
192000 0 93
192000 2 26
192000 11 106
192000 12 78
192000 12 28
192000 31 116
192000 35 103
192000 47 89
192000 64 78
192000 64 114
192000 68 89
192000 76 108
192000 78 91
192000 78 106
192000 78 104
192000 80 106
192000 93 106
192000 93 108
192000 93 113
192300 0 17
192300 2 26
192300 12 47
192300 17 124
192300 17 58
192300 28 58
192300 31 62
192300 47 89
192300 64 78
192300 64 114
192300 64 94
192300 78 104
192300 93 113
192300 93 108
192300 93 94
192300 100 106
192600 0 17
192600 2 26
192600 11 106
192600 12 47
192600 12 28
192600 17 124
192600 17 58
192600 17 39
192600 17 28
192600 28 58
192600 28 68
192600 28 62
192600 31 62
192600 34 58
192600 44 58
192600 47 89
192600 48 101
192600 48 102
192600 58 83
192600 62 116
192600 64 78
192600 78 106
192600 78 104
192600 93 108
192600 93 94
192600 93 124
192600 93 104
192600 94 124
192600 94 104
192600 100 106
192900 0 17
192900 2 26
192900 2 42
192900 11 106
192900 12 28
192900 17 39
192900 17 124
192900 17 28
192900 28 62
192900 34 58
192900 39 107
192900 40 102
192900 47 89
192900 48 102
192900 48 104
192900 58 83
192900 58 68
192900 58 89
192900 64 68
192900 64 83
192900 67 113
192900 78 106
192900 90 114
192900 93 124
192900 93 104
192900 93 112
192900 94 104
192900 102 113
193200 1 93
193200 2 42
193200 2 122
193200 11 106
193200 11 17
193200 12 28
193200 12 47
193200 17 124
193200 17 58
193200 22 106
193200 25 114
193200 39 78
193200 40 102
193200 40 124
193200 44 92
193200 48 102
193200 48 113
193200 52 106
193200 57 77
193200 58 89
193200 58 62
193200 62 116
193200 62 94
193200 64 68
193200 65 124
193200 67 113
193200 78 106
193200 78 94
193200 92 113
193200 93 124
193200 102 113
193200 106 124
193200 106 107
193500 2 42
193500 2 82
193500 5 22
193500 6 90
193500 12 47
193500 17 28
193500 17 105
193500 22 106
193500 25 114
193500 26 58
193500 28 62
193500 28 116
193500 28 71
193500 34 58
193500 39 78
193500 40 124
193500 41 106
193500 44 92
193500 48 94
193500 62 94
193500 64 68
193500 67 113
193500 78 106
193500 90 114
193500 90 122
193500 92 113
193500 93 124
193500 94 104
193500 102 113
193500 106 124
193500 106 107
193800 2 113
193800 5 116
193800 6 90
193800 14 34
193800 25 114
193800 26 116
193800 27 83
193800 34 58
193800 39 78
193800 39 116
193800 39 52
193800 40 102
193800 41 106
193800 41 52
193800 44 78
193800 46 102
193800 48 113
193800 62 94
193800 78 106
193800 78 102
193800 90 122
193800 90 114
193800 94 104
194100 15 98
194100 25 114
194100 26 116
194100 34 114
194100 37 76
194100 37 94
194100 39 116
194100 39 78
194100 39 52
194100 40 102
194100 41 106
194100 41 52
194100 44 78
194100 46 102
194100 48 113
194100 52 80
194100 52 84
194100 62 94
194100 63 98
194100 67 104
194100 67 92
194100 78 106
194100 78 102
194100 80 114
194100 82 94
194100 89 93
194100 90 114
194100 92 94
194100 94 104
194100 94 114
194400 5 123
194400 15 67
194400 26 116
194400 30 116
194400 30 103
194400 32 116
194400 34 114
194400 37 62
194400 39 52
194400 39 116
194400 41 106
194400 41 116
194400 41 62
194400 45 80
194400 48 113
194400 48 67
194400 52 80
194400 52 84
194400 58 67
194400 63 98
194400 63 80
194400 67 92
194400 67 104
194400 80 114
194400 82 94
194400 82 90
194400 82 114
194400 88 114
194400 90 94
194400 92 94
194400 94 114
194700 5 123
194700 19 125
194700 30 116
194700 30 74
194700 30 123
194700 30 39
194700 32 116
194700 32 82
194700 32 88
194700 34 114
194700 34 82
194700 37 62
194700 39 116
194700 39 52
194700 39 58
194700 39 79
194700 39 108
194700 41 116
194700 41 62
194700 44 78
194700 46 88
194700 48 113
194700 52 80
194700 52 84
194700 58 67
194700 63 80
194700 67 92
194700 78 106
194700 80 114
194700 82 86
194700 88 114
194700 90 94
194700 92 94
194700 93 108
195000 4 70
195000 5 123
195000 19 125
195000 29 50
195000 30 74
195000 32 116
195000 32 88
195000 32 82
195000 32 92
195000 32 50
195000 34 93
195000 37 62
195000 41 116
195000 41 62
195000 46 69
195000 48 113
195000 52 84
195000 59 87
195000 65 93
195000 67 92
195000 78 106
195000 78 123
195000 84 104
195000 88 114
195000 90 94
195000 92 94
195000 93 108
195300 5 123
195300 6 123
195300 13 114
195300 13 122
195300 13 61
195300 14 99
195300 18 125
195300 19 125
195300 32 116
195300 32 82
195300 32 88
195300 34 82
195300 34 114
195300 34 93
195300 41 62
195300 41 116
195300 41 82
195300 52 80
195300 52 94
195300 60 93
195300 65 93
195300 67 92
195300 75 123
195300 75 92
195300 78 123
195300 80 114
195300 80 84
195300 82 86
195300 84 93
195300 90 94
195300 92 94
195300 92 121
195300 121 125
195600 4 70
195600 5 123
195600 6 123
195600 6 125
195600 8 81
195600 8 41
195600 13 122
195600 13 94
195600 13 37
195600 13 66
195600 18 125
195600 18 81
195600 19 125
195600 32 82
195600 32 92
195600 32 88
195600 32 116
195600 34 114
195600 35 70
195600 35 61
195600 37 62
195600 41 116
195600 41 46
195600 46 69
195600 46 86
195600 52 80
195600 61 123
195600 65 93
195600 67 92
195600 75 123
195600 75 125
195600 80 84
195600 92 121
195600 92 94
195600 93 108
195600 121 125
195900 4 70
195900 6 48
195900 8 41
195900 8 81
195900 8 9
195900 9 97
195900 13 114
195900 13 37
195900 18 81
195900 18 125
195900 19 125
195900 24 122
195900 24 114
195900 32 88
195900 32 82
195900 34 82
195900 34 110
195900 35 61
195900 35 70
195900 37 62
195900 37 75
195900 41 116
195900 43 81
195900 46 69
195900 46 86
195900 48 49
195900 49 122
195900 64 116
195900 64 97
195900 75 125
195900 80 114
195900 91 110
195900 93 108
195900 93 97
195900 121 125
196200 4 70
196200 7 96
196200 7 31
196200 8 41
196200 8 9
196200 13 114
196200 13 54
196200 13 112
196200 19 125
196200 31 94
196200 32 82
196200 32 88
196200 34 110
196200 35 61
196200 36 105
196200 37 62
196200 41 46
196200 41 116
196200 46 86
196200 48 49
196200 49 122
196200 52 64
196200 54 116
196200 64 116
196200 64 123
196200 80 114
196200 81 105
196200 81 93
196200 91 110
196200 92 94
196200 93 97
196200 93 112
196200 121 125
196500 0 124
196500 6 116
196500 7 31
196500 8 41
196500 9 97
196500 13 112
196500 13 114
196500 19 125
196500 31 111
196500 32 82
196500 35 61
196500 37 75
196500 37 62
196500 37 70
196500 41 116
196500 43 110
196500 43 59
196500 46 86
196500 48 49
196500 49 122
196500 60 111
196500 64 97
196500 64 123
196500 91 110
196500 92 124
196500 93 112
196500 94 105
196500 97 109
196500 109 122
196500 121 125
196800 4 13
196800 5 124
196800 6 116
196800 7 31
196800 8 41
196800 13 112
196800 13 114
196800 19 125
196800 20 95
196800 20 111
196800 27 65
196800 31 111
196800 31 102
196800 31 37
196800 32 82
196800 34 110
196800 35 61
196800 37 70
196800 37 62
196800 37 75
196800 37 86
196800 39 124
196800 41 93
196800 42 78
196800 43 69
196800 48 49
196800 64 123
196800 64 97
196800 76 109
196800 78 122
196800 86 92
196800 93 97
196800 95 107
196800 98 125
196800 102 107
197100 4 105
197100 6 116
197100 11 31
197100 11 13
197100 11 32
197100 11 95
197100 11 103
197100 11 91
197100 13 114
197100 13 112
197100 15 76
197100 20 23
197100 23 85
197100 31 60
197100 35 61
197100 37 62
197100 37 70
197100 39 124
197100 41 116
197100 42 78
197100 43 69
197100 48 49
197100 64 123
197100 66 85
197100 76 122
197100 78 122
197100 85 86
197100 93 97
197100 94 123
197100 95 107
197100 102 107
197400 2 67
197400 2 63
197400 4 105
197400 7 80
197400 13 114
197400 15 76
197400 15 81
197400 17 116
197400 19 20
197400 20 35
197400 23 85
197400 24 92
197400 31 60
197400 35 61
197400 35 85
197400 37 62
197400 37 70
197400 39 66
197400 39 74
197400 43 69
197400 48 49
197400 63 123
197400 64 81
197400 66 85
197400 67 85
197400 85 86
197400 85 97
197400 85 122
197400 86 92
197400 92 107
197400 93 97
197400 95 107
197400 95 122
197400 95 116
197400 102 107
197700 1 67
197700 2 63
197700 2 107
197700 4 105
197700 4 64
197700 4 37
197700 11 95
197700 11 91
197700 11 103
197700 13 114
197700 13 112
197700 13 117
197700 15 76
197700 15 66
197700 17 116
197700 23 85
197700 24 85
197700 24 66
197700 31 60
197700 32 91
197700 35 85
197700 35 61
197700 37 70
197700 39 124
197700 50 86
197700 58 122
197700 66 85
197700 85 86
197700 85 122
197700 85 97
197700 86 121
197700 93 97
197700 95 122
197700 95 116
197700 95 107
197700 103 124
197700 103 117
197700 107 122
198000 2 63
198000 4 37
198000 4 64
198000 4 105
198000 4 79
198000 4 62
198000 6 50
198000 11 103
198000 13 114
198000 13 117
198000 13 112
198000 13 96
198000 13 50
198000 15 66
198000 15 63
198000 17 116
198000 23 85
198000 32 91
198000 35 85
198000 35 61
198000 37 70
198000 39 124
198000 40 92
198000 40 100
198000 40 48
198000 40 52
198000 40 74
198000 40 60
198000 46 119
198000 48 49
198000 48 117
198000 52 108
198000 58 74
198000 62 122
198000 63 123
198000 100 119
198000 103 124
198000 122 124
198300 2 74
198300 4 105
198300 6 39
198300 11 103
198300 11 95
198300 11 91
198300 11 66
198300 13 117
198300 13 114
198300 24 66
198300 26 74
198300 37 58
198300 39 124
198300 40 48
198300 42 52
198300 46 119
198300 48 49
198300 48 117
198300 52 61
198300 58 74
198300 61 91
198300 62 100
198300 66 85
198300 100 119
198300 103 117
198600 4 64
198600 4 79
198600 6 50
198600 11 66
198600 11 91
198600 11 122
198600 13 114
198600 15 63
198600 15 66
198600 40 100
198600 40 92
198600 42 52
198600 48 49
198600 50 89
198600 52 61
198600 56 64
198600 58 74
198600 61 91
198600 100 119
198600 103 117
198900 4 105
198900 4 79
198900 4 64
198900 6 39
198900 13 114
198900 15 66
198900 24 66
198900 29 33
198900 29 103
198900 37 58
198900 40 100
198900 40 92
198900 48 49
198900 50 89
198900 52 61
198900 56 64
198900 58 99
198900 61 91
198900 79 119
198900 103 117
199200 4 64
199200 4 105
199200 4 79
199200 13 91
199200 24 66
199200 29 103
199200 29 33
199200 37 58
199200 40 100
199200 45 110
199200 50 89
199200 52 63
199200 58 99
199200 61 91
199200 100 119
199200 103 117
199500 4 105
199500 15 66
199500 15 43
199500 29 33
199500 29 103
199500 37 58
199500 40 92
199500 46 51
199500 60 118
199500 61 91
199500 100 119
199500 103 117
199800 4 105
199800 13 91
199800 20 110
199800 29 103
199800 29 33
199800 37 73
199800 40 92
199800 45 110
199800 52 63
199800 100 119
199800 103 117
200100 20 110
200100 29 33
200100 37 73
200100 40 92
200100 45 110
200100 52 63
200100 60 118
200100 100 119
200100 103 117
200400 13 29
200400 20 110
200400 20 60
200400 29 33
200400 40 92
200400 52 63
200400 60 118
200400 103 117
200400 103 114
200700 13 29
200700 29 33
200700 36 77
200700 40 92
200700 45 110
200700 45 115
200700 60 118
200700 77 111
200700 100 119
200700 103 117
201000 0 96
201000 13 29
201000 29 33
201000 40 92
201000 45 110
201000 45 115
201000 47 71
201000 60 118
201000 77 111
201000 100 119
201300 0 96
201300 7 96
201300 40 92
201300 42 107
201300 60 118
201300 70 103
201300 77 111
201300 77 86
201300 89 101
201300 100 119
201300 103 117
201600 5 119
201600 27 55
201600 29 33
201600 38 71
201600 42 46
201600 45 115
201600 60 118
201600 70 103
201600 71 85
201600 77 86
201600 100 119
201600 103 117
201900 3 16
201900 5 119
201900 7 101
201900 27 55
201900 31 36
201900 45 115
201900 60 118
201900 70 103
201900 71 85
201900 81 115
201900 100 119
201900 101 115
202200 2 45
202200 5 119
202200 23 100
202200 23 71
202200 23 45
202200 27 55
202200 31 36
202200 60 118
202200 70 103
202200 97 103
202200 100 119
202500 2 45
202500 5 119
202500 20 55
202500 23 45
202500 27 55
202500 31 36
202500 37 118
202500 65 118
202500 70 103
202500 100 118
202800 5 119
202800 5 79
202800 5 84
202800 5 56
202800 13 103
202800 27 55
202800 27 79
202800 31 36
202800 31 101
202800 37 118
202800 37 56
202800 65 118
202800 70 103
202800 84 101
203100 5 79
203100 5 56
203100 13 103
203100 27 55
203100 30 70
203100 30 48
203100 31 36
203100 37 118
203100 37 48
203100 70 103
203100 107 118
203400 3 67
203400 5 79
203400 31 36
203400 67 80
203400 70 103
203400 80 104
203400 80 97
203400 107 118
203700 3 67
203700 3 99
203700 18 103
203700 18 61
203700 27 55
203700 61 99
203700 61 71
203700 70 103
203700 80 97
203700 107 118
204000 3 38
204000 12 55
204000 14 71
204000 27 55
204000 61 71
204000 80 97
204000 107 118
204300 13 107
204300 14 23
204300 14 107
204300 27 55
204300 80 97
204300 107 118
204300 109 118
204300 111 118
204600 14 107
204600 14 23
204600 27 55
204600 45 80
204600 69 105
204600 111 118
204900 14 107
204900 22 91
204900 24 37
204900 27 55
204900 27 79
204900 56 104
204900 69 105
205200 14 107
205200 27 55
205200 54 69
205200 56 104
205500 11 63
205500 14 107
205500 47 109
205500 54 69
205500 54 63
205500 56 104
205500 63 123
205800 14 107
205800 16 66
205800 54 69
206100 11 103
206100 16 66
206100 31 38
206100 38 109
206100 54 69
206400 38 109
206400 54 69
206400 70 103
206700 11 122
206700 38 109
206700 54 69
206700 82 97
207000 11 122
207000 37 104
207000 54 69
207000 54 104
207000 63 70
207000 82 97
207300 43 44
207300 44 54
207300 54 69
207300 63 70
207300 69 97
207600 14 69
207600 43 44
207600 44 54
207900 5 105
207900 44 54
207900 54 69
207900 69 97
208200 16 67
208200 44 54
208200 47 54
208200 47 64
208500 44 54
208500 44 89
208500 47 54
208800 44 54
208800 47 64
208800 47 54
209100 19 81
209100 44 54
209100 47 64
209100 47 54
209100 47 65
209100 65 81
209400 19 81
209400 47 65
209700 64 114
211800 78 124
212400 21 124
259800 0 51
259800 30 102
259800 52 85
260100 4 97
260100 42 75
260100 52 85
260100 62 102
260100 62 107
260100 75 97
260400 12 65
260400 39 62
260400 52 85
260400 70 97
260400 75 97
260700 12 65
260700 17 62
260700 40 62
260700 42 119
260700 58 97
260700 70 97
260700 75 97
261000 10 62
261000 12 65
261000 42 119
261000 52 85
261000 56 62
261000 58 97
261000 70 97
261300 10 50
261300 12 65
261300 24 25
261300 24 46
261300 35 72
261300 38 86
261300 41 49
261300 42 119
261300 52 85
261300 58 97
261300 70 97
261600 10 50
261600 12 65
261600 12 86
261600 24 25
261600 31 91
261600 38 86
261600 45 55
261600 46 86
261600 52 85
261600 58 97
261600 70 97
261900 5 31
261900 10 50
261900 31 91
261900 31 99
261900 38 86
261900 45 55
261900 56 95
261900 58 97
261900 60 97
261900 70 97
262200 2 83
262200 5 31
262200 10 50
262200 10 47
262200 14 65
262200 24 25
262200 31 91
262200 31 99
262200 48 99
262200 68 99
262200 70 97
262500 5 31
262500 9 106
262500 10 50
262500 24 25
262500 31 91
262500 44 119
262500 45 79
262500 48 99
262500 68 99
262500 70 97
262800 2 83
262800 5 31
262800 9 106
262800 20 92
262800 24 25
262800 30 49
262800 31 91
262800 42 106
262800 44 106
262800 45 79
262800 60 89
262800 68 99
262800 70 97
263100 5 31
263100 9 111
263100 13 55
263100 20 92
263100 24 25
263100 30 49
263100 31 91
263100 36 113
263100 39 74
263100 45 79
263100 68 99
263100 70 97
263400 6 35
263400 9 106
263400 9 111
263400 13 55
263400 20 92
263400 24 25
263400 24 106
263400 30 49
263400 31 91
263400 36 113
263400 42 106
263400 44 106
263400 45 79
263400 55 75
263400 60 89
263400 70 97
263700 6 35
263700 9 111
263700 13 55
263700 13 75
263700 20 92
263700 24 25
263700 30 49
263700 31 91
263700 36 113
263700 45 79
263700 55 75
263700 56 80
263700 68 99
264000 9 111
264000 20 92
264000 24 25
264000 30 49
264000 31 91
264000 36 113
264000 43 48
264000 43 77
264000 55 75
264000 60 89
264000 70 97
264300 4 36
264300 6 35
264300 9 111
264300 13 75
264300 13 55
264300 20 92
264300 29 113
264300 31 91
264300 36 113
264300 43 77
264300 43 48
264300 45 79
264300 68 99
264300 70 97
264600 4 36
264600 6 35
264600 9 111
264600 13 55
264600 13 75
264600 20 92
264600 29 113
264600 30 49
264600 43 48
264600 60 89
264600 68 99
264600 70 97
264600 91 111
264900 4 36
264900 6 35
264900 13 55
264900 20 92
264900 29 113
264900 30 49
264900 31 91
264900 43 77
264900 43 48
264900 60 89
264900 68 99
264900 70 97
265200 6 35
265200 9 111
265200 13 55
265200 13 75
265200 20 92
265200 29 113
265200 30 49
265200 68 99
265200 68 124
265200 70 97
265500 6 35
265500 9 111
265500 13 55
265500 20 92
265500 29 113
265500 30 49
265500 31 91
265500 60 89
265500 68 99
265500 70 97
265800 13 55
265800 13 75
265800 29 113
265800 30 49
265800 31 91
265800 41 83
265800 55 101
265800 68 99
265800 70 97
266100 13 75
266100 20 92
266100 29 113
266100 31 91
266100 31 99
266100 39 57
266100 60 89
266100 68 99
266100 70 97
266100 97 125
266400 13 75
266400 13 55
266400 20 92
266400 29 113
266400 31 91
266400 41 83
266400 55 101
266400 55 73
266400 60 89
266400 70 97
266700 13 75
266700 20 92
266700 29 113
266700 31 91
266700 39 57
266700 55 101
266700 55 73
266700 60 89
266700 70 97
266700 95 99
267000 9 122
267000 13 75
267000 26 78
267000 41 95
267000 55 73
267000 60 89
267000 60 86
267000 73 97
267000 95 122
267300 4 20
267300 11 111
267300 13 75
267300 20 73
267300 20 41
267300 26 78
267300 31 122
267300 39 57
267300 41 95
267300 55 73
267300 67 111
267300 67 82
267300 70 82
267300 73 97
267300 73 99
267300 95 99
267300 99 107
267600 4 20
267600 8 39
267600 8 73
267600 11 111
267600 13 75
267600 13 39
267600 13 111
267600 13 31
267600 13 99
267600 20 41
267600 20 89
267600 26 78
267600 31 88
267600 31 111
267600 39 57
267600 53 73
267600 57 104
267600 67 111
267600 70 82
267600 72 89
267600 73 99
267600 75 110
267600 75 88
267600 89 111
267600 95 99
267600 99 107
267900 4 20
267900 4 99
267900 4 89
267900 8 73
267900 8 39
267900 8 118
267900 8 75
267900 11 111
267900 13 111
267900 13 39
267900 13 99
267900 20 41
267900 20 73
267900 24 39
267900 31 111
267900 31 88
267900 31 122
267900 31 70
267900 39 80
267900 53 73
267900 55 73
267900 70 82
267900 72 89
267900 72 80
267900 72 119
267900 73 97
267900 74 86
267900 75 88
267900 80 111
267900 99 107
268200 4 86
268200 4 62
268200 7 104
268200 8 118
268200 8 39
268200 8 104
268200 11 22
268200 11 86
268200 13 99
268200 13 39
268200 20 73
268200 20 41
268200 24 39
268200 31 122
268200 31 88
268200 31 111
268200 31 70
268200 34 67
268200 39 80
268200 39 114
268200 52 119
268200 55 73
268200 67 72
268200 70 82
268200 72 80
268200 73 97
268200 73 99
268200 75 88
268200 80 111
268200 80 119
268200 87 117
268200 95 99
268200 98 122
268200 99 107
268500 4 86
268500 4 89
268500 4 62
268500 4 20
268500 4 99
268500 7 104
268500 7 117
268500 7 31
268500 7 35
268500 8 118
268500 8 39
268500 8 62
268500 10 117
268500 10 114
268500 11 86
268500 11 22
268500 15 62
268500 15 53
268500 15 86
268500 15 80
268500 20 73
268500 20 41
268500 22 62
268500 31 122
268500 31 88
268500 31 70
268500 31 35
268500 31 104
268500 35 117
268500 55 73
268500 62 95
268500 67 72
268500 67 86
268500 72 80
268500 73 97
268500 74 86
268500 80 119
268500 80 111
268500 87 117
268500 99 107
268800 4 20
268800 4 99
268800 4 62
268800 4 80
268800 7 31
268800 7 117
268800 7 35
268800 7 34
268800 8 62
268800 8 118
268800 8 39
268800 8 117
268800 10 114
268800 10 117
268800 10 89
268800 15 62
268800 15 53
268800 22 62
268800 22 73
268800 22 50
268800 22 35
268800 24 39
268800 31 88
268800 31 35
268800 39 80
268800 39 114
268800 55 73
268800 62 95
268800 67 86
268800 72 80
268800 73 97
268800 73 87
268800 74 86
268800 80 119
268800 80 111
268800 83 89
268800 86 87
268800 87 117
269100 4 20
269100 4 62
269100 4 80
269100 4 99
269100 7 31
269100 7 35
269100 7 10
269100 8 62
269100 8 118
269100 8 10
269100 10 114
269100 10 89
269100 10 34
269100 15 62
269100 18 83
269100 22 62
269100 22 50
269100 22 35
269100 22 73
269100 24 39
269100 26 62
269100 34 123
269100 34 45
269100 35 39
269100 39 114
269100 39 80
269100 49 62
269100 50 117
269100 55 73
269100 62 95
269100 62 83
269100 67 86
269100 70 124
269100 73 97
269100 73 87
269100 80 111
269100 83 107
269100 87 111
269100 87 124
269400 4 20
269400 4 62
269400 4 99
269400 4 119
269400 4 49
269400 4 22
269400 7 117
269400 7 31
269400 7 34
269400 7 35
269400 8 118
269400 8 62
269400 8 10
269400 8 95
269400 10 89
269400 10 34
269400 15 62
269400 20 72
269400 22 73
269400 22 35
269400 22 95
269400 34 123
269400 34 97
269400 35 39
269400 35 73
269400 45 124
269400 49 123
269400 55 73
269400 58 124
269400 58 123
269400 62 83
269400 62 95
269400 70 124
269400 70 95
269400 72 80
269400 72 97
269400 72 73
269400 72 124
269400 73 87
269400 73 97
269400 73 119
269400 80 119
269400 83 107
269400 83 89
269400 83 119
269400 88 120
269400 100 123
269700 4 119
269700 4 80
269700 4 20
269700 7 35
269700 7 34
269700 8 10
269700 8 95
269700 8 62
269700 13 107
269700 15 62
269700 20 72
269700 20 116
269700 20 123
269700 22 95
269700 26 111
269700 30 35
269700 34 97
269700 35 73
269700 35 39
269700 39 80
269700 45 124
269700 49 123
269700 50 117
269700 55 73
269700 58 123
269700 62 83
269700 68 95
269700 68 107
269700 70 95
269700 72 97
269700 72 73
269700 72 117
269700 73 97
269700 73 87
269700 73 119
269700 80 111
269700 80 119
269700 83 107
269700 83 119
269700 83 89
269700 97 99
269700 100 123
270000 4 80
270000 4 119
270000 4 20
270000 7 117
270000 8 95
270000 8 118
270000 13 107
270000 13 119
270000 13 120
270000 13 95
270000 13 117
270000 20 72
270000 20 116
270000 20 123
270000 20 118
270000 40 83
270000 41 116
270000 41 118
270000 50 74
270000 68 95
270000 68 107
270000 68 122
270000 69 117
270000 70 95
270000 72 117
270000 72 73
270000 73 119
270000 74 83
270000 74 120
270000 80 119
270000 83 89
270000 83 107
270000 83 119
270000 83 116
270000 88 120
270000 97 99
270000 100 123
270000 107 120
270000 116 118
270300 4 20
270300 4 119
270300 7 117
270300 8 95
270300 8 118
270300 13 119
270300 13 95
270300 14 41
270300 20 116
270300 20 118
270300 20 72
270300 22 88
270300 40 82
270300 41 118
270300 41 116
270300 41 90
270300 41 98
270300 41 74
270300 46 121
270300 50 74
270300 69 117
270300 70 95
270300 73 119
270300 73 87
270300 74 120
270300 74 83
270300 80 119
270300 82 116
270300 83 119
270300 83 116
270300 88 98
270300 107 120
270300 116 118
270600 14 41
270600 14 90
270600 22 88
270600 22 46
270600 40 82
270600 41 98
270600 46 121
270600 58 121
271800 9 34
