0 2 98
0 2 32
0 5 8
0 9 79
0 11 107
0 11 28
0 13 40
0 14 65
0 15 106
0 23 87
0 23 105
0 26 87
0 28 39
0 28 89
0 32 110
0 35 87
0 36 47
0 36 117
0 42 104
0 45 87
0 48 105
0 48 77
0 52 78
0 57 68
0 57 84
0 57 76
0 57 59
0 62 81
0 65 105
0 66 76
0 66 118
0 71 81
0 76 100
0 79 107
0 89 99
0 93 95
300 2 32
300 2 98
300 2 106
300 2 34
300 11 107
300 11 28
300 13 94
300 13 105
300 14 81
300 14 36
300 15 106
300 26 87
300 28 89
300 35 87
300 36 47
300 36 117
300 39 110
300 42 104
300 45 87
300 57 76
300 57 59
300 57 68
300 57 94
300 62 81
300 66 118
300 66 76
300 76 100
300 79 110
300 93 95
300 94 105
600 2 34
600 2 98
600 9 79
600 11 28
600 11 107
600 13 94
600 13 105
600 14 81
600 14 67
600 26 87
600 28 110
600 36 117
600 42 104
600 45 87
600 57 94
600 57 59
600 62 81
600 66 118
600 67 110
600 93 95
600 94 105
900 2 98
900 2 34
900 4 64
900 9 79
900 11 28
900 11 107
900 13 94
900 14 64
900 26 87
900 28 110
900 28 45
900 42 104
900 45 87
900 57 94
900 62 81
900 66 118
900 67 110
900 93 95
1200 4 64
1200 9 79
1200 11 28
1200 11 107
1200 14 64
1200 14 101
1200 14 47
1200 22 67
1200 26 87
1200 40 73
1200 45 87
1200 66 118
1200 67 110
1200 93 95
1500 0 80
1500 3 34
1500 9 79
1500 11 107
1500 11 28
1500 14 64
1500 17 48
1500 24 35
1500 40 73
1500 42 104
1500 45 87
1500 47 77
1500 62 87
1500 66 118
1500 93 95
1500 96 116
1800 0 80
1800 9 79
1800 11 107
1800 14 47
1800 17 48
1800 40 73
1800 42 104
1800 48 53
1800 62 87
1800 66 118
1800 67 110
1800 93 95
1800 96 116
1800 96 107
2100 0 80
2100 14 47
2100 17 48
2100 21 63
2100 40 73
2100 42 104
2100 62 87
2100 67 110
2100 89 121
2100 93 95
2100 96 116
2400 0 80
2400 3 39
2400 3 100
2400 14 47
2400 16 75
2400 17 48
2400 21 63
2400 29 79
2400 40 73
2400 42 104
2400 55 96
2400 67 110
2400 89 121
2400 96 116
2700 3 39
2700 3 6
2700 14 47
2700 17 48
2700 21 63
2700 29 79
2700 40 73
2700 42 104
2700 55 79
2700 89 121
2700 96 116
3000 3 39
3000 14 47
3000 17 48
3000 18 64
3000 21 63
3000 26 43
3000 42 104
3000 55 79
3000 59 68
3000 89 121
3000 96 116
3300 17 48
3300 18 64
3300 18 28
3300 35 68
3300 42 104
3300 52 88
3300 55 79
3300 59 68
3300 63 118
3300 89 121
3300 90 113
3300 96 116
3300 98 115
3600 0 38
3600 9 80
3600 17 48
3600 18 28
3600 18 64
3600 21 63
3600 42 104
3600 55 79
3600 57 114
3600 59 68
3600 89 121
3600 96 116
3900 6 57
3900 9 80
3900 9 19
3900 17 48
3900 55 79
3900 57 114
3900 57 68
3900 57 92
3900 89 121
3900 90 113
3900 96 116
4200 0 38
4200 6 57
4200 18 64
4200 18 28
4200 19 62
4200 20 113
4200 21 63
4200 55 79
4200 57 114
4200 59 68
4200 89 121
4200 90 113
4200 96 116
4200 105 107
4500 3 79
4500 6 57
4500 9 19
4500 9 80
4500 17 48
4500 21 63
4500 55 79
4500 55 93
4500 57 92
4500 59 68
4500 89 121
4500 90 113
4500 96 116
4500 105 107
4800 0 38
4800 3 79
4800 6 57
4800 9 19
4800 9 80
4800 17 48
4800 18 28
4800 18 64
4800 59 68
4800 89 121
4800 90 113
4800 105 107
5100 3 79
5100 6 57
5100 9 19
5100 19 34
5100 21 63
5100 55 79
5100 55 93
5100 59 68
5100 89 121
5100 90 113
5100 101 119
5100 105 107
5400 0 38
5400 6 57
5400 7 92
5400 9 19
5400 18 64
5400 51 113
5400 55 93
5400 55 79
5400 89 121
5400 90 113
5400 101 119
5400 105 107
5700 0 38
5700 3 79
5700 9 19
5700 18 64
5700 19 34
5700 51 113
5700 55 79
5700 59 68
5700 90 113
5700 105 107
6000 0 38
6000 3 79
6000 7 92
6000 17 90
6000 18 64
6000 33 54
6000 51 113
6000 59 68
6000 89 121
6000 90 113
6000 105 107
6300 3 79
6300 7 92
6300 9 19
6300 17 90
6300 18 64
6300 33 54
6300 42 50
6300 51 113
6300 59 68
6300 90 113
6300 105 107
6600 3 79
6600 7 92
6600 9 19
6600 13 94
6600 18 64
6600 42 50
6600 51 113
6600 59 68
6600 89 121
6600 105 107
6900 3 79
6900 7 92
6900 9 19
6900 13 94
6900 33 54
6900 42 50
6900 51 113
6900 90 113
6900 105 107
7200 2 92
7200 7 92
7200 9 19
7200 9 96
7200 13 94
7200 18 64
7200 33 54
7200 42 50
7200 59 68
7500 9 96
7500 9 19
7500 13 94
7500 15 45
7500 28 88
7500 33 54
7500 51 113
7500 59 68
7500 90 113
7500 105 107
7800 2 92
7800 13 94
7800 16 45
7800 42 99
7800 45 51
7800 51 69
7800 69 95
7800 88 105
7800 90 113
7800 99 105
8100 2 92
8100 9 19
8100 9 33
8100 13 94
8100 16 45
8100 16 54
8100 19 105
8100 19 92
8100 19 95
8100 19 33
8100 42 99
8100 42 91
8100 88 105
8100 88 91
8100 92 99
8100 92 105
8100 98 99
8100 99 105
8400 2 99
8400 5 19
8400 9 19
8400 9 33
8400 9 102
8400 13 92
8400 13 40
8400 13 33
8400 18 30
8400 19 92
8400 19 105
8400 33 54
8400 33 58
8400 33 84
8400 33 101
8400 38 51
8400 40 54
8400 42 99
8400 92 99
8400 92 105
8400 98 99
8400 99 105
8400 102 105
8700 5 13
8700 9 33
8700 9 19
8700 9 50
8700 9 120
8700 9 81
8700 13 94
8700 13 40
8700 13 92
8700 13 33
8700 18 32
8700 19 92
8700 19 105
8700 19 33
8700 29 84
8700 32 81
8700 33 101
8700 33 84
8700 33 54
8700 38 81
8700 58 84
8700 81 120
8700 87 98
8700 98 99
9000 2 99
9000 5 19
9000 5 84
9000 9 19
9000 9 50
9000 19 92
9000 19 33
9000 19 120
9000 32 81
9000 33 84
9000 33 101
9000 38 81
9000 38 51
9000 42 99
9000 50 120
9000 58 84
9000 73 81
9000 81 120
9000 87 98
9000 92 99
9000 94 120
9000 99 105
9000 103 120
9300 2 99
9300 5 84
9300 33 101
9300 33 84
9300 38 81
9300 38 51
9300 38 99
9300 38 115
9300 42 99
9300 51 83
9300 58 84
9300 73 91
9300 73 84
9300 80 91
9300 81 99
9300 87 98
9300 92 99
9300 99 105
9600 1 87
9600 2 99
9600 2 25
9600 2 32
9600 5 84
9600 6 91
9600 25 91
9600 25 105
9600 26 87
9600 32 105
9600 32 50
9600 33 84
9600 33 101
9600 38 51
9600 38 81
9600 38 87
9600 42 99
9600 58 84
9600 73 84
9600 80 91
9600 80 103
9600 87 98
9600 91 105
9600 91 95
9600 92 99
9600 99 105
9900 2 25
9900 2 99
9900 2 17
9900 5 84
9900 6 91
9900 6 16
9900 6 52
9900 12 84
9900 12 67
9900 16 115
9900 16 26
9900 25 105
9900 25 91
9900 25 26
9900 26 87
9900 26 101
9900 26 105
9900 26 102
9900 32 105
9900 32 49
9900 33 84
9900 33 101
9900 38 51
9900 38 87
9900 38 99
9900 38 81
9900 42 99
9900 47 50
9900 52 84
9900 58 84
9900 84 87
9900 92 99
9900 97 101
10200 2 32
10200 2 99
10200 2 17
10200 5 84
10200 6 91
10200 6 16
10200 6 52
10200 6 115
10200 10 16
10200 12 84
10200 12 67
10200 16 26
10200 16 115
10200 17 26
10200 25 105
10200 25 26
10200 25 58
10200 26 87
10200 26 101
10200 26 49
10200 32 105
10200 32 49
10200 33 101
10200 38 51
10200 38 99
10200 38 58
10200 42 99
10200 47 50
10200 58 59
10200 58 67
10200 66 101
10200 67 105
10200 84 87
10200 97 101
10500 1 81
10500 2 25
10500 2 17
10500 2 42
10500 6 115
10500 6 52
10500 6 91
10500 10 16
10500 16 42
10500 19 92
10500 19 66
10500 19 67
10500 25 105
10500 25 26
10500 25 91
10500 25 58
10500 26 101
10500 26 102
10500 33 101
10500 38 99
10500 38 58
10500 38 51
10500 38 81
10500 38 92
10500 41 81
10500 42 117
10500 42 102
10500 58 59
10500 66 101
10500 66 81
10500 66 92
10500 66 114
10500 67 102
10500 92 99
10500 97 101
10800 1 73
10800 2 17
10800 2 42
10800 6 91
10800 6 115
10800 6 52
10800 6 81
10800 6 101
10800 10 101
10800 10 117
10800 12 67
10800 16 42
10800 19 66
10800 19 67
10800 19 117
10800 24 79
10800 24 81
10800 26 102
10800 26 101
10800 33 101
10800 38 51
10800 38 92
10800 38 81
10800 40 42
10800 41 81
10800 42 102
10800 42 92
10800 58 67
10800 66 81
10800 66 101
10800 66 114
10800 67 102
10800 67 105
10800 92 99
10800 92 102
11100 6 115
11100 8 17
11100 8 73
11100 10 101
11100 10 117
11100 12 67
11100 19 67
11100 19 21
11100 21 102
11100 26 102
11100 33 101
11100 38 51
11100 42 102
11100 58 67
11100 66 114
11100 67 102
11100 67 105
11100 67 73
11100 92 102
11100 92 99
11400 8 73
11400 19 21
11400 21 102
13200 18 81
13500 18 81
13500 19 66
13800 19 52
13800 66 91
13800 91 112
14100 19 52
14100 52 72
14100 66 91
15000 15 116
15000 23 88
15000 30 102
15000 61 121
15000 88 121
15000 91 98
15000 93 102
15300 1 18
15300 1 100
15300 30 102
15300 36 79
15300 79 92
15300 79 91
15300 91 92
15300 93 102
15600 12 21
15600 22 94
15600 36 79
15600 79 92
15600 81 104
15900 9 54
15900 32 54
15900 32 78
15900 33 87
15900 54 84
15900 81 104
15900 90 99
16200 2 10
16200 9 54
16200 32 54
16200 32 84
16200 84 97
16500 6 114
16500 69 73
16500 73 121
16500 114 119
16800 65 114
16800 74 114
17400 27 110
17400 46 73
17400 81 110
17700 38 81
17700 81 98
17700 98 101
18000 38 77
18000 38 105
18300 39 117
18300 49 103
18300 49 87
18600 8 100
18600 13 55
18600 20 40
18600 20 115
18600 20 90
18600 34 39
18600 34 38
18600 38 86
18600 39 117
18600 39 86
18600 40 75
18600 49 87
18600 49 86
18900 8 86
18900 13 100
18900 13 38
18900 20 40
18900 20 100
18900 20 38
18900 20 103
18900 34 39
18900 34 86
18900 38 86
18900 38 100
18900 38 75
18900 39 86
18900 39 117
18900 40 75
18900 48 100
18900 49 86
18900 49 100
18900 86 104
18900 86 100
19200 2 103
19200 8 86
19200 13 100
19200 20 38
19200 34 86
19200 37 66
19200 38 100
19200 38 75
19200 38 115
19200 39 117
19200 48 100
19200 49 87
19200 49 100
19200 49 86
19200 55 93
19200 76 84
19200 86 100
19200 86 117
19200 90 117
19200 115 117
19500 2 115
19500 8 86
19500 20 103
19500 20 38
19500 27 55
19500 31 39
19500 31 45
19500 31 37
19500 34 86
19500 37 40
19500 38 115
19500 38 100
19500 38 75
19500 38 116
19500 38 40
19500 39 86
19500 39 84
19500 40 75
19500 49 87
19500 55 93
19500 76 84
19500 90 117
19500 115 117
19500 115 116
19800 2 115
19800 8 86
19800 10 31
19800 13 49
19800 13 84
19800 20 103
19800 20 116
19800 27 103
19800 28 117
19800 28 40
19800 28 31
19800 31 39
19800 31 116
19800 34 86
19800 37 40
19800 38 116
19800 38 115
19800 39 117
19800 39 86
19800 40 75
19800 40 66
19800 40 88
19800 49 87
19800 49 86
19800 49 67
19800 50 86
19800 62 67
19800 76 84
19800 86 100
19800 103 111
19800 103 117
19800 115 117
19800 115 116
20100 4 28
20100 8 86
20100 10 31
20100 13 49
20100 20 116
20100 20 27
20100 27 103
20100 27 28
20100 27 66
20100 28 117
20100 28 31
20100 28 111
20100 31 116
20100 36 90
20100 36 81
20100 37 40
20100 39 117
20100 49 67
20100 49 87
20100 49 95
20100 49 66
20100 55 96
20100 55 88
20100 62 67
20100 62 109
20100 67 96
20100 84 96
20100 87 88
20100 93 94
20100 103 117
20100 103 111
20100 115 116
20400 2 115
20400 4 45
20400 13 49
20400 20 27
20400 20 39
20400 27 103
20400 27 66
20400 27 116
20400 27 93
20400 28 111
20400 28 117
20400 28 31
20400 31 39
20400 36 90
20400 36 96
20400 36 87
20400 36 45
20400 37 40
20400 37 50
20400 38 116
20400 39 117
20400 39 93
20400 40 88
20400 41 90
20400 45 96
20400 49 66
20400 49 88
20400 49 90
20400 55 96
20400 55 88
20400 55 90
20400 62 109
20400 67 96
20400 71 93
20400 90 96
20400 90 93
20400 91 107
20400 93 94
20400 93 96
20400 103 111
20400 103 117
20400 115 117
20700 2 115
20700 4 45
20700 16 39
20700 20 91
20700 27 60
20700 27 78
20700 28 31
20700 30 54
20700 31 39
20700 36 45
20700 36 81
20700 36 96
20700 37 50
20700 39 93
20700 39 111
20700 49 67
20700 50 107
20700 54 68
20700 55 77
20700 67 84
20700 68 77
20700 68 115
20700 71 93
20700 91 107
20700 93 96
20700 96 111
20700 103 111
20700 115 116
21000 2 115
21000 4 45
21000 16 68
21000 16 28
21000 16 45
21000 16 20
21000 16 30
21000 20 39
21000 20 91
21000 20 40
21000 20 62
21000 20 31
21000 20 68
21000 20 103
21000 20 94
21000 20 88
21000 20 45
21000 28 31
21000 28 68
21000 30 117
21000 31 62
21000 36 45
21000 36 103
21000 36 60
21000 37 50
21000 38 116
21000 39 93
21000 40 91
21000 45 77
21000 47 71
21000 49 88
21000 49 90
21000 49 66
21000 50 97
21000 54 71
21000 54 76
21000 55 96
21000 55 77
21000 55 90
21000 55 88
21000 68 77
21000 71 93
21000 71 84
21000 93 96
21300 2 115
21300 16 39
21300 16 68
21300 16 28
21300 20 68
21300 20 45
21300 20 88
21300 20 103
21300 20 62
21300 24 28
21300 27 60
21300 28 68
21300 28 62
21300 28 88
21300 30 54
21300 30 78
21300 31 39
21300 31 62
21300 36 60
21300 36 103
21300 37 50
21300 37 39
21300 38 60
21300 38 55
21300 39 93
21300 40 67
21300 40 68
21300 43 88
21300 45 77
21300 47 71
21300 49 66
21300 50 60
21300 54 71
21300 55 96
21300 60 62
21300 62 88
21300 67 101
21300 68 115
21300 90 115
21300 91 115
21300 93 96
21300 115 116
21600 9 49
21600 16 45
21600 16 20
21600 16 68
21600 16 39
21600 16 28
21600 16 93
21600 18 68
21600 20 45
21600 27 60
21600 27 93
21600 27 36
21600 28 88
21600 31 39
21600 31 62
21600 36 60
21600 36 103
21600 36 88
21600 36 93
21600 36 71
21600 37 39
21600 38 116
21600 38 62
21600 39 93
21600 40 67
21600 49 68
21600 50 60
21600 50 77
21600 51 67
21600 52 53
21600 54 67
21600 55 88
21600 55 90
21600 55 77
21600 55 102
21600 60 62
21600 62 88
21600 62 93
21600 67 101
21600 68 77
21600 68 115
21600 71 77
21600 93 96
21600 96 116
21600 102 120
21600 115 116
21900 1 54
21900 9 49
21900 9 93
21900 9 54
21900 16 93
21900 20 103
21900 20 45
21900 27 36
21900 27 93
21900 27 60
21900 28 88
21900 30 54
21900 30 102
21900 32 96
21900 32 54
21900 36 93
21900 36 103
21900 36 88
21900 36 71
21900 36 90
21900 36 54
21900 38 62
21900 38 60
21900 38 116
21900 40 67
21900 44 109
21900 45 63
21900 50 54
21900 52 53
21900 54 71
21900 54 116
21900 54 90
21900 55 90
21900 55 102
21900 58 102
21900 61 102
21900 62 93
21900 67 101
21900 78 90
21900 82 102
21900 91 93
21900 112 116
21900 115 116
22200 1 105
22200 9 99
22200 9 81
22200 12 109
22200 20 30
22200 28 88
22200 29 83
22200 29 45
22200 30 56
22200 32 54
22200 32 96
22200 32 109
22200 33 99
22200 36 90
22200 36 88
22200 38 60
22200 38 62
22200 39 45
22200 40 67
22200 43 65
22200 44 109
22200 45 63
22200 54 90
22200 55 90
22200 55 102
22200 56 112
22200 57 103
22200 60 83
22200 62 93
22200 65 120
22200 67 101
22200 68 115
22200 81 115
22200 81 98
22200 112 120
22200 115 116
22500 1 105
22500 11 115
22500 12 113
22500 20 45
22500 20 30
22500 20 41
22500 29 65
22500 30 56
22500 30 103
22500 32 54
22500 32 41
22500 32 105
22500 33 109
22500 38 60
22500 42 83
22500 43 65
22500 44 109
22500 45 63
22500 52 56
22500 55 83
22500 65 120
22500 68 115
22500 73 103
22500 105 120
22500 109 115
22500 112 120
22500 115 116
22800 20 45
22800 20 54
22800 20 105
22800 28 88
22800 28 112
22800 30 103
22800 38 60
22800 38 83
22800 39 59
22800 41 120
22800 42 83
22800 43 65
22800 44 109
22800 45 63
22800 58 83
22800 58 59
22800 62 93
22800 65 120
22800 65 80
22800 65 90
22800 73 103
22800 81 92
22800 105 120
22800 109 115
22800 112 120
23100 5 55
23100 20 45
23100 20 30
23100 22 53
23100 22 101
23100 25 38
23100 28 88
23100 28 112
23100 29 65
23100 30 56
23100 30 39
23100 38 60
23100 39 111
23100 44 109
23100 45 63
23100 45 51
23100 51 92
23100 51 58
23100 51 101
23100 51 111
23100 51 91
23100 51 80
23100 52 111
23100 55 83
23100 58 87
23100 81 111
23100 89 99
23100 92 111
23100 99 111
23400 1 14
23400 7 91
23400 14 18
23400 18 83
23400 20 30
23400 22 101
23400 22 53
23400 28 112
23400 28 88
23400 29 65
23400 29 43
23400 34 118
23400 38 83
23400 38 60
23400 43 65
23400 44 109
23400 51 58
23400 51 91
23400 55 83
23400 58 87
23400 87 118
23400 98 99
23400 101 106
23400 101 109
23700 5 6
23700 7 91
23700 12 75
23700 13 24
23700 14 18
23700 18 83
23700 20 30
23700 20 86
23700 22 53
23700 22 101
23700 25 38
23700 28 112
23700 30 39
23700 30 117
23700 38 60
23700 43 99
23700 51 101
23700 55 83
23700 58 87
23700 65 118
23700 78 79
23700 86 117
23700 100 118
23700 101 109
24000 7 91
24000 12 75
24000 12 118
24000 12 101
24000 14 18
24000 18 83
24000 20 67
24000 22 101
24000 22 119
24000 28 112
24000 28 88
24000 30 117
24000 30 39
24000 30 87
24000 30 118
24000 38 120
24000 38 67
24000 39 63
24000 51 101
24000 55 83
24000 58 87
24000 63 119
24000 65 118
24000 67 106
24000 86 117
24000 88 103
24000 100 118
24000 100 101
24000 101 109
24000 106 119
24300 5 6
24300 6 74
24300 6 96
24300 12 118
24300 12 100
24300 14 18
24300 14 119
24300 22 101
24300 22 119
24300 28 63
24300 38 67
24300 38 120
24300 39 63
24300 51 101
24300 58 87
24300 63 119
24300 87 119
24300 88 118
24300 94 100
24300 94 96
24300 100 118
24300 101 109
24300 106 119
24300 108 119
24600 6 74
24600 6 96
24600 6 9
24600 6 87
24600 6 79
24600 6 67
24600 12 100
24600 14 18
24600 18 83
24600 18 79
24600 20 67
24600 38 120
24600 38 67
24600 38 94
24600 39 63
24600 51 101
24600 55 83
24600 63 91
24600 67 106
24600 83 86
24600 84 111
24600 87 119
24600 88 118
24600 91 111
24600 101 109
24600 106 119
24900 6 74
24900 6 96
24900 12 100
24900 12 118
24900 14 18
24900 28 106
24900 33 38
24900 33 104
24900 36 83
24900 38 67
24900 38 100
24900 51 101
24900 55 83
24900 63 91
24900 79 83
24900 83 84
24900 83 114
24900 84 111
24900 84 118
24900 88 118
24900 91 111
24900 94 100
24900 100 118
24900 101 109
24900 111 114
25200 1 10
25200 1 118
25200 3 84
25200 6 96
25200 12 100
25200 12 120
25200 18 79
25200 18 83
25200 18 60
25200 20 112
25200 28 106
25200 33 38
25200 33 104
25200 36 83
25200 38 120
25200 39 44
25200 51 101
25200 55 83
25200 60 79
25200 63 91
25200 79 118
25200 84 118
25200 91 111
25200 91 118
25200 100 118
25200 101 109
25200 111 114
25500 1 118
25500 1 99
25500 6 96
25500 7 113
25500 7 111
25500 10 23
25500 12 120
25500 12 118
25500 12 100
25500 20 112
25500 20 24
25500 20 54
25500 23 91
25500 23 109
25500 23 108
25500 23 101
25500 23 71
25500 23 112
25500 28 106
25500 33 104
25500 38 120
25500 39 44
25500 44 112
25500 52 113
25500 54 99
25500 58 99
25500 60 79
25500 79 118
25500 91 111
25500 91 118
25500 94 100
25500 100 118
25500 101 109
25800 1 10
25800 1 99
25800 3 84
25800 6 96
25800 7 111
25800 7 113
25800 9 42
25800 12 120
25800 12 118
25800 12 100
25800 20 54
25800 23 112
25800 33 104
25800 37 99
25800 39 44
25800 44 112
25800 51 101
25800 52 113
25800 54 99
25800 57 59
25800 60 79
25800 101 109
26100 3 84
26100 3 24
26100 6 96
26100 7 113
26100 7 111
26100 20 54
26100 21 51
26100 23 112
26100 37 99
26100 39 44
26100 44 112
26100 52 113
26100 54 99
26100 57 59
26100 60 79
26400 7 111
26400 8 13
26400 12 118
26400 19 114
26400 20 54
26400 23 112
26400 30 117
26400 37 99
26400 39 44
26400 44 112
26400 49 87
26400 54 99
26400 55 114
26400 60 79
26700 3 84
26700 3 24
26700 8 13
26700 9 55
26700 19 114
26700 20 54
26700 23 112
26700 26 55
26700 37 99
26700 39 44
26700 44 112
26700 49 87
26700 54 99
26700 84 108
27000 3 84
27000 5 100
27000 8 13
27000 9 55
27000 12 118
27000 19 114
27000 20 54
27000 26 55
27000 30 117
27000 49 87
27000 53 100
27000 63 108
27000 95 108
27300 1 57
27300 5 100
27300 8 13
27300 9 55
27300 26 55
27300 30 117
27300 44 112
27300 46 48
27300 53 100
27300 63 108
27300 70 98
27300 95 108
27600 1 57
27600 3 84
27600 3 46
27600 5 100
27600 9 55
27600 19 114
27600 20 24
27600 46 102
27600 49 87
27600 53 100
27600 63 108
27600 67 82
27600 89 104
27600 95 108
27900 3 46
27900 3 84
27900 5 100
27900 19 114
27900 26 55
27900 46 102
27900 47 91
27900 53 100
27900 63 108
27900 83 104
27900 89 104
27900 103 104
28200 1 57
28200 1 30
28200 3 12
28200 19 114
28200 20 24
28200 20 89
28200 26 55
28200 46 102
28200 53 100
28200 83 104
28200 103 104
28500 1 30
28500 3 84
28500 3 46
28500 3 12
28500 20 89
28500 26 55
28500 30 121
28500 46 102
28500 53 100
28500 60 80
28500 83 104
28500 86 102
28800 1 30
28800 1 16
28800 3 12
28800 3 46
28800 3 84
28800 4 19
28800 26 55
28800 30 121
28800 46 102
28800 83 104
29100 1 16
29100 1 30
29100 3 12
29100 4 19
29100 26 55
29100 30 121
29100 46 102
29100 53 101
29100 86 102
29100 87 116
29400 1 16
29400 1 30
29400 3 12
29400 11 60
29400 46 102
29400 46 52
29400 52 94
29400 53 101
29400 60 87
29400 87 116
29700 1 16
29700 1 30
29700 1 36
29700 3 12
29700 3 102
29700 4 19
29700 6 71
29700 11 46
29700 11 36
29700 30 68
29700 53 101
29700 87 116
30000 1 16
30000 4 19
30000 6 106
30000 6 51
30000 11 46
30000 11 36
30000 30 68
30000 53 101
30000 68 76
30000 87 116
30300 1 16
30300 4 19
30300 6 51
30300 6 106
30300 10 11
30300 11 46
30300 11 36
30300 11 120
30300 36 120
30300 58 98
30600 1 16
30600 4 19
30600 4 106
30600 6 106
30600 11 120
30600 11 36
30600 11 46
30600 23 36
30900 4 19
30900 6 106
30900 6 111
30900 11 46
30900 16 111
31200 4 19
31200 6 81
31200 11 46
31200 16 111
31200 45 67
31200 66 81
31500 4 19
31500 4 101
31500 4 11
31500 4 29
31500 11 46
31500 11 68
31500 13 29
31500 20 101
31500 45 67
31500 68 103
31500 68 101
31800 4 11
31800 4 19
31800 4 29
31800 11 68
31800 19 53
31800 19 43
31800 19 52
31800 34 52
31800 43 65
31800 45 67
31800 46 53
31800 53 99
31800 68 103
31800 68 101
32100 11 68
32100 19 53
32100 19 52
32100 34 52
32100 37 73
32100 37 62
32100 37 119
32100 43 65
32100 45 67
32100 59 62
32100 62 72
32100 72 73
32100 72 91
32100 73 94
32400 2 107
32400 19 52
32400 24 41
32400 33 54
32400 45 67
32400 47 81
32400 54 107
32400 73 94
32400 81 94
32700 0 79
32700 7 105
32700 11 68
32700 19 52
32700 33 54
32700 34 52
32700 43 65
32700 52 105
32700 73 94
32700 79 85
33000 0 79
33000 11 68
33000 33 54
33000 43 65
33000 57 105
33000 57 118
33000 65 103
33000 81 94
33300 0 79
33300 14 19
33300 57 105
33300 65 81
33300 79 85
33600 0 79
33600 14 19
33600 57 105
33600 79 85
33900 14 19
33900 57 105
33900 79 85
34200 0 79
34200 4 54
34200 27 104
34200 79 85
34500 4 54
34500 4 79
34500 79 85
34800 4 79
34800 4 58
34800 27 104
34800 57 58
34800 79 85
35100 4 79
35100 27 104
35100 58 109
35100 79 85
35400 58 109
35400 79 85
35700 4 79
35700 20 110
35700 20 96
35700 79 85
36000 4 58
36000 20 54
36000 28 34
36000 34 72
36000 79 85
36300 4 79
36300 20 54
36300 75 119
36300 79 85
36600 28 34
36600 28 60
36600 58 60
36900 28 60
36900 58 60
38400 40 103
38400 81 103
38700 81 103
39000 40 91
39300 81 83
87000 19 92
87000 39 71
87000 64 84
87000 76 84
87300 3 92
87300 3 10
87300 16 73
87300 19 92
87300 39 71
87300 44 73
87300 76 84
87300 77 84
87600 0 8
87600 0 84
87600 3 92
87600 16 73
87600 17 41
87600 19 58
87600 36 41
87600 39 71
87600 76 84
87600 77 84
87900 0 8
87900 0 1
87900 0 62
87900 3 92
87900 17 41
87900 19 58
87900 36 96
87900 39 71
87900 41 111
87900 41 46
87900 76 84
87900 77 84
88200 0 1
88200 3 92
88200 8 96
88200 19 58
88200 35 72
88200 41 111
88200 76 84
88200 77 84
88500 19 58
88500 19 34
88500 21 66
88500 24 115
88500 35 72
88500 36 96
88500 76 84
88500 77 84
88500 98 113
88500 113 115
88800 4 14
88800 14 91
88800 19 58
88800 24 115
88800 27 37
88800 36 96
88800 56 84
88800 76 84
88800 77 84
88800 113 115
89100 4 14
89100 10 118
89100 10 104
89100 24 115
89100 27 37
89100 27 41
89100 27 49
89100 56 84
89100 70 113
89100 76 84
89100 77 84
89100 91 104
89100 113 115
89400 19 58
89400 24 115
89400 27 49
89400 27 37
89400 36 96
89400 56 84
89400 62 94
89400 76 84
89400 77 84
89400 113 115
89700 0 11
89700 11 57
89700 16 90
89700 27 37
89700 56 84
89700 62 94
89700 76 84
89700 77 84
89700 113 115
90000 11 57
90000 16 90
90000 20 71
90000 20 76
90000 23 89
90000 27 37
90000 62 94
90000 113 115
90300 11 57
90300 20 71
90300 20 21
90300 20 58
90300 27 37
90300 38 86
90300 51 58
90300 62 94
90300 86 108
90300 113 115
90600 11 57
90600 20 76
90600 20 71
90600 20 58
90600 20 21
90600 23 89
90600 38 86
90600 51 58
90600 77 87
90600 77 85
90600 86 108
90900 11 57
90900 20 71
90900 20 21
90900 23 89
90900 51 58
90900 77 85
90900 77 87
90900 86 108
90900 113 115
91200 20 21
91200 20 71
91200 77 87
91200 77 85
91200 86 108
91200 113 115
91500 11 57
91500 20 71
91500 77 87
91500 77 85
91500 86 108
91500 113 115
91800 20 71
91800 20 21
91800 51 78
91800 77 85
91800 86 108
91800 113 115
92100 11 57
92100 51 78
92100 61 92
92100 77 87
92100 86 108
92100 113 115
92400 0 103
92400 11 57
92400 20 21
92400 20 71
92400 77 85
92400 86 108
92400 113 115
92700 0 103
92700 11 57
92700 20 71
92700 51 78
92700 64 79
92700 77 85
92700 86 108
92700 94 113
92700 113 115
93000 11 57
93000 20 21
93000 77 85
93000 86 108
93000 113 115
93300 11 57
93300 20 21
93300 30 33
93300 64 79
93300 76 115
93300 86 108
93300 94 113
93300 113 115
93600 11 57
93600 63 72
93600 76 115
93600 77 85
93600 113 115
93900 11 57
93900 20 21
93900 30 33
93900 38 56
93900 64 79
93900 76 115
93900 113 115
94200 11 79
94200 11 59
94200 11 56
94200 25 72
94200 25 79
94200 25 105
94200 42 72
94200 56 105
94200 56 76
94200 64 79
94200 76 115
94200 76 79
94200 113 115
94500 11 56
94500 11 57
94500 11 59
94500 11 76
94500 25 72
94500 25 105
94500 25 79
94500 25 57
94500 30 105
94500 35 105
94500 44 105
94500 56 105
94500 56 76
94500 56 68
94500 57 105
94500 57 79
94500 76 115
94500 88 113
94500 113 116
94800 11 56
94800 11 59
94800 11 57
94800 11 76
94800 18 65
94800 18 116
94800 21 78
94800 25 105
94800 25 79
94800 25 57
94800 25 42
94800 30 105
94800 35 105
94800 44 73
94800 57 79
94800 57 105
94800 78 113
94800 88 113
94800 113 116
95100 11 56
95100 11 59
95100 11 67
95100 11 111
95100 11 18
95100 18 65
95100 18 116
95100 18 30
95100 21 78
95100 25 57
95100 25 42
95100 25 79
95100 25 54
95100 30 42
95100 30 57
95100 42 113
95100 44 73
95100 57 79
95100 57 105
95100 57 113
95100 78 113
95100 113 116
95100 113 120
95400 11 67
95400 11 111
95400 18 30
95400 18 65
95400 18 62
95400 18 88
95400 25 54
95400 27 108
95400 27 47
95400 30 105
95400 30 67
95400 42 113
95400 42 88
95400 42 54
95400 44 73
95400 54 62
95400 62 108
95400 62 67
95400 65 88
95400 88 113
95400 113 120
95700 1 27
95700 2 112
95700 2 88
95700 2 47
95700 18 88
95700 18 62
95700 18 65
95700 25 54
95700 27 47
95700 27 108
95700 27 88
95700 27 105
95700 27 78
95700 27 56
95700 33 47
95700 33 65
95700 34 54
95700 42 88
95700 46 106
95700 47 117
95700 47 62
95700 54 62
95700 58 62
95700 62 108
95700 62 67
95700 65 88
95700 65 120
95700 65 67
95700 67 116
95700 113 120
96000 1 27
96000 2 112
96000 2 47
96000 2 88
96000 2 58
96000 10 50
96000 18 65
96000 25 54
96000 33 65
96000 46 106
96000 46 65
96000 46 58
96000 47 62
96000 57 98
96000 57 77
96000 65 88
96300 2 88
96300 2 112
96300 2 58
96300 2 47
96300 2 54
96300 9 112
96300 10 50
96300 17 98
96300 25 54
96300 33 65
96300 34 112
96300 46 106
96300 46 65
96300 46 58
96300 46 112
96300 91 112
96600 2 58
96600 2 47
96600 2 54
96600 2 112
96600 3 34
96600 9 112
96600 9 54
96600 10 50
96600 17 98
96600 17 79
96600 17 48
96600 26 27
96600 26 34
96600 27 34
96600 34 91
96600 46 65
96600 46 106
96600 46 112
96600 46 58
96600 46 56
96600 86 106
96600 91 112
96900 3 86
96900 3 26
96900 3 17
96900 3 27
96900 3 10
96900 10 50
96900 17 98
96900 17 86
96900 26 34
96900 26 27
96900 26 77
96900 34 91
96900 46 56
96900 46 112
96900 46 106
96900 46 86
96900 50 98
96900 79 86
96900 79 119
96900 79 111
96900 86 106
96900 86 91
96900 91 112
96900 91 98
97200 3 77
97200 3 86
97200 10 50
97200 10 98
97200 10 104
97200 17 98
97200 17 79
97200 26 27
97200 26 34
97200 26 86
97200 34 91
97200 46 86
97200 46 56
97200 46 112
97200 46 106
97200 50 98
97200 50 79
97200 79 86
97200 79 119
97200 86 91
97200 91 98
97200 91 121
97500 0 111
97500 3 86
97500 8 36
97500 10 98
97500 17 79
97500 20 50
97500 26 86
97500 26 34
97500 26 77
97500 46 106
97500 46 56
97500 46 86
97500 46 119
97500 46 108
97500 46 92
97500 50 98
97500 50 79
97500 50 111
97500 50 75
97500 75 111
97500 79 119
97500 79 111
97500 79 86
97500 86 91
97500 91 98
97500 111 119
97800 46 119
97800 50 75
97800 75 111
99000 3 66
99000 66 73
99300 3 66
101400 15 110
102000 5 107
102000 5 77
102000 41 77
102300 37 59
102300 66 97
102300 71 97
102600 36 66
102600 45 63
102600 63 111
102600 63 97
102600 76 111
102900 19 44
102900 28 44
102900 36 66
102900 46 89
102900 46 80
102900 63 111
102900 63 97
103200 28 46
103200 57 94
103500 33 96
103500 33 39
103500 39 52
103500 39 69
103800 13 38
103800 33 39
103800 33 96
103800 38 105
103800 38 71
103800 39 52
104100 3 13
104100 6 13
104100 13 38
104100 13 14
104100 13 88
104100 14 106
104100 38 71
104100 70 119
104400 23 32
104400 85 111
104400 86 90
104700 11 48
104700 11 45
104700 45 107
104700 48 80
105000 6 106
105000 6 21
105000 6 52
105000 11 48
105000 31 43
105000 32 81
105000 45 107
105000 80 81
105000 81 116
105000 86 90
105300 2 21
105300 6 106
105300 6 52
105300 14 84
105300 16 32
105300 31 43
105300 32 65
105300 32 88
105300 32 81
105300 32 55
105300 32 59
105300 59 84
105300 66 81
105300 77 88
105300 81 86
105600 2 21
105600 2 6
105600 4 88
105600 4 86
105600 6 106
105600 6 52
105600 6 41
105600 6 77
105600 6 66
105600 14 84
105600 17 94
105600 25 84
105600 31 43
105600 32 88
105600 41 106
105600 41 48
105600 45 86
105600 48 88
105600 59 84
105600 77 88
105600 80 84
105600 81 116
105600 86 90
105600 93 106
105900 2 21
105900 2 6
105900 4 88
105900 4 26
105900 4 17
105900 4 16
105900 4 53
105900 6 66
105900 6 77
105900 6 52
105900 6 99
105900 6 21
105900 13 80
105900 14 84
105900 14 71
105900 14 25
105900 14 87
105900 25 57
105900 26 77
105900 31 43
105900 32 81
105900 32 59
105900 32 88
105900 41 48
105900 41 106
105900 48 88
105900 53 54
105900 59 84
105900 66 81
105900 80 84
105900 81 86
105900 93 106
106200 1 106
106200 2 21
106200 2 6
106200 2 37
106200 2 66
106200 2 77
106200 4 17
106200 4 53
106200 4 16
106200 4 37
106200 6 21
106200 6 52
106200 12 32
106200 13 80
106200 13 32
106200 14 84
106200 14 71
106200 17 94
106200 18 106
106200 25 84
106200 25 57
106200 26 60
106200 26 71
106200 32 59
106200 32 81
106200 32 93
106200 37 106
106200 41 48
106200 41 106
106200 41 88
106200 41 71
106200 45 86
106200 48 88
106200 50 93
106200 53 54
106200 57 82
106200 59 116
106200 66 81
106200 69 93
106200 77 88
106200 80 84
106200 81 86
106200 86 90
106200 93 106
106500 1 119
106500 2 21
106500 2 37
106500 2 66
106500 2 6
106500 2 80
106500 2 56
106500 4 37
106500 4 16
106500 4 53
106500 4 17
106500 4 11
106500 4 94
106500 6 21
106500 11 25
106500 13 80
106500 14 71
106500 14 113
106500 14 80
106500 18 106
106500 19 86
106500 26 60
106500 26 71
106500 27 89
106500 35 43
106500 36 86
106500 37 106
106500 41 88
106500 41 48
106500 41 71
106500 45 86
106500 45 90
106500 50 93
106500 53 54
106500 53 95
106500 53 87
106500 53 69
106500 57 82
106500 59 116
106500 59 86
106500 66 108
106500 90 114
106500 110 113
106800 1 119
106800 2 21
106800 2 6
106800 4 11
106800 6 21
106800 6 77
106800 6 69
106800 6 109
106800 6 27
106800 7 18
106800 11 25
106800 18 106
106800 18 88
106800 18 60
106800 25 57
106800 27 89
106800 27 119
106800 32 93
106800 36 86
106800 37 106
106800 41 106
106800 41 48
106800 41 95
106800 53 95
106800 53 54
106800 53 87
106800 53 69
106800 53 60
106800 54 109
106800 54 69
106800 57 82
106800 59 116
106800 59 86
106800 60 86
106800 66 75
106800 69 93
106800 69 84
106800 77 82
106800 82 95
106800 82 116
106800 83 116
106800 88 109
106800 93 106
106800 94 113
106800 110 113
107100 2 21
107100 2 37
107100 4 94
107100 4 37
107100 4 11
107100 6 109
107100 6 69
107100 6 77
107100 6 21
107100 6 11
107100 6 108
107100 7 18
107100 11 25
107100 11 41
107100 13 77
107100 16 109
107100 18 60
107100 18 106
107100 18 35
107100 18 88
107100 19 109
107100 25 57
107100 26 67
107100 26 113
107100 27 89
107100 27 119
107100 30 75
107100 30 109
107100 32 93
107100 35 77
107100 37 75
107100 41 95
107100 41 106
107100 41 88
107100 50 53
107100 53 69
107100 53 95
107100 53 60
107100 53 87
107100 54 69
107100 59 116
107100 59 86
107100 60 86
107100 67 83
107100 69 93
107100 69 84
107100 77 82
107100 83 116
107100 86 109
107100 86 105
107100 88 109
107100 93 106
107400 2 37
107400 2 113
107400 4 94
107400 4 37
107400 6 77
107400 7 18
107400 13 77
107400 16 109
107400 16 116
107400 17 95
107400 18 35
107400 25 57
107400 25 113
107400 25 27
107400 25 54
107400 26 113
107400 26 105
107400 27 119
107400 27 89
107400 27 86
107400 27 48
107400 27 66
107400 28 113
107400 30 75
107400 30 109
107400 30 113
107400 30 87
107400 32 93
107400 35 77
107400 35 41
107400 37 106
107400 40 105
107400 41 95
107400 41 53
107400 47 105
107400 50 67
107400 51 86
107400 51 67
107400 53 69
107400 53 95
107400 53 60
107400 54 113
107400 57 82
107400 59 116
107400 63 95
107400 69 84
107400 77 82
107400 82 116
107400 82 95
107400 83 116
107400 84 106
107400 86 109
107400 87 116
107400 92 113
107400 94 113
107400 95 105
107400 95 113
107400 105 113
107400 109 113
107400 110 113
107400 113 116
107700 2 60
107700 4 37
107700 4 94
107700 4 66
107700 4 27
107700 4 50
107700 4 26
107700 7 18
107700 11 25
107700 13 77
107700 13 24
107700 13 50
107700 16 116
107700 17 95
107700 17 116
107700 25 113
107700 25 27
107700 25 54
107700 27 66
107700 27 86
107700 27 48
107700 27 93
107700 28 86
107700 30 109
107700 30 87
107700 32 93
107700 32 40
107700 41 42
107700 43 54
107700 43 50
107700 50 53
107700 51 86
107700 53 95
107700 53 60
107700 53 55
107700 53 93
107700 55 66
107700 57 82
107700 59 116
107700 59 86
107700 60 121
107700 69 84
107700 69 93
107700 76 82
107700 82 116
107700 82 95
107700 84 106
107700 87 116
107700 110 113
107700 113 116
108000 0 67
108000 2 60
108000 2 37
108000 4 50
108000 4 27
108000 4 86
108000 4 71
108000 6 77
108000 10 89
108000 13 50
108000 13 24
108000 13 77
108000 16 109
108000 16 116
108000 23 89
108000 23 87
108000 23 66
108000 25 27
108000 25 113
108000 25 60
108000 27 93
108000 29 37
108000 30 114
108000 30 92
108000 33 67
108000 35 77
108000 35 41
108000 35 47
108000 37 106
108000 37 52
108000 41 95
108000 41 53
108000 43 66
108000 43 59
108000 47 54
108000 50 53
108000 51 67
108000 52 69
108000 53 55
108000 55 66
108000 57 82
108000 60 82
108000 60 61
108000 69 93
108000 71 87
108000 76 86
108000 77 82
108000 82 95
108000 83 116
108000 84 106
108000 86 109
108000 87 116
108000 109 113
108300 0 67
108300 0 65
108300 3 51
108300 4 27
108300 4 50
108300 4 92
108300 6 77
108300 6 86
108300 10 89
108300 10 25
108300 11 47
108300 13 24
108300 13 50
108300 16 116
108300 16 109
108300 23 66
108300 23 89
108300 25 113
108300 25 27
108300 25 55
108300 27 93
108300 28 93
108300 30 114
108300 30 92
108300 30 86
108300 32 59
108300 32 35
108300 33 67
108300 35 77
108300 35 41
108300 35 47
108300 35 43
108300 35 59
108300 36 66
108300 37 52
108300 37 106
108300 40 86
108300 41 42
108300 41 95
108300 41 53
108300 43 50
108300 43 59
108300 47 54
108300 47 60
108300 47 65
108300 47 59
108300 51 67
108300 51 52
108300 51 71
108300 52 69
108300 52 59
108300 53 93
108300 53 95
108300 53 60
108300 53 121
108300 55 66
108300 55 59
108300 55 67
108300 57 82
108300 59 116
108300 59 86
108300 59 93
108300 59 67
108300 59 71
108300 60 61
108300 65 69
108300 69 84
108300 77 82
108300 84 106
108300 86 109
108300 87 116
108300 109 113
108600 0 65
108600 0 67
108600 3 51
108600 4 92
108600 6 77
108600 6 65
108600 6 101
108600 10 71
108600 13 24
108600 13 50
108600 23 66
108600 23 89
108600 28 65
108600 28 101
108600 29 92
108600 30 92
108600 30 116
108600 32 35
108600 32 59
108600 33 67
108600 36 87
108600 37 52
108600 37 106
108600 41 42
108600 47 54
108600 51 71
108600 51 67
108600 57 82
108600 59 116
108600 60 61
108600 65 69
108600 65 116
108600 65 83
108600 69 93
108600 71 87
108600 71 106
108600 77 82
108600 83 105
108600 84 106
108600 84 101
108600 88 113
108900 0 67
108900 0 93
108900 3 51
108900 4 27
108900 4 50
108900 4 116
108900 6 77
108900 6 101
108900 6 86
108900 10 32
108900 10 25
108900 13 74
108900 16 109
108900 27 92
108900 28 65
108900 28 101
108900 29 91
108900 32 59
108900 32 35
108900 36 66
108900 37 52
108900 37 106
108900 37 83
108900 41 42
108900 43 50
108900 43 89
108900 47 60
108900 50 108
108900 51 67
108900 53 60
108900 54 97
108900 54 66
108900 57 82
108900 60 61
108900 60 119
108900 65 116
108900 69 93
108900 73 119
108900 74 106
108900 75 116
108900 77 82
108900 91 113
109200 0 67
109200 3 51
109200 4 50
109200 4 116
109200 6 101
109200 6 77
109200 6 65
109200 13 77
109200 27 92
109200 27 119
109200 28 101
109200 28 89
109200 30 92
109200 30 116
109200 32 35
109200 32 92
109200 33 92
109200 34 36
109200 36 66
109200 37 52
109200 37 83
109200 37 106
109200 37 62
109200 37 67
109200 41 42
109200 44 118
109200 44 75
109200 47 60
109200 54 66
109200 55 105
109200 57 82
109200 59 91
109200 60 61
109200 69 93
109200 73 85
109200 74 106
109200 74 94
109200 75 116
109200 78 115
109200 78 109
109200 82 93
109200 91 113
109200 94 121
109500 0 67
109500 3 51
109500 4 27
109500 4 50
109500 4 116
109500 4 34
109500 6 86
109500 6 101
109500 6 77
109500 13 77
109500 13 105
109500 16 54
109500 23 83
109500 27 119
109500 30 116
109500 30 36
109500 32 35
109500 32 92
109500 36 66
109500 36 55
109500 37 106
109500 37 83
109500 39 74
109500 41 42
109500 44 118
109500 50 72
109500 51 67
109500 51 121
109500 54 97
109500 54 66
109500 55 105
109500 57 82
109500 59 91
109500 60 61
109500 72 104
109500 74 94
109500 77 82
109500 78 85
109500 89 104
109500 91 113
109500 94 121
109500 94 102
109800 4 34
109800 6 65
109800 6 101
109800 6 77
109800 7 54
109800 7 32
109800 13 105
109800 13 83
109800 19 48
109800 27 119
109800 30 116
109800 30 94
109800 32 35
109800 36 66
109800 37 83
109800 37 106
109800 41 42
109800 44 118
109800 48 97
109800 50 72
109800 50 108
109800 54 106
109800 60 61
109800 72 104
109800 74 106
109800 74 94
109800 77 82
109800 78 85
109800 89 104
109800 91 113
109800 94 121
109800 94 108
110100 4 34
110100 5 45
110100 6 65
110100 6 116
110100 7 32
110100 7 118
110100 13 105
110100 16 83
110100 27 119
110100 30 94
110100 30 108
110100 32 35
110100 32 99
110100 32 120
110100 36 66
110100 36 55
110100 36 120
110100 44 118
110100 48 97
110100 50 72
110100 55 105
110100 60 61
110100 72 104
110100 72 118
110100 74 94
110100 75 117
110100 77 82
110100 77 119
110100 78 85
110100 91 113
110100 94 121
110100 97 119
110100 99 106
110400 0 119
110400 5 113
110400 6 116
110400 7 118
110400 7 13
110400 7 95
110400 16 83
110400 16 48
110400 24 36
110400 27 119
110400 36 66
110400 36 47
110400 41 42
110400 44 118
110400 72 104
110400 72 99
110400 74 94
110400 75 86
110400 78 85
110400 85 120
110400 91 113
110400 94 121
110400 95 106
110400 105 119
110700 0 98
110700 3 22
110700 3 11
110700 3 42
110700 6 116
110700 6 85
110700 7 118
110700 11 113
110700 11 86
110700 11 85
110700 11 26
110700 11 66
110700 11 114
110700 15 108
110700 16 48
110700 16 83
110700 16 120
110700 24 36
110700 27 119
110700 35 95
110700 36 47
110700 36 66
110700 41 42
110700 47 120
110700 48 97
110700 48 113
110700 72 99
110700 74 94
110700 78 85
110700 91 113
110700 97 119
110700 97 114
111000 6 48
111000 7 95
111000 7 118
111000 11 114
111000 11 26
111000 11 86
111000 16 120
111000 24 36
111000 27 119
111000 36 66
111000 42 48
111000 42 61
111000 44 118
111000 47 120
111000 47 108
111000 48 97
111000 61 116
111000 66 83
111000 66 116
111000 72 99
111000 83 94
111000 91 113
111000 97 119
111300 3 32
111300 6 48
111300 7 95
111300 11 114
111300 11 113
111300 16 83
111300 16 77
111300 17 113
111300 24 36
111300 32 56
111300 34 56
111300 35 95
111300 35 41
111300 35 56
111300 36 66
111300 36 47
111300 36 116
111300 42 48
111300 42 117
111300 42 62
111300 47 120
111300 47 108
111300 48 113
111300 48 56
111300 48 63
111300 56 63
111300 56 88
111300 58 118
111300 61 117
111300 72 99
111300 91 113
111300 97 119
111600 3 36
111600 3 41
111600 7 95
111600 11 113
111600 11 114
111600 17 76
111600 21 113
111600 24 36
111600 27 119
111600 32 56
111600 35 95
111600 35 56
111600 36 113
111600 42 61
111600 47 120
111600 48 113
111600 49 73
111600 49 119
111600 51 95
111600 52 87
111600 56 88
111600 63 113
111600 66 83
111600 66 116
111600 66 87
111600 68 113
111600 72 99
111600 95 104
111600 97 119
111900 3 47
111900 6 76
111900 11 113
111900 11 114
111900 11 21
111900 16 77
111900 17 76
111900 21 42
111900 24 95
111900 24 27
111900 27 72
111900 35 77
111900 36 47
111900 42 61
111900 42 95
111900 47 108
111900 49 119
111900 52 76
111900 56 88
111900 63 113
111900 66 87
111900 66 83
111900 72 108
111900 79 115
111900 83 108
111900 97 119
112200 3 41
112200 3 47
112200 6 76
112200 7 95
112200 10 49
112200 11 114
112200 11 21
112200 16 77
112200 24 27
112200 24 95
112200 27 72
112200 32 56
112200 35 56
112200 35 77
112200 35 95
112200 46 108
112200 47 108
112200 47 87
112200 52 76
112200 63 113
112200 66 87
112200 72 108
112200 79 115
112200 83 108
112200 97 119
112500 7 95
112500 10 49
112500 11 21
112500 11 114
112500 16 77
112500 24 95
112500 24 27
112500 32 56
112500 42 61
112500 46 108
112500 47 87
112500 49 119
112500 52 76
112500 63 113
112500 72 108
112500 79 115
112500 79 100
112500 97 119
112800 8 72
112800 8 105
112800 10 98
112800 11 21
112800 11 114
112800 16 77
112800 24 27
112800 24 95
112800 26 107
112800 42 61
112800 49 119
112800 63 113
112800 72 108
112800 77 105
112800 79 115
112800 79 100
113100 4 60
113100 8 105
113100 8 72
113100 11 21
113100 11 114
113100 17 60
113100 24 95
113100 24 27
113100 26 107
113100 42 61
113100 63 113
113100 72 108
113100 115 116
113400 8 105
113400 11 114
113400 11 21
113400 24 27
113400 24 95
113400 25 46
113400 26 107
113400 42 61
113400 63 113
113400 72 108
113400 100 111
113700 8 105
113700 8 104
113700 24 27
113700 24 95
113700 25 46
113700 42 61
113700 63 113
113700 72 108
113700 73 104
113700 76 104
113700 100 111
114000 8 104
114000 8 105
114000 14 121
114000 20 121
114000 24 95
114000 25 46
114000 29 111
114000 42 61
114000 55 121
114000 57 104
114000 72 108
114000 73 104
114000 100 111
114300 7 69
114300 7 121
114300 7 66
114300 8 105
114300 14 121
114300 20 121
114300 25 46
114300 29 111
114300 55 121
114300 73 104
114300 100 111
114600 4 95
114600 7 121
114600 7 69
114600 7 66
114600 7 99
114600 8 105
114600 14 121
114600 24 95
114600 29 111
114600 33 71
114600 44 95
114600 55 121
114600 73 104
114900 4 95
114900 7 121
114900 8 105
114900 14 121
114900 24 95
114900 33 71
114900 34 77
114900 44 95
114900 44 108
114900 55 121
114900 61 111
114900 71 95
114900 73 104
114900 103 120
115200 4 95
115200 7 66
115200 8 105
115200 14 121
115200 34 77
115200 44 108
115200 45 62
115200 46 88
115500 2 54
115500 4 95
115500 8 105
115500 34 77
115500 44 108
115500 47 66
115500 53 71
115500 55 121
115500 66 72
115800 4 95
115800 8 105
115800 8 52
115800 8 118
115800 21 108
115800 34 77
115800 40 101
115800 40 73
115800 47 66
115800 55 121
115800 66 72
115800 69 82
115800 82 118
116100 7 95
116100 7 75
116100 7 37
116100 13 83
116100 18 75
116100 32 89
116100 34 77
116100 55 121
116100 55 100
116100 66 72
116100 75 96
116400 18 75
116400 34 77
116400 34 99
116400 43 99
116400 43 62
116400 43 67
116400 49 99
116400 55 121
116400 55 100
116400 62 111
116400 66 72
116400 75 96
116700 4 29
116700 4 70
116700 18 75
116700 26 29
116700 29 119
116700 34 99
116700 43 99
116700 44 121
116700 49 70
116700 49 104
116700 54 104
116700 54 72
116700 55 121
116700 55 100
116700 70 119
116700 75 96
116700 98 121
116700 100 121
116700 104 119
117000 4 29
117000 9 61
117000 18 75
117000 26 29
117000 34 99
117000 34 61
117000 49 104
117000 49 70
117000 54 104
117000 55 100
117000 55 121
117000 75 96
117000 100 121
117000 104 119
117300 4 29
117300 18 75
117300 25 118
117300 34 99
117300 55 100
117300 55 121
117300 75 96
117300 80 118
117300 81 99
117300 81 96
117300 96 108
117300 100 121
117300 108 118
117600 1 18
117600 4 29
117600 18 75
117600 18 44
117600 18 21
117600 21 35
117600 25 118
117600 35 80
117600 35 41
117600 43 80
117600 55 100
117600 55 121
117600 75 96
117600 80 118
117900 4 29
117900 18 44
117900 18 21
117900 35 41
117900 41 120
117900 55 100
117900 55 121
117900 55 111
117900 75 96
117900 105 110
118200 4 29
118200 18 21
118200 18 44
118200 41 108
118200 49 75
118200 55 100
118200 55 121
118200 75 96
118200 108 114
118500 4 29
118500 18 21
118500 18 44
118500 19 101
118500 19 31
118500 31 101
118500 44 59
118500 55 121
118500 55 101
118500 83 121
118800 5 60
118800 5 65
118800 18 21
118800 18 44
118800 28 95
118800 28 78
118800 28 29
118800 55 121
119100 18 21
119100 18 44
119100 28 95
119100 28 78
119100 34 44
119100 34 37
119100 55 121
119400 28 78
119400 28 29
119400 44 74
119400 55 121
119700 21 59
119700 28 78
119700 39 69
119700 44 74
119700 47 74
120000 44 74
120000 47 81
120000 65 81
120300 24 86
120300 47 74
120300 65 112
120600 24 56
120600 86 112
120900 42 47
120900 42 52
120900 52 77
120900 56 115
121200 4 81
121200 25 42
121500 41 61
121800 26 50
122100 56 94
122100 58 94
122400 4 94
122400 28 58
122400 28 53
122400 53 118
122700 4 64
123300 50 64
124200 62 82
124200 67 82
124500 62 82
125100 62 82
173400 8 65
173400 8 109
173400 15 97
173700 8 56
173700 10 46
173700 22 69
173700 87 115
174000 0 22
174000 3 7
174000 7 14
174000 10 46
174000 22 69
174000 27 75
174000 31 114
174300 0 22
174300 7 14
174300 10 46
174300 10 70
174300 22 69
174300 25 78
174300 29 114
174300 31 114
174300 38 93
174300 70 78
174300 97 105
174600 6 32
174600 7 14
174600 10 46
174600 12 78
174600 22 69
174600 25 70
174600 29 114
174600 38 93
174600 70 99
174600 97 105
174900 7 14
174900 17 85
174900 22 69
174900 28 107
174900 29 114
174900 31 114
174900 35 65
174900 38 93
174900 55 99
174900 65 82
174900 70 99
174900 97 105
175200 7 14
175200 17 85
175200 20 110
175200 22 69
175200 27 65
175200 34 107
175200 41 115
175200 55 99
175200 65 82
175200 70 99
175200 97 105
175500 2 41
175500 17 85
175500 20 110
175500 25 65
175500 27 65
175500 28 107
175500 37 120
175500 41 115
175500 42 60
175500 65 82
175500 70 99
175500 97 105
175800 20 110
175800 27 65
175800 28 107
175800 28 119
175800 37 120
175800 41 115
175800 42 60
175800 65 82
175800 70 99
175800 74 89
175800 97 105
176100 17 89
176100 20 110
176100 27 65
176100 28 107
176100 37 120
176100 37 108
176100 41 115
176100 42 60
176100 59 102
176100 74 89
176100 97 105
176100 98 108
176400 20 110
176400 27 111
176400 28 107
176400 35 98
176400 41 115
176400 42 60
176400 45 104
176400 48 121
176400 59 102
176400 70 99
176400 74 89
176400 97 105
176700 16 98
176700 20 110
176700 24 107
176700 26 118
176700 27 65
176700 28 107
176700 41 115
176700 48 121
176700 74 89
176700 97 105
177000 16 98
177000 24 107
177000 26 118
177000 27 65
177000 28 107
177000 42 60
177000 45 104
177000 70 99
177000 97 105
177300 24 107
177300 28 107
177300 41 115
177300 42 60
177300 45 104
177300 48 121
177300 70 99
177300 74 89
177300 97 105
177600 16 98
177600 20 114
177600 27 65
177600 28 107
177600 37 51
177600 41 115
177600 45 104
177600 48 121
177600 74 89
177600 86 99
177600 97 105
177900 20 114
177900 20 119
177900 27 65
177900 28 107
177900 37 51
177900 41 115
177900 42 60
177900 45 104
177900 74 89
177900 97 105
178200 5 84
178200 20 119
178200 20 114
178200 27 65
178200 37 51
178200 41 115
178200 42 60
178200 45 104
178200 74 89
178500 11 62
178500 20 119
178500 27 65
178500 37 51
178500 42 60
178500 45 104
178500 94 102
178500 97 105
178800 20 119
178800 27 65
178800 41 115
178800 42 60
178800 45 104
178800 74 89
179100 11 62
179100 20 119
179100 20 91
179100 42 60
179100 45 104
179100 88 109
179100 94 102
179100 97 105
179400 7 108
179400 20 91
179400 20 119
179400 27 65
179400 45 104
179400 60 108
179400 74 89
179400 88 109
179400 94 102
179700 7 108
179700 20 91
179700 20 119
179700 27 65
179700 27 109
179700 60 108
179700 94 102
179700 97 105
180000 7 108
180000 20 91
180000 27 65
180000 60 108
180000 61 121
180000 74 89
180000 94 102
180000 97 105
180300 7 108
180300 20 119
180300 26 91
180300 27 109
180300 36 68
180300 60 108
180300 74 89
180300 94 102
180300 97 105
180600 7 108
180600 16 106
180600 26 59
180600 36 68
180600 52 61
180600 53 119
180600 58 110
180600 59 117
180600 60 108
180600 61 121
180600 61 119
180600 61 118
180600 117 119
180900 6 48
180900 6 119
180900 6 20
180900 7 108
180900 11 20
180900 20 119
180900 20 58
180900 20 36
180900 27 109
180900 28 58
180900 36 68
180900 36 64
180900 48 68
180900 52 61
180900 53 119
180900 60 62
180900 60 121
180900 61 119
180900 61 121
180900 68 121
180900 74 89
180900 93 96
181200 6 20
181200 6 119
181200 6 48
181200 6 62
181200 20 119
181200 20 74
181200 24 80
181200 27 121
181200 27 61
181200 28 58
181200 28 74
181200 28 96
181200 28 68
181200 28 80
181200 36 64
181200 36 68
181200 36 121
181200 48 80
181200 52 61
181200 53 119
181200 60 62
181200 61 121
181200 61 88
181200 68 93
181200 74 89
181200 74 96
181200 93 96
181200 96 103
181500 6 48
181500 6 119
181500 6 20
181500 6 89
181500 7 36
181500 13 80
181500 20 74
181500 20 36
181500 24 80
181500 27 121
181500 27 61
181500 28 74
181500 28 96
181500 28 68
181500 36 68
181500 48 80
181500 57 89
181500 60 62
181500 61 121
181500 70 89
181500 74 89
181500 74 100
181500 89 103
181500 96 103
181800 1 70
181800 4 74
181800 6 89
181800 6 20
181800 13 100
181800 13 105
181800 20 119
181800 20 31
181800 24 80
181800 28 74
181800 31 80
181800 48 80
181800 57 89
181800 72 83
181800 74 89
181800 74 100
181800 89 103
182100 4 72
182100 4 97
182100 6 89
182100 13 105
182100 24 80
182100 28 117
182100 42 80
182100 48 80
182100 57 89
182100 67 105
182100 67 72
182100 72 83
182100 72 89
182100 74 89
182100 89 103
182100 89 105
182400 4 97
182400 4 72
182400 19 75
182400 19 72
182400 31 63
182400 33 100
182400 42 63
182400 44 114
182400 48 103
182400 48 55
182400 57 89
182400 63 103
182400 67 72
182400 69 105
182400 72 89
182400 93 105
182700 6 89
182700 13 105
182700 23 28
182700 25 107
182700 28 107
182700 31 63
182700 31 58
182700 31 72
182700 42 63
182700 55 103
182700 55 114
182700 55 75
182700 55 90
182700 55 112
182700 57 89
182700 63 103
182700 66 75
182700 67 105
182700 67 72
182700 72 89
182700 75 98
182700 89 103
182700 89 105
182700 93 105
183000 4 72
183000 6 89
183000 6 67
183000 13 105
183000 13 104
183000 16 67
183000 19 72
183000 20 57
183000 20 58
183000 23 28
183000 25 107
183000 28 107
183000 31 72
183000 31 58
183000 31 107
183000 55 103
183000 55 57
183000 57 89
183000 57 112
183000 57 107
183000 67 105
183000 67 72
183000 67 90
183000 72 89
183000 75 98
183000 75 88
183000 89 103
183000 89 90
183300 4 88
183300 6 67
183300 16 67
183300 16 114
183300 16 90
183300 19 72
183300 20 57
183300 20 58
183300 20 107
183300 20 67
183300 20 114
183300 31 58
183300 31 63
183300 31 107
183300 31 48
183300 34 98
183300 41 113
183300 55 90
183300 55 114
183300 57 107
183300 57 112
183300 59 113
183300 66 75
183300 67 90
183300 67 105
183300 75 98
183300 89 90
183300 90 114
183600 6 89
183600 7 27
183600 7 34
183600 16 114
183600 16 67
183600 16 27
183600 19 34
183600 20 58
183600 20 67
183600 20 114
183600 25 107
183600 31 63
183600 31 107
183600 31 58
183600 31 48
183600 31 72
183600 34 98
183600 34 113
183600 34 63
183600 55 114
183600 55 57
183600 55 90
183600 55 103
183600 55 116
183600 55 59
183600 57 112
183600 57 107
183600 57 89
183600 59 113
183600 63 66
183600 66 114
183600 67 72
183600 72 89
183600 75 88
183600 88 90
183600 89 103
183600 89 90
183600 90 114
183600 107 113
183900 2 7
183900 4 88
183900 4 72
183900 4 48
183900 4 114
183900 7 34
183900 7 48
183900 12 25
183900 16 67
183900 16 114
183900 16 27
183900 16 106
183900 19 34
183900 19 72
183900 25 107
183900 31 72
183900 31 107
183900 31 63
183900 31 48
183900 34 113
183900 34 63
183900 41 113
183900 52 112
183900 55 103
183900 55 116
183900 55 59
183900 55 90
183900 55 114
183900 57 113
183900 63 116
183900 66 114
183900 67 72
183900 72 89
183900 75 88
183900 87 112
183900 89 103
183900 89 90
183900 90 114
183900 92 105
183900 105 116
183900 107 113
184200 2 52
184200 4 48
184200 17 87
184200 52 112
184200 87 112
184200 92 105
184200 105 116
184800 65 91
185100 24 112
185100 24 72
185100 65 69
185400 24 112
185400 65 69
185400 69 72
185700 43 102
186000 37 43
186000 75 98
186300 37 75
186300 51 98
187800 9 31
187800 28 96
187800 49 97
188100 28 96
188100 33 88
188100 37 64
188100 39 117
188100 86 117
188400 29 75
188400 57 68
188400 68 119
188700 27 85
188700 27 66
188700 46 119
188700 65 85
188700 65 90
188700 76 93
188700 78 119
189000 15 31
189000 27 66
189000 40 52
189000 48 77
189000 76 93
189000 104 121
189300 12 45
189300 45 50
189300 48 77
189300 104 121
189600 18 68
189600 45 78
189900 35 113
189900 41 68
189900 68 70
190200 6 41
190200 15 17
190200 15 32
190200 32 101
190200 36 117
190200 38 41
190200 66 109
190200 75 101
190500 10 90
190500 10 109
190500 32 109
190500 62 109
190500 66 109
190500 81 90
190500 109 112
190800 10 81
190800 18 81
190800 19 81
190800 65 73
190800 81 90
191100 10 81
191100 18 81
191100 49 113
191100 60 110
191400 10 81
191400 18 81
191400 19 81
191400 49 66
191400 49 60
191400 49 109
191400 49 53
191400 49 65
191400 49 73
191400 64 81
191400 71 110
191400 81 96
191700 5 109
191700 18 81
191700 19 81
191700 39 72
191700 48 78
191700 49 65
191700 49 53
191700 49 66
191700 49 73
191700 53 57
191700 53 81
191700 57 79
191700 60 110
191700 73 81
191700 81 96
192000 5 109
192000 10 53
192000 10 37
192000 19 81
192000 19 71
192000 26 57
192000 26 110
192000 37 90
192000 39 72
192000 44 79
192000 48 78
192000 49 109
192000 50 71
192000 50 53
192000 50 57
192000 53 57
192000 53 110
192000 57 79
192000 57 90
192000 60 110
192000 72 90
192000 81 96
192300 10 53
192300 10 37
192300 18 32
192300 19 71
192300 26 110
192300 37 90
192300 37 74
192300 37 53
192300 49 66
192300 49 65
192300 49 53
192300 49 73
192300 50 57
192300 50 71
192300 50 53
192300 53 110
192300 57 65
192300 57 58
192300 69 116
192300 72 90
192300 72 109
192300 81 96
192300 94 95
192600 1 53
192600 10 37
192600 16 90
192600 18 32
192600 18 65
192600 19 71
192600 19 81
192600 26 110
192600 27 110
192600 37 74
192600 37 53
192600 37 90
192600 46 60
192600 48 78
192600 49 65
192600 49 73
192600 50 71
192600 53 110
192600 53 65
192600 57 65
192600 65 73
192600 65 69
192600 66 114
192600 72 110
192600 73 90
192600 79 90
192600 79 110
192600 90 110
192600 94 95
192900 4 73
192900 5 57
192900 5 110
192900 6 81
192900 16 90
192900 18 32
192900 18 65
192900 19 71
192900 27 110
192900 32 111
192900 48 78
192900 49 53
192900 49 90
192900 49 93
192900 50 53
192900 50 71
192900 50 109
192900 50 110
192900 53 79
192900 57 58
192900 65 69
192900 65 78
192900 65 81
192900 69 116
192900 72 110
192900 73 90
192900 73 109
192900 73 105
192900 79 90
192900 79 110
192900 81 96
192900 81 105
192900 90 110
192900 94 95
192900 94 111
192900 96 111
192900 105 114
193200 1 89
193200 5 57
193200 5 110
193200 5 30
193200 6 81
193200 6 50
193200 16 90
193200 18 32
193200 18 65
193200 22 95
193200 27 110
193200 37 109
193200 49 53
193200 49 93
193200 49 90
193200 49 65
193200 50 109
193200 50 110
193200 50 53
193200 50 71
193200 50 72
193200 53 79
193200 53 58
193200 53 111
193200 53 71
193200 57 58
193200 57 111
193200 60 106
193200 65 81
193200 65 69
193200 65 78
193200 65 105
193200 71 105
193200 72 94
193200 72 95
193200 73 105
193200 73 109
193200 74 105
193200 79 90
193200 79 96
193200 81 96
193200 90 109
193200 94 95
193200 96 111
193200 96 106
193200 96 105
193200 105 114
193200 106 109
193200 109 111
193500 1 89
193500 4 73
193500 4 87
193500 5 110
193500 14 87
193500 16 74
193500 16 101
193500 22 95
193500 27 110
193500 27 96
193500 27 90
193500 37 105
193500 37 108
193500 49 90
193500 49 93
193500 50 110
193500 53 111
193500 54 109
193500 57 111
193500 60 106
193500 65 69
193500 65 105
193500 71 105
193500 72 95
193500 72 94
193500 72 110
193500 73 90
193500 73 111
193500 73 109
193500 79 96
193500 81 94
193500 87 90
193500 90 109
193500 96 106
193500 96 105
193500 106 109
193500 109 111
193800 1 89
193800 4 87
193800 4 95
193800 4 121
193800 5 87
193800 6 81
193800 6 27
193800 6 74
193800 14 87
193800 14 19
193800 16 101
193800 16 74
193800 19 87
193800 22 95
193800 27 96
193800 27 87
193800 27 71
193800 32 79
193800 32 37
193800 36 87
193800 37 108
193800 37 109
193800 49 93
193800 49 111
193800 49 90
193800 53 79
193800 54 109
193800 54 74
193800 54 57
193800 57 95
193800 60 106
193800 65 81
193800 71 96
193800 72 95
193800 73 105
193800 73 111
193800 73 90
193800 74 95
193800 79 90
193800 79 96
193800 79 94
193800 81 96
193800 87 90
193800 88 108
193800 95 117
193800 96 105
193800 96 106
193800 96 117
193800 109 111
194100 4 121
194100 4 95
194100 5 87
194100 5 102
194100 5 19
194100 6 81
194100 6 106
194100 6 53
194100 6 16
194100 6 77
194100 14 19
194100 16 74
194100 16 54
194100 16 111
194100 19 87
194100 19 111
194100 23 53
194100 27 71
194100 32 37
194100 32 79
194100 32 116
194100 36 87
194100 37 105
194100 49 90
194100 53 79
194100 53 95
194100 54 57
194100 54 74
194100 54 114
194100 54 117
194100 57 95
194100 60 106
194100 65 105
194100 65 81
194100 71 105
194100 72 110
194100 72 121
194100 73 90
194100 73 109
194100 73 87
194100 74 95
194100 77 90
194100 77 95
194100 79 90
194100 79 94
194100 81 94
194100 81 96
194100 85 105
194100 87 90
194100 88 108
194100 90 109
194100 90 106
194100 95 117
194100 96 105
194100 102 117
194100 106 109
194100 106 121
194100 109 111
194400 1 89
194400 4 95
194400 4 121
194400 4 120
194400 4 40
194400 4 101
194400 4 5
194400 5 19
194400 5 102
194400 5 121
194400 5 28
194400 6 74
194400 6 81
194400 6 106
194400 6 27
194400 6 111
194400 6 105
194400 14 87
194400 16 111
194400 16 74
194400 16 54
194400 19 111
194400 19 87
194400 22 53
194400 23 53
194400 25 73
194400 27 87
194400 27 96
194400 32 79
194400 32 116
194400 32 37
194400 34 121
194400 37 105
194400 49 52
194400 49 101
194400 53 79
194400 53 95
194400 53 72
194400 54 74
194400 58 121
194400 60 106
194400 65 105
194400 71 105
194400 71 77
194400 72 110
194400 74 95
194400 77 106
194400 77 116
194400 79 96
194400 79 90
194400 79 94
194400 88 108
194400 90 106
194400 93 102
194400 93 100
194400 102 117
194400 106 121
194700 1 89
194700 1 117
194700 1 22
194700 4 101
194700 4 5
194700 4 95
194700 4 93
194700 4 88
194700 6 106
194700 6 27
194700 8 109
194700 14 87
194700 14 19
194700 16 54
194700 16 108
194700 19 88
194700 22 101
194700 24 58
194700 27 96
194700 27 87
194700 36 88
194700 37 105
194700 49 52
194700 49 101
194700 53 72
194700 53 106
194700 54 117
194700 54 74
194700 58 121
194700 58 77
194700 65 105
194700 65 81
194700 69 108
194700 71 105
194700 71 77
194700 71 89
194700 73 87
194700 74 95
194700 77 116
194700 77 89
194700 77 105
194700 81 94
194700 81 96
194700 88 108
194700 90 106
194700 93 102
194700 93 100
194700 93 117
194700 95 117
194700 100 108
194700 102 105
194700 106 121
195000 1 117
195000 1 49
195000 1 81
195000 6 106
195000 16 108
195000 25 58
195000 32 116
195000 32 45
195000 37 105
195000 45 65
195000 45 100
195000 45 101
195000 45 116
195000 45 54
195000 45 96
195000 49 52
195000 49 101
195000 53 72
195000 54 117
195000 58 81
195000 65 105
195000 65 81
195000 69 108
195000 73 87
195000 74 95
195000 77 116
195000 81 96
195000 81 119
195000 81 85
195000 89 99
195000 89 109
195000 90 106
195000 93 117
195000 100 108
195000 106 121
195300 1 81
195300 1 76
195300 1 29
195300 4 95
195300 11 76
195300 14 87
195300 15 39
195300 16 108
195300 27 96
195300 27 87
195300 27 99
195300 29 99
195300 32 45
195300 36 121
195300 37 105
195300 38 87
195300 45 101
195300 47 71
195300 53 72
195300 58 121
195300 59 88
195300 65 105
195300 73 87
195300 74 95
195300 89 109
195300 93 117
195300 95 117
195300 95 120
195300 100 108
195600 1 29
195600 1 95
195600 16 108
195600 22 107
195600 27 96
195600 27 87
195600 29 99
195600 32 45
195600 32 99
195600 36 121
195600 37 95
195600 40 88
195600 45 101
195600 45 54
195600 49 95
195600 53 72
195600 54 117
195600 58 121
195600 59 88
195600 65 81
195600 65 107
195600 89 109
195600 89 99
195600 93 117
195600 95 120
195600 95 117
195600 100 108
195900 3 10
195900 4 95
195900 8 104
195900 10 25
195900 11 76
195900 11 106
195900 15 39
195900 15 117
195900 21 25
195900 22 107
195900 22 94
195900 25 54
195900 27 87
195900 27 99
195900 27 96
195900 27 106
195900 29 99
195900 30 90
195900 32 45
195900 32 88
195900 37 95
195900 45 88
195900 45 90
195900 48 117
195900 53 72
195900 58 121
195900 61 113
195900 62 92
195900 65 107
195900 65 81
195900 89 109
195900 92 107
195900 93 117
195900 93 96
195900 95 117
196200 5 35
196200 5 120
196200 8 39
196200 10 25
196200 10 76
196200 11 106
196200 11 76
196200 11 92
196200 15 39
196200 15 117
196200 20 107
196200 21 25
196200 22 27
196200 26 121
196200 27 104
196200 29 99
196200 29 83
196200 32 88
196200 33 45
196200 37 95
196200 39 48
196200 45 90
196200 45 88
196200 45 58
196200 53 72
196200 54 117
196200 58 83
196200 59 88
196200 65 81
196200 77 96
196200 89 109
196200 89 99
196200 89 106
196200 93 96
196200 93 117
196200 95 117
196500 4 95
196500 5 120
196500 5 31
196500 8 39
196500 8 52
196500 10 25
196500 11 106
196500 11 92
196500 11 64
196500 15 39
196500 15 117
196500 15 89
196500 20 107
196500 22 27
196500 27 104
196500 29 83
196500 32 88
196500 32 45
196500 37 95
196500 39 48
196500 45 90
196500 45 88
196500 52 121
196500 53 72
196500 64 75
196500 65 107
196500 65 81
196500 65 89
196500 75 77
196500 83 107
196500 89 109
196500 93 96
196500 93 107
196800 5 35
196800 5 120
196800 8 26
196800 10 25
196800 11 106
196800 11 64
196800 11 92
196800 11 119
196800 15 89
196800 15 117
196800 16 66
196800 19 21
196800 19 26
196800 21 25
196800 21 112
196800 22 27
196800 26 121
196800 29 83
196800 32 88
196800 32 66
196800 37 95
196800 39 48
196800 52 112
196800 53 72
196800 64 112
196800 65 89
196800 75 77
196800 83 111
196800 92 112
196800 93 96
196800 93 117
197100 4 70
197100 8 39
197100 8 62
197100 13 65
197100 15 117
197100 15 89
197100 15 39
197100 15 57
197100 19 21
197100 19 26
197100 21 112
197100 22 27
197100 25 74
197100 25 83
197100 26 121
197100 29 83
197100 32 88
197100 32 66
197100 32 113
197100 32 96
197100 37 95
197100 39 113
197100 52 112
197100 57 74
197100 59 92
197100 64 112
197100 65 81
197100 65 107
197100 74 84
197100 75 77
197100 83 111
197100 84 119
197100 92 112
197100 93 117
197400 1 86
197400 1 113
197400 4 70
197400 4 17
197400 5 35
197400 5 120
197400 8 39
197400 11 92
197400 15 89
197400 15 39
197400 15 57
197400 15 17
197400 15 103
197400 17 34
197400 17 118
197400 17 30
197400 17 23
197400 17 32
197400 19 26
197400 19 21
197400 22 27
197400 25 83
197400 26 121
197400 29 83
197400 29 84
197400 32 66
197400 32 61
197400 37 95
197400 39 113
197400 41 89
197400 64 70
197400 70 91
197400 75 77
197400 83 104
197400 91 108
197400 91 113
197400 93 117
197700 1 113
197700 1 86
197700 1 88
197700 4 25
197700 4 117
197700 5 35
197700 5 120
197700 8 39
197700 11 88
197700 15 57
197700 22 27
197700 25 83
197700 28 115
197700 29 84
197700 32 113
197700 32 66
197700 35 37
197700 37 64
197700 40 70
197700 45 75
197700 53 70
197700 75 77
197700 76 85
197700 85 89
197700 93 117
198000 1 86
198000 1 117
198000 1 25
198000 4 17
198000 4 117
198000 4 25
198000 4 98
198000 5 35
198000 11 88
198000 15 103
198000 15 39
198000 15 17
198000 17 23
198000 17 30
198000 19 21
198000 21 89
198000 22 27
198000 23 35
198000 23 103
198000 25 83
198000 26 121
198000 29 83
198000 29 84
198000 32 113
198000 35 37
198000 35 41
198000 37 64
198000 39 121
198000 45 103
198000 53 70
198000 76 85
198000 76 88
198000 83 91
198000 85 89
198000 93 117
198300 1 86
198300 1 25
198300 1 117
198300 4 25
198300 4 98
198300 4 17
198300 4 15
198300 5 120
198300 5 35
198300 5 72
198300 6 45
198300 6 29
198300 8 39
198300 8 76
198300 15 39
198300 15 103
198300 15 17
198300 15 62
198300 15 86
198300 17 30
198300 17 110
198300 17 57
198300 19 40
198300 19 29
198300 26 110
198300 39 121
198300 40 70
198300 45 103
198300 53 70
198300 70 89
198300 76 85
198300 76 88
198300 85 88
198600 1 25
198600 4 98
198600 6 45
198600 8 39
198600 8 76
198600 11 88
198600 15 103
198600 15 86
198600 16 96
198600 17 110
198600 17 30
198600 19 40
198600 19 29
198600 20 79
198600 20 84
198600 21 89
198600 35 37
198600 37 64
198600 39 121
198600 40 70
198600 45 103
198600 70 89
198600 85 89
198900 8 39
198900 8 76
198900 9 30
198900 11 88
198900 15 103
198900 15 86
198900 16 96
198900 19 40
198900 20 84
198900 35 37
198900 37 64
198900 40 70
198900 45 103
198900 62 93
198900 66 119
198900 67 86
198900 70 89
198900 85 89
199200 1 25
199200 8 39
199200 8 76
199200 15 103
199200 15 86
199200 17 30
199200 19 40
199200 20 84
199200 20 66
199200 35 37
199200 37 64
199200 40 70
199200 45 103
199200 45 82
199200 62 93
199200 66 119
199200 66 67
199200 67 101
199200 85 89
199500 8 39
199500 8 76
199500 8 34
199500 9 17
199500 15 86
199500 19 40
199500 20 84
199500 32 61
199500 35 37
199500 37 64
199500 40 70
199500 45 103
199500 62 93
199500 66 67
199500 66 119
199800 1 61
199800 5 36
199800 8 39
199800 8 76
199800 15 86
199800 19 40
199800 20 84
199800 30 64
199800 37 64
199800 40 70
199800 52 91
199800 66 119
199800 66 67
200100 8 76
200100 9 17
200100 17 37
200100 19 40
200100 20 84
200100 25 98
200100 30 64
200100 37 64
200100 40 70
200100 58 113
200100 66 119
200100 66 67
200400 1 61
200400 5 16
200400 5 32
200400 8 76
200400 9 17
200400 9 72
200400 9 21
200400 15 86
200400 20 84
200400 25 98
200400 30 64
200400 40 70
200400 46 100
200400 52 91
200400 52 76
200400 66 119
200400 66 67
200700 1 61
200700 5 32
200700 5 16
200700 9 21
200700 19 116
200700 19 95
200700 25 98
200700 40 70
200700 52 76
200700 52 91
200700 55 106
200700 66 67
200700 86 106
201000 1 61
201000 5 32
201000 5 16
201000 8 121
201000 8 35
201000 9 21
201000 15 86
201000 40 70
201000 46 100
201000 48 49
201000 52 91
201000 52 76
201000 55 106
201000 86 106
201300 1 61
201300 5 16
201300 8 121
201300 8 35
201300 15 86
201300 15 118
201300 19 95
201300 25 98
201300 40 70
201300 46 100
201300 52 91
201300 52 76
201600 5 16
201600 5 110
201600 8 121
201600 8 35
201600 14 106
201600 19 95
201600 46 100
201600 52 91
201600 52 76
201600 55 106
201600 76 106
201900 1 61
201900 1 106
201900 5 110
201900 5 16
201900 8 35
201900 14 106
201900 15 81
201900 19 95
201900 28 84
201900 31 67
201900 40 70
201900 52 91
201900 55 106
201900 74 118
202200 2 104
202200 5 16
202200 5 110
202200 8 35
202200 19 95
202200 31 67
202200 52 91
202200 65 104
202200 74 118
202200 91 104
202500 5 110
202500 5 16
202500 8 35
202500 19 67
202500 19 52
202500 31 67
202500 40 70
202500 41 120
202500 49 101
202500 52 101
202500 74 118
202500 111 118
202500 118 120
202800 5 16
202800 5 89
202800 7 30
202800 8 35
202800 16 53
202800 16 46
202800 16 89
202800 19 67
202800 31 67
202800 40 70
202800 52 101
202800 67 119
203100 8 35
203100 16 53
203100 16 89
203100 19 67
203100 24 86
203100 24 85
203100 35 48
203100 40 70
203100 52 101
203100 52 70
203400 8 35
203400 16 89
203400 19 67
203400 24 85
203400 29 98
203400 29 103
203400 29 34
203400 31 67
203400 33 107
203400 33 89
203400 33 98
203400 40 70
203400 68 98
203700 8 35
203700 16 89
203700 24 106
203700 29 103
203700 33 107
203700 40 70
203700 111 112
204000 16 89
204000 24 106
204000 29 103
204000 31 67
204000 33 107
204000 40 117
204000 40 48
204000 46 103
204000 48 69
204000 48 112
204000 103 117
204000 111 112
204300 3 108
204300 16 89
204300 29 103
204300 31 67
204300 32 108
204300 32 107
204300 40 117
204300 40 48
204300 94 111
204600 16 94
204600 29 103
204600 31 67
204600 40 117
204600 55 64
204600 56 64
204600 67 94
204600 110 117
204900 10 56
204900 14 29
204900 16 94
204900 29 96
204900 31 67
204900 56 64
204900 67 94
204900 80 96
205200 14 29
205200 29 96
205200 31 82
205200 56 64
205200 67 94
205200 80 96
205500 4 28
205500 14 29
205500 18 28
205500 28 58
205500 29 96
205500 31 82
205500 80 96
205800 18 28
205800 28 58
205800 28 92
205800 31 82
205800 56 92
205800 80 96
206100 7 62
206100 15 71
206100 28 58
206100 29 96
206100 31 82
206100 56 92
206100 62 71
206400 28 92
206400 29 96
206400 31 82
206400 70 71
206700 7 120
206700 70 71
207000 1 96
207000 7 120
207000 31 89
207000 70 71
207300 1 96
207300 31 89
207300 70 71
207600 1 96
207600 31 89
207600 89 107
207600 96 110
207600 110 120
207900 1 96
207900 31 89
207900 61 96
207900 89 107
208200 1 96
208200 61 96
208200 89 107
208500 1 96
208500 31 89
208500 61 96
208800 12 42
208800 31 89
208800 61 96
209100 31 89
209100 38 74
209400 12 42
209700 31 47
209700 89 121
210900 8 67
211500 8 103
212100 15 106
259800 6 38
259800 36 42
260100 6 18
260100 36 42
260100 48 119
260100 49 81
260400 5 15
260400 6 18
260400 9 48
260400 17 70
260400 37 46
260400 48 119
260400 49 81
260700 1 47
260700 5 15
260700 6 18
260700 17 34
260700 37 46
260700 46 117
260700 46 89
260700 49 81
260700 52 72
260700 52 115
261000 1 47
261000 1 77
261000 4 24
261000 4 75
261000 5 15
261000 25 110
261000 30 47
261000 30 102
261000 37 46
261000 46 89
261000 47 117
261000 47 110
261000 49 81
261000 52 72
261000 52 115
261300 1 47
261300 4 24
261300 4 75
261300 25 110
261300 25 79
261300 30 102
261300 30 47
261300 37 46
261300 47 117
261300 47 75
261300 47 116
261300 49 81
261300 52 72
261300 71 75
261300 72 79
261300 75 76
261600 1 47
261600 2 74
261600 4 75
261600 14 110
261600 26 38
261600 26 75
261600 30 47
261600 30 102
261600 37 46
261600 47 75
261600 49 81
261600 61 79
261600 71 75
261600 75 76
261600 96 116
261900 1 47
261900 4 88
261900 13 58
261900 13 79
261900 14 110
261900 26 38
261900 26 75
261900 30 47
261900 37 79
261900 49 81
261900 51 76
261900 71 75
261900 75 76
261900 91 116
261900 96 116
262200 2 74
262200 13 79
262200 13 58
262200 14 110
262200 26 75
262200 30 47
262200 34 114
262200 37 46
262200 51 76
262200 71 75
262200 75 76
262200 79 119
262200 96 116
262500 2 74
262500 11 45
262500 13 58
262500 13 79
262500 14 110
262500 22 74
262500 26 75
262500 30 47
262500 34 108
262500 34 103
262500 34 74
262500 41 95
262500 49 81
262500 51 76
262500 71 75
262500 75 76
262500 79 116
262800 2 74
262800 11 45
262800 13 58
262800 13 79
262800 22 45
262800 26 75
262800 30 47
262800 41 95
262800 51 76
262800 61 120
262800 75 76
263100 2 74
263100 13 79
263100 14 110
263100 26 75
263100 30 47
263100 41 95
263100 51 76
263100 56 94
263100 57 69
263100 57 107
263100 61 120
263100 71 75
263400 2 74
263400 11 45
263400 13 58
263400 26 75
263400 30 47
263400 51 76
263400 56 94
263400 57 69
263400 57 107
263700 2 74
263700 26 75
263700 30 69
263700 41 95
263700 51 76
263700 56 94
263700 57 107
263700 61 120
263700 71 75
264000 2 74
264000 11 45
264000 26 75
264000 30 69
264000 32 46
264000 41 95
264000 57 107
264000 61 120
264000 77 78
264300 26 75
264300 29 120
264300 30 69
264300 32 46
264300 41 95
264300 61 120
264300 68 107
264300 77 78
264600 26 75
264600 30 69
264600 32 46
264600 41 95
264600 57 107
264600 61 120
264600 61 100
264600 68 107
264600 69 78
264900 18 38
264900 26 75
264900 29 120
264900 32 46
264900 41 95
264900 44 64
264900 46 49
264900 61 120
264900 77 78
265200 18 38
265200 18 69
265200 26 75
265200 30 69
265200 32 46
265200 44 64
265200 68 107
265200 69 78
265200 77 78
265500 3 35
265500 18 38
265500 18 69
265500 29 120
265500 30 69
265500 32 46
265500 41 95
265500 61 120
265500 68 107
265500 77 78
265500 108 121
265800 3 35
265800 18 38
265800 29 120
265800 30 69
265800 32 46
265800 41 95
265800 53 93
265800 61 120
265800 77 78
265800 108 121
266100 9 29
266100 29 120
266100 30 69
266100 32 46
266100 38 50
266100 41 95
266100 61 120
266100 68 107
266100 77 78
266100 108 121
266400 29 120
266400 30 69
266400 38 50
266400 53 93
266400 61 120
266400 68 107
266400 108 121
266700 30 69
266700 38 50
266700 41 95
266700 53 93
266700 61 120
266700 68 107
266700 77 78
267000 29 120
267000 29 111
267000 29 93
267000 29 53
267000 30 69
267000 30 61
267000 53 93
267000 53 95
267000 60 106
267000 61 120
267000 77 93
267300 26 93
267300 29 111
267300 29 93
267300 29 117
267300 30 69
267300 36 75
267300 53 93
267300 53 111
267300 60 106
267300 69 89
267300 89 111
267600 10 89
267600 26 96
267600 26 89
267600 29 93
267600 29 117
267600 29 96
267600 36 75
267600 40 117
267600 53 93
267600 56 89
267600 69 89
267600 77 89
267600 89 111
267900 1 107
267900 1 114
267900 10 40
267900 17 109
267900 20 26
267900 20 59
267900 26 89
267900 26 93
267900 26 96
267900 26 77
267900 29 93
267900 29 96
267900 29 56
267900 36 75
267900 39 86
267900 53 93
267900 77 89
267900 78 94
268200 9 10
268200 9 18
268200 9 39
268200 9 114
268200 10 89
268200 20 26
268200 26 77
268200 26 89
268200 26 110
268200 29 93
268200 29 96
268200 29 117
268200 29 39
268200 32 86
268200 56 89
268200 69 89
268200 89 111
268500 9 18
268500 9 10
268500 9 114
268500 9 39
268500 15 18
268500 18 117
268500 18 39
268500 18 120
268500 20 26
268500 26 89
268500 26 77
268500 26 110
268500 29 117
268500 29 96
268500 39 86
268500 39 117
268500 40 75
268500 56 117
268500 78 120
268800 9 18
268800 9 10
268800 9 70
268800 9 26
268800 9 35
268800 10 89
268800 15 18
268800 18 117
268800 18 39
268800 20 26
268800 22 96
268800 26 77
268800 26 110
268800 26 75
268800 26 96
268800 27 88
268800 29 96
268800 35 88
268800 39 86
268800 56 117
268800 56 89
268800 69 89
268800 78 120
268800 88 109
268800 89 111
268800 114 117
269100 9 10
269100 10 89
269100 10 19
269100 10 70
269100 10 54
269100 18 117
269100 20 26
269100 22 96
269100 26 96
269100 27 88
269100 29 96
269100 29 117
269100 39 117
269100 47 54
269100 48 54
269100 54 70
269100 56 89
269100 69 89
269100 69 88
269100 69 99
269100 69 73
269100 69 96
269100 70 109
269100 85 111
269100 89 111
269100 114 117
269400 0 111
269400 9 10
269400 9 70
269400 9 35
269400 10 89
269400 10 54
269400 10 19
269400 18 117
269400 20 26
269400 22 96
269400 26 96
269400 26 110
269400 26 75
269400 26 77
269400 27 88
269400 29 117
269400 29 96
269400 47 54
269400 47 111
269400 48 54
269400 54 114
269400 69 96
269400 69 89
269400 69 73
269400 70 109
269400 70 73
269400 85 111
269400 87 114
269400 89 111
269400 89 96
269400 89 114
269400 111 114
269400 114 117
269700 0 111
269700 9 35
269700 9 70
269700 9 10
269700 9 99
269700 18 117
269700 22 96
269700 26 96
269700 26 75
269700 26 77
269700 26 110
269700 26 35
269700 27 88
269700 27 73
269700 27 117
269700 29 117
269700 29 96
269700 35 99
269700 47 111
269700 48 54
269700 48 73
269700 54 73
269700 61 117
269700 69 96
269700 69 99
269700 70 73
269700 85 111
269700 87 114
269700 89 111
269700 89 114
269700 99 111
269700 111 114
270000 0 111
270000 1 61
270000 9 10
270000 9 99
270000 9 35
270000 9 27
270000 26 77
270000 26 75
270000 27 117
270000 27 73
270000 29 117
270000 34 99
270000 34 50
270000 35 99
270000 35 77
270000 35 85
270000 45 61
270000 48 73
270000 48 54
270000 48 87
270000 48 101
270000 48 61
270000 54 73
270000 57 68
270000 69 96
270000 69 99
270000 85 111
270000 87 99
270300 0 111
270300 0 63
270300 0 61
270300 6 35
270300 9 35
270300 9 10
270300 10 63
270300 27 88
270300 27 117
270300 27 73
270300 27 77
270300 29 117
270300 35 77
270300 35 99
270300 47 111
270300 48 101
270300 48 87
270300 48 54
270300 48 61
270300 48 73
270300 48 63
270300 57 68
270300 63 77
270300 77 88
270300 88 89
270300 88 116
270300 89 111
270300 111 114
270600 0 63
270600 47 111
270600 88 89
270600 89 111
270600 114 116
271800 60 105
272100 60 87
272100 85 87
