0 0 18
0 8 93
0 9 65
0 12 45
0 13 65
0 13 116
0 15 108
0 19 28
0 25 119
0 25 74
0 25 118
0 27 44
0 36 38
0 37 53
0 40 59
0 43 77
0 45 55
0 49 65
0 54 83
0 65 76
0 69 101
0 81 99
0 87 103
0 87 118
0 93 118
0 98 119
0 99 118
300 9 65
300 13 116
300 13 65
300 25 54
300 27 44
300 36 54
300 37 53
300 40 59
300 40 54
300 43 77
300 45 55
300 45 54
300 49 65
300 54 98
300 54 118
300 54 99
300 54 58
300 64 118
300 65 76
300 69 101
300 87 103
300 87 118
300 93 118
600 0 18
600 9 65
600 13 65
600 14 23
600 22 56
600 25 54
600 25 29
600 25 77
600 37 53
600 40 59
600 45 55
600 49 65
600 53 66
600 54 118
600 54 58
600 69 101
600 87 118
600 87 103
600 93 118
900 6 89
900 9 65
900 13 74
900 14 23
900 14 94
900 21 89
900 22 56
900 25 29
900 36 54
900 37 53
900 45 55
900 49 65
900 53 66
900 54 58
900 69 101
900 74 112
900 87 103
900 93 118
1200 2 41
1200 8 36
1200 9 65
1200 13 74
1200 14 94
1200 19 37
1200 36 54
1200 37 53
1200 44 81
1200 44 89
1200 45 55
1200 49 65
1200 53 66
1200 64 65
1200 69 101
1200 73 81
1200 78 89
1200 93 118
1500 0 41
1500 8 36
1500 9 65
1500 13 74
1500 14 94
1500 25 29
1500 37 53
1500 44 81
1500 44 89
1500 45 55
1500 49 65
1500 54 58
1500 67 75
1500 69 101
1500 73 81
1500 93 118
1800 8 36
1800 9 65
1800 25 29
1800 44 89
1800 44 81
1800 45 55
1800 49 65
1800 69 101
1800 70 99
1800 73 81
1800 82 100
1800 93 118
1800 101 109
2100 9 65
2100 21 82
2100 44 89
2100 45 55
2100 45 86
2100 46 62
2100 49 65
2100 59 68
2100 70 99
2100 73 81
2100 82 100
2100 93 118
2100 99 100
2100 101 109
2400 9 65
2400 37 50
2400 44 89
2400 44 108
2400 45 55
2400 45 86
2400 49 65
2400 59 68
2400 60 73
2400 82 100
2700 9 65
2700 26 52
2700 30 87
2700 37 50
2700 45 86
2700 49 65
2700 59 68
2700 60 73
2700 78 117
2700 78 105
2700 82 100
3000 1 60
3000 5 47
3000 6 52
3000 37 50
3000 45 86
3000 49 65
3000 59 68
3000 60 73
3000 78 105
3000 82 100
3300 1 74
3300 5 47
3300 37 50
3300 45 86
3300 49 65
3300 59 68
3300 60 73
3300 82 100
3300 83 118
3600 1 74
3600 5 47
3600 14 80
3600 36 53
3600 45 86
3600 49 65
3600 56 120
3600 60 73
3600 78 105
3900 1 74
3900 2 111
3900 5 47
3900 9 44
3900 36 53
3900 45 86
3900 46 112
3900 53 111
3900 56 120
3900 60 73
3900 67 115
4200 1 36
4200 9 44
4200 14 80
4200 36 53
4200 45 86
4200 46 112
4200 49 65
4200 56 120
4200 60 73
4200 67 115
4200 78 105
4500 1 36
4500 9 44
4500 14 80
4500 36 53
4500 45 86
4500 46 112
4500 53 111
4500 59 111
4500 60 73
4500 67 115
4500 78 105
4500 83 99
4800 1 36
4800 14 78
4800 36 53
4800 46 112
4800 49 65
4800 53 111
4800 60 73
4800 78 105
4800 81 99
4800 83 99
5100 9 44
5100 19 31
5100 45 86
5100 46 112
5100 53 111
5100 60 73
5100 67 115
5100 78 105
5100 81 99
5100 83 99
5400 3 50
5400 9 44
5400 14 78
5400 19 23
5400 29 121
5400 36 53
5400 45 86
5400 46 112
5400 49 65
5400 53 111
5400 60 73
5400 81 99
5400 83 99
5700 3 50
5700 14 78
5700 19 31
5700 19 23
5700 23 60
5700 29 121
5700 36 53
5700 45 86
5700 67 115
5700 69 121
5700 78 105
5700 81 99
5700 81 112
5700 83 99
6000 3 50
6000 9 44
6000 14 78
6000 23 60
6000 29 121
6000 42 67
6000 46 112
6000 49 65
6000 60 73
6000 67 115
6000 81 99
6300 3 50
6300 9 44
6300 14 78
6300 19 23
6300 19 75
6300 29 121
6300 46 112
6300 60 73
6300 69 121
6300 81 99
6600 3 50
6600 14 78
6600 19 75
6600 29 121
6600 42 67
6600 46 112
6600 49 65
6600 67 115
6600 78 97
6600 81 99
6900 3 50
6900 9 44
6900 14 78
6900 19 75
6900 21 63
6900 29 121
6900 42 67
6900 46 112
6900 60 73
6900 78 97
7200 1 18
7200 1 86
7200 9 44
7200 14 78
7200 19 75
7200 21 63
7200 42 67
7200 46 112
7200 67 115
7200 78 97
7200 81 99
7500 1 86
7500 9 44
7500 21 63
7500 29 121
7500 46 112
7500 60 73
7500 67 115
7500 78 97
7500 81 99
7500 81 97
7800 19 75
7800 21 63
7800 29 121
7800 46 112
7800 60 81
7800 67 115
7800 73 81
7800 81 99
8100 1 86
8100 19 60
8100 21 63
8100 29 121
8100 38 90
8100 38 72
8100 46 112
8100 60 73
8100 67 92
8100 67 82
8100 67 72
8100 67 86
8100 81 99
8100 86 117
8100 86 121
8400 1 86
8400 21 60
8400 21 101
8400 22 59
8400 38 90
8400 38 72
8400 38 46
8400 38 68
8400 50 52
8400 50 68
8400 52 60
8400 63 75
8400 67 86
8400 67 82
8400 67 92
8400 75 81
8400 81 99
8400 86 117
8400 86 121
8400 88 100
8700 1 86
8700 4 86
8700 5 21
8700 21 63
8700 21 37
8700 22 59
8700 27 115
8700 29 61
8700 38 90
8700 38 72
8700 38 46
8700 38 80
8700 50 52
8700 56 90
8700 60 73
8700 60 86
8700 60 61
8700 61 86
8700 67 86
8700 86 121
8700 86 117
9000 1 86
9000 1 27
9000 5 21
9000 5 114
9000 5 90
9000 5 56
9000 21 63
9000 21 37
9000 22 59
9000 22 27
9000 22 60
9000 27 61
9000 29 90
9000 38 72
9000 38 90
9000 50 52
9000 56 90
9000 60 86
9000 60 73
9000 61 86
9000 67 86
9000 81 99
9000 86 117
9000 86 121
9300 0 66
9300 1 27
9300 5 90
9300 5 31
9300 22 59
9300 22 60
9300 22 66
9300 27 115
9300 27 61
9300 27 90
9300 29 90
9300 31 121
9300 31 60
9300 38 72
9300 50 52
9300 56 90
9300 60 73
9300 60 86
9300 61 86
9300 66 72
9300 67 86
9300 72 77
9300 72 114
9300 72 93
9300 85 121
9300 86 117
9300 93 121
9600 0 66
9600 5 31
9600 22 59
9600 22 66
9600 22 60
9600 22 67
9600 27 115
9600 27 61
9600 27 93
9600 31 60
9600 31 121
9600 49 121
9600 50 52
9600 57 103
9600 57 67
9600 57 91
9600 57 63
9600 60 73
9600 60 86
9600 63 67
9600 66 72
9600 66 101
9600 72 77
9600 72 114
9600 72 93
9600 77 115
9600 85 121
9900 1 27
9900 8 59
9900 22 59
9900 22 60
9900 22 66
9900 27 115
9900 27 93
9900 27 61
9900 28 29
9900 29 120
9900 50 52
9900 57 91
9900 57 67
9900 57 103
9900 57 60
9900 59 67
9900 60 86
9900 60 73
9900 60 91
9900 63 120
9900 63 103
9900 63 91
9900 66 72
9900 66 111
9900 67 86
9900 71 77
9900 72 114
9900 72 77
9900 77 115
9900 77 91
9900 86 117
9900 91 111
10200 1 22
10200 7 95
10200 7 114
10200 7 77
10200 7 18
10200 22 59
10200 22 60
10200 22 66
10200 22 29
10200 28 29
10200 29 120
10200 29 50
10200 29 114
10200 29 111
10200 30 50
10200 48 120
10200 48 111
10200 49 121
10200 49 101
10200 49 71
10200 49 59
10200 50 52
10200 50 120
10200 50 86
10200 59 67
10200 60 86
10200 60 91
10200 60 73
10200 63 120
10200 63 91
10200 65 111
10200 66 101
10200 66 72
10200 72 114
10200 77 91
10200 77 114
10200 85 121
10200 86 117
10200 111 117
10200 114 120
10500 7 114
10500 7 77
10500 7 95
10500 18 69
10500 20 101
10500 22 29
10500 22 59
10500 22 66
10500 28 29
10500 29 50
10500 29 120
10500 29 114
10500 29 111
10500 30 50
10500 30 66
10500 30 101
10500 48 120
10500 48 111
10500 48 101
10500 49 59
10500 49 101
10500 50 86
10500 54 86
10500 58 101
10500 59 85
10500 60 86
10500 63 120
10500 65 111
10500 66 101
10500 66 72
10500 66 111
10500 67 86
10500 72 77
10500 84 121
10500 85 121
10500 86 117
10800 7 77
10800 20 101
10800 22 59
10800 30 66
10800 30 50
10800 30 48
10800 48 101
10800 48 111
10800 48 120
10800 48 58
10800 48 71
10800 49 59
10800 49 71
10800 52 57
10800 52 59
10800 57 71
10800 58 101
10800 71 84
11100 0 58
11100 18 69
11100 20 101
11100 20 58
11100 30 50
11100 30 101
11100 30 69
11100 35 69
11100 48 58
11100 48 111
11100 48 101
11100 48 71
11100 48 59
11100 49 59
11100 49 71
11100 52 59
11100 57 71
11100 58 69
11100 60 86
11100 66 111
11100 66 72
11100 66 101
11100 71 84
11400 35 86
14700 19 98
15000 0 46
15000 0 36
15000 36 44
15300 21 33
15300 22 70
15300 23 52
15300 51 64
15300 58 84
15300 84 88
15600 2 64
15600 2 45
15600 26 100
15600 45 77
15600 64 77
15600 84 103
15900 7 26
15900 19 83
15900 26 90
15900 45 74
15900 45 49
16200 20 59
16200 29 57
16200 57 73
16500 20 110
16500 20 62
16500 63 115
16500 70 115
16800 0 96
16800 16 111
17100 29 86
17100 74 116
17100 86 116
17400 8 53
17400 35 71
17400 38 71
17400 44 53
17400 67 78
17400 71 116
17400 78 116
17400 82 116
17700 8 118
17700 8 38
17700 20 38
17700 20 118
17700 35 71
17700 37 77
17700 38 71
17700 38 66
17700 38 84
17700 38 77
17700 51 115
17700 78 116
18000 92 115
18000 95 99
18000 95 115
18300 16 95
18300 99 113
18600 16 95
18600 20 95
18600 62 95
18600 88 95
18600 91 95
18600 92 95
18600 95 99
18600 95 103
18600 95 113
18900 9 45
18900 20 99
18900 25 69
18900 45 88
18900 78 88
18900 88 91
18900 88 99
18900 92 95
18900 95 99
18900 99 101
19200 9 45
19200 16 97
19200 20 99
19200 25 69
19200 25 62
19200 34 69
19200 34 37
19200 45 100
19200 64 80
19200 88 91
19200 92 95
19200 99 101
19500 3 101
19500 3 97
19500 6 40
19500 16 97
19500 20 99
19500 24 76
19500 25 62
19500 28 43
19500 34 69
19500 34 37
19500 34 43
19500 34 78
19500 37 45
19500 43 66
19500 78 88
19500 80 99
19500 92 95
19500 95 99
19500 97 112
19500 99 101
19800 3 97
19800 3 101
19800 3 80
19800 6 92
19800 7 43
19800 7 45
19800 7 73
19800 9 45
19800 16 97
19800 19 78
19800 20 99
19800 28 91
19800 28 45
19800 30 49
19800 30 45
19800 34 43
19800 34 78
19800 39 45
19800 43 71
19800 43 45
19800 45 100
19800 45 116
19800 45 87
19800 45 95
19800 45 81
19800 45 78
19800 45 80
19800 78 88
19800 80 99
19800 86 91
19800 92 95
19800 95 99
19800 97 112
20100 0 33
20100 3 80
20100 6 92
20100 7 73
20100 7 87
20100 7 117
20100 7 19
20100 19 78
20100 20 99
20100 20 87
20100 23 34
20100 25 73
20100 26 91
20100 28 91
20100 30 49
20100 30 45
20100 34 78
20100 34 112
20100 39 81
20100 43 45
20100 43 116
20100 45 81
20100 45 80
20100 45 95
20100 45 87
20100 78 88
20100 80 99
20100 80 112
20100 80 115
20100 86 91
20100 95 99
20100 99 101
20400 3 101
20400 3 80
20400 3 97
20400 3 87
20400 3 95
20400 6 92
20400 7 87
20400 7 117
20400 7 19
20400 7 43
20400 10 95
20400 20 87
20400 26 91
20400 28 91
20400 30 45
20400 30 49
20400 30 39
20400 34 112
20400 34 43
20400 39 97
20400 39 95
20400 43 45
20400 45 80
20400 45 95
20400 78 87
20400 80 115
20400 80 99
20400 80 112
20400 86 91
20400 87 115
20400 95 96
20700 3 87
20700 3 101
20700 3 95
20700 6 92
20700 7 117
20700 7 73
20700 10 95
20700 10 56
20700 19 78
20700 23 34
20700 30 39
20700 30 49
20700 34 78
20700 39 95
20700 39 97
20700 41 95
20700 49 86
20700 49 97
20700 49 115
20700 55 59
20700 58 98
20700 58 97
20700 73 86
20700 78 88
20700 80 112
20700 86 91
20700 86 97
20700 95 99
20700 95 96
20700 97 118
20700 99 101
21000 2 58
21000 6 92
21000 7 43
21000 7 66
21000 10 56
21000 19 78
21000 22 43
21000 23 53
21000 28 91
21000 30 39
21000 30 49
21000 30 34
21000 30 117
21000 30 55
21000 30 54
21000 32 47
21000 34 78
21000 41 95
21000 49 115
21000 49 86
21000 49 97
21000 49 66
21000 53 54
21000 53 58
21000 54 75
21000 57 91
21000 58 98
21000 73 86
21000 73 91
21000 73 97
21000 78 87
21000 78 88
21000 86 97
21000 95 99
21000 95 96
21000 96 98
21000 97 118
21000 99 101
21300 2 58
21300 3 120
21300 7 43
21300 7 97
21300 23 53
21300 28 37
21300 30 34
21300 30 55
21300 30 54
21300 30 117
21300 30 97
21300 30 37
21300 34 112
21300 37 88
21300 39 97
21300 39 66
21300 41 95
21300 43 88
21300 43 66
21300 48 88
21300 49 97
21300 49 86
21300 49 66
21300 49 115
21300 50 104
21300 53 54
21300 54 75
21300 55 59
21300 57 91
21300 66 117
21300 66 112
21300 73 91
21300 80 117
21300 86 91
21300 86 97
21300 95 99
21300 95 96
21300 96 98
21300 97 118
21300 116 117
21600 1 23
21600 2 58
21600 3 120
21600 7 34
21600 14 17
21600 15 17
21600 15 39
21600 23 50
21600 28 91
21600 28 37
21600 30 37
21600 30 49
21600 30 39
21600 39 66
21600 41 95
21600 41 100
21600 43 66
21600 48 88
21600 49 66
21600 49 97
21600 49 115
21600 49 86
21600 53 58
21600 53 112
21600 53 87
21600 58 98
21600 58 63
21600 66 117
21600 66 73
21600 73 112
21600 78 88
21600 80 117
21600 85 112
21600 101 120
21600 112 117
21600 116 117
21600 117 120
21900 1 23
21900 1 37
21900 1 120
21900 1 66
21900 1 48
21900 1 15
21900 1 7
21900 3 120
21900 3 7
21900 7 43
21900 7 34
21900 7 95
21900 7 48
21900 7 101
21900 7 37
21900 7 118
21900 7 87
21900 14 17
21900 15 39
21900 15 17
21900 15 80
21900 15 95
21900 15 73
21900 23 50
21900 23 53
21900 25 56
21900 28 37
21900 37 101
21900 37 55
21900 41 105
21900 43 66
21900 48 88
21900 49 66
21900 49 115
21900 50 104
21900 53 54
21900 53 112
21900 55 120
21900 56 86
21900 56 101
21900 57 91
21900 57 117
21900 58 98
21900 58 63
21900 58 117
21900 58 101
21900 63 101
21900 73 91
21900 80 117
21900 80 120
21900 86 97
21900 86 91
21900 86 101
21900 95 99
21900 101 120
21900 117 120
22200 2 58
22200 2 80
22200 3 113
22200 7 34
22200 8 81
22200 14 17
22200 15 73
22200 28 37
22200 30 39
22200 39 66
22200 39 42
22200 41 105
22200 49 115
22200 49 66
22200 50 104
22200 53 112
22200 53 54
22200 55 120
22200 56 86
22200 57 91
22200 57 88
22200 63 107
22200 67 73
22200 72 80
22200 73 91
22200 73 116
22200 86 97
22200 86 101
22200 107 116
22200 116 117
22500 1 15
22500 1 7
22500 1 66
22500 1 48
22500 1 37
22500 1 120
22500 2 58
22500 2 73
22500 3 113
22500 8 30
22500 8 28
22500 17 92
22500 25 56
22500 28 81
22500 30 39
22500 32 99
22500 32 79
22500 39 66
22500 41 105
22500 41 49
22500 41 97
22500 42 58
22500 45 95
22500 45 56
22500 49 115
22500 50 117
22500 53 54
22500 56 101
22500 57 91
22500 57 117
22500 57 88
22500 58 79
22500 72 80
22500 72 73
22500 86 97
22500 99 117
22500 116 117
22800 1 66
22800 1 7
22800 3 113
22800 7 34
22800 10 53
22800 17 92
22800 17 31
22800 21 26
22800 25 58
22800 26 67
22800 28 81
22800 30 39
22800 31 99
22800 31 45
22800 32 79
22800 32 41
22800 34 92
22800 39 66
22800 41 97
22800 41 49
22800 41 105
22800 41 48
22800 48 57
22800 49 94
22800 50 117
22800 53 54
22800 55 120
22800 55 58
22800 55 94
22800 56 86
22800 57 88
22800 57 91
22800 63 107
22800 63 97
22800 66 93
22800 67 107
22800 72 80
22800 72 86
22800 73 116
22800 86 101
22800 99 116
22800 107 116
23100 3 113
23100 3 118
23100 7 98
23100 10 17
23100 17 92
23100 17 33
23100 18 53
23100 21 26
23100 21 33
23100 25 58
23100 25 49
23100 30 63
23100 31 99
23100 32 79
23100 32 83
23100 39 73
23100 41 97
23100 41 49
23100 48 57
23100 49 94
23100 51 83
23100 53 54
23100 55 94
23100 55 58
23100 55 120
23100 56 86
23100 56 83
23100 57 91
23100 57 83
23100 66 93
23100 67 107
23100 72 80
23100 72 73
23100 73 116
23100 76 118
23100 83 92
23100 83 99
23100 86 101
23100 94 98
23100 99 116
23100 107 116
23400 3 113
23400 3 95
23400 3 48
23400 7 98
23400 10 17
23400 15 31
23400 15 69
23400 15 65
23400 17 31
23400 17 92
23400 21 26
23400 21 35
23400 25 49
23400 31 45
23400 34 92
23400 37 73
23400 37 54
23400 39 66
23400 41 49
23400 41 97
23400 41 48
23400 48 57
23400 49 118
23400 50 117
23400 50 102
23400 50 99
23400 54 65
23400 55 120
23400 56 73
23400 57 91
23400 66 103
23400 67 107
23400 69 118
23400 86 101
23400 94 107
23400 107 116
23700 0 8
23700 0 94
23700 1 101
23700 3 113
23700 3 48
23700 3 118
23700 10 17
23700 17 31
23700 25 49
23700 30 63
23700 30 44
23700 30 48
23700 31 45
23700 32 79
23700 34 92
23700 34 116
23700 37 54
23700 37 73
23700 41 48
23700 41 97
23700 44 107
23700 45 105
23700 48 57
23700 48 76
23700 49 118
23700 50 102
23700 50 117
23700 54 65
23700 55 120
23700 55 94
23700 55 117
23700 57 91
23700 63 105
23700 64 105
23700 64 121
23700 67 107
23700 69 118
23700 69 99
23700 73 116
23700 76 118
23700 76 105
23700 79 92
23700 79 105
23700 84 107
23700 84 105
23700 86 101
23700 92 101
23700 107 116
24000 0 84
24000 3 113
24000 3 118
24000 3 10
24000 3 76
24000 5 44
24000 10 17
24000 10 51
24000 15 73
24000 17 31
24000 25 49
24000 27 109
24000 29 76
24000 29 111
24000 30 63
24000 30 44
24000 31 45
24000 32 79
24000 32 74
24000 37 54
24000 37 73
24000 37 76
24000 41 48
24000 41 58
24000 48 76
24000 49 118
24000 50 117
24000 50 102
24000 54 65
24000 54 58
24000 55 120
24000 55 117
24000 57 91
24000 57 76
24000 63 105
24000 69 99
24000 73 116
24000 73 81
24000 76 105
24000 76 118
24000 84 105
24300 0 107
24300 3 10
24300 3 113
24300 3 118
24300 3 48
24300 5 10
24300 8 90
24300 8 76
24300 10 51
24300 10 32
24300 13 73
24300 17 31
24300 17 90
24300 29 76
24300 29 111
24300 30 44
24300 31 45
24300 32 79
24300 33 90
24300 37 76
24300 41 48
24300 44 107
24300 45 105
24300 45 67
24300 49 118
24300 49 73
24300 50 117
24300 54 63
24300 55 120
24300 57 76
24300 58 90
24300 63 105
24300 69 99
24300 69 80
24300 73 81
24300 76 105
24300 76 118
24300 79 92
24300 79 105
24300 79 90
24300 84 105
24300 87 90
24300 90 101
24300 107 116
24300 116 117
24600 0 107
24600 0 54
24600 5 10
24600 8 45
24600 10 17
24600 11 86
24600 11 29
24600 11 45
24600 11 49
24600 11 92
24600 11 72
24600 15 102
24600 16 72
24600 17 31
24600 29 111
24600 29 76
24600 31 45
24600 31 59
24600 37 54
24600 37 69
24600 41 48
24600 41 88
24600 45 67
24600 45 105
24600 48 76
24600 49 73
24600 49 91
24600 50 102
24600 50 117
24600 50 63
24600 54 63
24600 55 117
24600 58 90
24600 59 113
24600 63 105
24600 63 87
24600 76 105
24600 84 105
24600 87 90
24600 87 91
24600 89 113
24600 116 117
24900 0 54
24900 0 31
24900 8 102
24900 8 101
24900 10 51
24900 10 87
24900 10 91
24900 11 72
24900 11 92
24900 12 51
24900 12 81
24900 13 51
24900 15 102
24900 17 31
24900 29 111
24900 29 76
24900 29 117
24900 30 44
24900 31 45
24900 31 81
24900 37 54
24900 37 107
24900 44 107
24900 45 67
24900 45 105
24900 49 73
24900 50 117
24900 50 102
24900 50 63
24900 54 63
24900 54 59
24900 54 120
24900 55 117
24900 55 120
24900 58 90
24900 63 105
24900 63 120
24900 63 87
24900 69 117
24900 69 72
24900 73 81
24900 73 79
24900 90 101
24900 107 116
24900 116 117
25200 0 31
25200 0 54
25200 0 116
25200 0 15
25200 2 73
25200 8 102
25200 8 101
25200 10 87
25200 11 92
25200 11 49
25200 12 92
25200 12 28
25200 15 73
25200 16 72
25200 17 31
25200 17 22
25200 28 75
25200 29 111
25200 30 44
25200 37 54
25200 37 107
25200 41 48
25200 44 107
25200 45 105
25200 48 96
25200 49 73
25200 49 56
25200 54 63
25200 55 120
25200 59 71
25200 63 105
25200 71 96
25200 73 79
25200 73 81
25200 76 105
25200 76 100
25200 90 101
25200 107 116
25200 116 117
25500 0 54
25500 0 31
25500 0 28
25500 0 12
25500 6 17
25500 6 11
25500 8 101
25500 8 87
25500 10 91
25500 10 67
25500 11 49
25500 11 62
25500 12 92
25500 12 28
25500 12 81
25500 12 120
25500 15 102
25500 16 72
25500 17 31
25500 17 113
25500 22 115
25500 23 90
25500 29 117
25500 29 111
25500 29 76
25500 29 100
25500 31 81
25500 31 45
25500 34 81
25500 37 54
25500 41 49
25500 45 105
25500 45 67
25500 50 102
25500 54 120
25500 54 63
25500 55 120
25500 58 90
25500 59 71
25500 62 105
25500 63 120
25500 63 105
25500 90 101
25500 101 113
25800 2 73
25800 6 11
25800 12 81
25800 12 92
25800 15 102
25800 16 72
25800 17 22
25800 17 113
25800 23 90
25800 26 29
25800 27 92
25800 29 100
25800 29 76
25800 29 111
25800 30 44
25800 31 81
25800 34 81
25800 34 120
25800 34 37
25800 37 54
25800 44 107
25800 45 67
25800 50 102
25800 54 63
25800 54 120
25800 58 90
25800 59 71
25800 63 105
25800 71 99
25800 76 100
25800 101 113
26100 6 11
26100 6 73
26100 15 102
26100 16 72
26100 17 113
26100 23 90
26100 27 92
26100 34 37
26100 34 120
26100 37 54
26100 43 121
26100 44 107
26100 54 63
26100 54 120
26100 58 90
26100 59 71
26100 63 105
26100 73 97
26100 101 113
26400 6 73
26400 9 28
26400 16 72
26400 17 113
26400 23 90
26400 25 50
26400 27 92
26400 34 37
26400 42 45
26400 43 121
26400 44 107
26400 45 100
26400 50 90
26400 54 120
26400 58 90
26400 71 104
26400 73 97
26400 101 113
26700 6 73
26700 6 26
26700 9 28
26700 13 21
26700 16 72
26700 17 86
26700 19 34
26700 25 50
26700 42 45
26700 43 121
26700 44 107
26700 45 100
26700 50 90
26700 101 113
27000 9 28
27000 17 86
27000 19 34
27000 22 118
27000 25 50
27000 42 45
27000 43 121
27000 45 100
27000 46 67
27000 50 90
27000 66 89
27000 71 104
27000 101 113
27300 1 55
27300 16 72
27300 17 86
27300 19 34
27300 25 50
27300 27 107
27300 42 45
27300 43 121
27300 50 90
27300 66 89
27300 84 107
27600 1 101
27600 16 72
27600 17 86
27600 25 50
27600 27 107
27600 35 118
27600 43 121
27600 50 90
27600 57 101
27600 66 89
27600 84 107
27900 16 72
27900 17 86
27900 17 66
27900 25 50
27900 27 107
27900 35 118
27900 57 101
27900 63 74
27900 84 107
28200 16 72
28200 17 86
28200 17 66
28200 21 80
28200 27 107
28200 35 118
28200 43 121
28200 57 101
28200 59 121
28200 75 121
28500 17 66
28500 21 80
28500 25 50
28500 25 121
28500 27 107
28500 40 107
28500 43 121
28500 57 101
28500 59 121
28500 75 121
28800 17 86
28800 17 66
28800 21 80
28800 25 121
28800 27 107
28800 33 93
28800 36 74
28800 43 121
29100 17 86
29100 21 80
29100 25 50
29100 36 74
29100 43 121
29100 52 79
29100 59 60
29400 10 37
29400 10 86
29400 17 86
29400 21 80
29400 25 50
29400 31 94
29400 73 94
29700 0 99
29700 21 80
29700 21 61
29700 22 83
29700 31 94
29700 35 83
29700 40 61
29700 50 73
29700 50 110
29700 52 79
29700 73 94
29700 83 99
30000 7 104
30000 7 48
30000 14 22
30000 21 80
30000 21 22
30000 24 52
30000 31 94
30000 33 58
30000 33 52
30000 34 79
30000 35 83
30000 52 79
30000 73 94
30300 7 104
30300 14 22
30300 21 22
30300 21 80
30300 23 48
30300 23 26
30300 31 94
30300 64 94
30300 73 94
30600 7 104
30600 14 22
30600 16 100
30600 21 22
30600 21 80
30600 22 70
30600 22 114
30600 31 94
30600 33 58
30600 39 70
30600 56 68
30600 66 68
30600 68 94
30600 70 80
30900 7 104
30900 14 22
30900 14 31
30900 16 100
30900 17 31
30900 21 80
30900 21 22
30900 31 94
30900 31 87
30900 66 113
30900 66 87
31200 14 31
31200 14 22
31200 14 26
31200 16 100
31200 17 31
31200 21 22
31200 21 80
31200 31 94
31200 31 87
31200 66 113
31200 73 80
31200 73 104
31500 14 31
31500 14 22
31500 16 87
31500 16 45
31500 17 31
31500 17 50
31500 21 22
31500 31 94
31500 31 87
31500 66 113
31500 73 104
31800 14 31
31800 14 22
31800 14 84
31800 16 87
31800 16 45
31800 21 22
31800 31 94
31800 31 87
31800 38 108
31800 76 84
31800 84 96
31800 96 108
32100 7 24
32100 7 15
32100 15 16
32100 16 45
32100 16 87
32100 21 22
32100 24 95
32100 24 114
32100 31 87
32100 35 95
32100 38 108
32100 83 112
32100 96 108
32400 16 45
32400 16 87
32400 20 62
32400 21 22
32400 31 87
32400 32 92
32400 32 91
32400 32 105
32400 38 108
32400 62 103
32400 87 96
32400 91 105
32400 91 114
32400 103 105
32700 16 45
32700 16 87
32700 21 22
32700 31 87
32700 32 91
32700 74 87
32700 91 114
33000 16 45
33000 16 87
33000 31 37
33000 74 87
33300 16 45
33300 74 87
33300 79 106
33600 16 45
33600 40 114
33600 74 87
33900 7 16
33900 16 45
33900 74 87
34200 7 16
34200 54 100
34200 57 100
34200 74 87
34500 7 16
34500 16 45
34500 47 74
34500 55 100
34500 57 100
34800 7 16
34800 9 83
34800 55 100
34800 57 100
35100 7 16
35100 50 71
35100 55 100
35100 55 71
35100 57 100
35400 7 16
35400 36 69
35400 57 100
35700 7 16
35700 16 70
35700 55 100
35700 59 65
36000 7 16
36000 16 75
36000 54 103
36000 59 65
36300 7 16
36300 16 70
36300 16 75
36300 65 80
36600 54 98
36900 7 16
36900 7 70
36900 65 80
37200 7 16
37200 23 32
37200 23 98
37200 54 98
37500 5 88
37500 7 70
37500 23 32
37500 54 98
37500 88 114
37800 5 88
38100 7 38
38100 32 70
38100 38 114
38100 88 114
38400 5 88
38400 7 38
38400 38 114
38400 52 68
39000 5 88
39000 7 38
39000 52 114
39600 7 38
39600 8 114
39600 52 96
87000 2 81
87000 2 46
87000 15 19
87300 2 46
87300 4 110
87300 9 24
87300 15 19
87300 15 76
87300 18 76
87300 23 45
87300 45 46
87600 2 81
87600 2 46
87600 4 110
87600 5 6
87600 9 24
87600 15 19
87600 15 76
87600 17 33
87600 38 62
87600 52 66
87600 97 108
87900 2 46
87900 3 31
87900 4 110
87900 5 6
87900 11 119
87900 15 19
87900 38 62
87900 48 99
87900 61 118
87900 75 118
88200 2 46
88200 4 110
88200 7 57
88200 7 115
88200 11 119
88200 15 19
88200 17 33
88200 38 62
88200 51 92
88200 52 66
88200 57 92
88200 61 118
88200 75 118
88200 101 116
88500 4 110
88500 4 52
88500 5 6
88500 7 115
88500 7 57
88500 10 51
88500 15 19
88500 17 33
88500 51 92
88500 51 57
88500 58 112
88500 61 118
88500 78 92
88500 85 116
88500 94 112
88500 95 111
88500 101 116
88800 3 42
88800 4 110
88800 5 6
88800 5 52
88800 7 115
88800 7 57
88800 17 33
88800 25 105
88800 56 112
88800 57 97
88800 58 112
88800 61 118
88800 78 92
88800 94 112
88800 95 111
88800 101 116
89100 3 42
89100 5 6
89100 7 115
89100 7 57
89100 13 97
89100 15 19
89100 17 33
89100 25 105
89100 31 97
89100 58 112
89100 78 92
89100 94 112
89100 95 111
89400 3 42
89400 7 57
89400 7 115
89400 13 97
89400 13 33
89400 15 19
89400 15 61
89400 17 33
89400 25 105
89400 29 39
89400 31 97
89400 68 117
89400 95 111
89700 3 42
89700 7 57
89700 7 115
89700 13 33
89700 15 19
89700 17 33
89700 28 52
89700 46 83
89700 82 101
90000 3 42
90000 7 57
90000 15 19
90000 25 92
90000 28 52
90000 32 52
90000 42 84
90000 50 66
90000 70 84
90000 82 101
90300 3 42
90300 15 19
90300 25 92
90300 28 52
90300 35 86
90300 42 84
90300 50 66
90300 82 101
90300 101 120
90600 3 42
90600 7 57
90600 15 19
90600 25 92
90600 28 52
90600 32 52
90600 35 86
90600 42 84
90900 3 42
90900 7 57
90900 13 58
90900 18 60
90900 25 92
90900 28 52
90900 28 60
90900 32 52
90900 35 86
90900 50 66
90900 101 120
91200 3 42
91200 7 57
91200 13 58
91200 25 92
91200 28 52
91200 28 60
91200 32 52
91200 35 86
91200 86 105
91200 101 120
91500 3 42
91500 18 60
91500 28 60
91500 28 52
91500 32 52
91500 35 86
91800 3 42
91800 28 52
91800 28 60
91800 32 52
91800 86 105
91800 101 120
92100 3 42
92100 21 73
92100 28 52
92100 32 52
92100 35 86
92100 86 105
92100 101 120
92400 3 42
92400 21 73
92400 28 60
92400 32 52
92400 59 67
92400 86 105
92400 101 120
92400 101 105
92700 28 60
92700 32 52
92700 86 105
92700 101 120
93000 3 42
93000 21 73
93000 28 60
93000 50 97
93000 59 67
93000 86 105
93000 88 100
93300 3 42
93300 21 73
93300 28 60
93300 32 52
93300 59 67
93300 95 103
93300 101 120
93600 3 42
93600 12 38
93600 28 60
93600 32 52
93600 43 80
93600 87 114
93600 88 100
93900 28 60
93900 28 109
93900 32 52
93900 43 80
93900 59 67
93900 87 114
93900 88 100
94200 8 26
94200 15 72
94200 19 80
94200 20 80
94200 26 72
94200 26 96
94200 28 60
94200 28 72
94200 38 87
94200 43 80
94200 87 114
94200 88 100
94200 91 118
94500 8 26
94500 8 80
94500 8 52
94500 15 72
94500 19 80
94500 19 43
94500 19 107
94500 20 80
94500 23 26
94500 23 72
94500 26 96
94500 28 72
94500 32 37
94500 32 52
94500 37 55
94500 37 38
94500 42 43
94500 43 80
94500 52 107
94500 55 70
94500 87 114
94500 88 100
94800 8 80
94800 8 60
94800 15 72
94800 19 107
94800 19 80
94800 19 110
94800 20 80
94800 23 26
94800 23 72
94800 23 32
94800 23 55
94800 25 60
94800 26 96
94800 26 55
94800 28 60
94800 28 72
94800 32 52
94800 32 37
94800 32 60
94800 32 96
94800 37 38
94800 37 55
94800 38 87
94800 43 80
94800 43 60
94800 45 72
94800 52 107
94800 52 55
94800 55 110
95100 8 80
95100 15 72
95100 20 80
95100 20 60
95100 20 114
95100 23 26
95100 23 38
95100 23 104
95100 26 96
95100 26 94
95100 32 96
95100 32 60
95100 32 37
95100 32 52
95100 32 105
95100 33 88
95100 37 38
95100 38 72
95100 38 96
95100 40 80
95100 43 80
95100 45 72
95100 47 88
95100 52 107
95100 52 55
95100 52 80
95100 60 75
95100 68 114
95100 80 89
95100 87 114
95100 88 100
95100 96 114
95100 96 104
95400 14 94
95400 20 60
95400 20 114
95400 20 80
95400 20 94
95400 23 55
95400 26 55
95400 26 96
95400 28 72
95400 28 88
95400 30 68
95400 32 37
95400 32 60
95400 32 105
95400 32 96
95400 32 52
95400 32 56
95400 33 88
95400 37 55
95400 38 72
95400 45 72
95400 46 104
95400 47 88
95400 50 105
95400 52 55
95400 52 107
95400 52 80
95400 53 62
95400 55 110
95400 56 96
95400 56 100
95400 62 104
95400 68 114
95400 68 94
95400 88 100
95400 95 105
95400 96 114
95400 100 120
95700 6 20
95700 8 80
95700 14 94
95700 14 95
95700 14 110
95700 20 94
95700 20 80
95700 20 114
95700 21 100
95700 21 95
95700 23 104
95700 23 55
95700 25 95
95700 26 96
95700 26 55
95700 27 53
95700 28 88
95700 30 68
95700 32 96
95700 32 52
95700 32 56
95700 37 55
95700 38 72
95700 43 80
95700 45 72
95700 45 104
95700 46 50
95700 50 105
95700 52 107
95700 52 55
95700 52 68
95700 52 120
95700 52 105
95700 53 68
95700 55 110
95700 56 100
95700 68 94
95700 72 94
95700 80 89
95700 88 100
95700 90 110
95700 95 105
95700 96 114
95700 96 104
95700 100 120
95700 110 120
96000 6 55
96000 6 30
96000 7 55
96000 11 38
96000 11 50
96000 14 95
96000 14 110
96000 14 94
96000 14 107
96000 20 94
96000 21 100
96000 21 95
96000 23 55
96000 26 96
96000 26 55
96000 27 53
96000 30 68
96000 30 93
96000 30 90
96000 30 91
96000 32 96
96000 38 72
96000 38 120
96000 38 68
96000 38 90
96000 43 80
96000 43 105
96000 46 50
96000 47 96
96000 50 105
96000 50 53
96000 50 90
96000 52 55
96000 52 107
96000 52 105
96000 52 68
96000 53 62
96000 53 68
96000 55 120
96000 56 100
96000 57 94
96000 68 94
96000 88 100
96000 90 110
96000 95 105
96000 96 114
96000 96 104
96000 110 120
96300 11 50
96300 11 38
96300 14 95
96300 14 94
96300 15 95
96300 21 95
96300 27 53
96300 27 37
96300 30 90
96300 30 68
96300 30 93
96300 31 95
96300 32 96
96300 37 55
96300 37 50
96300 37 72
96300 38 120
96300 38 90
96300 38 68
96300 43 105
96300 46 50
96300 50 53
96300 50 90
96300 50 105
96300 52 68
96300 53 68
96300 53 90
96300 57 94
96300 62 93
96300 93 105
96300 94 117
96300 95 105
96300 96 114
96300 96 104
96600 14 94
96600 27 53
96600 27 37
96600 27 46
96600 27 104
96600 30 93
96600 32 96
96600 37 55
96600 37 50
96600 38 90
96600 46 117
96600 46 93
96600 47 96
96600 50 90
96600 53 90
96600 56 100
96600 57 94
96600 59 60
96600 60 104
96600 62 93
96600 90 94
96600 91 117
96600 93 105
96600 96 104
96900 11 50
96900 17 91
96900 27 37
96900 27 53
96900 27 47
96900 30 93
96900 37 50
96900 37 55
96900 37 60
96900 37 75
96900 38 120
96900 38 90
96900 46 50
96900 46 93
96900 46 98
96900 47 96
96900 47 91
96900 50 105
96900 50 90
96900 50 53
96900 53 90
96900 56 100
96900 60 104
96900 60 100
96900 62 93
96900 89 100
96900 90 94
96900 90 93
96900 91 117
96900 91 104
96900 92 96
96900 93 105
96900 94 100
96900 96 104
96900 100 110
96900 100 104
97200 3 22
97200 3 55
97200 3 105
97200 8 105
97200 11 50
97200 14 94
97200 14 47
97200 14 60
97200 14 75
97200 14 17
97200 17 91
97200 21 120
97200 27 104
97200 27 46
97200 27 47
97200 30 93
97200 31 75
97200 32 93
97200 37 60
97200 37 75
97200 37 55
97200 38 90
97200 46 50
97200 47 91
97200 47 98
97200 50 105
97200 50 90
97200 50 53
97200 53 90
97200 54 96
97200 55 120
97200 55 100
97200 56 100
97200 60 104
97200 62 93
97200 75 98
97200 75 105
97200 90 94
97200 91 95
97200 92 96
97200 96 104
97200 98 100
97200 100 104
97500 3 55
97500 3 22
97500 7 17
97500 8 105
97500 8 98
97500 14 17
97500 14 47
97500 14 60
97500 14 117
97500 14 92
97500 17 91
97500 17 117
97500 17 96
97500 27 47
97500 30 93
97500 31 75
97500 32 81
97500 32 60
97500 37 60
97500 38 90
97500 46 50
97500 46 98
97500 47 98
97500 47 91
97500 48 117
97500 55 100
97500 55 120
97500 60 104
97500 62 93
97500 75 98
97500 91 117
97500 96 104
97500 98 100
97800 32 81
98100 41 94
98100 41 44
98400 41 44
98400 53 94
98700 53 86
99600 13 89
99600 36 89
99900 13 89
100800 51 108
100800 51 68
101100 39 68
101100 51 108
101400 28 74
101400 76 86
101400 109 120
101400 109 112
101700 1 76
101700 10 47
101700 27 49
101700 27 76
101700 47 52
101700 49 109
101700 49 86
101700 86 109
102000 27 49
102000 27 83
102000 27 47
102000 27 72
102000 49 109
102300 41 92
102300 44 83
102300 46 83
102600 5 69
102600 53 107
102600 75 79
102600 75 76
102600 107 120
102900 13 87
102900 87 95
103200 23 36
103200 36 112
103200 42 77
103500 22 58
103500 38 74
103500 74 83
103800 4 56
104100 15 28
104100 42 100
104400 10 50
104400 15 28
104400 23 44
104400 59 120
104400 95 118
104400 112 118
104700 4 54
104700 4 101
104700 41 54
104700 57 58
105000 0 85
105000 3 13
105000 4 54
105000 4 103
105000 4 11
105000 4 62
105000 4 112
105000 6 54
105000 6 45
105000 24 103
105000 24 95
105000 28 120
105000 31 113
105000 44 101
105000 54 76
105300 3 13
105300 4 103
105300 4 62
105300 4 65
105300 6 54
105300 6 45
105300 6 85
105300 6 22
105300 6 119
105300 6 103
105300 13 75
105300 18 103
105300 24 95
105300 28 85
105300 44 101
105300 46 95
105300 47 85
105300 65 112
105300 65 108
105300 75 85
105300 76 85
105300 95 113
105600 2 4
105600 3 13
105600 3 75
105600 4 54
105600 6 103
105600 6 119
105600 6 22
105600 6 54
105600 6 108
105600 13 75
105600 14 65
105600 15 113
105600 15 87
105600 18 65
105600 19 54
105600 24 95
105600 26 113
105600 28 85
105600 44 101
105600 46 95
105600 54 76
105600 62 112
105600 65 112
105600 65 119
105600 75 85
105600 91 112
105600 95 113
105600 95 112
105600 95 119
105900 2 4
105900 2 18
105900 2 103
105900 3 75
105900 6 22
105900 6 108
105900 13 75
105900 14 65
105900 14 15
105900 14 119
105900 15 87
105900 15 113
105900 15 18
105900 15 19
105900 15 22
105900 18 65
105900 18 119
105900 19 54
105900 19 65
105900 22 116
105900 24 95
105900 26 113
105900 28 85
105900 40 119
105900 44 101
105900 44 103
105900 46 95
105900 62 112
105900 76 85
105900 91 112
105900 95 119
105900 95 112
106200 2 4
106200 2 18
106200 2 103
106200 4 54
106200 6 108
106200 6 103
106200 6 54
106200 14 119
106200 14 65
106200 14 15
106200 15 113
106200 15 22
106200 15 19
106200 15 75
106200 15 81
106200 18 65
106200 18 91
106200 18 40
106200 19 65
106200 22 116
106200 24 95
106200 24 62
106200 26 113
106200 40 101
106200 44 101
106200 44 75
106200 46 95
106200 46 75
106200 54 76
106200 62 112
106200 62 75
106200 62 85
106200 65 112
106200 65 95
106200 65 113
106200 76 85
106200 76 101
106200 91 110
106200 95 112
106200 101 113
106200 103 113
106200 113 116
106200 115 119
106500 4 54
106500 6 108
106500 6 54
106500 15 22
106500 18 119
106500 18 91
106500 19 65
106500 19 54
106500 19 22
106500 19 108
106500 22 44
106500 24 62
106500 24 95
106500 40 101
106500 40 119
106500 40 113
106500 46 95
106500 46 82
106500 62 75
106500 65 113
106500 76 101
106500 82 95
106500 85 119
106500 91 110
106500 95 112
106500 96 108
106500 103 113
106500 108 113
106500 113 116
106800 2 18
106800 2 103
106800 2 4
106800 2 46
106800 6 103
106800 6 54
106800 6 101
106800 6 47
106800 14 119
106800 14 62
106800 15 19
106800 18 40
106800 18 65
106800 18 119
106800 18 105
106800 19 54
106800 19 22
106800 19 108
106800 40 119
106800 44 75
106800 46 95
106800 46 82
106800 47 82
106800 62 95
106800 71 76
106800 74 112
106800 76 105
106800 82 95
106800 82 105
106800 85 119
106800 95 112
106800 96 108
106800 97 103
106800 101 113
106800 101 112
106800 115 119
107100 2 18
107100 2 46
107100 2 4
107100 2 15
107100 2 33
107100 2 108
107100 3 115
107100 4 108
107100 4 71
107100 6 54
107100 6 108
107100 6 103
107100 6 47
107100 6 101
107100 7 22
107100 7 18
107100 7 117
107100 14 119
107100 14 62
107100 15 19
107100 18 105
107100 18 40
107100 18 65
107100 18 119
107100 19 22
107100 19 108
107100 19 115
107100 22 115
107100 24 104
107100 24 115
107100 33 54
107100 33 110
107100 40 119
107100 40 101
107100 46 82
107100 46 95
107100 47 71
107100 47 85
107100 54 95
107100 54 72
107100 54 62
107100 59 87
107100 74 112
107100 76 101
107100 76 105
107100 76 85
107100 82 95
107100 85 104
107100 86 115
107100 95 112
107100 97 103
107100 101 112
107100 101 113
107100 104 115
107100 115 119
107400 2 108
107400 2 15
107400 3 53
107400 3 71
107400 3 33
107400 3 95
107400 3 62
107400 4 71
107400 4 108
107400 6 108
107400 6 101
107400 7 22
107400 7 18
107400 14 119
107400 15 19
107400 18 119
107400 18 105
107400 19 22
107400 19 108
107400 19 33
107400 24 104
107400 24 115
107400 24 75
107400 33 110
107400 33 54
107400 40 101
107400 49 105
107400 49 82
107400 52 86
107400 54 62
107400 54 95
107400 54 72
107400 59 87
107400 71 76
107400 76 101
107400 76 85
107400 76 105
107400 82 95
107400 82 103
107400 85 104
107400 95 112
107400 96 108
107400 98 103
107400 101 113
107400 103 105
107400 104 115
107400 115 119
107700 3 53
107700 4 117
107700 4 40
107700 4 112
107700 4 119
107700 6 101
107700 6 108
107700 6 54
107700 7 18
107700 7 22
107700 7 101
107700 7 85
107700 14 119
107700 15 19
107700 18 119
107700 18 40
107700 19 108
107700 19 84
107700 21 112
107700 22 42
107700 22 86
107700 22 120
107700 24 95
107700 26 121
107700 33 49
107700 33 42
107700 36 85
107700 40 119
107700 40 86
107700 42 86
107700 47 62
107700 49 105
107700 49 82
107700 49 85
107700 52 86
107700 54 95
107700 54 62
107700 59 87
107700 76 85
107700 76 105
107700 82 95
107700 82 103
107700 85 104
107700 95 112
107700 97 103
107700 98 103
107700 101 113
107700 103 105
108000 0 32
108000 0 47
108000 0 81
108000 2 101
108000 2 54
108000 4 112
108000 6 101
108000 7 18
108000 7 22
108000 7 85
108000 7 101
108000 14 95
108000 14 112
108000 14 79
108000 15 19
108000 18 105
108000 19 22
108000 19 108
108000 19 104
108000 19 21
108000 22 42
108000 22 86
108000 22 120
108000 24 115
108000 24 104
108000 24 75
108000 26 121
108000 33 42
108000 33 49
108000 36 85
108000 42 86
108000 42 84
108000 42 112
108000 42 105
108000 42 54
108000 49 82
108000 49 85
108000 54 62
108000 62 120
108000 71 76
108000 74 76
108000 76 101
108000 76 104
108000 81 112
108000 81 119
108000 95 112
108000 101 113
108000 101 110
108000 104 115
108000 119 120
108300 0 81
108300 0 32
108300 0 47
108300 2 54
108300 2 101
108300 2 87
108300 4 117
108300 6 54
108300 6 86
108300 6 113
108300 7 18
108300 14 95
108300 14 79
108300 14 112
108300 21 112
108300 22 120
108300 24 115
108300 24 95
108300 24 104
108300 25 79
108300 26 121
108300 33 49
108300 40 86
108300 42 54
108300 42 59
108300 42 79
108300 47 71
108300 49 85
108300 49 82
108300 49 105
108300 52 86
108300 53 82
108300 54 95
108300 62 96
108300 71 76
108300 74 110
108300 75 95
108300 81 112
108300 81 119
108300 82 103
108300 82 86
108300 95 112
108300 98 113
108300 101 110
108300 101 113
108300 113 118
108300 119 120
108600 0 47
108600 0 32
108600 2 54
108600 2 100
108600 7 18
108600 7 85
108600 14 112
108600 21 41
108600 22 120
108600 24 95
108600 24 115
108600 24 104
108600 24 114
108600 33 118
108600 36 85
108600 40 86
108600 40 119
108600 42 54
108600 47 71
108600 48 58
108600 48 66
108600 58 103
108600 61 79
108600 61 85
108600 61 66
108600 74 110
108600 75 103
108600 79 83
108600 81 119
108600 81 112
108600 95 112
108600 113 118
108600 119 120
108900 0 47
108900 2 100
108900 6 7
108900 11 40
108900 11 48
108900 14 95
108900 14 79
108900 14 91
108900 24 95
108900 25 119
108900 33 118
108900 33 100
108900 40 44
108900 42 59
108900 42 79
108900 42 54
108900 42 48
108900 44 82
108900 47 71
108900 48 66
108900 58 119
108900 58 59
108900 61 85
108900 61 79
108900 68 110
108900 81 112
108900 81 119
108900 95 112
108900 113 118
108900 119 120
109200 2 100
109200 6 100
109200 6 85
109200 7 85
109200 8 68
109200 11 40
109200 11 29
109200 14 91
109200 15 68
109200 21 41
109200 22 120
109200 22 74
109200 24 95
109200 25 54
109200 25 75
109200 33 118
109200 36 85
109200 40 75
109200 40 60
109200 42 54
109200 44 82
109200 47 71
109200 48 66
109200 58 119
109200 58 59
109200 61 100
109200 68 110
109200 76 88
109200 79 83
109200 81 112
109200 83 88
109200 95 112
109200 113 118
109200 119 120
109500 2 68
109500 6 85
109500 7 85
109500 11 48
109500 11 40
109500 14 79
109500 14 19
109500 17 60
109500 18 112
109500 24 95
109500 25 75
109500 33 100
109500 33 48
109500 36 85
109500 41 79
109500 41 105
109500 42 48
109500 42 54
109500 44 82
109500 47 71
109500 48 66
109500 54 113
109500 54 75
109500 58 59
109500 59 88
109500 60 61
109500 61 81
109500 68 110
109500 68 120
109500 79 83
109500 79 113
109500 83 88
109500 95 112
109500 119 120
109800 3 109
109800 5 71
109800 6 85
109800 8 68
109800 8 84
109800 11 48
109800 11 71
109800 11 101
109800 14 19
109800 14 79
109800 18 112
109800 21 41
109800 23 101
109800 23 68
109800 25 75
109800 25 54
109800 25 101
109800 33 118
109800 40 75
109800 40 60
109800 40 68
109800 41 79
109800 41 105
109800 42 54
109800 42 101
109800 44 82
109800 54 113
109800 59 116
109800 68 120
109800 79 113
109800 81 112
109800 84 118
109800 91 101
109800 95 112
109800 100 101
109800 101 116
109800 113 118
110100 5 71
110100 5 46
110100 7 85
110100 8 84
110100 8 113
110100 11 48
110100 17 112
110100 17 41
110100 18 112
110100 21 72
110100 21 84
110100 23 68
110100 23 101
110100 25 75
110100 25 40
110100 33 118
110100 33 113
110100 40 60
110100 40 68
110100 40 112
110100 40 85
110100 40 43
110100 42 54
110100 42 48
110100 43 64
110100 44 82
110100 47 59
110100 54 113
110100 59 116
110100 59 64
110100 68 120
110100 75 76
110100 79 113
110100 81 112
110100 84 118
110100 95 112
110100 101 116
110400 3 109
110400 4 76
110400 4 15
110400 5 71
110400 5 46
110400 5 64
110400 7 85
110400 7 74
110400 7 15
110400 8 68
110400 8 84
110400 11 71
110400 11 101
110400 11 47
110400 16 17
110400 17 41
110400 18 112
110400 21 72
110400 25 40
110400 25 75
110400 30 83
110400 33 47
110400 40 85
110400 41 74
110400 41 90
110400 42 48
110400 42 54
110400 42 46
110400 42 118
110400 43 64
110400 44 82
110400 48 84
110400 54 113
110400 79 84
110400 84 118
110400 95 112
110400 100 101
110400 113 118
110700 3 109
110700 5 64
110700 7 15
110700 7 85
110700 7 74
110700 7 46
110700 7 35
110700 8 68
110700 8 84
110700 8 32
110700 11 71
110700 11 109
110700 11 57
110700 11 58
110700 11 90
110700 12 35
110700 18 112
110700 21 84
110700 21 72
110700 25 75
110700 29 48
110700 29 58
110700 33 118
110700 41 90
110700 43 64
110700 44 82
110700 48 90
110700 53 103
110700 55 113
110700 59 64
110700 68 101
110700 71 74
110700 74 88
110700 84 118
110700 100 101
110700 101 113
110700 113 118
111000 5 46
111000 5 45
111000 7 85
111000 7 74
111000 7 15
111000 8 118
111000 11 71
111000 11 57
111000 12 41
111000 16 90
111000 17 41
111000 18 112
111000 21 84
111000 21 48
111000 25 75
111000 29 100
111000 35 52
111000 44 82
111000 45 64
111000 48 90
111000 48 86
111000 54 113
111000 57 58
111000 58 90
111000 68 101
111000 100 101
111000 113 118
111300 5 46
111300 7 15
111300 7 85
111300 7 74
111300 8 118
111300 8 37
111300 11 71
111300 11 57
111300 16 90
111300 16 76
111300 21 72
111300 26 37
111300 27 71
111300 27 29
111300 29 100
111300 29 48
111300 29 38
111300 34 58
111300 34 52
111300 35 52
111300 37 61
111300 37 76
111300 37 45
111300 37 63
111300 37 64
111300 44 82
111300 45 64
111300 49 90
111300 53 84
111300 54 113
111300 54 94
111300 54 69
111300 57 58
111300 58 90
111300 71 74
111300 74 88
111300 74 120
111300 82 98
111300 84 118
111300 90 94
111300 94 120
111300 100 101
111600 5 46
111600 5 58
111600 8 37
111600 16 76
111600 19 96
111600 19 99
111600 24 62
111600 25 75
111600 27 29
111600 29 100
111600 34 54
111600 35 52
111600 38 84
111600 44 82
111600 45 64
111600 48 90
111600 48 120
111600 48 54
111600 49 71
111600 49 61
111600 54 94
111600 54 69
111600 57 58
111600 57 64
111600 58 90
111600 58 81
111600 61 118
111600 71 119
111600 74 120
111600 76 100
111600 80 98
111600 81 99
111600 84 118
111600 96 118
111600 100 101
111900 3 15
111900 3 90
111900 5 88
111900 7 15
111900 8 118
111900 8 20
111900 11 57
111900 16 76
111900 19 96
111900 19 99
111900 20 93
111900 21 72
111900 26 28
111900 30 93
111900 34 58
111900 38 84
111900 44 82
111900 48 90
111900 54 113
111900 57 58
111900 58 90
111900 74 120
111900 76 100
111900 81 99
111900 81 85
111900 84 118
111900 88 94
111900 90 94
111900 94 120
111900 96 118
112200 3 90
112200 3 15
112200 5 88
112200 8 20
112200 19 99
112200 19 96
112200 20 93
112200 24 62
112200 26 28
112200 26 94
112200 27 29
112200 29 100
112200 29 56
112200 38 84
112200 44 82
112200 49 71
112200 49 61
112200 58 81
112200 74 120
112200 76 100
112200 81 99
112200 84 118
112200 88 94
112200 94 120
112200 96 118
112500 3 15
112500 3 90
112500 5 98
112500 8 20
112500 15 114
112500 19 96
112500 19 99
112500 20 93
112500 21 72
112500 24 62
112500 27 29
112500 29 56
112500 29 100
112500 29 93
112500 32 51
112500 44 82
112500 49 71
112500 49 61
112500 74 120
112500 84 118
112500 97 119
112800 5 98
112800 8 20
112800 15 114
112800 19 99
112800 19 96
112800 20 93
112800 21 72
112800 24 62
112800 26 94
112800 26 28
112800 27 29
112800 33 72
112800 33 71
112800 33 105
112800 49 61
112800 51 99
112800 52 72
112800 58 81
112800 66 116
113100 3 90
113100 3 15
113100 3 64
113100 5 98
113100 11 105
113100 19 99
113100 19 96
113100 20 93
113100 26 94
113100 26 28
113100 33 72
113100 33 71
113100 33 64
113100 36 91
113100 44 82
113100 49 61
113100 49 71
113100 56 96
113100 58 81
113100 60 90
113100 60 94
113100 64 105
113100 66 116
113100 68 94
113400 3 90
113400 3 64
113400 3 15
113400 3 83
113400 5 98
113400 8 20
113400 10 12
113400 11 105
113400 19 96
113400 19 99
113400 20 93
113400 24 65
113400 26 28
113400 26 94
113400 27 29
113400 33 71
113400 33 64
113400 36 91
113400 49 61
113400 60 94
113400 64 101
113400 68 94
113400 91 116
113700 4 84
113700 5 98
113700 8 20
113700 8 105
113700 11 105
113700 14 71
113700 19 99
113700 19 96
113700 24 65
113700 26 28
113700 26 94
113700 27 29
113700 42 88
113700 49 61
113700 64 101
113700 68 94
113700 91 116
114000 4 84
114000 5 98
114000 5 60
114000 7 26
114000 8 20
114000 10 34
114000 11 105
114000 12 91
114000 14 71
114000 19 96
114000 24 65
114000 26 28
114000 26 94
114000 33 71
114000 49 61
114000 64 101
114000 68 94
114000 91 116
114300 5 98
114300 5 60
114300 10 34
114300 12 91
114300 14 71
114300 24 65
114300 26 28
114300 29 107
114300 33 71
114300 49 61
114300 64 101
114300 68 94
114600 5 60
114600 5 98
114600 8 32
114600 12 91
114600 23 38
114600 24 65
114600 29 107
114600 32 104
114600 33 71
114600 49 61
114600 68 94
114600 91 116
114900 5 60
114900 5 98
114900 8 32
114900 10 34
114900 24 65
114900 29 107
114900 32 104
114900 41 74
114900 49 61
114900 64 101
115200 5 98
115200 8 32
115200 23 38
115200 24 65
115200 29 107
115200 32 104
115200 39 121
115200 41 74
115200 64 101
115200 83 94
115200 85 113
115500 5 98
115500 10 115
115500 32 104
115500 39 121
115500 40 115
115500 41 74
115500 64 101
115500 83 94
115500 85 113
115500 90 113
115800 5 98
115800 10 115
115800 20 83
115800 20 121
115800 39 121
115800 40 115
115800 41 74
115800 61 104
115800 64 101
115800 71 104
115800 83 104
115800 85 113
116100 5 98
116100 5 115
116100 6 39
116100 6 54
116100 10 115
116100 13 54
116100 13 61
116100 20 83
116100 32 104
116100 40 115
116100 54 109
116100 61 104
116100 64 101
116100 85 113
116400 3 23
116400 3 61
116400 3 10
116400 5 98
116400 6 39
116400 23 115
116400 23 28
116400 28 40
116400 40 115
116400 40 109
116400 41 74
116400 43 99
116400 54 109
116400 61 104
116400 64 101
116400 79 111
116400 85 113
116400 99 111
116700 5 98
116700 5 70
116700 6 39
116700 23 28
116700 28 40
116700 51 70
116700 61 104
116700 64 101
116700 70 112
116700 71 112
116700 85 113
117000 0 57
117000 1 88
117000 4 84
117000 5 98
117000 6 39
117000 20 90
117000 28 40
117000 44 101
117000 57 90
117000 57 62
117000 61 104
117000 62 121
117000 62 92
117000 64 101
117000 66 84
117000 79 111
117000 84 101
117300 4 84
117300 6 39
117300 18 73
117300 18 55
117300 47 98
117300 57 62
117300 61 104
117300 62 92
117300 64 101
117600 4 84
117600 5 98
117600 18 55
117600 25 112
117600 57 62
117600 62 92
117600 62 110
117600 68 110
117600 79 111
117900 4 84
117900 5 8
117900 18 55
117900 57 62
117900 62 92
118200 4 84
118200 18 55
118200 55 80
118200 57 62
118200 80 121
118500 4 84
118500 6 38
118500 18 71
118500 38 71
118500 57 62
118500 71 82
118500 80 121
118800 1 98
118800 1 20
118800 1 112
118800 4 84
118800 8 21
118800 21 98
118800 38 71
118800 61 98
118800 61 65
118800 71 82
118800 80 121
119100 1 98
119100 1 20
119100 4 84
119100 21 98
119100 22 109
119100 24 26
119100 24 109
119100 26 74
119100 37 103
119100 38 71
119100 38 105
119100 61 98
119100 105 111
119100 109 111
119400 1 112
119400 1 98
119400 4 84
119400 7 38
119400 8 21
119400 21 98
119400 38 71
119400 65 84
119400 93 105
119700 1 98
119700 1 112
119700 4 84
119700 7 38
119700 21 108
119700 55 118
119700 65 84
119700 88 91
119700 88 106
119700 91 108
119700 93 105
120000 1 112
120000 4 84
120000 4 75
120000 7 38
120000 29 88
120000 65 84
120000 88 106
120000 107 108
120300 1 112
120300 4 75
120300 7 38
120300 29 88
120300 46 47
120300 46 58
120300 55 118
120300 58 112
120300 65 84
120300 88 106
120300 107 108
120600 1 112
120600 4 75
120600 4 84
120600 7 107
120600 8 38
120600 20 80
120600 29 88
120600 88 106
120600 107 108
120900 4 75
120900 8 38
120900 10 108
120900 14 51
120900 20 80
120900 29 88
120900 107 108
121200 7 107
121200 7 38
121200 8 38
121200 20 80
121200 29 88
121200 29 108
121200 88 106
121200 107 108
121500 8 88
121500 20 80
121500 22 111
121500 29 88
121500 29 108
121500 29 111
121500 88 106
121800 16 95
121800 20 80
121800 22 29
121800 67 106
121800 88 106
121800 88 95
121800 107 108
122100 5 44
122100 7 72
122100 8 12
122100 12 82
122100 20 80
122100 72 76
122100 88 106
122100 88 95
122100 107 108
122400 7 72
122400 8 12
122400 46 72
122400 67 106
122400 72 76
122400 88 106
122400 107 108
122700 5 44
122700 7 72
122700 12 82
122700 67 106
122700 72 106
122700 88 106
122700 88 95
122700 108 111
123300 7 12
123300 67 110
124200 33 85
124500 38 114
125100 38 114
125700 38 114
126300 114 121
173400 35 73
173400 49 103
173700 7 103
173700 11 80
173700 49 103
173700 49 51
173700 70 80
173700 99 103
173700 108 120
174000 7 103
174000 14 59
174000 70 80
174000 70 99
174000 72 80
174000 81 120
174000 99 120
174000 104 120
174000 108 120
174300 67 120
174300 70 80
174300 81 120
174300 97 116
174300 99 120
174300 101 121
174300 104 120
174600 14 69
174600 50 105
174600 53 78
174600 70 80
174600 81 120
174600 96 118
174600 97 116
174600 99 120
174600 104 120
174900 14 69
174900 18 87
174900 26 28
174900 32 90
174900 43 58
174900 50 105
174900 53 78
174900 53 71
174900 55 71
174900 81 120
174900 97 116
174900 99 120
175200 14 69
175200 28 80
175200 28 62
175200 28 29
175200 32 90
175200 43 58
175200 50 105
175200 53 71
175200 53 78
175200 55 71
175200 60 103
175200 83 115
175200 96 98
175200 97 116
175200 99 120
175500 7 48
175500 14 69
175500 20 115
175500 28 29
175500 30 115
175500 32 90
175500 35 60
175500 43 58
175500 50 105
175500 55 71
175500 60 103
175500 83 115
175500 96 98
175500 97 115
175500 99 120
175800 7 48
175800 14 93
175800 20 115
175800 30 76
175800 50 105
175800 55 71
175800 59 115
175800 60 103
175800 66 94
175800 67 94
175800 71 115
175800 83 115
175800 96 98
175800 97 115
175800 98 100
175800 99 120
175800 101 107
176100 21 39
176100 30 115
176100 32 90
176100 50 105
176100 55 71
176100 59 115
176100 60 103
176100 66 94
176100 67 94
176100 68 100
176100 72 83
176100 96 98
176100 98 100
176100 99 120
176400 7 108
176400 18 110
176400 21 39
176400 32 90
176400 50 105
176400 55 71
176400 59 115
176400 60 103
176400 66 94
176400 68 100
176400 99 120
176400 101 107
176700 7 108
176700 9 45
176700 21 39
176700 32 90
176700 43 94
176700 50 105
176700 55 71
176700 55 56
176700 59 115
176700 60 103
176700 66 94
177000 18 110
177000 21 39
177000 32 90
177000 50 105
177000 55 56
177000 55 71
177000 59 115
177000 66 94
177000 101 107
177300 21 39
177300 43 94
177300 50 105
177300 55 56
177300 60 103
177300 66 94
177300 101 107
177600 15 106
177600 18 110
177600 21 39
177600 32 90
177600 50 105
177600 55 56
177600 59 115
177600 101 107
177900 15 106
177900 18 110
177900 21 39
177900 32 90
177900 43 94
177900 55 56
177900 59 115
177900 59 85
177900 66 94
178200 18 110
178200 21 39
178200 43 94
178200 55 56
178200 59 115
178200 66 94
178200 101 107
178500 15 106
178500 18 110
178500 21 39
178500 32 90
178500 43 94
178500 59 115
178500 66 94
178500 68 95
178800 18 110
178800 21 39
178800 55 56
178800 59 115
178800 66 94
178800 68 95
178800 84 117
179100 15 106
179100 18 110
179100 21 39
179100 55 56
179100 59 115
179100 66 94
179100 68 95
179400 2 48
179400 8 99
179400 18 110
179400 21 39
179400 55 56
179400 59 115
179400 84 117
179700 8 99
179700 18 110
179700 21 39
179700 59 115
179700 66 94
179700 68 95
179700 76 90
179700 84 117
180000 2 48
180000 21 39
180000 55 56
180000 59 115
180000 66 94
180000 68 95
180000 84 117
180000 99 115
180300 18 110
180300 21 39
180300 55 56
180300 59 115
180300 65 95
180300 66 94
180300 84 117
180600 2 118
180600 18 110
180600 39 88
180600 39 52
180600 42 65
180600 42 50
180600 55 56
180600 65 95
180600 66 94
180600 67 118
180900 39 88
180900 55 56
180900 59 115
180900 59 109
180900 59 67
180900 59 88
180900 65 95
180900 67 110
180900 67 88
180900 88 110
180900 95 110
181200 6 55
181200 11 44
181200 11 79
181200 18 110
181200 55 56
181200 59 67
181200 59 115
181200 59 109
181200 59 88
181200 67 110
181200 67 88
181200 67 87
181200 88 110
181200 95 110
181200 103 110
181500 5 59
181500 6 59
181500 6 87
181500 11 79
181500 11 121
181500 11 13
181500 11 120
181500 11 31
181500 16 87
181500 16 18
181500 18 59
181500 59 67
181500 59 115
181500 59 109
181500 67 88
181500 67 110
181500 67 79
181500 103 110
181800 6 55
181800 6 88
181800 13 21
181800 28 52
181800 43 103
181800 43 100
181800 43 47
181800 43 67
181800 59 67
181800 59 115
181800 60 73
181800 67 87
181800 67 110
181800 67 88
181800 67 79
181800 69 87
181800 73 103
181800 87 103
181800 103 115
182100 5 59
182100 5 103
182100 6 59
182100 10 31
182100 11 31
182100 11 120
182100 18 59
182100 21 56
182100 23 87
182100 23 120
182100 24 28
182100 27 100
182100 28 47
182100 28 100
182100 31 69
182100 31 73
182100 43 100
182100 43 67
182100 51 120
182100 55 100
182100 56 90
182100 56 72
182100 59 109
182100 67 87
182100 67 110
182100 69 87
182100 72 73
182100 87 103
182100 100 103
182100 100 120
182100 103 115
182400 5 103
182400 5 73
182400 5 100
182400 5 23
182400 5 28
182400 6 59
182400 10 105
182400 10 31
182400 11 31
182400 11 120
182400 11 90
182400 11 97
182400 11 50
182400 11 13
182400 13 21
182400 13 31
182400 13 90
182400 13 110
182400 21 56
182400 23 87
182400 23 73
182400 24 28
182400 27 120
182400 28 52
182400 28 47
182400 28 100
182400 29 56
182400 31 69
182400 31 73
182400 32 97
182400 55 100
182400 56 72
182400 60 73
182400 67 79
182400 67 110
182400 73 103
182400 100 120
182700 10 31
182700 10 105
182700 10 50
182700 10 13
182700 10 114
182700 11 13
182700 11 97
182700 11 120
182700 13 31
182700 13 97
182700 21 56
182700 23 120
182700 24 28
182700 27 120
182700 28 47
182700 29 56
182700 31 73
182700 31 52
182700 32 97
182700 47 56
182700 47 50
182700 50 113
182700 50 51
182700 51 120
182700 51 78
182700 55 100
182700 67 110
182700 74 101
182700 100 120
183000 1 60
183000 10 105
183000 10 114
183000 10 31
183000 10 13
183000 10 25
183000 17 47
183000 23 73
183000 24 28
183000 25 51
183000 29 56
183000 31 73
183000 31 52
183000 31 69
183000 32 60
183000 32 47
183000 50 51
183000 50 113
183000 51 120
183000 51 78
183000 60 73
183000 73 103
183000 74 101
183300 1 60
183300 1 29
183300 1 38
183300 1 59
183300 5 32
183300 10 13
183300 10 31
183300 10 25
183300 10 29
183300 11 120
183300 17 29
183300 17 31
183300 17 101
183300 23 120
183300 25 106
183300 27 120
183300 28 47
183300 29 56
183300 31 69
183300 31 73
183300 31 52
183300 32 97
183300 32 60
183300 32 51
183300 47 56
183300 47 50
183300 50 51
183300 51 120
183300 51 78
183300 59 73
183300 60 73
183300 60 101
183300 73 103
183300 74 101
183300 88 89
183600 1 38
183600 1 29
183600 1 60
183600 1 17
183600 8 11
183600 10 31
183600 10 29
183600 10 25
183600 10 13
183600 11 120
183600 11 52
183600 11 59
183600 11 56
183600 17 47
183600 17 101
183600 23 120
183600 25 106
183600 27 38
183600 29 56
183600 29 52
183600 31 52
183600 31 73
183600 31 69
183600 31 84
183600 32 97
183600 32 51
183600 32 60
183600 38 106
183600 38 56
183600 38 59
183600 45 101
183600 45 59
183600 47 50
183600 47 56
183600 51 120
183600 51 78
183600 51 106
183600 52 120
183600 52 103
183600 56 106
183600 59 73
183600 59 101
183600 73 103
183600 88 89
183600 93 106
183900 1 29
183900 1 17
183900 1 60
183900 1 38
183900 1 8
183900 8 11
183900 8 10
183900 10 25
183900 10 13
183900 10 31
183900 10 29
183900 10 45
183900 11 59
183900 11 56
183900 27 38
183900 29 56
183900 29 52
183900 31 52
183900 31 73
183900 31 69
183900 31 84
183900 31 45
183900 38 56
183900 45 59
183900 45 103
183900 45 56
183900 45 84
183900 47 50
183900 47 56
183900 47 78
183900 52 103
183900 56 106
183900 73 103
183900 74 101
183900 84 103
183900 93 106
183900 103 107
184200 1 8
184200 8 10
184200 37 74
184200 45 84
186600 12 107
186900 107 116
187200 66 113
187800 0 69
187800 8 118
188100 4 31
188100 30 100
188100 30 31
188100 92 99
188100 100 116
188400 13 104
188400 13 83
188400 92 99
188700 3 111
188700 36 97
189300 108 115
189600 5 31
189600 5 71
189600 9 74
189600 14 46
189900 5 31
189900 20 89
189900 72 78
189900 72 91
190200 63 78
190200 68 72
190200 78 79
190500 0 38
190500 2 62
190500 2 82
190500 14 44
190500 62 104
190500 78 79
190800 0 38
190800 32 62
190800 32 90
190800 47 62
190800 55 90
190800 108 116
191100 15 107
191100 32 58
191100 55 77
191100 107 117
191400 0 38
191400 12 84
191400 22 58
191400 24 92
191400 44 59
191400 55 77
191400 62 83
191400 62 107
191400 84 108
191400 107 117
191700 0 44
191700 0 10
191700 0 21
191700 0 93
191700 0 59
191700 12 84
191700 22 58
191700 24 44
191700 38 66
191700 44 88
191700 44 76
191700 44 116
191700 59 92
191700 62 107
191700 62 104
191700 69 108
191700 84 108
191700 108 116
192000 10 81
192000 22 58
192000 24 44
192000 31 32
192000 44 76
192000 44 116
192000 44 88
192000 55 92
192000 59 92
192000 61 79
192000 62 104
192000 69 108
192000 83 108
192000 88 104
192000 88 108
192000 95 116
192000 108 116
192300 0 10
192300 10 81
192300 12 24
192300 12 86
192300 21 48
192300 22 58
192300 24 44
192300 24 29
192300 38 66
192300 41 83
192300 41 95
192300 44 95
192300 58 63
192300 59 92
192300 61 92
192300 62 104
192300 81 86
192300 83 108
192300 84 108
192300 84 95
192300 85 107
192300 88 104
192300 94 95
192300 95 103
192600 9 41
192600 12 86
192600 12 21
192600 21 48
192600 22 58
192600 24 29
192600 29 58
192600 32 69
192600 32 41
192600 38 44
192600 38 55
192600 41 95
192600 41 83
192600 41 92
192600 41 116
192600 42 94
192600 44 76
192600 44 88
192600 53 86
192600 59 92
192600 69 108
192600 81 107
192600 83 108
192600 84 108
192600 86 88
192600 87 88
192600 88 108
192600 94 95
192600 108 116
192900 2 93
192900 8 116
192900 9 41
192900 12 103
192900 22 58
192900 24 108
192900 24 92
192900 29 104
192900 31 59
192900 32 69
192900 32 41
192900 32 116
192900 38 66
192900 38 93
192900 41 92
192900 41 83
192900 41 104
192900 41 116
192900 42 94
192900 42 116
192900 44 88
192900 44 76
192900 55 60
192900 58 83
192900 59 92
192900 59 108
192900 59 63
192900 69 108
192900 69 113
192900 76 93
192900 83 108
192900 83 103
192900 84 108
192900 85 107
192900 88 108
192900 108 116
193200 2 93
193200 11 14
193200 13 59
193200 16 93
193200 22 58
193200 24 108
193200 26 104
193200 29 104
193200 31 58
193200 32 116
193200 38 93
193200 38 66
193200 38 118
193200 41 83
193200 41 104
193200 42 116
193200 44 88
193200 44 76
193200 44 104
193200 44 106
193200 44 86
193200 58 83
193200 59 63
193200 59 88
193200 65 103
193200 66 103
193200 76 93
193200 83 103
193200 83 108
193200 84 108
193200 91 93
193200 93 104
193200 93 99
193200 98 104
193500 2 93
193500 11 14
193500 14 59
193500 14 26
193500 24 108
193500 24 92
193500 29 104
193500 29 34
193500 29 58
193500 31 59
193500 32 116
193500 32 104
193500 38 118
193500 42 94
193500 42 116
193500 44 104
193500 44 106
193500 44 88
193500 44 85
193500 65 103
193500 66 103
193500 86 93
193500 91 94
193500 91 93
193500 93 104
193500 93 99
193800 14 59
193800 16 34
193800 21 81
193800 21 101
193800 21 99
193800 22 58
193800 26 104
193800 29 58
193800 29 34
193800 31 58
193800 36 38
193800 36 103
193800 38 118
193800 38 108
193800 40 99
193800 42 94
193800 42 116
193800 44 106
193800 44 88
193800 44 104
193800 44 83
193800 44 103
193800 58 83
193800 63 98
193800 65 103
193800 83 108
193800 91 94
193800 93 99
193800 99 103
193800 103 108
194100 6 44
194100 11 14
194100 11 49
194100 14 26
194100 14 29
194100 21 81
194100 22 83
194100 24 108
194100 24 49
194100 24 40
194100 29 104
194100 29 58
194100 29 83
194100 29 84
194100 29 94
194100 31 58
194100 32 104
194100 34 98
194100 36 103
194100 36 38
194100 36 98
194100 36 99
194100 38 118
194100 38 108
194100 40 99
194100 42 94
194100 44 104
194100 44 85
194100 44 88
194100 44 83
194100 44 103
194100 44 73
194100 49 94
194100 57 121
194100 58 83
194100 65 103
194100 83 106
194100 83 84
194100 91 94
194100 94 103
194100 99 103
194100 103 108
194100 104 106
194400 6 44
194400 10 121
194400 11 14
194400 11 49
194400 11 34
194400 14 26
194400 14 29
194400 14 59
194400 16 34
194400 21 101
194400 21 99
194400 21 118
194400 21 47
194400 22 58
194400 22 83
194400 24 40
194400 24 49
194400 24 34
194400 24 84
194400 26 104
194400 28 34
194400 29 58
194400 29 104
194400 29 34
194400 29 83
194400 29 94
194400 32 34
194400 34 98
194400 34 49
194400 34 114
194400 34 99
194400 36 99
194400 40 99
194400 49 94
194400 49 63
194400 49 75
194400 49 114
194400 52 88
194400 58 83
194400 63 98
194400 83 106
194400 83 121
194400 84 98
194400 91 94
194400 94 103
194400 99 103
194700 6 44
194700 10 121
194700 11 34
194700 21 101
194700 24 40
194700 24 31
194700 24 63
194700 26 114
194700 28 34
194700 28 37
194700 32 104
194700 34 99
194700 34 49
194700 36 103
194700 36 38
194700 36 98
194700 40 99
194700 40 80
194700 40 51
194700 42 94
194700 42 75
194700 44 85
194700 44 104
194700 47 59
194700 49 75
194700 49 114
194700 49 63
194700 49 94
194700 49 121
194700 49 104
194700 57 121
194700 59 114
194700 63 98
194700 83 106
194700 91 94
194700 104 106
195000 6 44
195000 11 14
195000 11 49
195000 11 73
195000 21 101
195000 25 73
195000 28 34
195000 28 54
195000 31 77
195000 32 104
195000 34 99
195000 36 103
195000 36 98
195000 36 38
195000 36 44
195000 36 73
195000 36 63
195000 38 73
195000 40 99
195000 42 75
195000 44 85
195000 44 76
195000 49 63
195000 62 119
195000 73 100
195000 75 105
195000 83 121
195000 91 94
195300 6 76
195300 6 105
195300 11 73
195300 23 119
195300 23 75
195300 25 72
195300 28 34
195300 30 76
195300 32 104
195300 34 99
195300 36 73
195300 37 62
195300 38 73
195300 38 94
195300 40 99
195300 42 94
195300 42 75
195300 44 104
195300 48 116
195300 49 94
195300 62 121
195300 73 100
195300 75 105
195300 77 119
195300 83 121
195300 91 94
195300 113 114
195600 1 68
195600 6 76
195600 6 105
195600 11 14
195600 11 49
195600 11 114
195600 23 44
195600 25 72
195600 25 34
195600 28 34
195600 34 99
195600 35 104
195600 36 38
195600 37 62
195600 38 94
195600 38 73
195600 42 94
195600 42 75
195600 43 113
195600 44 104
195600 44 66
195600 49 94
195600 61 97
195600 62 121
195600 65 68
195600 68 70
195600 68 121
195600 68 98
195600 68 75
195600 83 121
195900 1 68
195900 1 46
195900 2 9
195900 5 121
195900 6 76
195900 6 85
195900 9 28
195900 11 114
195900 11 14
195900 23 117
195900 25 34
195900 25 58
195900 28 65
195900 34 99
195900 35 58
195900 35 85
195900 36 38
195900 37 62
195900 38 73
195900 43 113
195900 44 49
195900 44 81
195900 48 116
195900 61 97
195900 65 68
195900 68 75
195900 68 98
195900 75 105
195900 90 105
195900 90 99
195900 116 117
196200 2 9
196200 3 58
196200 3 36
196200 5 121
196200 6 76
196200 9 28
196200 9 65
196200 11 114
196200 12 14
196200 25 58
196200 25 34
196200 25 121
196200 25 107
196200 34 99
196200 35 58
196200 36 90
196200 38 92
196200 39 70
196200 39 75
196200 43 113
196200 46 94
196200 61 97
196200 68 70
196200 75 105
196200 85 99
196200 92 116
196500 2 9
196500 3 36
196500 6 85
196500 6 76
196500 6 54
196500 9 28
196500 9 83
196500 11 114
196500 14 83
196500 28 65
196500 28 38
196500 35 58
196500 37 39
196500 38 92
196500 39 70
196500 43 113
196500 48 119
196500 58 60
196500 60 121
196500 68 70
196500 68 78
196500 75 105
196500 85 99
196500 91 105
196500 92 116
196500 93 100
196500 99 119
196800 0 100
196800 0 121
196800 2 9
196800 3 36
196800 5 38
196800 6 85
196800 9 83
196800 9 86
196800 9 99
196800 11 114
196800 17 99
196800 25 75
196800 28 119
196800 28 70
196800 39 75
196800 42 54
196800 43 113
196800 49 121
196800 56 60
196800 60 100
196800 68 70
196800 68 78
196800 83 114
196800 91 105
196800 99 119
197100 0 100
197100 0 121
197100 2 9
197100 5 57
197100 6 54
197100 6 76
197100 6 85
197100 6 111
197100 14 42
197100 27 61
197100 27 38
197100 28 119
197100 38 111
197100 39 75
197100 42 54
197100 42 63
197100 43 113
197100 49 121
197100 56 60
197100 56 90
197100 56 61
197100 63 94
197100 68 111
197100 83 111
197100 91 105
197100 94 111
197100 100 111
197100 111 119
197400 0 121
197400 0 100
197400 2 9
197400 5 57
197400 11 114
197400 17 99
197400 17 109
197400 17 83
197400 22 24
197400 27 83
197400 28 119
197400 36 75
197400 37 81
197400 38 85
197400 39 75
197400 42 54
197400 43 113
197400 49 121
197400 54 56
197400 54 77
197400 56 61
197400 56 85
197400 60 100
197400 60 63
197400 63 94
197400 63 109
197400 68 111
197400 77 91
197400 83 114
197400 111 119
197400 119 121
197700 0 121
197700 0 100
197700 0 43
197700 5 57
197700 5 53
197700 5 74
197700 6 54
197700 14 42
197700 17 109
197700 17 83
197700 21 100
197700 22 24
197700 27 83
197700 28 119
197700 32 37
197700 32 93
197700 37 81
197700 38 85
197700 42 94
197700 43 71
197700 51 85
197700 54 56
197700 54 77
197700 56 61
197700 56 85
197700 60 100
197700 63 109
197700 75 119
197700 83 114
197700 95 121
198000 0 121
198000 0 100
198000 0 9
198000 4 66
198000 5 57
198000 5 13
198000 5 88
198000 6 54
198000 17 109
198000 17 83
198000 21 100
198000 22 24
198000 27 83
198000 28 86
198000 28 105
198000 32 37
198000 34 81
198000 37 81
198000 38 85
198000 38 63
198000 38 54
198000 43 113
198000 49 86
198000 54 77
198000 54 86
198000 56 85
198000 60 100
198000 60 63
198000 63 94
198000 63 109
198000 73 105
198000 73 85
198000 83 114
198000 88 109
198000 95 121
198300 0 12
198300 0 56
198300 5 88
198300 5 74
198300 6 54
198300 17 109
198300 17 83
198300 20 81
198300 20 38
198300 21 100
198300 22 24
198300 28 86
198300 28 73
198300 32 37
198300 38 63
198300 38 60
198300 49 86
198300 49 76
198300 51 85
198300 54 56
198300 54 86
198300 54 77
198300 56 61
198300 60 63
198300 60 100
198300 67 88
198300 84 109
198300 101 115
198600 0 56
198600 4 90
198600 4 121
198600 11 56
198600 20 81
198600 20 38
198600 28 105
198600 32 37
198600 38 60
198600 49 76
198600 51 85
198600 54 56
198600 56 61
198600 67 88
198600 73 105
198600 88 109
198600 92 93
198900 4 90
198900 5 74
198900 6 54
198900 12 33
198900 17 109
198900 18 93
198900 20 81
198900 27 103
198900 28 105
198900 32 37
198900 38 60
198900 38 63
198900 49 76
198900 49 103
198900 51 85
198900 63 93
198900 73 105
198900 84 109
198900 92 93
199200 5 74
199200 5 27
199200 6 54
199200 12 33
199200 18 93
199200 20 81
199200 27 103
199200 27 48
199200 32 37
199200 38 60
199200 38 63
199200 49 103
199200 51 85
199200 59 100
199200 73 105
199200 84 109
199500 6 54
199500 12 33
199500 13 44
199500 13 83
199500 18 93
199500 20 81
199500 32 37
199500 38 60
199500 38 63
199500 51 85
199500 59 100
199500 84 109
199800 6 54
199800 9 73
199800 10 37
199800 12 33
199800 13 83
199800 13 44
199800 32 37
199800 38 63
199800 38 60
199800 50 65
199800 51 85
199800 73 105
199800 81 87
199800 84 109
200100 6 54
200100 9 73
200100 10 37
200100 13 44
200100 32 37
200100 38 63
200100 50 65
200100 51 85
200100 72 98
200100 84 109
200400 9 73
200400 10 37
200400 13 44
200400 32 37
200400 32 83
200400 33 70
200400 38 63
200400 50 65
200400 51 85
200400 75 110
200400 83 120
200400 84 109
200700 7 120
200700 10 37
200700 28 56
200700 32 37
200700 32 83
200700 33 70
200700 38 63
200700 50 65
200700 51 85
200700 83 120
200700 107 120
201000 7 120
201000 7 15
201000 10 37
201000 15 72
201000 15 65
201000 28 56
201000 32 83
201000 33 78
201000 38 63
201000 50 65
201000 51 85
201000 75 110
201000 107 120
201300 2 17
201300 7 15
201300 7 120
201300 10 37
201300 15 72
201300 15 67
201300 16 99
201300 33 78
201300 33 70
201300 51 85
201300 67 75
201300 75 110
201300 75 80
201300 96 108
201300 107 120
201600 7 120
201600 7 15
201600 10 38
201600 15 67
201600 15 65
201600 33 78
201600 51 85
201600 67 75
201600 75 80
201600 75 110
201900 7 120
201900 10 37
201900 10 38
201900 21 111
201900 26 31
201900 42 91
201900 45 111
201900 51 85
201900 66 80
201900 67 75
201900 75 110
202200 7 120
202200 10 38
202200 16 19
202200 16 75
202200 21 111
202200 23 45
202200 33 78
202200 37 44
202200 37 52
202200 45 111
202200 51 85
202200 67 75
202200 70 89
202500 0 62
202500 0 14
202500 4 83
202500 4 72
202500 7 120
202500 10 38
202500 21 111
202500 33 78
202500 37 44
202500 51 85
202500 70 89
202800 0 62
202800 0 14
202800 7 120
202800 10 38
202800 14 83
202800 22 115
202800 22 112
202800 33 78
202800 37 44
202800 51 85
202800 51 116
202800 84 89
202800 97 116
202800 104 116
203100 4 72
203100 7 120
203100 14 83
203100 33 78
203100 37 44
203100 44 54
203100 51 85
203100 51 88
203100 54 90
203100 54 88
203100 67 88
203100 84 89
203100 90 91
203100 90 104
203100 97 116
203100 104 116
203400 6 14
203400 6 8
203400 8 83
203400 14 83
203400 33 78
203400 36 41
203400 36 78
203400 44 54
203400 44 89
203400 51 85
203400 51 88
203400 54 90
203400 54 88
203400 83 94
203400 84 89
203400 97 116
203700 4 72
203700 7 120
203700 33 78
203700 41 61
203700 41 97
203700 47 97
203700 51 85
203700 51 88
203700 52 78
203700 83 94
203700 84 107
203700 84 110
204000 4 72
204000 15 31
204000 24 61
204000 41 61
204000 47 97
204000 51 88
204000 52 78
204000 83 94
204000 84 107
204000 84 110
204000 88 119
204300 4 72
204300 15 31
204300 15 81
204300 24 61
204300 30 107
204300 30 51
204300 41 61
204300 47 97
204300 81 83
204300 83 94
204300 83 107
204300 84 107
204300 84 110
204600 15 31
204600 24 61
204600 47 97
204600 54 97
204600 58 85
204600 58 97
204600 60 100
204600 79 82
204600 82 97
204600 83 94
204600 84 110
204600 84 107
204600 100 110
204900 1 56
204900 10 56
204900 15 31
204900 15 117
204900 47 97
204900 54 97
204900 56 80
204900 61 94
204900 79 82
204900 83 94
204900 84 110
204900 84 107
205200 10 56
205200 10 67
205200 47 97
205200 56 80
205200 67 110
205200 79 82
205200 82 95
205200 83 94
205200 84 107
205200 89 95
205500 10 56
205500 47 97
205500 47 84
205500 49 107
205500 56 80
205500 80 83
205500 83 94
205500 84 107
205500 89 95
205800 10 56
205800 10 67
205800 47 97
205800 49 107
205800 56 80
205800 58 80
205800 58 84
205800 83 94
205800 83 107
206100 10 56
206100 10 67
206100 47 97
206100 56 80
206100 58 80
206100 83 107
206400 10 67
206400 10 56
206400 23 29
206400 25 29
206400 56 80
206400 58 80
206400 67 84
206400 83 94
206700 10 67
206700 20 57
206700 56 80
206700 58 80
206700 83 94
207000 3 113
207000 40 104
207000 56 80
207000 58 80
207000 67 84
207000 83 94
207000 86 119
207000 86 113
207300 10 67
207300 58 80
207300 59 92
207300 67 84
207300 86 119
207600 0 24
207600 58 80
207600 59 92
207600 86 119
207900 0 24
207900 58 80
207900 59 115
208200 0 24
208200 0 107
208200 59 115
208500 0 24
208500 0 66
208800 0 24
208800 2 50
208800 3 100
209100 0 66
209100 0 24
212100 13 69
212700 13 69
259800 0 37
259800 35 79
259800 96 121
260100 0 37
260100 19 49
260100 35 79
260100 44 115
260100 49 98
260100 51 71
260100 71 82
260400 11 44
260400 15 78
260400 19 49
260400 44 115
260400 49 70
260400 51 71
260400 65 70
260400 71 82
260400 82 113
260400 82 119
260700 15 78
260700 19 49
260700 42 57
260700 44 115
260700 51 71
260700 55 112
260700 58 102
260700 58 118
260700 65 70
260700 82 113
261000 19 49
261000 22 66
261000 22 25
261000 25 74
261000 42 57
261000 51 71
261000 58 102
261000 59 74
261000 65 70
261000 82 113
261000 100 109
261300 16 35
261300 19 49
261300 22 25
261300 25 74
261300 27 97
261300 36 59
261300 42 57
261300 51 71
261300 52 78
261300 58 118
261300 59 74
261300 59 85
261300 65 70
261300 100 109
261600 14 50
261600 18 76
261600 20 109
261600 36 59
261600 42 57
261600 51 71
261600 52 78
261600 54 96
261600 58 102
261600 59 74
261600 59 85
261600 65 70
261600 85 97
261600 96 97
261600 100 109
261900 16 35
261900 18 76
261900 20 109
261900 27 54
261900 32 54
261900 36 59
261900 42 57
261900 54 96
261900 56 112
261900 65 70
261900 72 105
261900 74 105
261900 96 97
262200 16 35
262200 19 25
262200 19 88
262200 20 109
262200 20 97
262200 22 77
262200 25 35
262200 35 69
262200 42 57
262200 42 116
262200 54 96
262200 56 112
262200 58 102
262200 72 105
262200 74 105
262200 96 97
262500 7 94
262500 7 17
262500 9 92
262500 9 41
262500 16 35
262500 19 25
262500 22 77
262500 25 35
262500 35 69
262500 41 89
262500 42 57
262500 42 116
262500 47 50
262500 54 96
262500 56 112
262500 72 105
262500 84 93
262500 84 108
262500 96 97
262800 7 103
262800 9 41
262800 9 92
262800 15 68
262800 19 88
262800 19 25
262800 20 109
262800 25 35
262800 26 64
262800 35 69
262800 41 89
262800 42 57
262800 42 116
262800 56 112
262800 84 93
262800 84 96
262800 96 97
263100 2 43
263100 2 89
263100 9 41
263100 9 92
263100 15 68
263100 19 88
263100 19 25
263100 20 109
263100 27 96
263100 27 84
263100 35 69
263100 41 89
263100 42 57
263100 47 50
263100 56 112
263100 84 108
263100 96 97
263100 109 116
263400 2 89
263400 2 43
263400 7 103
263400 9 92
263400 15 68
263400 19 88
263400 19 25
263400 27 96
263400 35 69
263400 37 41
263400 41 89
263400 42 57
263400 47 50
263400 56 112
263400 84 108
263400 96 97
263400 109 116
263700 2 43
263700 7 103
263700 9 92
263700 19 88
263700 20 109
263700 27 96
263700 35 69
263700 41 89
263700 47 50
263700 56 112
263700 84 108
263700 96 97
263700 109 116
264000 2 43
264000 5 47
264000 7 103
264000 19 88
264000 19 25
264000 20 109
264000 27 96
264000 34 59
264000 35 69
264000 37 41
264000 41 89
264000 42 57
264000 47 50
264000 55 108
264000 85 88
264000 96 97
264000 109 116
264300 5 47
264300 7 103
264300 9 92
264300 19 25
264300 20 109
264300 41 89
264300 47 50
264300 50 110
264300 55 108
264300 85 88
264300 96 97
264300 109 116
264600 5 47
264600 7 103
264600 19 25
264600 34 59
264600 41 89
264600 42 57
264600 47 50
264600 50 110
264600 51 116
264600 55 108
264600 85 88
264600 109 116
264900 5 47
264900 9 92
264900 19 25
264900 34 59
264900 47 50
264900 50 110
264900 55 108
264900 85 88
264900 96 97
265200 2 21
265200 5 37
265200 7 103
265200 9 92
265200 34 59
265200 41 89
265200 47 50
265200 55 108
265200 85 88
265200 96 97
265200 109 116
265500 19 25
265500 34 59
265500 41 89
265500 47 50
265500 55 108
265500 85 88
265500 96 97
265500 109 116
265800 7 103
265800 9 92
265800 19 25
265800 34 59
265800 41 89
265800 47 50
265800 55 108
265800 85 88
265800 96 97
266100 19 25
266100 34 59
266100 41 89
266100 41 106
266100 47 50
266100 57 85
266100 85 88
266100 96 97
266100 109 116
266400 30 115
266400 41 106
266400 41 89
266400 47 50
266400 55 108
266400 57 85
266400 85 88
266400 96 97
266400 109 116
266700 19 25
266700 30 115
266700 34 59
266700 41 106
266700 55 108
266700 57 85
266700 85 88
266700 109 116
267000 19 25
267000 25 109
267000 30 115
267000 47 50
267000 68 109
267000 83 104
267000 96 97
267000 109 116
267300 2 99
267300 2 70
267300 30 115
267300 31 43
267300 34 59
267300 34 43
267300 43 47
267300 43 50
267300 47 104
267300 47 101
267300 50 104
267300 50 109
267300 68 109
267300 83 104
267600 2 99
267600 2 104
267600 9 84
267600 19 25
267600 19 49
267600 19 59
267600 19 75
267600 26 101
267600 31 43
267600 31 99
267600 32 34
267600 34 43
267600 34 59
267600 43 50
267600 43 59
267600 47 101
267600 47 50
267600 47 104
267600 50 109
267600 50 78
267600 68 109
267600 83 104
267600 99 101
267900 3 84
267900 3 19
267900 9 59
267900 19 25
267900 19 49
267900 19 59
267900 19 75
267900 26 101
267900 26 50
267900 26 90
267900 30 115
267900 30 34
267900 30 64
267900 30 101
267900 31 99
267900 32 34
267900 32 84
267900 34 43
267900 34 59
267900 34 99
267900 47 101
267900 47 49
267900 50 104
267900 50 109
267900 50 78
267900 53 104
267900 68 109
267900 83 104
268200 3 19
268200 3 84
268200 3 73
268200 8 75
268200 9 84
268200 19 49
268200 19 75
268200 26 50
268200 26 74
268200 30 101
268200 30 64
268200 30 115
268200 30 34
268200 34 59
268200 43 59
268200 47 101
268200 59 75
268200 60 75
268200 75 84
268500 3 19
268500 3 73
268500 3 84
268500 3 115
268500 3 8
268500 3 30
268500 8 75
268500 19 49
268500 30 34
268500 30 101
268500 30 115
268500 43 59
268500 59 75
268500 60 75
268500 68 83
268500 74 83
268500 83 104
268500 83 115
268800 3 19
268800 3 115
268800 3 8
268800 3 30
268800 3 84
268800 3 68
268800 9 84
268800 30 115
268800 36 93
268800 36 115
268800 36 41
268800 37 40
268800 37 68
268800 43 59
268800 46 90
268800 68 83
268800 74 83
269100 3 68
269100 3 84
269100 9 84
269100 11 68
269100 17 41
269100 17 115
269100 30 115
269100 36 93
269100 36 41
269100 36 115
269100 36 84
269100 49 84
269400 3 30
269400 3 115
269400 3 19
269400 3 68
269400 19 90
269400 19 84
269400 19 93
269400 19 74
269400 30 115
269400 36 41
269400 36 93
269400 36 115
269400 46 90
269400 49 74
269400 51 93
269400 71 84
269400 77 93
269400 77 109
269400 90 93
269700 3 19
269700 3 115
269700 3 84
269700 3 30
269700 19 93
269700 19 74
269700 19 46
269700 30 115
269700 34 57
269700 36 115
269700 36 84
269700 46 90
269700 49 84
269700 51 93
269700 52 81
269700 71 90
269700 71 115
269700 77 93
270000 3 84
270000 19 93
270000 19 74
270000 27 81
270000 34 57
270000 34 81
270000 36 84
270000 36 115
270000 49 74
270000 49 84
270000 49 112
270000 57 76
270000 57 70
270000 70 76
270000 70 81
270300 4 27
270300 8 49
270300 17 81
270300 17 112
270300 17 114
270300 21 114
270300 22 112
270300 27 81
270300 27 38
270300 34 81
270300 34 57
270300 49 86
270300 52 81
270300 57 70
270300 70 76
270600 17 81
270600 17 112
270600 17 114
270600 21 114
270600 21 38
270600 22 112
271500 65 99
