0 3 106
0 4 31
0 4 110
0 8 9
0 8 84
0 11 27
0 12 22
0 14 90
0 22 118
0 23 48
0 25 98
0 25 56
0 25 44
0 26 90
0 26 48
0 30 48
0 37 64
0 38 65
0 40 78
0 42 109
0 47 107
0 47 102
0 47 65
0 48 75
0 50 66
0 50 102
0 60 76
0 64 76
0 65 72
0 65 66
0 70 102
0 76 90
0 78 113
0 89 110
0 90 108
0 108 111
0 116 121
300 8 84
300 8 77
300 11 27
300 23 48
300 25 56
300 25 98
300 26 48
300 30 48
300 38 65
300 40 78
300 42 109
300 47 65
300 47 107
300 47 102
300 47 78
300 48 75
300 60 76
300 64 76
300 65 66
300 65 72
300 70 77
300 71 78
300 76 77
300 77 102
300 78 113
300 107 109
300 109 111
300 116 121
600 3 106
600 11 27
600 12 22
600 24 102
600 25 56
600 25 98
600 26 48
600 30 48
600 38 65
600 40 78
600 42 109
600 44 117
600 47 107
600 48 75
600 60 76
600 64 76
600 72 119
600 83 101
600 95 102
600 109 111
600 116 121
900 3 106
900 9 100
900 10 117
900 11 27
900 12 22
900 16 117
900 24 102
900 25 56
900 25 98
900 26 110
900 40 78
900 44 117
900 48 75
900 55 117
900 60 76
900 65 66
900 65 72
900 83 101
900 95 102
900 109 111
900 116 121
1200 3 106
1200 8 84
1200 10 117
1200 11 27
1200 12 22
1200 16 117
1200 24 102
1200 25 117
1200 26 52
1200 47 117
1200 48 75
1200 55 117
1200 60 76
1200 64 76
1200 65 72
1200 65 66
1200 83 101
1200 95 102
1200 109 111
1200 116 121
1500 3 106
1500 4 57
1500 8 84
1500 10 117
1500 11 27
1500 19 63
1500 24 102
1500 26 52
1500 44 117
1500 47 117
1500 51 91
1500 60 76
1500 63 81
1500 64 76
1500 65 72
1500 65 66
1500 69 112
1500 83 101
1500 109 111
1800 4 57
1800 5 63
1800 8 84
1800 10 117
1800 11 27
1800 18 52
1800 19 77
1800 24 102
1800 26 52
1800 33 63
1800 36 96
1800 51 91
1800 60 76
1800 63 81
1800 64 76
1800 65 66
1800 69 112
1800 116 121
2100 3 106
2100 4 57
2100 9 94
2100 10 117
2100 11 27
2100 18 52
2100 18 92
2100 19 123
2100 24 102
2100 26 52
2100 36 96
2100 51 91
2100 60 76
2100 63 81
2100 64 76
2100 65 66
2400 3 106
2400 10 117
2400 11 27
2400 11 52
2400 15 84
2400 15 71
2400 18 52
2400 24 102
2400 26 52
2400 36 96
2400 51 91
2400 60 76
2400 65 66
2400 81 123
2400 82 114
2700 3 106
2700 4 57
2700 6 116
2700 9 94
2700 15 84
2700 15 56
2700 15 122
2700 18 103
2700 24 102
2700 26 52
2700 36 96
2700 65 66
3000 3 106
3000 4 57
3000 9 94
3000 10 117
3000 15 84
3000 17 103
3000 18 103
3000 24 102
3000 28 63
3000 28 103
3000 36 96
3000 38 41
3000 83 103
3300 3 106
3300 4 57
3300 7 111
3300 10 117
3300 15 84
3300 18 103
3300 24 102
3300 28 103
3300 28 48
3300 35 83
3300 36 96
3300 62 85
3300 70 103
3300 83 103
3300 83 96
3600 3 106
3600 4 57
3600 7 111
3600 9 94
3600 10 117
3600 18 103
3600 24 102
3600 36 96
3600 49 104
3600 61 67
3600 62 85
3600 63 80
3600 70 103
3900 1 66
3900 3 106
3900 4 57
3900 7 111
3900 9 94
3900 9 104
3900 21 70
3900 24 102
3900 32 116
3900 36 96
3900 49 104
3900 61 67
3900 61 104
3900 62 85
3900 70 103
3900 72 123
4200 1 66
4200 3 106
4200 7 111
4200 7 112
4200 9 104
4200 10 117
4200 18 103
4200 24 102
4200 49 104
4200 61 104
4200 62 85
4200 63 80
4200 70 103
4200 72 123
4200 75 96
4500 1 66
4500 3 106
4500 4 57
4500 7 111
4500 9 104
4500 9 94
4500 10 117
4500 18 103
4500 51 88
4500 61 67
4500 62 85
4500 63 80
4500 70 103
4500 72 123
4800 1 66
4800 3 106
4800 7 111
4800 9 94
4800 18 103
4800 24 102
4800 37 54
4800 37 104
4800 61 67
4800 61 104
4800 62 85
4800 70 103
4800 75 96
5100 1 66
5100 3 106
5100 4 57
5100 7 111
5100 9 94
5100 18 103
5100 18 76
5100 24 102
5100 37 54
5100 49 116
5100 51 88
5100 61 104
5100 63 80
5100 70 103
5100 75 96
5400 1 66
5400 3 106
5400 3 94
5400 4 57
5400 9 94
5400 37 54
5400 51 88
5400 61 104
5400 62 85
5400 63 80
5400 70 103
5400 75 96
5700 1 66
5700 4 57
5700 9 94
5700 18 103
5700 32 63
5700 37 54
5700 49 116
5700 51 88
5700 61 104
5700 62 85
5700 63 80
5700 70 103
5700 75 96
6000 1 66
6000 3 94
6000 3 106
6000 3 9
6000 9 94
6000 37 54
6000 61 104
6000 62 85
6000 63 80
6000 71 92
6000 75 96
6300 1 66
6300 3 106
6300 3 94
6300 3 9
6300 9 94
6300 19 37
6300 32 63
6300 37 54
6300 49 116
6300 61 104
6600 1 66
6600 3 9
6600 3 94
6600 9 94
6600 32 63
6600 62 85
6600 71 92
6600 76 102
6900 1 66
6900 3 9
6900 3 94
6900 9 105
6900 14 65
6900 37 54
6900 49 116
6900 61 104
6900 62 85
6900 71 92
7200 1 66
7200 3 94
7200 9 105
7200 14 65
7200 37 54
7200 49 116
7200 62 85
7200 76 102
7200 116 118
7500 1 66
7500 9 105
7500 12 75
7500 14 65
7500 37 54
7500 49 116
7500 62 85
7500 71 92
7500 75 119
7500 116 118
7800 1 66
7800 9 105
7800 12 75
7800 12 99
7800 12 34
7800 12 118
7800 14 65
7800 21 119
7800 45 94
7800 49 116
7800 62 75
7800 62 118
7800 75 76
7800 75 118
7800 94 118
7800 116 118
8100 9 105
8100 10 11
8100 11 12
8100 12 118
8100 14 65
8100 16 62
8100 45 99
8100 47 99
8100 62 75
8100 62 85
8100 62 118
8100 62 120
8100 67 94
8100 75 76
8100 75 118
8100 86 99
8100 90 99
8100 94 118
8400 1 90
8400 1 45
8400 5 75
8400 9 105
8400 11 12
8400 11 102
8400 14 65
8400 15 62
8400 19 38
8400 38 65
8400 45 99
8400 45 94
8400 47 99
8400 56 75
8400 62 120
8400 62 118
8400 62 75
8400 65 99
8400 65 86
8400 65 102
8400 75 118
8400 86 99
8400 90 99
8400 96 99
8700 1 45
8700 1 16
8700 1 4
8700 1 55
8700 4 55
8700 9 16
8700 9 13
8700 13 15
8700 14 65
8700 15 62
8700 16 62
8700 45 61
8700 47 99
8700 55 110
8700 56 75
8700 62 118
8700 62 120
8700 62 75
8700 65 99
8700 65 102
8700 65 86
8700 75 118
9000 1 55
9000 1 16
9000 1 45
9000 4 80
9000 9 105
9000 9 16
9000 15 62
9000 16 62
9000 16 37
9000 27 61
9000 27 94
9000 45 99
9000 45 61
9000 47 99
9000 55 110
9000 55 120
9000 61 80
9000 61 94
9000 61 62
9000 61 75
9000 62 118
9000 62 75
9000 69 106
9000 75 118
9000 75 120
9000 86 99
9000 90 99
9300 1 16
9300 1 73
9300 1 37
9300 4 80
9300 9 105
9300 9 16
9300 15 62
9300 16 37
9300 16 62
9300 16 94
9300 27 94
9300 27 61
9300 27 62
9300 61 62
9300 61 75
9300 61 94
9300 62 118
9300 62 75
9300 62 120
9300 68 107
9300 69 94
9300 72 120
9300 73 120
9300 73 94
9300 75 120
9300 75 118
9300 82 94
9300 86 99
9300 90 99
9300 90 98
9600 1 73
9600 1 16
9600 9 16
9600 9 105
9600 12 72
9600 15 62
9600 16 94
9600 16 62
9600 16 37
9600 16 86
9600 29 86
9600 29 75
9600 34 74
9600 61 75
9600 69 94
9600 70 98
9600 73 94
9600 73 98
9600 74 121
9600 75 118
9600 75 120
9600 75 86
9600 75 98
9600 82 94
9600 86 99
9600 86 98
9600 90 98
9900 12 72
9900 12 74
9900 12 68
9900 12 117
9900 12 14
9900 29 86
9900 34 74
9900 68 117
9900 69 94
9900 70 98
9900 73 98
9900 74 121
9900 74 80
9900 74 104
9900 86 99
9900 86 98
10200 8 26
10200 8 114
10200 8 68
10200 8 117
10200 9 105
10200 12 74
10200 12 14
10200 15 62
10200 34 74
10200 36 114
10200 68 117
10200 68 114
10200 68 74
10200 69 94
10200 74 121
10200 74 80
10200 74 104
10200 80 117
10500 8 26
10500 8 117
10500 8 114
10500 9 105
10500 9 15
10500 14 27
10500 14 24
10500 17 75
10500 36 114
10500 68 74
10500 74 121
10500 79 117
10500 80 117
10500 108 114
10800 0 15
10800 0 58
10800 8 117
10800 8 26
10800 8 114
10800 9 105
10800 14 27
10800 27 108
10800 27 28
10800 28 107
10800 34 74
10800 36 114
10800 69 94
10800 74 104
10800 80 117
10800 91 114
10800 108 114
10800 108 117
11100 0 15
11100 0 58
11100 0 54
11100 0 57
11100 0 74
11100 0 26
11100 8 26
11100 8 117
11100 14 24
11100 17 27
11100 24 60
11100 24 74
11100 24 27
11100 26 84
11100 26 68
11100 27 108
11100 34 74
11100 54 91
11100 58 105
11100 68 91
11100 68 117
11100 68 108
11100 74 104
11100 74 121
11100 79 117
11100 80 117
11100 107 119
11100 108 114
11400 0 54
11400 17 84
11400 26 84
11400 54 91
14700 5 28
15000 73 90
15300 15 53
15300 18 90
15300 23 80
15300 31 32
15300 41 43
15300 42 90
15300 43 90
15300 53 121
15300 69 90
15300 80 90
15600 14 27
15600 19 123
15600 27 100
15600 27 29
15600 59 118
15900 5 97
15900 5 98
15900 27 29
15900 27 100
16200 1 3
16200 2 81
16200 2 93
16200 36 77
16200 36 122
16200 36 93
16200 70 122
16500 1 3
16500 2 34
16500 18 99
16500 36 122
16500 36 93
16800 8 63
16800 8 22
16800 66 108
16800 89 110
17100 10 70
17100 25 71
17100 29 70
17400 70 72
17400 76 102
17700 0 4
17700 4 92
17700 80 116
17700 91 116
18000 4 92
18000 4 69
18000 4 91
18000 13 91
18000 44 91
18000 55 85
18000 55 97
18000 63 91
18000 91 116
18300 1 18
18300 19 42
18300 23 118
18300 42 99
18300 42 97
18300 43 65
18300 54 120
18300 65 97
18600 1 18
18600 4 92
18600 4 52
18600 10 85
18600 17 29
18600 18 52
18600 21 87
18600 23 118
18600 31 116
18600 35 65
18600 42 97
18600 43 65
18600 48 52
18600 55 97
18600 63 97
18600 65 120
18900 1 34
18900 4 42
18900 4 29
18900 9 17
18900 9 23
18900 17 29
18900 17 23
18900 21 87
18900 21 116
18900 23 118
18900 23 52
18900 25 83
18900 27 85
18900 31 116
18900 35 65
18900 42 99
18900 42 52
18900 43 65
18900 43 98
18900 43 120
18900 48 52
18900 52 98
18900 65 120
18900 92 120
18900 98 120
19200 1 18
19200 1 22
19200 1 87
19200 4 29
19200 4 42
19200 4 98
19200 9 23
19200 9 83
19200 9 92
19200 17 23
19200 17 43
19200 17 100
19200 18 99
19200 18 120
19200 21 87
19200 22 51
19200 23 52
19200 23 98
19200 25 83
19200 29 97
19200 31 116
19200 34 74
19200 35 65
19200 42 52
19200 42 97
19200 43 120
19200 43 114
19200 46 99
19200 52 98
19200 63 112
19200 63 120
19200 87 92
19200 92 120
19200 92 98
19200 98 123
19500 1 34
19500 1 22
19500 1 87
19500 4 22
19500 9 83
19500 9 92
19500 17 23
19500 18 49
19500 18 97
19500 18 108
19500 21 87
19500 22 51
19500 22 32
19500 22 63
19500 22 97
19500 23 52
19500 23 89
19500 25 83
19500 27 85
19500 29 105
19500 42 99
19500 43 65
19500 43 114
19500 43 98
19500 48 52
19500 51 122
19500 52 63
19500 63 120
19500 63 112
19500 63 98
19500 65 108
19500 65 97
19500 81 97
19500 87 92
19500 89 123
19500 92 98
19500 98 123
19500 98 122
19500 99 106
19800 2 29
19800 4 22
19800 4 98
19800 9 83
19800 9 23
19800 9 18
19800 9 122
19800 9 89
19800 15 29
19800 17 27
19800 17 29
19800 18 120
19800 18 108
19800 18 49
19800 18 29
19800 18 83
19800 21 87
19800 22 32
19800 22 63
19800 22 97
19800 22 105
19800 23 89
19800 23 52
19800 23 123
19800 25 83
19800 27 99
19800 27 34
19800 27 29
19800 27 112
19800 27 68
19800 29 97
19800 29 105
19800 29 63
19800 29 70
19800 29 34
19800 29 83
19800 29 64
19800 29 48
19800 34 89
19800 42 52
19800 42 97
19800 42 99
19800 43 65
19800 43 120
19800 51 122
19800 52 63
19800 63 98
19800 63 85
19800 65 97
19800 69 112
19800 87 92
19800 89 123
19800 89 108
19800 89 112
19800 92 98
19800 98 122
19800 99 106
19800 117 122
20100 1 34
20100 1 9
20100 9 122
20100 9 83
20100 9 89
20100 9 18
20100 9 23
20100 15 29
20100 17 117
20100 18 83
20100 18 29
20100 18 65
20100 21 87
20100 22 105
20100 22 51
20100 23 55
20100 23 30
20100 27 29
20100 27 99
20100 27 68
20100 27 34
20100 27 112
20100 28 113
20100 29 83
20100 34 89
20100 42 52
20100 42 97
20100 43 65
20100 43 120
20100 48 52
20100 51 122
20100 63 112
20100 63 98
20100 65 97
20100 65 87
20100 65 79
20100 65 92
20100 68 98
20100 68 89
20100 69 112
20100 87 92
20100 87 106
20100 87 108
20100 89 101
20100 92 98
20100 92 123
20100 98 122
20100 117 122
20400 15 29
20400 15 85
20400 15 108
20400 17 117
20400 18 65
20400 18 108
20400 21 97
20400 22 68
20400 23 89
20400 23 55
20400 23 99
20400 25 83
20400 25 89
20400 29 48
20400 42 52
20400 42 97
20400 42 99
20400 42 113
20400 42 108
20400 43 65
20400 56 89
20400 63 98
20400 65 87
20400 65 79
20400 65 106
20400 65 83
20400 68 98
20400 68 108
20400 69 112
20400 70 108
20400 85 108
20400 87 108
20400 87 92
20400 87 106
20400 89 101
20400 89 112
20400 89 108
20400 89 123
20400 92 98
20400 92 123
20400 93 108
20400 97 108
20400 98 122
20400 98 106
20400 106 108
20700 1 29
20700 1 84
20700 9 122
20700 15 108
20700 15 85
20700 15 25
20700 15 110
20700 15 21
20700 17 117
20700 18 65
20700 18 83
20700 18 55
20700 21 87
20700 21 97
20700 21 48
20700 21 106
20700 22 68
20700 23 55
20700 25 83
20700 27 29
20700 29 83
20700 42 113
20700 42 99
20700 42 108
20700 42 52
20700 42 79
20700 42 53
20700 43 120
20700 49 106
20700 51 122
20700 65 79
20700 65 106
20700 68 108
20700 68 85
20700 69 112
20700 70 108
20700 79 85
20700 79 87
20700 85 108
20700 87 92
20700 89 101
20700 90 114
20700 92 98
20700 92 123
20700 98 106
21000 1 29
21000 1 84
21000 1 25
21000 1 53
21000 1 16
21000 1 97
21000 15 21
21000 15 110
21000 15 29
21000 15 85
21000 17 117
21000 18 65
21000 21 106
21000 21 48
21000 23 43
21000 23 84
21000 27 29
21000 42 99
21000 42 79
21000 42 52
21000 43 120
21000 43 110
21000 43 79
21000 46 93
21000 51 122
21000 65 79
21000 68 85
21000 70 108
21000 70 97
21000 70 79
21000 79 85
21000 79 87
21000 84 90
21000 85 108
21000 87 114
21000 92 98
21000 97 108
21000 98 106
21300 1 16
21300 1 25
21300 1 97
21300 1 53
21300 1 84
21300 1 17
21300 9 18
21300 15 110
21300 15 85
21300 15 21
21300 15 16
21300 15 92
21300 17 43
21300 17 106
21300 18 84
21300 21 97
21300 21 48
21300 22 52
21300 23 84
21300 23 43
21300 40 65
21300 40 89
21300 40 112
21300 42 52
21300 42 53
21300 42 108
21300 42 79
21300 42 99
21300 43 110
21300 43 79
21300 43 53
21300 46 93
21300 49 106
21300 53 108
21300 53 68
21300 65 106
21300 65 79
21300 65 84
21300 65 78
21300 65 116
21300 68 108
21300 68 113
21300 70 97
21300 70 81
21300 70 112
21300 70 92
21300 79 87
21300 84 90
21300 85 108
21300 92 123
21300 97 108
21300 99 106
21600 1 84
21600 7 112
21600 9 18
21600 11 29
21600 15 92
21600 15 43
21600 15 89
21600 17 106
21600 17 43
21600 18 84
21600 18 112
21600 21 48
21600 22 52
21600 22 116
21600 23 43
21600 23 84
21600 36 85
21600 40 65
21600 40 89
21600 40 112
21600 42 108
21600 42 79
21600 42 99
21600 43 53
21600 43 113
21600 51 85
21600 53 108
21600 53 68
21600 65 84
21600 68 108
21600 68 85
21600 68 113
21600 70 112
21600 70 81
21600 70 92
21600 82 96
21600 87 114
21600 92 123
21600 99 106
21600 111 112
21600 112 123
21900 1 25
21900 4 97
21900 9 21
21900 15 85
21900 17 106
21900 17 110
21900 17 112
21900 17 114
21900 17 18
21900 21 48
21900 21 84
21900 27 48
21900 27 110
21900 29 106
21900 36 85
21900 42 52
21900 43 79
21900 51 85
21900 65 106
21900 65 79
21900 68 85
21900 70 112
21900 70 81
21900 70 97
21900 70 92
21900 79 87
21900 85 108
21900 90 112
21900 106 114
21900 111 112
21900 112 123
22200 15 109
22200 17 18
22200 18 30
22200 18 107
22200 21 84
22200 27 110
22200 27 48
22200 28 104
22200 29 106
22200 30 55
22200 39 110
22200 39 48
22200 42 52
22200 42 53
22200 43 79
22200 56 109
22200 65 79
22200 65 106
22200 79 87
22200 82 96
22200 84 97
22200 85 108
22200 90 112
22200 90 92
22200 90 108
22200 92 123
22200 112 123
22500 9 21
22500 9 84
22500 9 63
22500 13 118
22500 13 63
22500 21 23
22500 23 86
22500 29 106
22500 29 37
22500 30 55
22500 37 92
22500 39 48
22500 39 110
22500 42 53
22500 53 68
22500 55 123
22500 65 106
22500 79 87
22500 84 97
22500 90 108
22500 90 112
22500 90 92
22500 90 123
22500 112 123
22800 13 64
22800 13 33
22800 28 104
22800 30 55
22800 33 112
22800 39 110
22800 39 48
22800 39 107
22800 43 102
22800 53 68
22800 55 104
22800 55 102
22800 56 109
22800 61 74
22800 63 109
22800 65 79
22800 65 106
22800 74 79
22800 79 87
22800 84 120
22800 90 92
22800 90 108
22800 92 123
22800 112 123
23100 6 13
23100 6 85
23100 13 33
23100 13 107
23100 16 94
23100 16 38
23100 28 104
23100 30 55
23100 32 73
23100 33 112
23100 38 84
23100 42 101
23100 47 85
23100 47 63
23100 53 68
23100 55 123
23100 63 107
23100 65 106
23100 72 102
23100 73 116
23100 73 84
23100 79 104
23100 90 92
23100 92 123
23400 6 85
23400 6 13
23400 16 38
23400 16 94
23400 16 123
23400 32 73
23400 39 65
23400 42 49
23400 47 63
23400 47 85
23400 53 68
23400 55 123
23400 56 109
23400 56 79
23400 58 85
23400 58 117
23400 61 74
23400 65 79
23400 65 106
23400 68 112
23400 73 84
23400 73 116
23400 79 105
23400 105 117
23400 116 123
23700 6 13
23700 6 85
23700 6 72
23700 12 105
23700 12 71
23700 13 107
23700 13 33
23700 13 94
23700 16 71
23700 25 63
23700 32 73
23700 38 84
23700 43 116
23700 43 87
23700 47 63
23700 47 85
23700 49 85
23700 49 66
23700 55 123
23700 56 85
23700 65 79
23700 68 76
23700 73 84
23700 84 87
23700 87 94
23700 90 92
23700 105 117
24000 6 72
24000 12 71
24000 13 33
24000 13 107
24000 13 94
24000 16 71
24000 16 90
24000 17 123
24000 22 109
24000 22 23
24000 39 65
24000 43 116
24000 49 85
24000 49 66
24000 54 120
24000 56 109
24000 56 79
24000 57 90
24000 63 113
24000 65 106
24000 65 93
24000 72 84
24000 73 84
24000 79 107
24000 80 93
24000 90 92
24000 106 109
24000 116 123
24300 0 12
24300 0 20
24300 6 85
24300 6 13
24300 6 111
24300 12 71
24300 16 71
24300 16 119
24300 22 109
24300 23 90
24300 23 116
24300 25 63
24300 25 90
24300 25 98
24300 39 65
24300 43 116
24300 49 85
24300 56 79
24300 56 109
24300 65 106
24300 65 93
24300 71 123
24300 72 84
24300 73 84
24300 90 92
24600 6 13
24600 12 71
24600 12 19
24600 13 16
24600 16 119
24600 19 59
24600 22 109
24600 23 116
24600 23 90
24600 25 90
24600 25 98
24600 36 85
24600 39 65
24600 49 85
24600 49 102
24600 56 109
24600 56 103
24600 59 114
24600 65 93
24600 65 106
24600 72 84
24600 72 90
24600 79 120
24600 84 90
24600 106 109
24900 6 111
24900 6 85
24900 6 33
24900 10 64
24900 12 71
24900 12 19
24900 16 71
24900 16 119
24900 19 59
24900 23 90
24900 25 98
24900 25 90
24900 26 72
24900 33 92
24900 33 110
24900 33 109
24900 33 40
24900 49 71
24900 56 79
24900 59 106
24900 71 123
24900 72 84
24900 72 110
24900 73 84
24900 79 120
24900 90 92
24900 91 99
25200 3 15
25200 6 85
25200 10 64
25200 12 71
25200 12 19
25200 12 43
25200 14 86
25200 15 68
25200 19 59
25200 19 25
25200 23 90
25200 25 90
25200 27 84
25200 33 92
25200 33 110
25200 33 40
25200 33 109
25200 33 68
25200 33 79
25200 49 71
25200 59 106
25200 72 84
25200 73 84
25200 79 120
25200 79 116
25200 93 116
25200 109 119
25200 110 119
25500 6 111
25500 6 33
25500 6 44
25500 12 71
25500 12 19
25500 12 44
25500 15 68
25500 19 59
25500 19 116
25500 19 45
25500 22 44
25500 22 116
25500 23 90
25500 25 90
25500 26 72
25500 30 44
25500 33 68
25500 33 92
25500 44 72
25500 44 59
25500 44 64
25500 45 85
25500 49 71
25500 51 64
25500 79 120
25500 84 89
25500 93 116
25500 109 119
25800 6 44
25800 6 33
25800 6 65
25800 15 68
25800 19 45
25800 22 116
25800 22 44
25800 30 44
25800 33 92
25800 33 68
25800 44 72
25800 45 85
25800 49 71
25800 51 64
25800 55 119
25800 62 73
25800 79 120
25800 109 119
26100 15 68
26100 19 59
26100 23 90
26100 25 90
26100 30 44
26100 33 68
26100 44 59
26100 49 71
26100 51 64
26100 55 119
26100 63 96
26100 63 115
26100 79 120
26100 84 89
26400 15 68
26400 15 36
26400 19 59
26400 21 26
26400 22 116
26400 22 44
26400 23 90
26400 25 90
26400 30 44
26400 33 68
26400 44 59
26400 44 72
26400 55 119
26400 63 96
26700 15 68
26700 19 59
26700 22 116
26700 25 90
26700 30 44
26700 44 72
26700 49 91
26700 51 64
26700 63 96
26700 63 66
26700 77 116
26700 79 120
26700 116 121
27000 6 88
27000 15 68
27000 19 59
27000 21 26
27000 21 47
27000 25 90
27000 35 74
27000 47 53
27000 47 85
27000 51 53
27000 53 72
27000 63 66
27000 77 116
27000 79 120
27000 116 121
27300 6 88
27300 15 68
27300 21 47
27300 21 26
27300 25 90
27300 32 44
27300 35 99
27300 44 49
27300 47 53
27300 47 85
27300 47 49
27300 51 53
27300 53 72
27300 53 94
27300 63 66
27300 79 92
27600 15 68
27600 19 116
27600 21 47
27600 32 44
27600 39 119
27600 44 49
27600 47 49
27600 51 53
27600 53 72
27600 63 66
27600 66 116
27600 94 100
27900 5 29
27900 9 108
27900 9 22
27900 15 68
27900 21 26
27900 39 119
27900 51 53
27900 63 66
27900 79 113
27900 90 96
28200 9 22
28200 21 47
28200 25 45
28200 32 44
28200 33 39
28200 39 119
28200 44 49
28200 47 49
28200 47 55
28200 51 53
28200 52 85
28200 63 67
28200 79 113
28200 94 100
28500 21 26
28500 21 47
28500 27 58
28500 33 39
28500 33 52
28500 39 119
28500 44 49
28500 47 55
28500 47 52
28500 51 53
28500 52 85
28500 55 103
28500 79 113
28800 21 26
28800 21 47
28800 27 41
28800 33 52
28800 39 119
28800 42 54
28800 44 49
28800 47 52
28800 49 62
28800 51 53
28800 55 103
28800 61 68
28800 79 113
28800 82 120
29100 21 47
29100 23 33
29100 33 52
29100 44 49
29100 47 52
29100 52 85
29100 55 103
29100 61 114
29100 61 78
29100 79 113
29100 82 120
29100 97 102
29400 4 13
29400 4 44
29400 4 57
29400 14 24
29400 14 55
29400 14 57
29400 23 33
29400 24 55
29400 39 119
29400 55 103
29400 57 95
29400 61 114
29400 79 113
29400 82 120
29700 4 57
29700 4 13
29700 8 111
29700 14 55
29700 14 24
29700 24 55
29700 31 111
29700 33 88
29700 55 103
29700 61 114
29700 79 113
29700 82 120
29700 88 114
30000 13 58
30000 14 24
30000 14 55
30000 14 63
30000 31 111
30000 36 107
30000 37 118
30000 55 103
30000 58 107
30000 61 114
30000 79 113
30000 82 120
30000 90 107
30000 90 100
30300 13 58
30300 14 55
30300 14 24
30300 17 24
30300 23 39
30300 31 111
30300 37 118
30300 39 49
30300 46 49
30300 49 105
30300 61 114
30300 79 113
30300 90 107
30300 90 100
30600 0 111
30600 2 73
30600 2 30
30600 12 30
30600 12 58
30600 12 55
30600 13 58
30600 14 24
30600 23 39
30600 31 111
30600 39 49
30600 46 49
30600 49 105
30600 79 113
30600 90 100
30900 0 24
30900 0 99
30900 13 58
30900 14 24
30900 23 39
30900 31 111
30900 37 118
30900 46 49
30900 49 105
30900 85 99
31200 0 24
31200 7 74
31200 7 53
31200 13 58
31200 14 24
31200 31 111
31200 33 77
31200 33 111
31200 37 118
31200 49 105
31200 53 58
31200 85 99
31500 0 24
31500 13 58
31500 14 24
31500 27 58
31500 27 75
31500 31 111
31500 49 105
31500 83 98
31800 3 31
31800 3 98
31800 13 58
31800 14 96
31800 31 111
31800 33 77
31800 49 105
31800 75 93
31800 83 98
32100 0 24
32100 5 77
32100 19 31
32100 31 111
32100 49 105
32100 58 97
32100 77 108
32100 83 98
32400 5 77
32400 21 83
32400 40 108
32400 58 97
32400 77 108
32400 83 98
32400 83 89
32400 95 98
32700 12 78
32700 55 121
32700 58 97
32700 77 108
32700 83 89
33000 11 33
33000 40 108
33000 58 97
33000 58 95
33300 11 70
33300 58 97
33300 83 89
33600 10 63
33600 10 89
33600 11 70
33600 58 97
33900 10 63
34200 11 70
34200 63 78
34500 44 110
34500 63 78
34800 63 78
34800 94 111
35100 48 85
35100 63 78
35400 34 110
35400 48 85
35700 30 99
35700 34 110
35700 40 99
35700 48 51
35700 63 78
35700 89 110
36000 34 110
36000 57 110
36300 34 110
36300 88 101
36300 89 110
36900 34 88
37800 4 119
87000 8 100
87000 8 73
87000 43 60
87000 86 97
87300 8 73
87300 8 31
87300 8 14
87300 36 121
87300 42 121
87300 43 60
87300 43 86
87300 66 80
87300 84 96
87600 0 61
87600 9 16
87600 19 96
87600 29 39
87600 29 88
87600 39 121
87600 43 60
87600 54 88
87600 84 96
87900 0 61
87900 0 16
87900 0 5
87900 3 88
87900 3 98
87900 6 107
87900 9 16
87900 29 39
87900 29 104
87900 29 114
87900 35 69
87900 39 121
87900 42 121
87900 43 60
87900 65 120
87900 85 119
87900 88 98
88200 0 61
88200 3 98
88200 3 88
88200 3 114
88200 3 13
88200 9 16
88200 23 74
88200 24 104
88200 43 60
88200 65 120
88200 77 120
88200 84 96
88200 85 119
88200 88 98
88500 3 98
88500 3 13
88500 6 41
88500 9 16
88500 20 109
88500 23 74
88500 43 60
88500 65 120
88500 84 96
88500 85 119
88500 88 98
88500 95 96
88500 104 112
88800 0 61
88800 3 98
88800 3 13
88800 4 38
88800 9 16
88800 12 68
88800 23 74
88800 31 104
88800 84 96
88800 85 119
88800 95 96
88800 104 112
89100 3 13
89100 3 98
89100 4 38
89100 6 41
89100 9 25
89100 12 68
89100 13 51
89100 25 103
89100 27 89
89100 30 32
89100 31 104
89100 81 113
89100 85 119
89100 95 96
89100 104 112
89400 2 81
89400 2 40
89400 3 98
89400 4 38
89400 6 41
89400 6 54
89400 9 16
89400 12 68
89400 25 52
89400 25 102
89400 27 89
89400 30 32
89400 31 104
89400 71 81
89400 81 121
89400 85 119
89400 104 112
89700 2 40
89700 2 32
89700 2 10
89700 6 41
89700 12 68
89700 13 51
89700 25 52
89700 25 102
89700 30 32
89700 44 67
89700 44 118
89700 71 81
89700 78 83
89700 85 119
89700 104 112
90000 2 40
90000 2 10
90000 12 68
90000 25 102
90000 25 52
90000 27 89
90000 30 32
90000 44 118
90000 44 78
90000 48 106
90000 58 78
90000 67 68
90000 78 83
90000 81 121
90000 85 119
90300 12 68
90300 13 51
90300 26 49
90300 27 89
90300 27 52
90300 28 121
90300 30 32
90300 37 81
90300 48 106
90300 58 78
90300 78 83
90300 80 121
90300 81 121
90300 85 119
90300 108 121
90600 2 10
90600 2 40
90600 11 25
90600 13 51
90600 25 52
90600 26 49
90600 27 89
90600 30 32
90600 37 81
90600 44 118
90600 44 78
90600 48 106
90600 58 78
90600 67 68
90600 78 83
90900 2 40
90900 11 25
90900 12 68
90900 13 51
90900 25 52
90900 26 49
90900 27 89
90900 28 121
90900 44 118
90900 48 106
90900 58 78
90900 78 83
90900 108 121
91200 2 40
91200 12 68
91200 13 51
91200 25 52
91200 26 49
91200 28 121
91200 30 32
91200 38 109
91200 44 118
91200 58 78
91200 78 83
91200 108 121
91500 2 40
91500 11 25
91500 12 68
91500 13 51
91500 25 52
91500 26 49
91500 28 121
91500 30 32
91500 38 109
91500 44 118
91500 77 113
91500 78 83
91800 11 25
91800 13 51
91800 25 52
91800 26 49
91800 28 121
91800 30 32
91800 31 109
91800 38 109
91800 77 113
91800 108 121
92100 11 25
92100 12 68
92100 25 52
92100 26 49
92100 28 121
92100 28 39
92100 30 32
92100 38 56
92100 44 118
92100 77 113
92100 108 121
92400 11 25
92400 12 68
92400 13 51
92400 25 52
92400 30 32
92400 31 109
92400 38 109
92400 38 56
92400 44 118
92400 58 113
92400 77 113
92400 77 116
92700 11 25
92700 12 68
92700 13 51
92700 25 52
92700 28 121
92700 30 32
92700 31 109
92700 38 109
92700 44 118
92700 63 65
92700 63 105
92700 77 116
93000 12 68
93000 18 52
93000 25 52
93000 28 121
93000 28 113
93000 30 32
93000 38 56
93000 38 109
93000 44 118
93000 58 113
93000 63 105
93000 63 65
93000 77 113
93300 13 51
93300 18 52
93300 25 52
93300 28 113
93300 30 32
93300 38 109
93300 38 56
93300 46 80
93300 58 113
93300 63 65
93600 12 68
93600 25 52
93600 28 113
93600 30 32
93600 38 109
93600 44 118
93600 46 80
93600 63 65
93900 6 30
93900 12 68
93900 13 51
93900 25 52
93900 28 113
93900 38 56
93900 44 118
93900 46 80
93900 63 65
93900 110 121
94200 0 65
94200 6 30
94200 25 52
94200 28 113
94200 36 56
94200 41 89
94200 41 56
94200 45 113
94200 51 56
94200 56 121
94200 63 65
94200 63 111
94200 100 121
94500 0 65
94500 0 49
94500 1 36
94500 6 30
94500 30 56
94500 36 56
94500 36 73
94500 41 89
94500 43 121
94500 45 95
94500 56 121
94500 56 96
94500 63 65
94500 65 73
94500 65 117
94500 100 121
94800 0 65
94800 0 49
94800 0 36
94800 0 1
94800 0 114
94800 1 114
94800 3 117
94800 3 49
94800 6 30
94800 30 49
94800 30 123
94800 30 65
94800 36 81
94800 45 113
94800 45 58
94800 49 58
94800 63 65
94800 65 73
94800 65 79
94800 100 121
95100 0 49
95100 0 36
95100 0 37
95100 1 114
95100 1 36
95100 1 81
95100 3 49
95100 24 114
95100 30 65
95100 30 49
95100 36 56
95100 36 73
95100 36 81
95100 38 81
95100 45 58
95100 49 58
95100 49 77
95100 59 114
95100 63 65
95100 79 81
95100 79 108
95100 100 121
95400 0 36
95400 0 49
95400 1 36
95400 1 81
95400 2 108
95400 3 117
95400 3 49
95400 15 61
95400 15 63
95400 24 77
95400 24 60
95400 30 49
95400 36 56
95400 36 81
95400 36 63
95400 41 97
95400 45 58
95400 49 77
95400 49 58
95400 54 60
95400 54 61
95400 59 117
95400 61 117
95400 63 117
95400 63 77
95400 97 117
95700 0 49
95700 2 108
95700 3 49
95700 15 61
95700 15 63
95700 15 97
95700 15 34
95700 15 60
95700 15 98
95700 23 60
95700 24 60
95700 24 77
95700 30 49
95700 32 54
95700 36 63
95700 49 58
95700 49 61
95700 49 97
95700 49 77
95700 54 60
95700 60 117
95700 63 117
95700 63 77
95700 97 117
96000 0 36
96000 15 60
96000 15 34
96000 15 63
96000 15 97
96000 15 98
96000 23 60
96000 32 54
96000 36 56
96000 36 81
96000 46 60
96000 54 60
96000 60 117
96000 63 117
96000 63 77
96000 63 103
96000 63 98
96300 0 36
96300 0 49
96300 0 106
96300 1 26
96300 3 95
96300 3 60
96300 6 56
96300 21 62
96300 23 60
96300 26 36
96300 36 56
96300 36 63
96300 42 89
96300 46 60
96300 52 62
96300 54 60
96300 56 78
96300 70 95
96300 77 97
96300 102 103
96600 0 36
96600 0 95
96600 0 89
96600 1 26
96600 2 23
96600 3 95
96600 3 26
96600 3 89
96600 3 34
96600 3 52
96600 6 56
96600 6 95
96600 15 34
96600 23 60
96600 23 95
96600 23 34
96600 24 102
96600 26 98
96600 27 37
96600 36 63
96600 36 56
96600 46 60
96600 52 62
96600 54 60
96600 56 97
96600 70 95
96600 77 97
96900 0 95
96900 0 36
96900 2 23
96900 3 95
96900 3 34
96900 3 26
96900 6 56
96900 15 34
96900 23 95
96900 23 34
96900 23 97
96900 26 97
96900 27 98
96900 27 36
96900 29 34
96900 36 63
96900 36 56
96900 36 70
96900 42 89
96900 42 70
96900 42 95
96900 46 60
96900 54 60
96900 63 98
96900 70 98
96900 77 97
96900 97 98
96900 98 106
97200 0 95
97200 2 23
97200 3 95
97200 23 95
97200 23 97
97200 26 97
97200 27 98
97200 27 36
97200 28 88
97200 35 63
97200 36 70
97200 42 70
97200 42 89
97200 46 60
97200 48 80
97200 59 80
97200 63 98
97200 70 98
97200 77 97
97200 97 98
97500 2 23
97500 20 56
97500 23 97
97500 26 97
97500 38 59
97500 48 80
97500 59 114
97500 77 97
97500 80 97
97500 97 117
97800 59 114
97800 114 117
98700 47 51
99000 47 68
99000 80 97
99300 47 68
99300 80 97
99900 82 91
101400 33 47
101400 59 63
101400 71 91
101400 91 96
101400 91 103
101700 13 101
101700 59 63
101700 60 88
101700 84 110
101700 90 98
101700 91 103
101700 91 96
102000 13 101
102000 50 60
102000 56 60
102000 60 84
102000 60 86
102000 90 98
102000 93 118
102300 1 10
102300 1 11
102300 11 45
102300 11 69
102300 56 60
102300 60 84
102300 69 113
102300 69 108
102300 77 108
102600 1 11
102600 3 113
102600 11 69
102600 24 113
102600 24 108
102600 29 113
102600 69 113
102600 78 113
102600 113 123
102900 16 24
102900 66 76
103200 16 40
103200 16 100
103200 64 103
103200 66 76
103500 55 103
103500 80 112
103500 80 103
103800 81 97
104100 2 120
104100 2 25
104100 15 25
104100 39 63
104400 10 15
104400 15 63
104400 21 63
104400 25 73
104700 3 35
104700 4 57
104700 108 119
105000 1 32
105000 2 98
105000 8 32
105000 32 67
105000 35 116
105000 40 86
105000 86 106
105000 119 120
105300 1 32
105300 1 86
105300 2 98
105300 8 32
105300 10 44
105300 13 83
105300 30 110
105300 32 67
105300 32 86
105300 32 104
105300 32 57
105300 40 86
105300 86 106
105600 1 86
105600 2 98
105600 13 45
105600 16 120
105600 32 104
105600 32 86
105600 40 86
105600 40 104
105600 40 66
105600 44 114
105600 60 114
105600 80 114
105600 86 106
105900 3 10
105900 18 98
105900 30 84
105900 37 68
105900 40 104
105900 40 66
105900 57 114
105900 59 75
105900 80 107
105900 86 106
105900 107 114
106200 1 86
106200 1 40
106200 1 59
106200 2 123
106200 10 123
106200 30 84
106200 32 104
106200 32 99
106200 32 60
106200 40 104
106200 40 86
106200 40 44
106200 40 59
106200 40 123
106200 44 59
106200 57 114
106200 59 66
106200 59 68
106200 59 107
106200 80 114
106200 80 107
106200 107 114
106500 1 59
106500 1 22
106500 1 32
106500 2 123
106500 2 3
106500 10 123
106500 11 123
106500 15 68
106500 17 57
106500 30 84
106500 32 44
106500 32 123
106500 40 44
106500 40 123
106500 40 59
106500 44 59
106500 44 68
106500 48 123
106500 57 114
106500 57 106
106500 59 68
106500 59 66
106500 59 107
106500 61 68
106500 80 114
106500 107 123
106800 1 32
106800 1 79
106800 3 93
106800 10 123
106800 11 123
106800 17 57
106800 28 123
106800 30 84
106800 32 123
106800 32 95
106800 32 86
106800 32 66
106800 40 44
106800 40 123
106800 40 59
106800 44 68
106800 46 104
106800 48 123
106800 57 114
106800 57 106
106800 59 66
106800 61 68
106800 61 114
106800 66 118
106800 78 114
106800 80 114
106800 86 114
106800 99 123
106800 104 114
106800 107 123
107100 1 32
107100 2 3
107100 2 4
107100 3 99
107100 3 12
107100 4 118
107100 10 123
107100 12 84
107100 13 14
107100 15 68
107100 28 66
107100 30 84
107100 32 86
107100 32 66
107100 32 44
107100 44 68
107100 44 64
107100 61 114
107100 66 118
107100 66 104
107100 68 114
107100 84 95
107100 86 114
107100 86 99
107100 99 123
107100 104 114
107100 113 118
107400 1 32
107400 2 4
107400 2 3
107400 2 8
107400 2 32
107400 3 12
107400 3 93
107400 3 99
107400 11 62
107400 12 84
107400 12 91
107400 12 95
107400 12 13
107400 12 31
107400 15 35
107400 32 86
107400 56 78
107400 57 78
107400 66 107
107400 66 104
107400 79 83
107400 84 95
107400 86 99
107400 99 123
107400 113 118
107700 1 32
107700 2 8
107700 2 4
107700 2 3
107700 10 12
107700 11 121
107700 11 113
107700 12 95
107700 12 84
107700 12 13
107700 15 68
107700 28 66
107700 28 118
107700 31 95
107700 31 54
107700 32 66
107700 32 86
107700 32 68
107700 42 51
107700 56 78
107700 57 78
107700 64 66
107700 66 107
107700 66 118
107700 79 83
107700 81 84
107700 83 84
107700 84 95
107700 84 118
107700 86 99
107700 86 121
107700 109 121
107700 113 118
108000 2 8
108000 2 4
108000 2 32
108000 2 3
108000 3 12
108000 3 93
108000 8 28
108000 10 57
108000 11 113
108000 11 121
108000 12 31
108000 18 31
108000 20 36
108000 28 118
108000 28 66
108000 28 64
108000 32 66
108000 32 79
108000 35 118
108000 57 118
108000 57 91
108000 62 99
108000 62 68
108000 64 99
108000 66 118
108000 69 113
108000 79 83
108000 81 98
108000 83 84
108000 84 118
108000 86 121
108000 93 102
108000 99 123
108000 109 121
108300 3 12
108300 3 93
108300 8 28
108300 10 57
108300 12 31
108300 15 96
108300 18 31
108300 28 118
108300 28 64
108300 28 66
108300 31 69
108300 32 35
108300 35 118
108300 36 69
108300 40 81
108300 54 81
108300 56 78
108300 57 118
108300 57 91
108300 57 78
108300 62 99
108300 62 68
108300 62 117
108300 64 99
108300 64 69
108300 65 69
108300 65 81
108300 65 86
108300 79 83
108300 81 84
108300 81 98
108300 83 84
108300 84 118
108300 86 99
108300 86 93
108300 91 93
108300 98 118
108300 99 123
108300 102 113
108300 110 119
108600 2 112
108600 3 12
108600 3 93
108600 8 28
108600 9 55
108600 31 69
108600 32 66
108600 32 65
108600 32 112
108600 36 69
108600 36 65
108600 51 83
108600 54 81
108600 56 107
108600 57 78
108600 62 99
108600 62 68
108600 62 69
108600 64 99
108600 64 69
108600 64 98
108600 65 69
108600 65 86
108600 65 81
108600 65 112
108600 65 111
108600 66 118
108600 66 84
108600 67 96
108600 67 69
108600 69 110
108600 79 83
108600 81 84
108600 83 84
108600 91 93
108600 93 102
108600 96 110
108900 3 12
108900 6 83
108900 6 25
108900 9 64
108900 12 31
108900 18 31
108900 25 32
108900 31 102
108900 32 112
108900 32 66
108900 32 35
108900 32 65
108900 32 86
108900 32 33
108900 35 118
108900 35 107
108900 36 65
108900 54 81
108900 57 78
108900 62 99
108900 62 117
108900 64 98
108900 64 119
108900 65 111
108900 65 86
108900 65 69
108900 67 69
108900 67 96
108900 67 93
108900 73 83
108900 73 91
108900 81 84
108900 83 84
108900 86 93
108900 86 99
108900 91 93
108900 93 102
108900 102 113
108900 110 119
108900 117 119
109200 2 112
109200 3 12
109200 3 93
109200 6 83
109200 6 25
109200 8 64
109200 9 64
109200 12 86
109200 24 41
109200 25 67
109200 30 86
109200 32 112
109200 32 66
109200 32 33
109200 32 86
109200 32 65
109200 32 117
109200 35 107
109200 35 118
109200 36 91
109200 41 112
109200 44 86
109200 54 81
109200 57 78
109200 62 117
109200 64 119
109200 64 86
109200 66 84
109200 66 118
109200 66 67
109200 67 96
109200 70 83
109200 73 83
109200 73 91
109200 83 117
109200 86 93
109200 86 99
109500 8 64
109500 8 12
109500 12 86
109500 13 25
109500 13 63
109500 13 36
109500 16 39
109500 16 84
109500 24 41
109500 25 67
109500 25 37
109500 31 118
109500 35 118
109500 35 107
109500 36 91
109500 41 112
109500 54 81
109500 57 78
109500 58 84
109500 64 98
109500 67 96
109500 67 87
109500 67 119
109500 70 83
109500 73 91
109500 86 99
109500 91 93
109500 93 98
109500 117 119
109800 2 112
109800 6 25
109800 6 117
109800 8 93
109800 12 86
109800 13 25
109800 13 36
109800 16 84
109800 16 28
109800 17 36
109800 24 90
109800 24 64
109800 25 67
109800 28 117
109800 32 112
109800 35 118
109800 35 93
109800 37 39
109800 54 81
109800 57 78
109800 58 84
109800 64 98
109800 66 67
109800 67 96
109800 70 83
109800 73 91
109800 90 112
109800 117 119
110100 2 6
110100 6 117
110100 8 93
110100 12 86
110100 12 90
110100 13 25
110100 16 84
110100 28 117
110100 29 92
110100 29 36
110100 35 93
110100 36 91
110100 37 39
110100 54 81
110100 57 78
110100 58 84
110100 62 91
110100 66 67
110100 67 96
110100 82 87
110100 84 119
110100 87 101
110100 91 93
110100 101 117
110100 117 119
110400 2 6
110400 6 25
110400 6 93
110400 6 23
110400 12 90
110400 16 84
110400 17 92
110400 23 118
110400 25 67
110400 25 84
110400 27 51
110400 28 101
110400 29 36
110400 36 91
110400 37 39
110400 42 58
110400 54 81
110400 57 78
110400 58 84
110400 66 67
110400 67 96
110700 6 23
110700 11 91
110700 14 17
110700 16 84
110700 17 92
110700 17 71
110700 19 67
110700 23 118
110700 23 93
110700 27 93
110700 28 101
110700 29 36
110700 35 117
110700 50 108
110700 54 81
110700 62 91
110700 66 67
110700 67 86
110700 82 87
110700 87 101
110700 91 93
111000 0 62
111000 2 89
111000 6 23
111000 11 89
111000 11 104
111000 12 90
111000 12 119
111000 14 17
111000 16 84
111000 17 71
111000 17 92
111000 20 61
111000 23 93
111000 23 42
111000 25 84
111000 27 93
111000 29 36
111000 35 94
111000 49 52
111000 52 123
111000 52 92
111000 54 81
111000 58 84
111000 67 86
111000 67 122
111000 67 113
111000 82 87
111000 84 89
111000 87 101
111000 91 93
111300 0 78
111300 2 89
111300 2 78
111300 6 23
111300 9 36
111300 11 89
111300 11 91
111300 12 119
111300 12 25
111300 16 84
111300 19 65
111300 22 65
111300 22 91
111300 23 42
111300 23 78
111300 23 65
111300 27 93
111300 35 94
111300 35 38
111300 36 65
111300 39 77
111300 39 118
111300 58 84
111300 62 91
111300 65 123
111300 67 113
111300 67 86
111300 67 122
111300 82 87
111300 84 89
111300 87 92
111600 2 78
111600 8 65
111600 16 83
111600 19 65
111600 22 65
111600 22 43
111600 22 51
111600 23 65
111600 23 42
111600 23 93
111600 27 93
111600 35 94
111600 35 38
111600 36 65
111600 39 77
111600 44 113
111600 52 65
111600 58 84
111600 62 112
111600 65 93
111600 91 93
111600 113 118
111900 0 78
111900 2 78
111900 9 59
111900 14 121
111900 14 27
111900 15 70
111900 16 83
111900 22 91
111900 23 42
111900 23 93
111900 23 78
111900 27 70
111900 29 67
111900 35 38
111900 36 65
111900 39 77
111900 57 78
111900 62 94
111900 84 89
111900 84 91
111900 89 120
111900 91 93
111900 113 118
112200 0 63
112200 9 59
112200 14 27
112200 15 70
112200 23 78
112200 23 42
112200 27 70
112200 32 68
112200 35 38
112200 57 78
112200 59 113
112200 66 78
112200 84 91
112200 84 89
112200 89 120
112200 113 118
112500 11 33
112500 14 27
112500 14 93
112500 15 70
112500 23 42
112500 23 78
112500 29 67
112500 32 68
112500 39 77
112500 51 121
112500 57 78
112500 59 113
112500 62 94
112500 66 78
112500 71 121
112500 84 91
112500 113 118
112800 11 33
112800 14 27
112800 14 93
112800 29 67
112800 32 68
112800 38 47
112800 51 121
112800 57 78
112800 59 113
112800 66 78
112800 71 121
112800 113 118
113100 11 33
113100 14 27
113100 14 93
113100 29 67
113100 59 113
113100 60 121
113100 61 98
113100 66 78
113100 71 121
113100 84 91
113100 93 116
113100 95 107
113100 113 118
113400 11 33
113400 14 27
113400 14 93
113400 27 100
113400 29 67
113400 51 121
113400 59 113
113400 60 121
113400 61 98
113400 66 78
113400 99 110
113400 113 118
113700 14 93
113700 14 27
113700 27 100
113700 29 67
113700 44 71
113700 47 56
113700 59 113
113700 68 77
113700 84 91
113700 113 118
114000 0 100
114000 2 68
114000 3 73
114000 14 27
114000 14 93
114000 29 67
114000 44 71
114000 68 77
114000 75 123
114000 84 91
114000 113 118
114300 0 27
114300 2 68
114300 3 73
114300 39 64
114300 44 71
114300 58 66
114300 73 92
114300 75 123
114300 84 91
114300 113 118
114600 2 68
114600 14 27
114600 39 64
114600 64 67
114600 75 123
114600 84 91
114600 86 100
114600 113 118
114900 0 27
114900 2 68
114900 3 73
114900 14 27
114900 40 78
114900 40 100
114900 44 71
114900 53 100
114900 55 97
114900 64 67
114900 73 92
114900 84 91
114900 86 100
115200 2 68
115200 22 35
115200 39 64
115200 40 78
115200 40 100
115200 44 71
115200 53 100
115200 55 97
115200 60 82
115200 64 67
115200 68 82
115200 73 92
115500 0 27
115500 2 91
115500 3 110
115500 14 52
115500 22 35
115500 24 59
115500 40 100
115500 44 71
115500 53 100
115500 55 97
115500 60 82
115500 68 82
115500 86 100
115800 3 110
115800 22 35
115800 22 70
115800 23 104
115800 23 53
115800 31 33
115800 40 100
115800 44 71
115800 55 97
115800 59 72
115800 59 68
115800 60 82
115800 68 82
115800 72 108
115800 81 109
116100 11 37
116100 22 35
116100 23 104
116100 37 76
116100 40 100
116100 44 71
116100 55 97
116100 59 68
116100 59 72
116100 60 82
116100 69 76
116400 22 35
116400 23 104
116400 38 64
116400 44 71
116400 50 64
116400 55 97
116400 59 72
116400 60 82
116400 62 63
116400 71 82
116700 4 29
116700 23 104
116700 26 55
116700 26 56
116700 29 66
116700 44 71
116700 50 64
116700 55 97
116700 56 66
116700 59 72
116700 60 82
117000 4 29
117000 6 97
117000 6 33
117000 10 14
117000 11 64
117000 11 77
117000 33 104
117000 33 34
117000 37 107
117000 44 71
117000 50 64
117000 55 97
117000 59 72
117000 97 100
117300 10 14
117300 33 104
117300 33 34
117300 44 71
117300 48 102
117300 50 64
117300 55 97
117600 8 123
117600 10 55
117600 33 104
117600 34 55
117600 44 71
117600 48 102
117600 50 64
117600 55 97
117600 55 123
117600 64 123
117600 76 88
117900 10 55
117900 19 97
117900 19 91
117900 33 97
117900 34 55
117900 48 102
117900 50 64
117900 55 97
117900 55 123
117900 69 99
117900 69 74
117900 74 81
117900 91 99
117900 97 99
118200 0 102
118200 0 34
118200 10 55
118200 19 97
118200 19 91
118200 20 65
118200 33 97
118200 34 55
118200 48 102
118200 69 99
118500 1 68
118500 1 116
118500 2 42
118500 10 55
118500 19 91
118500 19 97
118500 19 42
118500 19 34
118500 20 65
118500 27 117
118500 27 102
118500 33 97
118500 42 66
118500 48 102
118500 48 68
118500 68 109
118500 112 116
118800 2 42
118800 10 55
118800 19 97
118800 19 91
118800 20 65
118800 33 97
118800 42 66
118800 55 106
118800 106 120
119100 10 55
119100 19 91
119100 20 103
119100 33 97
119100 36 42
119100 42 66
119100 55 106
119100 66 86
119100 106 120
119400 18 98
119400 19 91
119400 19 97
119400 36 42
119400 42 66
119400 55 106
119400 66 93
119400 106 120
119700 8 103
119700 10 55
119700 38 93
119700 42 66
119700 55 106
119700 66 93
119700 106 120
120000 3 92
120000 10 55
120000 19 91
120000 36 97
120000 55 106
120000 106 120
120300 3 92
120300 19 39
120300 54 76
120300 55 106
120300 106 120
120600 3 92
120600 36 97
120600 54 76
120600 55 106
120900 3 92
120900 36 97
120900 38 81
120900 55 106
120900 76 121
121200 3 92
121200 55 106
121200 76 121
121200 92 106
121500 3 92
121500 55 106
121500 76 121
121500 84 92
121800 55 106
121800 76 121
121800 92 106
122100 27 54
122100 27 55
122100 28 54
122100 76 121
122100 92 106
122400 0 45
122400 14 45
122400 47 121
122400 92 106
122700 7 64
122700 28 101
122700 45 49
122700 76 106
123000 14 45
123000 47 121
123000 92 121
123300 92 121
124800 33 112
126300 12 38
126300 12 15
173400 0 96
173400 38 82
173400 69 78
173400 80 112
173700 0 96
173700 7 21
173700 13 31
173700 26 84
173700 38 62
174000 0 96
174000 3 61
174000 16 38
174000 22 62
174000 26 84
174000 37 99
174000 38 62
174000 42 62
174000 61 106
174000 62 106
174300 0 96
174300 3 61
174300 16 38
174300 24 54
174300 26 84
174300 27 120
174300 38 62
174300 42 61
174300 61 106
174300 62 106
174600 3 61
174600 11 40
174600 21 86
174600 24 54
174600 26 84
174600 27 120
174600 37 99
174600 38 62
174600 40 95
174600 42 61
174600 61 106
174600 120 122
174900 3 61
174900 6 112
174900 11 40
174900 15 37
174900 24 54
174900 26 84
174900 28 92
174900 38 62
174900 40 95
174900 42 61
174900 45 90
174900 61 106
174900 68 90
174900 98 105
175200 3 61
175200 5 34
175200 6 112
175200 15 37
175200 24 34
175200 26 84
175200 28 92
175200 38 62
175200 42 61
175200 67 105
175200 68 90
175200 71 113
175200 79 105
175200 81 119
175200 95 97
175200 98 105
175200 112 113
175500 3 61
175500 6 112
175500 7 34
175500 15 37
175500 24 34
175500 26 84
175500 34 92
175500 42 61
175500 58 71
175500 71 113
175500 76 113
175500 113 119
175800 3 61
175800 24 108
175800 26 84
175800 26 108
175800 37 58
175800 42 61
175800 44 95
175800 55 58
175800 58 71
175800 68 90
175800 81 119
175800 95 97
175800 110 118
176100 3 61
176100 15 37
176100 15 108
176100 26 84
176100 35 47
176100 44 95
176100 55 58
176100 58 71
176100 60 81
176100 66 122
176100 80 118
176100 80 97
176100 81 119
176100 95 123
176100 95 106
176100 110 118
176100 119 123
176400 3 61
176400 15 37
176400 26 84
176400 35 47
176400 40 123
176400 54 103
176400 55 58
176400 58 71
176400 58 105
176400 66 122
176400 80 123
176400 94 122
176400 95 106
176400 110 118
176400 113 122
176700 15 108
176700 15 37
176700 15 40
176700 26 84
176700 35 47
176700 40 123
176700 40 113
176700 51 113
176700 55 58
176700 60 81
176700 66 122
176700 80 123
176700 87 113
176700 89 106
176700 110 118
177000 3 61
177000 15 108
177000 15 37
177000 32 36
177000 35 47
177000 40 123
177000 51 113
177000 54 103
177000 58 71
177000 58 105
177000 58 96
177000 94 122
177000 95 106
177000 110 118
177000 113 122
177300 3 61
177300 3 39
177300 15 40
177300 15 108
177300 32 36
177300 35 47
177300 40 113
177300 40 116
177300 54 103
177300 60 81
177300 69 118
177300 87 113
177300 89 106
177300 94 122
177300 110 118
177300 113 122
177600 15 108
177600 35 47
177600 35 103
177600 40 123
177600 58 71
177600 58 96
177600 58 105
177600 60 81
177600 69 118
177600 87 113
177600 89 106
177900 3 39
177900 4 95
177900 35 103
177900 40 123
177900 40 113
177900 40 116
177900 58 71
177900 58 105
177900 60 81
177900 69 118
177900 87 113
177900 89 106
177900 94 122
177900 113 122
178200 3 39
178200 15 108
178200 40 123
178200 40 113
178200 58 71
178200 58 105
178200 58 96
178200 69 118
178200 87 113
178200 89 106
178200 113 122
178500 4 95
178500 18 69
178500 40 113
178500 40 116
178500 40 123
178500 58 96
178500 58 71
178500 87 113
178500 113 122
178800 3 39
178800 15 108
178800 40 123
178800 58 96
178800 58 71
178800 87 113
178800 113 122
179100 2 66
179100 3 39
179100 4 95
179100 12 66
179100 15 108
179100 40 123
179100 40 116
179100 58 71
179100 58 96
179100 113 122
179400 2 66
179400 4 95
179400 12 66
179400 15 108
179400 19 58
179400 40 116
179400 58 71
179400 58 96
179400 113 122
179700 2 66
179700 3 39
179700 4 95
179700 12 66
179700 15 108
179700 40 123
179700 58 71
179700 58 96
180000 3 39
180000 12 66
180000 15 108
180000 19 58
180000 40 123
180000 58 96
180000 58 71
180000 66 92
180300 2 66
180300 4 95
180300 15 108
180300 19 58
180300 26 27
180300 40 123
180300 58 96
180300 63 96
180600 8 76
180600 8 18
180600 15 108
180600 18 89
180600 26 27
180600 40 123
180600 79 107
180600 79 117
180600 85 89
180900 3 84
180900 15 108
180900 19 115
180900 22 117
180900 26 27
180900 40 123
180900 42 113
180900 42 84
180900 66 113
180900 69 84
180900 79 117
180900 79 107
180900 85 89
180900 87 113
180900 89 117
181200 15 108
181200 19 115
181200 22 117
181200 22 84
181200 26 27
181200 40 123
181200 40 106
181200 40 103
181200 40 70
181200 40 113
181200 42 84
181200 52 87
181200 66 113
181200 87 113
181200 94 117
181200 114 117
181500 1 79
181500 3 84
181500 3 18
181500 3 91
181500 3 20
181500 20 108
181500 26 27
181500 28 92
181500 34 108
181500 40 106
181500 40 103
181500 40 70
181500 40 113
181500 40 123
181500 42 84
181500 52 87
181500 66 113
181500 67 113
181500 91 111
181500 91 92
181500 92 106
181800 1 79
181800 1 46
181800 3 18
181800 3 91
181800 20 108
181800 26 27
181800 27 46
181800 27 28
181800 27 111
181800 27 34
181800 28 92
181800 28 35
181800 34 111
181800 35 91
181800 35 58
181800 40 123
181800 40 70
181800 40 103
181800 40 114
181800 40 111
181800 42 84
181800 52 87
181800 86 103
181800 91 92
181800 92 106
181800 92 103
181800 103 111
182100 3 18
182100 3 91
182100 10 89
182100 20 108
182100 26 27
182100 26 91
182100 26 107
182100 26 28
182100 27 46
182100 27 111
182100 28 92
182100 28 35
182100 28 74
182100 35 91
182100 35 58
182100 35 45
182100 40 111
182100 42 84
182100 52 87
182100 53 87
182100 86 103
182100 90 103
182100 91 111
182100 91 92
182100 103 111
182400 3 18
182400 5 70
182400 10 89
182400 20 108
182400 26 91
182400 26 107
182400 26 48
182400 27 46
182400 28 74
182400 35 58
182400 40 123
182400 40 114
182400 40 111
182400 42 84
182400 42 90
182400 42 70
182400 42 65
182400 42 111
182400 70 106
182400 70 74
182400 86 103
182400 90 103
182400 91 111
182400 92 103
182400 103 111
182700 4 40
182700 5 70
182700 5 76
182700 20 108
182700 20 103
182700 20 87
182700 20 111
182700 20 26
182700 21 65
182700 26 107
182700 26 91
182700 39 90
182700 40 111
182700 40 114
182700 40 48
182700 42 70
182700 42 65
182700 48 65
182700 70 106
182700 70 74
182700 70 109
182700 76 114
182700 78 90
182700 86 103
182700 90 103
182700 90 114
182700 92 103
182700 103 111
183000 4 40
183000 5 70
183000 5 107
183000 5 87
183000 5 76
183000 8 84
183000 20 87
183000 20 108
183000 20 111
183000 20 26
183000 21 65
183000 26 91
183000 26 48
183000 26 65
183000 31 114
183000 40 114
183000 40 111
183000 40 48
183000 42 70
183000 42 84
183000 42 65
183000 48 65
183000 57 84
183000 70 106
183000 70 74
183000 70 109
183000 76 114
183000 76 84
183000 76 111
183000 76 108
183000 84 103
183000 90 103
183000 92 103
183000 103 111
183300 4 40
183300 5 76
183300 5 89
183300 5 40
183300 7 114
183300 20 87
183300 20 84
183300 20 70
183300 21 65
183300 21 61
183300 21 70
183300 26 65
183300 26 48
183300 26 91
183300 31 114
183300 39 90
183300 39 76
183300 39 96
183300 39 40
183300 40 114
183300 40 111
183300 40 48
183300 40 84
183300 70 109
183300 70 106
183300 70 74
183300 70 82
183300 76 108
183300 76 114
183300 76 84
183300 76 111
183300 92 103
183300 103 111
183600 5 89
183600 5 107
183600 5 87
183600 5 70
183600 5 40
183600 7 114
183600 7 90
183600 7 61
183600 7 19
183600 7 39
183600 12 89
183600 19 91
183600 20 108
183600 20 26
183600 21 70
183600 21 31
183600 26 91
183600 31 114
183600 31 91
183600 39 90
183600 39 96
183600 39 40
183600 39 114
183600 40 48
183600 40 84
183600 40 111
183600 40 114
183600 58 92
183600 70 106
183600 70 109
183600 76 108
183600 89 110
183600 90 103
183900 5 89
183900 5 107
183900 7 90
183900 7 19
183900 12 89
183900 12 91
183900 18 91
183900 18 27
183900 19 91
183900 19 38
183900 19 110
183900 19 89
183900 19 90
183900 19 56
183900 20 108
183900 20 84
183900 20 70
183900 21 70
183900 26 91
183900 31 91
183900 31 114
183900 31 110
183900 38 108
183900 39 90
183900 39 96
183900 70 109
183900 76 108
183900 89 110
183900 90 103
183900 99 113
183900 102 108
183900 108 110
183900 110 112
184200 15 112
184200 18 27
184200 18 91
184200 38 108
186000 68 120
187200 14 106
187500 90 106
187800 1 68
187800 1 67
187800 57 82
187800 68 83
188100 6 118
188100 72 89
188100 92 108
188400 16 24
188400 31 99
188400 31 94
188700 14 28
188700 14 31
188700 35 123
189000 29 116
189000 29 91
189000 35 116
189000 35 91
189000 91 105
189000 92 105
189300 0 105
189300 22 29
189300 29 91
189300 29 116
189300 29 105
189300 34 97
189300 62 97
189300 84 116
189300 91 105
189300 105 116
189600 10 48
189600 27 73
189600 38 73
189600 38 107
189600 59 73
189600 59 123
189900 19 107
189900 20 107
189900 38 107
189900 38 73
189900 59 123
189900 59 77
189900 59 109
189900 59 107
189900 77 107
189900 107 109
190200 18 85
190200 35 61
190200 35 93
190200 50 95
190500 4 82
190500 5 56
190500 5 101
190500 17 63
190500 24 82
190500 36 78
190800 20 103
190800 28 103
190800 58 120
190800 103 120
191100 28 103
191100 68 81
191100 71 81
191100 81 96
191100 103 120
191400 1 11
191400 2 67
191400 2 81
191400 10 67
191400 20 103
191400 28 103
191400 29 81
191400 32 93
191400 32 81
191400 33 58
191400 53 103
191400 58 62
191400 62 71
191400 62 86
191400 67 103
191400 68 81
191400 80 93
191400 81 96
191400 84 103
191400 90 103
191400 103 120
191700 1 11
191700 1 77
191700 2 67
191700 2 33
191700 10 67
191700 22 32
191700 28 103
191700 28 49
191700 28 100
191700 28 93
191700 29 93
191700 32 93
191700 32 81
191700 49 120
191700 58 62
191700 58 86
191700 62 86
191700 63 120
191700 67 103
191700 80 93
191700 81 96
191700 90 103
191700 93 96
191700 96 120
191700 103 120
192000 2 55
192000 3 10
192000 10 67
192000 10 44
192000 10 41
192000 19 28
192000 22 32
192000 28 93
192000 28 62
192000 29 81
192000 29 93
192000 32 81
192000 39 62
192000 49 77
192000 49 62
192000 49 90
192000 49 84
192000 52 90
192000 52 71
192000 53 62
192000 53 71
192000 58 86
192000 58 90
192000 62 86
192000 63 120
192000 81 96
192000 90 103
192000 93 96
192000 96 120
192300 1 99
192300 1 17
192300 2 55
192300 10 44
192300 10 41
192300 19 58
192300 19 105
192300 22 32
192300 24 32
192300 28 62
192300 28 103
192300 28 30
192300 32 81
192300 32 67
192300 39 62
192300 49 84
192300 49 120
192300 52 90
192300 52 81
192300 52 53
192300 53 62
192300 53 71
192300 53 120
192300 54 67
192300 55 71
192300 62 86
192300 62 99
192300 67 103
192300 71 90
192300 90 120
192300 94 99
192300 103 120
192600 1 17
192600 1 49
192600 1 2
192600 1 108
192600 1 75
192600 2 55
192600 2 62
192600 2 29
192600 10 67
192600 10 19
192600 10 29
192600 17 99
192600 19 28
192600 22 32
192600 22 76
192600 22 77
192600 24 32
192600 28 30
192600 28 103
192600 28 62
192600 28 72
192600 32 81
192600 39 62
192600 49 62
192600 49 90
192600 49 77
192600 52 53
192600 53 71
192600 53 120
192600 54 67
192600 62 86
192600 62 99
192600 63 120
192600 67 103
192600 80 99
192600 90 103
192600 90 99
192600 94 99
192600 99 100
192600 103 120
192900 1 2
192900 1 60
192900 2 62
192900 2 55
192900 2 120
192900 2 29
192900 10 41
192900 10 19
192900 10 29
192900 10 44
192900 10 67
192900 17 99
192900 19 28
192900 22 77
192900 22 32
192900 22 76
192900 28 30
192900 28 72
192900 28 62
192900 32 67
192900 32 81
192900 32 77
192900 46 90
192900 49 90
192900 52 81
192900 52 53
192900 52 76
192900 52 99
192900 53 120
192900 53 62
192900 54 92
192900 55 71
192900 61 90
192900 62 86
192900 63 120
192900 71 120
192900 71 75
192900 80 99
192900 83 84
192900 90 99
192900 90 108
192900 92 104
192900 99 100
192900 103 120
192900 105 116
193200 0 105
193200 1 60
193200 2 29
193200 10 67
193200 10 19
193200 18 52
193200 19 28
193200 19 33
193200 19 77
193200 19 114
193200 24 115
193200 28 103
193200 28 62
193200 28 72
193200 28 30
193200 32 46
193200 32 33
193200 42 107
193200 46 90
193200 49 62
193200 49 77
193200 52 99
193200 52 76
193200 52 94
193200 53 120
193200 53 71
193200 54 92
193200 55 71
193200 67 103
193200 71 75
193200 71 120
193200 80 99
193200 90 103
193200 92 104
193200 103 120
193200 105 116
193500 0 105
193500 1 60
193500 2 55
193500 2 29
193500 2 62
193500 10 19
193500 10 67
193500 12 62
193500 18 52
193500 19 33
193500 19 77
193500 19 84
193500 19 108
193500 24 115
193500 28 103
193500 30 102
193500 30 33
193500 32 33
193500 33 40
193500 33 109
193500 33 113
193500 42 107
193500 46 90
193500 46 67
193500 49 77
193500 49 62
193500 53 120
193500 61 77
193500 61 84
193500 62 86
193500 67 103
193500 80 99
193500 90 103
193500 92 104
193500 108 115
193800 2 55
193800 2 29
193800 2 62
193800 12 62
193800 12 108
193800 19 108
193800 19 84
193800 24 115
193800 28 103
193800 28 62
193800 30 107
193800 33 40
193800 33 61
193800 37 120
193800 37 107
193800 37 46
193800 42 107
193800 50 113
193800 52 94
193800 52 99
193800 52 76
193800 53 120
193800 57 76
193800 61 84
193800 61 71
193800 61 111
193800 62 86
193800 67 103
193800 71 120
193800 76 120
193800 80 99
193800 86 114
193800 90 103
193800 103 120
193800 108 115
193800 108 114
194100 1 67
194100 2 29
194100 2 62
194100 2 55
194100 6 77
194100 10 67
194100 12 108
194100 16 57
194100 19 84
194100 19 108
194100 24 115
194100 28 62
194100 33 61
194100 35 39
194100 37 62
194100 37 107
194100 37 114
194100 46 67
194100 50 113
194100 52 99
194100 52 76
194100 57 76
194100 57 71
194100 59 107
194100 61 111
194100 61 71
194100 61 77
194100 62 86
194100 63 105
194100 67 114
194100 71 114
194100 76 120
194100 86 114
194100 103 120
194100 107 114
194100 108 115
194100 108 114
194400 2 62
194400 6 77
194400 8 10
194400 10 57
194400 10 114
194400 10 77
194400 10 52
194400 12 108
194400 13 29
194400 16 57
194400 24 115
194400 24 77
194400 28 103
194400 33 61
194400 35 39
194400 37 46
194400 37 114
194400 41 77
194400 45 61
194400 52 110
194400 52 57
194400 52 77
194400 53 120
194400 57 71
194400 59 107
194400 59 62
194400 61 71
194400 61 77
194400 61 111
194400 67 114
194400 67 103
194400 76 120
194400 81 114
194400 90 103
194400 107 114
194700 1 67
194700 1 71
194700 2 55
194700 2 62
194700 2 111
194700 2 107
194700 10 67
194700 10 77
194700 19 108
194700 24 77
194700 25 33
194700 28 62
194700 28 103
194700 29 57
194700 29 97
194700 29 107
194700 30 39
194700 33 61
194700 33 90
194700 35 39
194700 37 114
194700 37 62
194700 39 71
194700 40 57
194700 41 77
194700 45 71
194700 46 67
194700 52 76
194700 55 67
194700 55 120
194700 57 71
194700 59 107
194700 61 111
194700 62 71
194700 63 77
194700 67 103
194700 76 111
194700 76 107
194700 77 111
194700 90 103
194700 90 110
194700 103 120
194700 108 114
194700 108 115
195000 1 26
195000 2 55
195000 2 107
195000 2 111
195000 3 90
195000 3 45
195000 13 120
195000 22 26
195000 24 77
195000 24 52
195000 26 81
195000 26 39
195000 26 29
195000 26 74
195000 28 103
195000 28 81
195000 29 97
195000 29 107
195000 29 57
195000 29 115
195000 29 90
195000 37 114
195000 39 89
195000 42 59
195000 45 71
195000 46 67
195000 52 76
195000 55 120
195000 59 62
195000 59 107
195000 60 87
195000 61 111
195000 74 120
195000 81 114
195000 103 120
195000 108 115
195000 108 114
195300 2 55
195300 3 90
195300 3 45
195300 3 108
195300 13 14
195300 19 108
195300 19 76
195300 19 59
195300 24 77
195300 24 52
195300 24 59
195300 24 114
195300 26 74
195300 26 81
195300 28 103
195300 28 81
195300 37 114
195300 45 62
195300 55 120
195300 57 115
195300 59 62
195300 61 111
195300 62 64
195300 74 120
195300 74 115
195300 76 111
195300 76 107
195300 108 114
195300 108 115
195600 2 55
195600 2 111
195600 2 107
195600 2 23
195600 3 108
195600 3 90
195600 3 45
195600 3 105
195600 9 53
195600 9 76
195600 9 23
195600 13 14
195600 15 76
195600 15 97
195600 19 76
195600 19 59
195600 19 108
195600 24 52
195600 26 81
195600 28 81
195600 28 53
195600 29 97
195600 35 71
195600 42 59
195600 46 67
195600 52 53
195600 53 108
195600 53 111
195600 53 76
195600 55 107
195600 57 115
195600 61 111
195600 62 105
195600 62 107
195600 74 120
195600 76 107
195600 78 97
195600 78 108
195600 108 115
195600 108 114
195900 2 23
195900 3 45
195900 3 108
195900 4 91
195900 9 76
195900 9 53
195900 13 14
195900 13 116
195900 13 103
195900 15 76
195900 15 97
195900 24 114
195900 26 74
195900 26 81
195900 28 53
195900 28 81
195900 28 103
195900 28 55
195900 37 114
195900 42 59
195900 44 81
195900 46 52
195900 52 74
195900 55 107
195900 74 115
195900 74 120
195900 78 114
195900 78 80
195900 91 105
195900 108 114
196200 0 51
196200 0 44
196200 2 23
196200 3 108
196200 5 59
196200 9 76
196200 9 87
196200 21 52
196200 24 114
196200 26 54
196200 28 103
196200 28 53
196200 28 51
196200 29 97
196200 37 114
196200 42 59
196200 44 81
196200 46 52
196200 46 97
196200 48 57
196200 51 115
196200 51 87
196200 51 67
196200 51 105
196200 51 80
196200 52 74
196200 52 80
196200 55 107
196200 57 122
196200 78 80
196200 78 97
196200 78 114
196200 81 105
196200 91 115
196500 0 30
196500 2 23
196500 2 87
196500 2 82
196500 3 108
196500 3 30
196500 5 59
196500 6 67
196500 6 53
196500 6 24
196500 9 87
196500 9 53
196500 9 76
196500 9 82
196500 9 92
196500 24 30
196500 26 54
196500 26 92
196500 28 103
196500 28 51
196500 28 53
196500 50 108
196500 50 59
196500 51 67
196500 51 87
196500 51 115
196500 51 80
196500 52 80
196500 54 80
196500 67 120
196500 69 78
196500 73 86
196500 78 80
196500 78 114
196500 80 92
196500 81 105
196500 91 115
196800 2 23
196800 3 115
196800 5 59
196800 6 67
196800 6 24
196800 9 87
196800 9 82
196800 14 98
196800 24 81
196800 29 110
196800 37 114
196800 42 67
196800 44 81
196800 51 67
196800 51 115
196800 51 80
196800 52 80
196800 54 110
196800 67 110
196800 77 98
196800 77 114
196800 78 97
196800 78 80
196800 81 105
196800 87 110
196800 91 115
197100 2 23
197100 2 87
197100 2 82
197100 2 18
197100 6 24
197100 9 87
197100 9 82
197100 9 76
197100 24 81
197100 24 110
197100 28 103
197100 29 110
197100 37 114
197100 44 81
197100 47 103
197100 51 115
197100 51 67
197100 54 110
197100 67 120
197100 67 110
197100 75 92
197100 77 114
197100 78 97
197100 81 105
197100 81 110
197100 98 110
197400 3 115
197400 5 60
197400 5 115
197400 6 24
197400 9 82
197400 9 78
197400 18 82
197400 24 49
197400 24 80
197400 28 103
197400 37 114
197400 44 81
197400 47 103
197400 49 103
197400 51 115
197400 51 67
197400 54 110
197400 58 77
197400 58 72
197400 67 120
197400 72 114
197400 77 98
197400 78 97
197700 2 82
197700 2 87
197700 4 103
197700 6 24
197700 9 78
197700 9 82
197700 9 87
197700 17 84
197700 17 32
197700 24 74
197700 24 49
197700 26 80
197700 28 103
197700 47 103
197700 49 103
197700 51 67
197700 51 115
197700 51 91
197700 54 110
197700 58 77
197700 58 72
197700 67 120
197700 70 87
197700 72 114
197700 72 115
197700 74 115
197700 84 104
198000 2 87
198000 2 82
198000 2 115
198000 6 24
198000 9 78
198000 17 32
198000 17 84
198000 24 49
198000 24 80
198000 26 80
198000 30 87
198000 30 85
198000 33 84
198000 47 103
198000 49 103
198000 49 97
198000 51 67
198000 51 99
198000 51 65
198000 54 110
198000 58 77
198000 58 87
198000 65 97
198000 66 82
198000 67 120
198000 67 87
198000 70 87
198000 72 114
198000 74 91
198000 82 118
198000 84 104
198000 85 115
198000 87 107
198300 2 82
198300 2 115
198300 4 103
198300 4 65
198300 9 82
198300 9 87
198300 9 116
198300 10 116
198300 17 84
198300 17 109
198300 20 116
198300 22 109
198300 22 117
198300 24 74
198300 26 80
198300 26 116
198300 30 38
198300 33 67
198300 47 103
198300 49 97
198300 49 103
198300 51 99
198300 51 65
198300 54 110
198300 58 77
198300 58 87
198300 58 94
198300 67 120
198300 72 115
198300 72 116
198300 74 91
198300 80 116
198300 85 115
198300 91 94
198600 4 65
198600 4 103
198600 9 87
198600 9 82
198600 9 116
198600 9 123
198600 10 116
198600 17 109
198600 22 117
198600 26 80
198600 30 38
198600 47 103
198600 49 97
198600 49 103
198600 51 65
198600 51 99
198600 54 110
198600 57 97
198600 58 77
198600 62 107
198600 65 97
198600 72 115
198600 72 116
198600 74 91
198600 91 94
198900 4 103
198900 9 123
198900 9 82
198900 9 87
198900 17 109
198900 17 34
198900 22 84
198900 33 67
198900 44 84
198900 49 97
198900 49 103
198900 51 99
198900 51 65
198900 54 110
198900 62 107
198900 65 97
198900 67 120
198900 74 91
198900 91 94
199200 9 82
199200 9 87
199200 9 123
199200 10 116
199200 17 34
199200 17 109
199200 22 84
199200 22 117
199200 33 67
199200 39 50
199200 44 84
199200 49 103
199200 49 97
199200 51 65
199200 51 99
199200 62 107
199200 74 91
199500 4 103
199500 9 87
199500 9 123
199500 9 82
199500 17 109
199500 17 34
199500 22 117
199500 22 84
199500 33 67
199500 39 50
199500 39 40
199500 40 45
199500 40 47
199500 49 103
199500 49 97
199500 51 99
199500 63 91
199500 74 91
199500 97 119
199800 4 103
199800 9 87
199800 17 34
199800 17 109
199800 22 84
199800 33 67
199800 38 40
199800 39 40
199800 39 50
199800 40 45
199800 40 47
199800 49 103
199800 51 99
199800 51 65
199800 63 91
199800 63 64
199800 77 90
199800 97 119
200100 4 103
200100 9 87
200100 12 108
200100 17 34
200100 17 109
200100 33 67
200100 38 40
200100 40 47
200100 49 103
200100 51 99
200100 63 64
200100 63 91
200100 74 91
200100 91 108
200100 97 119
200400 4 103
200400 9 87
200400 10 42
200400 14 45
200400 17 109
200400 22 84
200400 22 105
200400 33 67
200400 38 40
200400 40 47
200400 42 45
200400 63 64
200400 74 91
200400 91 108
200400 97 119
200700 0 113
200700 4 103
200700 10 42
200700 14 45
200700 22 105
200700 23 74
200700 23 121
200700 32 39
200700 33 67
200700 33 37
200700 37 108
200700 38 40
200700 40 47
200700 42 45
200700 63 64
200700 91 108
200700 94 114
200700 97 119
201000 0 113
201000 1 80
201000 4 103
201000 4 99
201000 9 87
201000 10 42
201000 14 45
201000 23 121
201000 33 67
201000 33 37
201000 37 108
201000 38 40
201000 40 47
201000 63 64
201000 97 119
201300 0 113
201300 4 103
201300 4 99
201300 9 87
201300 10 42
201300 23 121
201300 23 74
201300 33 67
201300 33 37
201300 73 77
201300 73 118
201300 94 114
201300 97 119
201600 1 45
201600 4 103
201600 4 99
201600 9 87
201600 10 42
201600 19 35
201600 33 67
201600 73 118
201600 94 114
201600 97 119
201900 0 113
201900 1 45
201900 4 103
201900 4 99
201900 10 42
201900 10 33
201900 19 35
201900 23 121
201900 33 37
201900 94 114
202200 1 45
202200 4 103
202200 10 42
202200 10 33
202200 23 121
202200 33 37
202200 42 99
202200 99 116
202500 4 103
202500 10 33
202500 23 121
202500 32 111
202500 33 37
202500 42 99
202500 99 116
202800 1 45
202800 2 6
202800 2 10
202800 6 42
202800 10 33
202800 23 121
202800 42 99
202800 97 120
202800 98 118
202800 99 116
202800 101 103
203100 1 45
203100 9 16
203100 10 33
203100 23 121
203100 23 63
203100 33 51
203100 42 99
203100 51 112
203100 98 118
203100 101 103
203100 101 116
203400 1 45
203400 10 33
203400 17 24
203400 17 106
203400 24 113
203400 33 51
203400 42 99
203400 55 113
203400 67 107
203400 67 121
203400 98 118
203400 101 103
203400 103 113
203700 1 45
203700 10 33
203700 17 106
203700 17 24
203700 32 80
203700 33 51
203700 38 108
203700 38 80
203700 61 107
203700 98 118
203700 101 103
203700 105 107
204000 1 45
204000 1 90
204000 1 103
204000 1 46
204000 10 33
204000 33 51
204000 46 71
204000 49 78
204000 61 107
204000 98 118
204000 101 103
204000 105 107
204300 1 103
204300 1 45
204300 10 33
204300 21 52
204300 31 119
204300 33 51
204300 33 99
204300 39 119
204300 46 71
204300 49 78
204300 52 119
204300 61 107
204300 61 103
204300 98 118
204300 98 112
204300 101 103
204600 10 93
204600 10 39
204600 10 54
204600 25 70
204600 26 70
204600 31 119
204600 33 51
204600 35 93
204600 35 114
204600 39 119
204600 46 71
204600 54 114
204600 71 99
204600 98 118
204600 98 112
204600 101 103
204900 2 71
204900 5 30
204900 10 54
204900 10 93
204900 23 118
204900 25 70
204900 25 26
204900 26 70
204900 31 119
204900 33 51
204900 35 114
204900 39 119
204900 46 71
204900 54 114
204900 82 98
204900 101 103
205200 2 71
205200 5 30
205200 5 10
205200 9 119
205200 9 113
205200 10 93
205200 23 118
205200 25 39
205200 26 70
205200 30 82
205200 30 113
205200 31 119
205200 33 51
205200 35 114
205200 46 71
205200 54 114
205200 70 119
205200 82 98
205200 101 119
205200 113 120
205500 2 118
205500 5 30
205500 25 39
205500 26 70
205500 26 118
205500 31 119
205500 33 51
205500 46 71
205500 51 61
205500 54 114
205500 54 121
205500 64 121
205500 64 118
205500 82 98
205500 101 119
205500 114 121
205800 5 30
205800 25 39
205800 26 70
205800 33 51
205800 46 71
205800 51 61
205800 54 114
205800 82 98
205800 101 119
206100 2 118
206100 5 30
206100 15 55
206100 25 39
206100 33 51
206100 38 111
206100 46 71
206100 51 61
206100 54 114
206100 54 121
206100 55 116
206100 85 101
206400 2 118
206400 5 30
206400 25 39
206400 38 111
206400 46 71
206400 54 121
206400 55 90
206400 71 114
206400 90 118
206700 20 85
206700 20 68
206700 21 71
206700 25 39
206700 38 111
206700 54 121
206700 55 90
206700 102 118
207000 20 85
207000 21 71
207000 21 39
207000 54 121
207000 55 90
207000 102 118
207300 20 85
207300 21 71
207600 12 62
207600 20 85
207600 29 71
207900 20 85
208200 1 20
208200 20 85
208500 20 85
208500 108 120
208800 1 20
208800 39 120
209100 84 99
209400 39 57
210000 39 96
210300 25 43
259800 11 117
259800 51 114
259800 72 98
259800 94 101
259800 110 112
260100 4 89
260100 10 105
260100 51 114
260100 66 121
260100 72 98
260100 88 103
260400 4 89
260400 10 105
260400 14 106
260400 34 104
260400 42 72
260400 51 114
260400 60 121
260400 66 121
260700 1 46
260700 4 89
260700 10 105
260700 14 106
260700 30 115
260700 34 104
260700 42 72
260700 47 122
260700 52 120
260700 58 117
260700 66 121
261000 1 46
261000 4 89
261000 10 105
261000 11 73
261000 30 115
261000 34 104
261000 42 72
261000 46 55
261000 58 117
261000 66 121
261000 120 121
261300 1 46
261300 10 105
261300 23 83
261300 30 115
261300 30 88
261300 34 104
261300 46 55
261300 58 117
261300 66 121
261300 79 84
261300 94 117
261300 120 121
261600 1 46
261600 8 28
261600 10 105
261600 23 83
261600 24 74
261600 30 115
261600 34 104
261600 47 108
261600 66 121
261600 74 83
261600 94 117
261600 108 122
261600 120 121
261900 8 28
261900 9 103
261900 10 105
261900 19 82
261900 23 83
261900 24 74
261900 30 107
261900 32 41
261900 34 104
261900 47 108
261900 60 108
261900 66 121
261900 94 117
261900 103 108
261900 120 121
262200 8 96
262200 19 82
262200 23 111
262200 24 74
262200 30 115
262200 32 41
262200 34 104
262200 38 103
262200 47 108
262200 66 121
262200 70 91
262200 94 117
262200 120 121
262500 0 96
262500 8 96
262500 8 34
262500 10 105
262500 18 29
262500 23 111
262500 24 74
262500 30 107
262500 30 115
262500 32 41
262500 34 104
262500 48 111
262500 70 91
262500 78 94
262500 96 104
262500 120 121
262800 10 105
262800 18 29
262800 18 48
262800 24 74
262800 27 43
262800 29 48
262800 30 115
262800 32 41
262800 43 89
262800 70 91
262800 78 94
262800 120 121
263100 6 76
263100 10 105
263100 12 30
263100 23 111
263100 24 74
263100 27 67
263100 32 41
263100 43 116
263100 78 94
263100 120 121
263400 6 76
263400 10 105
263400 12 30
263400 18 48
263400 18 29
263400 29 67
263400 30 115
263400 32 41
263400 70 91
263400 78 94
263400 120 121
263700 6 76
263700 10 105
263700 16 73
263700 18 29
263700 24 74
263700 27 67
263700 29 67
263700 43 116
263700 70 91
263700 78 94
263700 120 121
264000 6 76
264000 10 105
264000 12 30
264000 18 48
264000 24 74
264000 26 91
264000 29 67
264000 30 115
264000 32 41
264000 33 46
264000 43 116
264000 70 91
264000 103 105
264300 6 76
264300 10 105
264300 16 73
264300 18 48
264300 24 74
264300 29 67
264300 30 115
264300 33 46
264300 70 91
264300 120 121
264600 12 30
264600 16 73
264600 18 48
264600 24 74
264600 29 67
264600 30 115
264600 32 41
264600 36 96
264600 36 121
264600 70 91
264600 120 121
264900 6 76
264900 8 115
264900 12 30
264900 18 48
264900 29 67
264900 30 115
264900 33 46
264900 36 96
264900 36 121
265200 6 76
265200 8 115
265200 16 73
265200 24 74
265200 30 115
265200 32 41
265200 33 46
265200 36 96
265200 70 91
265500 6 76
265500 8 115
265500 16 73
265500 30 115
265500 31 108
265500 32 41
265500 33 46
265500 36 96
265500 52 108
265500 70 91
265800 16 73
265800 24 74
265800 30 115
265800 31 108
265800 32 41
265800 33 46
265800 36 96
265800 69 76
265800 70 91
266100 6 76
266100 12 63
266100 16 73
266100 21 63
266100 31 108
266100 32 41
266100 33 46
266100 36 96
266100 52 108
266100 69 76
266400 6 76
266400 21 63
266400 24 74
266400 31 108
266400 32 41
266400 33 46
266400 69 76
266400 70 91
266400 99 112
266700 6 76
266700 12 63
266700 16 73
266700 21 63
266700 24 74
266700 31 108
266700 36 96
266700 52 108
266700 99 112
267000 11 46
267000 12 119
267000 12 31
267000 21 31
267000 31 108
267000 31 112
267000 52 108
267000 69 76
267000 96 112
267000 99 112
267000 108 112
267300 4 112
267300 6 76
267300 12 31
267300 16 44
267300 19 106
267300 19 76
267300 31 89
267300 44 106
267300 51 77
267300 61 69
267300 67 100
267300 69 100
267300 96 112
267300 108 112
267600 3 99
267600 4 69
267600 6 76
267600 12 31
267600 19 106
267600 44 106
267600 44 118
267600 44 77
267600 44 76
267600 61 103
267600 61 100
267600 67 100
267600 67 69
267600 69 76
267600 69 100
267600 76 112
267600 96 112
267900 6 76
267900 10 55
267900 16 114
267900 21 114
267900 25 114
267900 44 76
267900 44 77
267900 62 114
267900 62 103
267900 67 69
267900 69 76
267900 96 112
268200 10 19
268200 10 117
268200 12 31
268200 16 114
268200 19 106
268200 19 62
268200 19 21
268200 21 86
268200 25 114
268200 28 86
268200 38 114
268200 44 76
268200 44 77
268200 57 86
268200 62 114
268200 62 103
268200 62 73
268200 69 76
268200 76 91
268200 76 85
268200 86 117
268200 91 96
268200 96 112
268500 6 76
268500 10 55
268500 10 117
268500 10 16
268500 10 19
268500 13 77
268500 15 31
268500 16 114
268500 16 77
268500 16 38
268500 19 21
268500 19 106
268500 19 62
268500 19 73
268500 25 114
268500 26 64
268500 28 86
268500 40 96
268500 44 77
268500 57 86
268500 57 91
268500 62 103
268500 62 73
268500 62 114
268500 62 77
268500 64 103
268500 69 76
268500 73 114
268500 75 85
268500 77 103
268500 85 96
268500 85 86
268500 86 117
268500 86 96
268500 91 96
268500 96 112
268800 6 76
268800 6 13
268800 10 16
268800 10 117
268800 10 55
268800 12 31
268800 16 38
268800 16 77
268800 19 73
268800 19 106
268800 24 72
268800 24 113
268800 26 64
268800 28 86
268800 39 62
268800 62 73
268800 62 103
268800 62 114
268800 62 77
268800 64 103
268800 64 115
268800 64 73
268800 72 85
268800 73 114
268800 75 85
268800 76 85
268800 85 96
268800 91 96
268800 96 112
268800 96 123
268800 110 115
269100 6 13
269100 8 75
269100 8 55
269100 10 117
269100 19 106
269100 24 72
269100 26 64
269100 38 110
269100 38 55
269100 38 64
269100 38 123
269100 39 62
269100 44 77
269100 55 123
269100 55 75
269100 57 86
269100 64 103
269100 64 73
269100 67 123
269100 72 85
269100 75 123
269100 76 85
269100 85 96
269100 86 96
269100 91 96
269100 96 112
269100 96 123
269100 110 115
269400 4 121
269400 6 13
269400 8 55
269400 10 117
269400 19 106
269400 30 91
269400 31 91
269400 36 38
269400 38 55
269400 44 77
269400 49 75
269400 55 75
269400 55 123
269400 56 91
269400 62 73
269400 62 114
269400 62 103
269400 67 123
269400 67 87
269400 75 123
269400 75 85
269400 86 96
269400 91 96
269400 91 93
269400 96 123
269400 96 112
269700 4 77
269700 6 13
269700 8 55
269700 30 91
269700 31 73
269700 36 89
269700 38 55
269700 39 62
269700 44 77
269700 49 75
269700 49 117
269700 55 123
269700 55 75
269700 55 76
269700 55 70
269700 56 91
269700 56 77
269700 56 114
269700 57 94
269700 57 121
269700 62 103
269700 62 73
269700 62 121
269700 64 73
269700 67 123
269700 67 87
269700 75 123
269700 75 117
269700 77 117
269700 96 123
269700 121 123
270000 2 4
270000 4 77
270000 4 121
270000 6 13
270000 10 117
270000 27 56
270000 30 91
270000 31 73
270000 32 76
270000 32 57
270000 39 62
270000 42 53
270000 49 117
270000 55 75
270000 56 77
270000 57 94
270000 57 65
270000 57 117
270000 57 93
270000 62 73
270000 62 114
270000 62 103
270000 62 121
270000 62 93
270000 64 73
270000 73 77
270000 75 117
270000 75 123
270000 75 80
270000 76 93
270000 80 114
270000 91 93
270000 93 121
270000 121 123
270300 2 4
270300 4 121
270300 4 77
270300 4 44
270300 5 64
270300 5 114
270300 5 31
270300 6 13
270300 10 117
270300 10 54
270300 10 114
270300 26 80
270300 26 64
270300 27 56
270300 27 32
270300 27 44
270300 27 84
270300 31 73
270300 31 60
270300 32 57
270300 32 76
270300 36 89
270300 38 55
270300 44 93
270300 49 117
270300 54 109
270300 55 75
270300 56 114
270300 57 117
270300 57 94
270300 62 73
270300 64 73
270300 65 84
270300 65 73
270300 73 77
270300 75 80
270300 75 93
270300 93 121
270300 121 123
270600 3 36
270600 5 114
270600 5 64
270600 10 54
270600 26 80
270600 26 64
270600 27 84
270600 27 44
270600 31 60
270600 38 109
270600 44 93
270600 54 109
270600 65 84
270600 65 73
270900 1 3
272100 46 64
